5.0000000000e-06
2.5306122449e-05
4.5612244898e-05
6.5918367347e-05
8.6224489796e-05
1.0653061224e-04
1.2683673469e-04
1.4714285714e-04
1.6744897959e-04
1.8775510204e-04
2.0806122449e-04
2.2836734694e-04
2.4867346939e-04
2.6897959184e-04
2.8928571429e-04
3.0959183673e-04
3.2989795918e-04
3.5020408163e-04
3.7051020408e-04
3.9081632653e-04
4.1112244898e-04
4.3142857143e-04
4.5173469388e-04
4.7204081633e-04
4.9234693878e-04
5.1265306122e-04
5.3295918367e-04
5.5326530612e-04
5.7357142857e-04
5.9387755102e-04
6.1418367347e-04
6.3448979592e-04
6.5479591837e-04
6.7510204082e-04
6.9540816327e-04
7.1571428571e-04
7.3602040816e-04
7.5632653061e-04
7.7663265306e-04
7.9693877551e-04
8.1724489796e-04
8.3755102041e-04
8.5785714286e-04
8.7816326531e-04
8.9846938776e-04
9.1877551020e-04
9.3908163265e-04
9.5938775510e-04
9.7969387755e-04
1.0000000000e-03
