1.8257502304e-05 1.0000000000e+00 
1.1794074797e-04 9.9212281303e-01 
1.0713106419e-04 1.0000000000e+00 
1.0113493835e-05 1.0000000000e+00 
2.4628546811e-04 9.9262988007e-01 
1.5978217019e-05 3.1142618237e-01 
5.9456328561e-05 9.9279524851e-01 
3.1517635773e-05 1.3126196008e-01 
1.9923757090e-05 1.0000000000e+00 
4.3295600183e-05 2.9817643154e-01 
1.8222835031e-05 3.0343092436e-01 
4.5128056357e-04 1.0000000000e+00 
2.3747654534e-05 2.1340846465e-01 
2.0202034307e-05 1.4903675223e-01 
1.6860806764e-04 1.0000000000e+00 
3.3350113038e-04 1.0000000000e+00 
2.4402303652e-04 1.0000000000e+00 
2.8375409809e-05 2.9896747363e-01 
3.6380306051e-05 1.0243670366e-01 
2.1379313723e-04 1.0000000000e+00 
2.1109056162e-04 1.0000000000e+00 
8.8720001631e-06 2.5669095771e-01 
1.7854500348e-04 1.0000000000e+00 
3.2504467971e-05 2.0015415632e-01 
5.7490082825e-04 1.0000000000e+00 
3.9563929246e-05 1.0092361069e-01 
1.8963232392e-04 9.9251708356e-01 
9.6626455776e-06 1.0000000000e+00 
8.1494175524e-05 1.5652831381e-01 
1.6982847240e-04 9.9108205094e-01 
6.8708995381e-04 1.0000000000e+00 
8.2331371450e-05 9.8836895024e-01 
-1.0000000000e+00 -1.0000000000e+00 
1.7446133121e-05 1.0000000000e+00 
6.0160874609e-05 1.5823894897e-01 
3.2238302407e-05 1.6504134088e-01 
2.0013704601e-05 3.4089548606e-01 
7.9017273057e-05 9.8499313022e-01 
1.7531189689e-05 1.5769084386e-01 
2.5328834869e-04 1.0000000000e+00 
1.5748628334e-04 1.0000000000e+00 
1.5910684489e-04 3.6188770032e-01 
4.9172535514e-05 7.6975130424e-02 
2.9578859459e-04 1.0000000000e+00 
4.3902984724e-05 3.0100831066e-01 
3.0264703435e-04 1.0000000000e+00 
8.2494357894e-04 1.0000000000e+00 
9.1645276226e-05 9.8770879131e-01 
1.5874680246e-05 4.0929962269e-01 
3.3488491423e-04 1.0000000000e+00 
1.3870189811e-04 1.0000000000e+00 
3.4815363862e-05 1.0000000000e+00 
3.7853426436e-05 2.8239399257e-01 
3.9958640075e-05 8.7325253288e-02 
3.1324246116e-05 1.0000000000e+00 
1.9628393132e-05 4.2681636983e-01 
2.6569899000e-05 3.8097059822e-01 
3.7118419654e-04 1.0000000000e+00 
1.1849630448e-04 9.9127550306e-01 
7.4718467599e-05 9.8422309388e-01 
7.6777717536e-05 2.3741969211e-01 
3.9465378329e-05 1.0000000000e+00 
1.2201791524e-04 9.9168153945e-01 
1.6001202030e-04 9.9126520373e-01 
8.3119368049e-05 9.8964677535e-01 
6.8589393109e-05 1.0000000000e+00 
7.8255700328e-06 1.0000000000e+00 
9.2094724470e-05 1.6066468165e-01 
2.5407414262e-05 3.1354358680e-01 
1.6599132636e-05 1.0000000000e+00 
1.8891216911e-04 1.0000000000e+00 
2.1768346381e-05 1.7261883338e-01 
2.8485293154e-05 1.8039306893e-01 
3.9022444468e-05 1.0000000000e+00 
2.7465893096e-04 1.0000000000e+00 
3.4519163400e-05 1.1479401294e-01 
6.6103474028e-05 1.0000000000e+00 
2.6965530609e-05 3.0133415006e-01 
6.3978840133e-05 9.8503293909e-01 
4.5535968802e-04 1.0000000000e+00 
3.2853869524e-05 3.8468048851e-01 
2.1288925400e-04 1.0000000000e+00 
7.4411930652e-04 1.0000000000e+00 
2.2609640854e-04 9.9068668634e-01 
1.0290998730e-04 9.8882608912e-01 
8.2021950219e-05 3.5873664455e-01 
3.5254946214e-05 1.4910016012e-01 
1.2024272922e-04 1.0000000000e+00 
2.3622648218e-05 3.1938351016e-01 
5.2514286400e-05 9.9463602160e-01 
4.7905992726e-05 1.0000000000e+00 
5.6484671497e-05 2.8651130487e-01 
1.3358817756e-04 2.2710708973e-01 
4.6181170146e-05 1.0000000000e+00 
2.0015449661e-04 1.0000000000e+00 
4.3239533333e-04 1.0000000000e+00 
4.4702055270e-05 1.0000000000e+00 
8.8103418756e-05 9.9167852705e-01 
3.8246840593e-05 1.0000000000e+00 
8.8306771939e-05 1.0000000000e+00 
8.7276237586e-05 1.0000000000e+00 
1.5960785142e-05 1.0000000000e+00 
1.1676363828e-04 9.8899108376e-01 
7.0000330391e-05 1.0000000000e+00 
1.9714609138e-04 9.8999275325e-01 
2.7487303567e-05 1.0000000000e+00 
1.2254025257e-04 9.9264138889e-01 
1.7341252030e-05 1.5641825768e-01 
1.4299088679e-04 1.6493988930e-01 
1.5701010237e-05 1.0000000000e+00 
6.9100898936e-05 2.5125633328e-01 
3.7005036187e-05 3.6389792712e-01 
5.1445252028e-05 1.0000000000e+00 
3.2935872495e-05 2.4339142722e-01 
1.1962589951e-04 2.2698383458e-01 
6.8823050761e-05 2.6190536846e-01 
9.9287779243e-06 1.0000000000e+00 
1.5195151034e-04 9.9266551605e-01 
8.4529375173e-05 5.0791070255e-01 
5.5500536100e-05 2.8334225697e-01 
4.7389496603e-05 2.1610628327e-01 
6.9112166279e-06 3.9056696644e-01 
1.6417444219e-05 1.0000000000e+00 
1.1003274001e-04 9.9093631701e-01 
2.6749219574e-04 1.0000000000e+00 
6.6503725434e-05 3.2231103557e-01 
2.2719191829e-05 1.0000000000e+00 
2.5014978978e-05 2.6260310572e-01 
1.5802706937e-05 4.6017737128e-01 
1.1883964920e-05 2.1471520858e-01 
8.3960461111e-05 2.3980575411e-01 
4.9531562862e-05 1.0000000000e+00 
6.0421138768e-05 1.4195592185e-01 
1.5223573559e-04 9.9004976607e-01 
1.9722462613e-04 1.0000000000e+00 
2.0623888154e-05 2.8563303427e-01 
6.3322579908e-06 1.0000000000e+00 
-1.0000000000e+00 -1.0000000000e+00 
2.3057288069e-04 9.9176220570e-01 
3.3336702983e-05 1.1717937621e-01 
3.9309912126e-05 1.0000000000e+00 
7.7350313111e-04 1.0000000000e+00 
6.1015708672e-05 1.4495967228e-01 
3.1141434959e-05 3.0312832672e-01 
1.0761637573e-05 1.0000000000e+00 
2.2969163768e-05 2.9898786191e-01 
3.7806898916e-05 1.0000000000e+00 
1.7751631134e-05 3.3210687971e-01 
1.8391088256e-05 3.4838805667e-01 
2.3388028923e-05 1.9766127042e-01 
2.0365916328e-05 3.4137452521e-01 
1.9779805438e-05 2.8936316940e-01 
5.8252004096e-05 9.9040112392e-01 
2.6498079288e-04 1.0000000000e+00 
1.0628277138e-04 9.9819317202e-01 
1.2301306640e-04 1.0000000000e+00 
5.2222890964e-04 1.0000000000e+00 
1.2668658564e-04 1.0000000000e+00 
9.2710566777e-05 1.9826980148e-01 
4.8025929529e-04 1.0000000000e+00 
1.0733284542e-04 9.8825599149e-01 
3.8017980125e-05 1.2332574008e-01 
1.7294654180e-04 9.8970779858e-01 
9.5731064561e-06 1.0000000000e+00 
4.0296230281e-04 1.0000000000e+00 
1.1919915593e-05 3.4406975280e-01 
1.6552443034e-05 3.6143349595e-01 
2.5484969848e-05 1.0000000000e+00 
7.4370596549e-05 9.8791660285e-01 
4.7372691467e-04 1.0000000000e+00 
8.0700244301e-05 9.9014133575e-01 
8.7818512423e-06 1.0000000000e+00 
1.8433996469e-04 1.0000000000e+00 
4.3276156587e-05 3.0033437281e-01 
1.2476021213e-04 9.8525203557e-01 
6.6924787779e-06 1.0000000000e+00 
6.1239237427e-05 2.6256112360e-01 
5.4554685923e-05 2.0165871010e-01 
4.5916612954e-05 9.9170057542e-01 
2.5648464415e-05 2.7246980273e-01 
4.8086540952e-05 1.0000000000e+00 
4.6801216101e-05 3.7481103238e-01 
4.8579730339e-05 1.3230539037e-01 
4.0812885718e-05 8.4397882451e-02 
1.3922363050e-04 2.7791961237e-01 
1.2565368003e-05 1.0000000000e+00 
1.5140061541e-04 1.0000000000e+00 
1.2794185361e-04 9.9112505782e-01 
3.0032252029e-04 1.0000000000e+00 
5.2323525328e-05 3.1232420483e-01 
3.3073860526e-05 2.5900114484e-01 
5.8163280054e-05 1.0221187300e-01 
9.8636570726e-05 9.9101101250e-01 
3.7424733141e-04 1.0000000000e+00 
9.2914360666e-04 1.0000000000e+00 
4.9284924815e-05 1.0000000000e+00 
1.0685449038e-04 9.9334510060e-01 
3.7234582957e-04 9.9023165658e-01 
1.7259628362e-05 3.5292159442e-01 
1.1136413795e-04 1.0000000000e+00 
