1.5312870139e-10 1.1232518722e+04 1.1047383441e+00 
8.5095806632e-09 1.2067873334e+04 4.6353872319e-01 
5.6893685699e-07 1.6535048408e+04 1.0202227774e+00 
2.6049151166e-08 1.3422907183e+04 1.0283726651e+00 
1.5841842889e-08 1.3002398223e+04 1.3202836040e+00 
5.2038065915e-11 1.6893590477e+04 1.1249166786e+00 
3.9929988216e-08 1.2287392669e+04 8.3072160870e-01 
5.5270039010e-07 1.2511994544e+04 1.0845475291e+00 
4.1045646990e-06 1.9614865354e+04 9.7951709385e-02 
5.6403596377e-09 1.1609887719e+04 8.2053744304e-01 
3.1386083663e-09 1.3072418333e+04 5.2527162281e-01 
2.0356124980e-10 1.1282912201e+04 1.2509620612e+00 
5.0570815363e-12 1.5182297569e+04 1.3846705175e+00 
1.6420855145e-08 1.1774056485e+04 1.2771708860e+00 
1.2540125713e-10 1.1633491254e+04 4.1387722537e-01 
3.1614588958e-11 1.2005297835e+04 1.0713601839e+00 
5.5338755363e-11 1.1811290382e+04 5.1674397906e-01 
6.5994232684e-12 1.8802296722e+04 1.1436779196e+00 
4.0432579709e-06 1.1652368163e+04 1.0563491090e+00 
4.2817910550e-07 2.1354735114e+04 8.4927361926e-01 
4.9051383057e-11 2.1074545057e+04 2.7013073246e-01 
1.4739154969e-07 1.7787067841e+04 6.9782465619e-01 
7.0886553277e-10 1.7780487494e+04 1.0610951016e+00 
3.5256398974e-07 1.6767883154e+04 1.2051075483e-01 
5.3097434270e-10 1.3096072363e+04 6.6494583276e-01 
7.9401152648e-09 1.3557286361e+04 1.0219907805e+00 
1.2689069499e-09 1.2241784750e+04 4.8175153348e-01 
1.1570764057e-09 1.2994913817e+04 6.7323294827e-01 
7.0063888552e-07 1.1407581776e+04 1.4726564354e+00 
1.9745968050e-11 1.2546590759e+04 1.6844891200e-01 
4.5250772732e-08 1.2005363472e+04 5.4406221264e-01 
8.7320632211e-06 1.9177245766e+04 2.6195243374e-01 
1.5651143679e-09 1.1528830240e+04 5.1593696747e-01 
1.2021793404e-07 1.4425423013e+04 3.0134488659e-01 
5.8490124841e-08 1.1576227390e+04 1.2334629641e+00 
3.4147481686e-09 1.2168907841e+04 4.0046884662e-01 
1.7618842396e-08 1.1979015169e+04 5.8343429826e-01 
2.3515537995e-10 1.3958228815e+04 4.8950480776e-01 
1.5866493622e-09 1.3114417187e+04 1.3638677118e+00 
2.4607681812e-09 1.3437595794e+04 1.1092600196e+00 
1.2474700839e-10 1.5643664324e+04 2.5811896595e-01 
4.4321072930e-11 1.2435280297e+04 6.5448009483e-01 
6.9620635972e-09 1.8262877759e+04 8.5890005574e-01 
1.2003966862e-06 1.6901338511e+04 1.4215692623e+00 
1.7289796762e-07 1.4115993658e+04 3.3750680987e-01 
7.6136672486e-09 1.1392522846e+04 7.9740527094e-02 
2.2203290818e-08 1.6666195094e+04 2.4294556164e-01 
8.8211409734e-06 1.3872058381e+04 5.1133250721e-01 
6.1987146573e-10 1.1444849616e+04 1.6047780415e-01 
2.4739343858e-10 1.3248940615e+04 4.8361201263e-01 
2.5434510302e-07 1.2009940502e+04 4.9652328130e-01 
5.1340358903e-07 1.1739250616e+04 9.9244040286e-01 
1.9521513806e-08 1.6922122155e+04 1.2322232883e+00 
5.2478671938e-09 1.5130411676e+04 5.3172157356e-01 
1.6353679562e-09 1.4834793458e+04 3.7897499888e-01 
1.2552528853e-09 1.5214860880e+04 1.2981580363e+00 
4.9155781415e-10 1.1337112489e+04 1.2214948665e+00 
7.6217139136e-09 1.1976170831e+04 8.8345819255e-01 
4.5428318068e-08 1.2391373902e+04 1.1746858600e+00 
2.2443967805e-09 1.1522514476e+04 9.5655161632e-02 
5.5045040854e-10 1.2200462874e+04 9.4116579524e-01 
9.0147655193e-08 1.4015286667e+04 8.2668721668e-01 
3.7866048784e-08 1.6016131079e+04 1.1006252781e+00 
1.4324590801e-05 1.3695697582e+04 4.5638716461e-01 
2.6385985459e-07 1.3283483237e+04 1.1558541587e+00 
4.6835227540e-08 1.3379388666e+04 7.3858351884e-01 
1.9703970568e-09 1.2097746938e+04 2.4900988140e-01 
2.4912813364e-09 1.1520141344e+04 1.3185552308e+00 
3.8938172113e-09 1.6719410539e+04 1.1702331243e+00 
3.6885843110e-08 1.1605126505e+04 2.3931152945e-01 
1.4615629146e-11 1.2767966361e+04 8.2868321514e-01 
6.5735740956e-06 1.3769322332e+04 8.3757572475e-01 
1.2551716219e-11 1.5758926504e+04 6.3767175967e-01 
2.4020313149e-11 1.7152314791e+04 1.4000800454e+00 
1.6176663045e-06 1.5589857935e+04 1.7326463268e-01 
1.4632209697e-07 1.3639364646e+04 4.7271930051e-01 
7.5595742452e-09 1.6757448309e+04 6.2766718348e-01 
5.4270550630e-08 1.7100378349e+04 8.7291221988e-01 
5.6828469673e-09 1.2161027177e+04 9.0120582697e-01 
2.3204253433e-08 2.5000000000e+04 6.7781270440e-01 
1.6395007090e-10 1.1997820576e+04 3.8517051105e-01 
3.1511846290e-07 2.5000000000e+04 1.3132392059e+00 
6.1437428136e-07 1.2531405146e+04 5.0226850343e-01 
5.9209217973e-12 1.7069847387e+04 8.5685707103e-01 
3.0363803864e-11 1.2411489869e+04 6.7689386911e-01 
2.3498630227e-10 1.2446591228e+04 8.1748825863e-01 
4.6497054118e-10 1.2501866229e+04 7.4139736939e-01 
3.7673780266e-08 1.1606083935e+04 9.4732128533e-01 
1.7954003595e-10 1.3624836826e+04 1.0859443206e+00 
4.1443380682e-11 2.5000000000e+04 6.4001739803e-01 
7.9374860693e-09 1.2046162703e+04 7.9020200313e-01 
1.1836102476e-11 1.1519930287e+04 1.3551720266e+00 
1.0083490154e-08 1.2986758948e+04 8.2649976382e-01 
1.8951041928e-09 1.1856980981e+04 6.8755238122e-01 
4.7471992072e-07 1.2405355294e+04 8.7172797025e-01 
4.8465676055e-06 1.1687917326e+04 1.1334436051e+00 
3.1786053639e-08 1.2240204308e+04 1.4381737629e+00 
1.0471896348e-08 1.2104795779e+04 2.8258733601e-01 
5.7057631710e-09 1.4292521988e+04 2.7565504661e-01 
1.6119764467e-05 1.2007173978e+04 6.0776923575e-01 
2.1716734211e-07 1.6189124793e+04 1.0708659892e+00 
4.5125239901e-07 1.8722272393e+04 9.6531109532e-01 
1.2389620090e-08 1.3069613449e+04 1.0106681977e+00 
3.9059446694e-10 1.2004778939e+04 6.5503592369e-01 
2.0409249766e-09 1.4595164288e+04 9.8842163731e-01 
1.2773787543e-08 1.2372011488e+04 1.4197372400e+00 
7.0380825655e-10 1.5823236416e+04 1.0682947086e+00 
5.8737733661e-06 1.3672295260e+04 9.1259733534e-01 
6.8428565783e-11 1.2149969656e+04 6.4373911605e-01 
2.9117171108e-08 1.6707936745e+04 1.2987192922e+00 
4.4296902990e-08 1.3015843270e+04 4.5319297655e-01 
4.8470441726e-10 1.2862449753e+04 6.8269268050e-01 
4.4615342577e-12 1.2744107285e+04 6.0484445399e-01 
1.4311688662e-08 1.8816685547e+04 1.0189095457e+00 
5.5252748292e-08 1.8168354919e+04 8.6329620644e-01 
1.7991158593e-08 1.2826311090e+04 4.9004617153e-01 
2.5805525348e-09 1.9790984658e+04 5.2845349784e-01 
6.5007024406e-09 1.2013232390e+04 8.8324254545e-01 
1.0377562299e-07 1.3814550149e+04 2.5084841069e-01 
1.1123166812e-09 1.1636073867e+04 3.8716305212e-01 
2.0180881639e-07 1.1624984272e+04 7.7022508057e-01 
3.0416514445e-07 1.4829340601e+04 9.2323851573e-01 
5.0089546650e-08 1.7407697589e+04 6.9888654542e-01 
1.0158894595e-08 1.1576922088e+04 6.8203476569e-01 
9.0560073821e-12 1.3380635942e+04 7.3354743635e-01 
3.7255844865e-08 1.3179808113e+04 9.3396173902e-01 
2.1261776573e-10 1.1792539216e+04 1.2247005314e+00 
4.9896051597e-07 1.2023621894e+04 1.4932706796e+00 
1.2377443892e-08 1.7446339011e+04 8.3722382159e-01 
1.5813243384e-09 1.1819652292e+04 2.0855626120e-01 
3.1974741851e-09 1.2335488996e+04 4.7037415475e-01 
1.7483419776e-11 1.6417971935e+04 1.0542040006e+00 
3.3682584194e-10 1.6132530407e+04 9.4152193170e-01 
7.2190087864e-07 1.1873327968e+04 8.5669334230e-01 
2.9804691098e-08 1.4169143885e+04 9.9075724061e-01 
2.9645158662e-08 1.4696177732e+04 8.9644778032e-01 
1.5267578252e-06 1.1704067008e+04 4.2039192710e-01 
9.1198386946e-08 2.0639156942e+04 1.2431993673e+00 
2.9905544948e-11 1.6828539159e+04 9.4728236552e-01 
5.4212807247e-09 2.5000000000e+04 1.1123172337e+00 
1.8769203086e-08 1.2672457754e+04 1.0034757977e+00 
9.0438946838e-10 1.1937518366e+04 1.0966171085e+00 
2.1147022004e-08 1.2849836787e+04 3.0479227303e-01 
2.1372021130e-07 1.1564682153e+04 1.1946675079e+00 
3.8479997837e-10 1.2577127915e+04 8.3820179210e-01 
1.3292726461e-07 2.3631042431e+04 8.0657797495e-01 
7.1800160048e-07 1.5460297168e+04 1.4233606171e-01 
5.7825144765e-09 1.2522127796e+04 7.6902644443e-01 
5.3768402732e-09 2.0074962377e+04 5.1943174107e-01 
8.7969457891e-08 2.5000000000e+04 1.2101478024e+00 
1.9347889209e-08 1.3779678340e+04 6.4689786376e-01 
3.3349041109e-09 1.4286928333e+04 1.2933427882e+00 
1.0916049497e-07 1.2578503433e+04 5.6838965459e-01 
8.0755198869e-09 1.5581726719e+04 6.0124626507e-01 
2.9971212388e-09 1.3482500095e+04 6.1742441688e-01 
3.0603060660e-09 1.5119594336e+04 7.9502255187e-01 
2.3052685014e-07 1.8537913752e+04 6.7455779159e-01 
5.6233046605e-09 1.2891182456e+04 1.3361612504e+00 
3.6918107721e-09 1.6212633765e+04 7.6862877704e-01 
3.5814081998e-09 1.3019185435e+04 7.0258945921e-01 
7.1722479179e-10 1.2451324219e+04 7.1989308373e-01 
1.4463672739e-07 1.5432937977e+04 5.4176876521e-01 
2.0246356490e-08 1.7043930555e+04 6.6733267749e-01 
8.1283756092e-11 1.2096384035e+04 1.0952761571e+00 
2.7171657390e-10 1.3811022466e+04 9.2983325952e-01 
1.0667039983e-07 1.6016585207e+04 1.0444767394e+00 
1.5603582384e-08 1.8207083043e+04 6.2223099069e-01 
4.1307943732e-06 1.8909637020e+04 1.0624492130e+00 
1.8704993332e-08 1.6026621085e+04 1.1789253072e+00 
7.7956382041e-10 1.3280629123e+04 8.1621713249e-01 
1.1479106978e-08 1.4876036618e+04 1.3360903213e+00 
2.1857821557e-09 1.6994376170e+04 8.7744681188e-01 
1.7083261362e-10 1.1339145867e+04 1.0197729841e+00 
8.2792129848e-11 1.2629948854e+04 1.0860870537e+00 
1.7334463752e-09 1.2112016298e+04 1.1531943470e+00 
2.8571873881e-08 1.1636621022e+04 7.7223902635e-01 
2.3032090542e-07 2.5000000000e+04 1.3184989752e+00 
1.5355803266e-08 1.3261625135e+04 3.9749757602e-01 
2.4806759897e-08 1.2230761555e+04 8.9519547740e-01 
8.0886374253e-10 1.2844338394e+04 7.7460552970e-01 
9.3436344445e-08 1.4464765525e+04 7.4345814077e-01 
4.3378706515e-12 1.3010161755e+04 8.0041617348e-01 
1.0395326277e-09 1.3811245484e+04 1.0351446600e+00 
1.0123587541e-07 1.2902338903e+04 2.1830681488e-01 
1.2579675653e-08 1.7892138431e+04 8.6208858204e-01 
3.4533756959e-06 1.6847775087e+04 2.0063876314e-01 
2.2521055776e-06 1.3759919869e+04 6.6657056998e-01 
2.4028375124e-08 1.1548671575e+04 4.1136792737e-01 
1.7839821366e-09 1.1880329571e+04 5.9823221265e-01 
2.4801904924e-09 1.2733906023e+04 1.3693254747e+00 
1.8850240325e-08 1.1355493925e+04 1.2492574196e+00 
1.4846240384e-08 1.2262106844e+04 1.3545078913e+00 
1.0463972232e-09 1.2564141603e+04 9.7191174412e-01 
1.1585832421e-07 1.3305542470e+04 5.1908187318e-01 
3.5895247057e-07 1.3040262231e+04 1.1848915375e+00 
3.0364174460e-09 1.2180111257e+04 1.1558267857e+00 
3.2096729062e-09 2.4284486203e+04 1.1733893704e+00 
1.4854682394e-08 1.3351890311e+04 1.3362468016e+00 
2.5209082082e-06 1.1495086730e+04 1.2227767689e+00 
2.3099401126e-10 1.5316661882e+04 6.0000938718e-01 
