9.9968864826e-10 1.5598734588e+04 1.0785255573e+00 
1.0378949939e-08 1.1549771012e+04 5.9181947774e-01 
4.3584897998e-11 1.1211553092e+04 9.0814528833e-01 
1.7708299531e-07 1.2488706587e+04 8.2387489521e-01 
3.7983373396e-10 1.5969442287e+04 9.4012992229e-01 
1.2882265443e-08 1.2170914375e+04 5.3047396806e-01 
1.5904809380e-11 1.1959507523e+04 2.9755549155e-01 
2.7065852852e-10 1.2573105251e+04 1.0336905512e+00 
8.7262969576e-10 1.1840545734e+04 9.6941122269e-01 
9.8823235202e-09 1.2574684203e+04 6.8624909565e-01 
6.2662692595e-10 1.1847789289e+04 4.6077750937e-01 
2.3528516245e-07 1.9966709563e+04 1.1145879293e+00 
1.3524904702e-08 1.1323382458e+04 9.1629723908e-01 
3.1569030114e-07 1.2820443734e+04 7.3989111549e-01 
1.7030416634e-09 2.5000000000e+04 7.9253649597e-01 
7.2526852637e-12 1.2208938030e+04 4.6437318288e-01 
1.5688176904e-09 1.1331834330e+04 3.6239557301e-01 
6.6644092946e-10 1.3573683427e+04 6.8759878089e-01 
1.8499180923e-09 1.4446196032e+04 1.5180135575e-01 
7.9401347580e-11 1.2321517623e+04 1.2392986643e+00 
4.3150741798e-10 1.4175450782e+04 8.5511948873e-01 
2.6952325103e-05 1.1857254309e+04 1.1046106091e+00 
3.8276056031e-10 1.1642009532e+04 8.0819960368e-01 
5.8719178208e-06 1.1308328327e+04 1.4351186794e+00 
6.6764702891e-08 1.1641449521e+04 3.6322955835e-01 
1.2592184333e-10 1.6900824666e+04 1.0302514512e+00 
7.4836632343e-07 1.7430928321e+04 1.1832711264e+00 
3.5295072875e-09 1.2712807738e+04 7.6828384235e-01 
6.1916895226e-06 1.3279281679e+04 5.7857723438e-01 
4.2885994526e-08 1.2637968273e+04 1.3466722451e+00 
1.3408330873e-10 2.5000000000e+04 5.1578015336e-01 
1.1451501517e-09 1.1397187594e+04 8.7652678835e-01 
9.2813740474e-09 1.5627857632e+04 1.2012125187e+00 
3.3846896110e-10 1.2106516550e+04 6.0526149213e-01 
2.5580244061e-06 1.1816942556e+04 7.4306299688e-01 
2.3724883529e-10 1.6314630953e+04 2.3588622074e-01 
3.0379333186e-07 1.1297168572e+04 4.0659970517e-01 
5.4686357100e-11 1.2441499024e+04 7.1079470768e-01 
2.4268321721e-06 2.1877659059e+04 9.2299099336e-01 
1.7983778582e-08 1.1456002373e+04 9.1044046843e-01 
7.8373163144e-11 1.1203833260e+04 6.9359128917e-01 
7.8134553691e-09 1.4037091633e+04 1.0045936748e+00 
6.9848023951e-08 1.3741888072e+04 6.7738947614e-01 
3.0358919688e-08 1.2364938993e+04 3.8698129797e-01 
7.4487160562e-12 1.2054485978e+04 7.0291868070e-01 
8.0207542600e-08 1.1555931997e+04 1.3398926662e+00 
3.4334961400e-11 1.1428904142e+04 2.7091884507e-01 
2.4148010207e-10 1.2073205402e+04 1.2319651889e+00 
5.5638296927e-10 1.2294953775e+04 1.2807607349e+00 
2.4427286972e-09 1.4740415931e+04 7.9144378196e-01 
2.6830055806e-07 2.5000000000e+04 2.4421668340e-02 
1.5999976856e-11 1.3427903025e+04 1.1679953787e+00 
3.5973274262e-09 1.4454984051e+04 8.4541968132e-01 
4.7136829541e-10 1.1293975294e+04 5.5076640557e-01 
1.7119614217e-09 1.1653912713e+04 9.9125541938e-01 
4.2145239778e-09 1.3004465809e+04 7.5997229767e-01 
2.2931441194e-11 1.2389249763e+04 9.6552140091e-01 
9.0077620831e-09 1.3072799829e+04 5.0083730806e-01 
1.6767425926e-11 1.3265733259e+04 1.0453250489e+00 
7.2566871852e-09 1.2367441332e+04 7.5843507876e-01 
9.8501725242e-10 1.2931041516e+04 1.0538113700e+00 
3.8400813265e-06 2.2488460604e+04 1.0345239091e+00 
7.2167010854e-08 1.4848640223e+04 1.0861037604e+00 
1.4075566929e-10 1.2333581675e+04 1.1491954605e+00 
9.3659007900e-08 1.2485192629e+04 1.1022395008e+00 
1.0168785871e-10 1.1353022592e+04 3.9906018115e-01 
1.8855051025e-08 1.5470497406e+04 6.7281867216e-01 
1.8234023443e-06 1.1324802851e+04 6.6813428795e-01 
3.4027115043e-08 1.3737211829e+04 9.4240612439e-01 
1.8380006787e-08 1.2212906137e+04 1.2164641756e+00 
9.3806893264e-09 1.1860363589e+04 1.3112915217e+00 
1.5642964618e-08 1.4644885750e+04 1.4423251350e-01 
3.2023986190e-07 1.1575871228e+04 1.2037666101e+00 
8.1131936384e-10 1.6622670411e+04 1.0055361006e+00 
4.1779290915e-07 1.6135646839e+04 1.1118598076e+00 
1.0304009314e-09 1.3179529026e+04 2.1057179176e-01 
1.2855660646e-09 1.6632785355e+04 1.0230700655e+00 
1.3440399831e-06 1.5377022870e+04 6.8913832031e-01 
6.9855423553e-09 1.1890881260e+04 2.3086103187e-01 
7.2894142054e-07 1.2979631166e+04 9.6692080173e-01 
8.8586760336e-09 1.3014064532e+04 1.1668561582e+00 
5.5302179608e-10 1.4024297465e+04 8.3400540246e-01 
2.8425509838e-08 1.2582911089e+04 5.4210425365e-01 
8.0558022209e-07 1.4113776809e+04 9.0749528388e-01 
2.0067981681e-09 1.2112200470e+04 7.9218010149e-01 
1.7744227340e-09 2.5000000000e+04 9.2438031707e-01 
5.5530578429e-11 2.5000000000e+04 4.1109817935e-01 
6.8924985988e-07 1.1997663016e+04 4.5073628052e-01 
4.5926456205e-09 1.3810239366e+04 4.4625639495e-01 
8.9283693394e-10 1.3024956394e+04 8.2053206522e-01 
6.4861002866e-08 1.1678724009e+04 1.3510295253e+00 
1.1093072746e-06 1.1324455616e+04 3.9589379397e-01 
5.3207081833e-12 1.2164966996e+04 4.9427616408e-01 
5.8885739811e-08 1.7978041885e+04 9.9136186086e-01 
5.8157121099e-07 1.2043231438e+04 9.3893429485e-01 
4.7339771040e-08 1.1816814584e+04 7.7122651022e-01 
4.2431088215e-08 1.4817080031e+04 8.0113489258e-01 
7.7008962024e-09 1.2087672493e+04 9.1738057741e-01 
1.6904756630e-10 1.6611322857e+04 7.3182923294e-01 
6.1079772688e-09 1.1310137500e+04 1.0763765058e+00 
3.5241267318e-11 1.1777776045e+04 1.3488868703e+00 
3.6291826465e-10 1.2648471627e+04 1.8526730104e-01 
6.1113164220e-07 1.8082447245e+04 8.4827641607e-01 
6.5325536474e-09 1.5327309985e+04 7.5837342014e-01 
1.1403349174e-10 2.5000000000e+04 6.7574395637e-01 
1.1288307187e-07 1.1876693859e+04 5.6057920080e-01 
1.3429785882e-07 1.2385256724e+04 8.5818106821e-01 
4.8305269104e-10 1.3196520443e+04 4.1251854332e-01 
3.4581936650e-09 1.1648128358e+04 1.2430784784e+00 
2.4946494271e-10 1.2321068712e+04 1.1186309238e+00 
3.6517233144e-09 1.1869032718e+04 1.0161973877e+00 
1.9771879174e-11 1.7201090421e+04 5.2753827793e-01 
7.7546462889e-09 1.1818689997e+04 6.2459071240e-01 
5.6746171162e-11 1.3102599630e+04 4.2991441202e-01 
1.5189765720e-09 1.1232074105e+04 7.1616411285e-01 
1.5752572785e-11 2.5000000000e+04 1.0871308205e+00 
1.0371805432e-06 1.2665087349e+04 1.4725736074e+00 
1.6243482108e-09 1.2223426326e+04 1.2589800000e+00 
1.5771491150e-07 1.7838974852e+04 3.7730889682e-01 
3.9825459867e-12 1.1653859151e+04 6.6913974195e-01 
2.7903436546e-08 1.4172131662e+04 1.9575297830e-01 
2.0494929267e-09 2.4531250361e+04 9.8739515704e-01 
4.0011065152e-07 1.1569157675e+04 7.8381973278e-01 
1.3633798003e-08 1.1501582706e+04 6.0798608000e-01 
8.6037855245e-11 1.8828430822e+04 8.5269950835e-01 
8.0561780866e-09 2.0493966945e+04 5.1650434170e-01 
1.5534680861e-10 1.2725789408e+04 7.7494557409e-01 
5.6061563670e-12 1.1215578208e+04 1.4376827322e+00 
1.5583884092e-09 1.2280479175e+04 6.4573742559e-01 
1.1526616487e-10 1.2338131260e+04 1.0890666665e+00 
1.5813324990e-10 1.1615119410e+04 1.1909771386e+00 
4.5624574966e-07 1.2539833421e+04 3.3833509440e-01 
2.4379903012e-09 1.2000601009e+04 1.3882664409e+00 
3.4114362982e-08 1.2864010447e+04 3.4620724187e-01 
7.1860703418e-10 1.3406982093e+04 1.1083064729e+00 
1.1679612598e-07 1.3894490792e+04 6.8095465093e-01 
6.0128123408e-09 1.3120618441e+04 1.3311380723e+00 
2.7168098844e-10 1.1291998115e+04 3.6289459439e-01 
8.9352821780e-08 1.2794632180e+04 6.7828841438e-01 
3.4464556388e-09 1.2792592188e+04 8.7715047543e-01 
1.1112676648e-07 1.6379978910e+04 4.9123581122e-01 
2.5893908023e-07 1.3458595569e+04 1.2272257339e+00 
2.6395000218e-11 1.5058598859e+04 7.9831020233e-01 
2.8902230014e-07 1.1996001921e+04 1.3028168705e+00 
3.1010713776e-08 1.3479688140e+04 1.1567015967e+00 
7.4749414514e-08 1.2050412151e+04 8.1538000292e-01 
3.2448390580e-08 1.3856840132e+04 8.0985728817e-01 
4.3063671921e-06 1.2577276997e+04 8.1747348431e-01 
7.7299873692e-09 1.1234439673e+04 8.3196561293e-01 
1.5902713201e-09 2.5000000000e+04 9.7622478229e-01 
1.1204222616e-10 1.3559463188e+04 2.5748929484e-01 
2.1878170040e-10 1.2091075532e+04 1.1723865182e+00 
2.4947409145e-10 1.1200838633e+04 5.9410147935e-01 
2.0730748984e-09 1.1963385036e+04 1.2964512893e+00 
7.8248394766e-09 1.4884912857e+04 7.3776823744e-01 
1.3270573482e-10 1.1542578989e+04 1.0556737478e+00 
1.5815077429e-08 1.8761200909e+04 1.1157911529e+00 
2.4431226701e-08 1.1942530789e+04 1.1660921978e+00 
2.0925338487e-10 1.4873230012e+04 8.5938630690e-01 
5.6598802875e-11 1.1827081864e+04 2.1634725072e-01 
3.6819494704e-09 1.2287004127e+04 1.3112348262e+00 
3.7074587511e-09 1.1622803995e+04 3.9750549788e-01 
6.8821493999e-12 1.4933922412e+04 1.0964128500e-01 
2.2723730347e-11 1.4384762901e+04 6.3455474799e-01 
9.3291889241e-10 1.8302526963e+04 4.5053404817e-01 
4.9327757227e-11 1.1223162531e+04 8.2602602494e-01 
8.8673540560e-10 1.2782899652e+04 1.0212701912e+00 
1.0143221345e-07 2.0270616098e+04 1.0898859242e+00 
3.9841724327e-10 1.2203705495e+04 1.0993889476e+00 
2.8876978338e-10 1.3346401958e+04 6.3795983557e-01 
2.9643388097e-08 1.3604384390e+04 5.6890252763e-01 
1.9829086828e-11 1.3689031104e+04 2.1516238864e-01 
5.5455115643e-08 1.1641317450e+04 1.1404611684e-01 
1.6790793137e-07 1.2213852203e+04 8.4561617849e-01 
3.9628636272e-08 1.2438472947e+04 5.3325552503e-01 
3.7094598851e-10 1.9387202609e+04 3.7235768389e-01 
2.9617155292e-08 1.5678727460e+04 5.6329062125e-01 
3.3902036876e-09 1.6290040431e+04 1.3443492290e+00 
5.1389607675e-08 1.6319168384e+04 6.3588466193e-01 
2.7214286333e-11 1.3822200488e+04 4.7614325046e-01 
3.1461471036e-11 1.1443840710e+04 1.4477760457e+00 
3.2170016134e-09 2.5000000000e+04 2.3336744227e-01 
1.6109707962e-10 2.0106718044e+04 1.2165787487e+00 
1.0160484423e-08 1.6512410569e+04 6.1437450123e-01 
1.2235482031e-08 2.3772010368e+04 1.3496685382e+00 
4.5293127815e-12 1.8901127465e+04 6.1153048784e-01 
4.8900891621e-10 1.5184222464e+04 3.3482005624e-01 
1.9826672835e-10 1.1537313380e+04 1.0617228007e+00 
1.1957533068e-06 1.8801251329e+04 4.4084726975e-01 
6.3130907844e-11 2.0115654491e+04 1.0342817392e+00 
6.1630625503e-09 1.4823081275e+04 2.7997382335e-01 
6.5915085669e-11 1.3746995027e+04 4.7407764577e-01 
1.8864820959e-10 1.2212836043e+04 7.6662866148e-01 
1.8409757363e-06 1.1206489195e+04 8.5283722868e-01 
3.0969053118e-10 1.1795158658e+04 9.0974865405e-01 
2.9441797468e-09 1.1612460700e+04 6.1691282157e-01 
5.8464862041e-08 1.4289652410e+04 1.2898025848e+00 
5.3697138449e-09 1.4936812962e+04 8.8172439397e-01 
5.1672824292e-07 1.1712980062e+04 6.8564881329e-01 
1.0895709101e-10 1.1227251992e+04 5.6448583241e-01 
2.1001059282e-10 1.8850087602e+04 4.8136183514e-01 
1.4236138017e-10 1.9150545546e+04 4.0297727491e-01 
6.5744886344e-10 1.7044505801e+04 8.1659339785e-01 
1.2780772870e-08 1.3888854474e+04 9.7877699560e-01 
3.6274484225e-10 1.1770359134e+04 1.1290056579e+00 
4.2132882149e-09 1.2652507491e+04 5.3191241801e-01 
4.6223465979e-09 1.4435899888e+04 6.1608353155e-01 
6.0291340025e-09 1.3525763480e+04 1.2712244034e+00 
7.6827146459e-09 1.2917738937e+04 1.1387570508e+00 
6.6186027221e-08 1.7360289773e+04 1.5855718135e-01 
1.5801765867e-09 1.2539103269e+04 7.6090695643e-01 
6.5489770901e-10 1.4088370876e+04 5.8285124475e-01 
1.1725319357e-07 1.4334351484e+04 1.1535721551e+00 
2.8045915440e-07 1.2311537733e+04 6.2674478724e-02 
6.3093360299e-08 1.9732742920e+04 2.8832588521e-01 
8.7392169842e-12 1.2828905650e+04 6.7780267900e-01 
8.9664184936e-09 1.4521480371e+04 8.4883188539e-01 
1.3212857492e-07 1.3941808928e+04 1.0808985385e+00 
1.7428494718e-06 2.1326600101e+04 5.9977820932e-01 
3.3448736875e-06 1.3275593355e+04 8.6155359932e-01 
9.4571645667e-09 1.3967041374e+04 1.1711424346e+00 
3.7718891781e-11 1.8661705400e+04 5.2226614834e-01 
1.5589714491e-11 1.1319050573e+04 4.0266212477e-01 
3.0611610139e-07 1.1401090919e+04 1.8966896662e-01 
6.5368605844e-07 1.3692433727e+04 5.4761176148e-01 
2.6223590046e-06 2.4673790323e+04 9.8247729045e-01 
8.8036504847e-08 1.2850344194e+04 8.6495566947e-01 
1.1872273634e-11 1.1863019144e+04 4.5424152467e-01 
9.9835948928e-11 1.1348548500e+04 3.6684045189e-01 
3.9226037632e-11 1.3348240919e+04 7.8447494096e-01 
2.6647710787e-08 1.4002409515e+04 6.6898020049e-01 
2.7070744161e-09 1.1392991913e+04 1.2841257082e+00 
1.7257398643e-09 1.9500453722e+04 1.1130068601e+00 
5.4433795006e-11 1.9071766226e+04 6.9291631576e-01 
1.1203930455e-10 2.5000000000e+04 8.1046896069e-01 
9.6939220486e-10 1.5574492378e+04 6.1658676839e-01 
7.6512813331e-10 1.3970645028e+04 5.4346730253e-01 
1.7853460940e-05 1.4298805584e+04 1.4861423129e+00 
2.1626137203e-07 1.5602391888e+04 6.2638890285e-01 
2.1041145722e-10 1.2945065984e+04 1.1335164180e+00 
1.3336067275e-07 1.1212602923e+04 3.0158522911e-01 
9.1676228719e-10 1.1896622645e+04 8.2298640451e-01 
5.0180108245e-07 1.7494658174e+04 9.5011744707e-01 
1.1704690893e-09 1.3084213615e+04 9.4734989579e-01 
1.1932460102e-11 1.3278151021e+04 1.2843854891e+00 
5.1926492990e-07 1.5952372988e+04 1.0927558096e-01 
1.6759503149e-10 1.3309789482e+04 7.4598499256e-01 
2.4886138878e-08 1.3422470080e+04 1.3834864601e+00 
1.4121015806e-07 1.2147316562e+04 6.6793452746e-01 
2.8224996569e-08 1.5704269517e+04 7.1316830885e-01 
2.3011695073e-09 1.2336270294e+04 7.7222223395e-01 
6.1099745673e-07 1.7496154048e+04 1.0205133286e+00 
1.7532428410e-09 1.7147823586e+04 1.0767786301e+00 
6.1097679634e-09 1.1225601087e+04 7.4079741403e-01 
8.5640901894e-09 1.2549563703e+04 1.0074075350e+00 
2.0452845084e-10 2.0662318196e+04 1.3464563252e+00 
3.5559264638e-11 1.8347468148e+04 1.0224463565e+00 
1.9379405244e-08 1.4138861336e+04 7.8525066232e-01 
7.8001456620e-09 1.7268444410e+04 2.9632385849e-01 
9.4110044393e-10 1.3803730209e+04 9.3491790730e-01 
3.3781142346e-07 1.2085043572e+04 9.7593237225e-01 
1.2037117316e-07 1.1355789608e+04 7.3292588715e-01 
1.4043779451e-07 1.2028799912e+04 7.6800710909e-01 
2.3198151812e-07 1.6756637469e+04 3.8788132182e-01 
7.9716618247e-09 2.1643974709e+04 1.0178836219e+00 
1.0886716566e-11 1.4620559652e+04 5.0234548444e-01 
3.1736135128e-09 1.2414535582e+04 6.8825764607e-01 
9.6502761848e-09 1.1350425480e+04 6.5804365022e-01 
6.4930650371e-07 1.1278371162e+04 6.4426847203e-01 
5.6581362076e-08 1.7149804777e+04 5.0616297795e-01 
2.9982596238e-07 1.2718272461e+04 1.4652324586e-01 
3.9427035761e-12 1.4177631928e+04 8.6422126465e-02 
8.1876265512e-08 1.5819175807e+04 6.6550420464e-01 
2.5210152002e-09 1.1915692895e+04 1.0475318292e+00 
5.6291723081e-06 1.1544935315e+04 5.7720883965e-01 
2.7153228455e-10 1.2042125604e+04 7.2232083854e-01 
1.1047250945e-08 1.7332277521e+04 8.1705752323e-01 
1.4070781570e-07 1.4336952916e+04 5.1525073256e-01 
4.8389967776e-06 1.4319130235e+04 1.2627409608e+00 
1.9847566454e-08 1.8822337224e+04 8.6123511637e-01 
3.7001910598e-08 1.3751398834e+04 9.4376922996e-01 
1.9461183308e-05 1.4080482447e+04 1.3723770931e+00 
2.4204733403e-10 1.2213411527e+04 5.4426795517e-01 
5.6047787963e-08 1.2174565130e+04 7.9468042525e-01 
3.0194875117e-11 1.2773501918e+04 1.4732907871e+00 
6.7914048987e-11 1.2988042446e+04 5.6434879433e-01 
7.6130081336e-08 1.2536275842e+04 1.1330581150e+00 
1.8654063835e-05 1.1686306404e+04 5.9353851681e-01 
1.3497021289e-09 2.2771251972e+04 8.2765083319e-01 
1.7917606948e-11 1.4643207398e+04 5.4034678899e-01 
2.6724172478e-07 1.1450664187e+04 8.9315388265e-01 
1.1394114127e-09 1.5392423092e+04 8.2439322679e-01 
1.0107753659e-08 2.0264174871e+04 3.5943669158e-01 
2.4501478466e-08 1.2068395391e+04 8.0211479345e-01 
9.3349290218e-12 1.1551469995e+04 7.6290761090e-01 
1.0068895315e-09 1.9203415842e+04 6.5883791539e-01 
8.3778663881e-08 1.6222529967e+04 4.7830140960e-01 
4.0042857571e-08 1.2281655381e+04 1.3031654089e+00 
1.2012626623e-09 1.4542056238e+04 1.3011075414e+00 
1.2491336033e-07 1.4227212894e+04 7.8793563572e-01 
1.6883571854e-08 1.4256217601e+04 2.9776936239e-01 
4.2638321473e-09 1.1401907780e+04 9.3461134299e-01 
3.7470810198e-09 1.2243969624e+04 9.8517177554e-01 
5.8877138957e-09 1.1924096494e+04 9.6442228812e-01 
1.6919286996e-11 1.4251108858e+04 7.5845110978e-01 
6.5334062785e-10 1.6387675924e+04 4.2664267051e-01 
4.3744974632e-06 1.1635865667e+04 3.6803235183e-01 
4.2434029254e-06 1.5131059700e+04 4.5368623187e-01 
5.9007380975e-11 1.3859873413e+04 6.2404295151e-01 
2.8773627954e-08 1.3469807251e+04 4.0552486188e-01 
3.8738838725e-09 1.3317449723e+04 4.9302677319e-01 
6.0130390598e-09 1.8694895241e+04 8.2680381519e-01 
1.3392795513e-10 1.5544874662e+04 5.1392380607e-01 
3.3036362977e-09 1.2503697829e+04 1.3081869244e+00 
2.8713204489e-08 1.2150723043e+04 9.6197077477e-01 
1.6347301216e-06 1.2255480921e+04 7.2890478771e-01 
1.0320728526e-07 1.1567769064e+04 3.7161924100e-01 
6.2667403856e-11 1.4239605984e+04 1.0325215775e+00 
7.6503003003e-08 1.3783261481e+04 6.7160554221e-01 
2.2350000643e-09 2.5000000000e+04 8.5076710575e-01 
2.8658298491e-07 1.3013910179e+04 1.0952278763e+00 
1.7794025934e-06 2.1400555697e+04 1.7259725667e-01 
4.1093987525e-12 1.8665918415e+04 4.6158794554e-01 
4.1497821023e-07 1.3177631905e+04 1.5559091924e-01 
2.3128054123e-08 1.4109311902e+04 8.0838661336e-01 
3.2499299179e-06 1.4881930241e+04 1.2703370349e+00 
4.0756199550e-07 1.1445540760e+04 2.1681399273e-01 
5.4091318039e-09 1.6506347128e+04 8.0469047511e-01 
9.2395191040e-09 1.2229351522e+04 1.0109747773e+00 
1.0263485390e-08 1.5447436093e+04 7.0775040326e-01 
3.7289608146e-10 1.6041702384e+04 1.1775352530e+00 
1.7244007619e-11 1.4859595751e+04 1.1319418048e-01 
5.5346786936e-10 1.1702253836e+04 6.6311810802e-01 
8.3000030447e-10 1.5242592637e+04 4.8613544867e-01 
1.1040346107e-08 1.3193785468e+04 5.1047026992e-01 
5.1991160189e-09 1.1474148456e+04 1.1546113056e+00 
2.8580345468e-08 1.1827218868e+04 1.0373533659e+00 
1.1817672071e-08 1.2643026042e+04 5.7298678186e-01 
7.5920694723e-11 1.1483344343e+04 3.6530748791e-01 
1.1678426536e-10 1.8646689995e+04 8.7325850461e-01 
1.3194474201e-07 1.7734133711e+04 9.3055110449e-01 
2.4296162406e-08 1.3205837639e+04 4.7454289979e-01 
3.0635640685e-07 1.1697449085e+04 1.1507009720e+00 
1.3430925926e-06 1.6104685932e+04 8.6573762458e-01 
5.9231069062e-09 1.3752647950e+04 5.4826556993e-01 
5.4869075593e-06 1.4055290150e+04 7.0876358267e-01 
4.3517231937e-09 1.2704378087e+04 1.3117729737e+00 
8.6226784577e-10 1.7374757004e+04 4.9484995637e-01 
7.5370524819e-10 1.8918159686e+04 1.0516805423e+00 
2.6222332250e-11 1.4940437585e+04 8.5627519773e-01 
2.8523205302e-07 1.3251740095e+04 1.2535471776e+00 
5.0870758589e-07 1.2516984768e+04 5.0034855640e-01 
8.7623557173e-07 1.8780006258e+04 9.8125188826e-01 
2.3784185603e-07 1.3018889705e+04 1.4427408704e+00 
1.3962371788e-10 2.2863357966e+04 5.1611938567e-01 
3.5024877359e-09 1.8887143418e+04 1.4307330875e+00 
7.1894964464e-08 1.2028558887e+04 6.5940235168e-01 
1.3130501369e-09 1.4889936869e+04 3.3354913280e-01 
3.8698557337e-09 1.4307388772e+04 3.5322914493e-01 
2.1094257584e-09 1.1249055083e+04 7.1114936612e-01 
5.7436287718e-12 1.1694324268e+04 2.8858207046e-01 
4.6319975866e-12 1.6016457088e+04 1.3215183679e+00 
2.1712140493e-09 1.4856287121e+04 1.0067816797e+00 
6.0630039578e-09 1.1475855754e+04 1.1153766300e+00 
3.5290169038e-07 1.5166786341e+04 3.8852706633e-01 
2.4573933536e-07 1.3244071066e+04 1.4115055311e+00 
1.1071911215e-09 1.6854758221e+04 1.3689633674e+00 
5.0493025474e-11 1.1363116500e+04 1.3697845951e+00 
3.6892407561e-09 1.2108367831e+04 7.3980457404e-01 
5.2146303533e-07 1.2772677485e+04 1.0985871407e+00 
1.5831789685e-10 1.6041657914e+04 6.7494459337e-01 
6.7773237776e-11 1.2992752553e+04 1.3729564132e+00 
4.2635180623e-09 1.4076491254e+04 5.4883982432e-01 
3.0009044138e-08 1.1426525066e+04 1.2562744868e+00 
1.5679678726e-10 1.5483923645e+04 1.1367874101e+00 
6.6182542780e-09 1.4382696022e+04 1.1688283971e+00 
1.7183009460e-10 1.1673781154e+04 1.3449121431e+00 
1.7519421119e-09 2.4421725890e+04 9.2019756270e-01 
6.1627683733e-10 1.5108153264e+04 6.7006177177e-01 
4.0482431322e-07 1.3120689382e+04 9.9933453195e-01 
8.3473137185e-10 1.1696645296e+04 9.6187067420e-01 
3.9230116983e-10 1.3112534824e+04 1.6797509402e-01 
3.5357816480e-09 1.1294272961e+04 5.0316480435e-01 
4.5939879057e-08 1.4885190351e+04 4.2163975302e-01 
9.8953863778e-09 1.3201503837e+04 6.9790583841e-01 
2.6125398403e-09 1.7408576539e+04 7.7134341315e-02 
1.4143725360e-07 1.2573993851e+04 3.6022264357e-01 
2.6792921634e-09 2.5000000000e+04 7.9345380877e-01 
7.0609959953e-08 1.5789532993e+04 4.1956238176e-01 
1.8576834528e-09 1.2626209021e+04 8.7522786539e-01 
6.1487175123e-11 1.2972403569e+04 1.3504737461e+00 
1.3335967468e-07 1.9264003798e+04 1.1658616502e+00 
1.6324694471e-07 1.1819410625e+04 9.6098029696e-01 
7.5855129363e-08 1.3589309001e+04 1.1793539021e+00 
1.8771054362e-09 1.6566047251e+04 4.4234077287e-01 
3.9372063029e-10 1.1406194061e+04 2.8509198486e-01 
1.0000490453e-09 1.2158126311e+04 7.8132053856e-01 
5.7440407302e-09 1.1251090462e+04 5.4284169028e-01 
7.4280066798e-09 2.5000000000e+04 5.3830410722e-01 
1.4953131318e-11 1.1331244447e+04 6.0603917401e-01 
1.6986575039e-11 1.5166145867e+04 3.6209446851e-01 
6.6416161871e-09 1.1759984679e+04 1.4225262259e+00 
3.6053975791e-10 1.2673229502e+04 9.6630702975e-01 
1.5440511797e-10 1.2101764243e+04 8.1694766345e-01 
4.9475947207e-09 1.2638390241e+04 1.0433457240e+00 
1.6771675245e-09 1.2663957908e+04 9.3685416825e-01 
1.1447935218e-08 1.7264783135e+04 4.4149237080e-01 
4.7304504573e-06 1.1245743295e+04 9.7178568489e-01 
2.3185249116e-06 1.2463932284e+04 2.8583709559e-01 
1.7621353813e-10 1.3229030463e+04 4.1459894990e-01 
1.7251143592e-08 1.1512323803e+04 7.4919346774e-01 
2.1104962251e-11 1.2501741423e+04 6.0894030852e-01 
2.1021473757e-09 1.2627001628e+04 4.8236909222e-01 
2.7359167697e-10 1.7027198909e+04 6.6751408995e-01 
1.9182649875e-08 1.4608686713e+04 1.1014493778e+00 
6.5218106329e-10 1.2145203487e+04 4.3581737152e-01 
5.2654957139e-07 1.2850361104e+04 5.6654371283e-01 
2.0343793967e-08 1.1803368201e+04 1.4903807536e+00 
2.4226592234e-05 1.2053164730e+04 3.1662641491e-01 
4.8731235752e-09 1.2633921800e+04 9.8684497834e-01 
6.1256345085e-10 1.2264763455e+04 6.6561679461e-01 
1.0971700727e-08 1.1850662567e+04 1.3249047191e+00 
1.4737434130e-09 1.3728195517e+04 7.7623841036e-01 
2.8496664858e-09 1.1508836956e+04 8.5506082374e-01 
7.2243628736e-09 1.6746779737e+04 7.3127087166e-01 
2.4096083499e-08 1.1621088250e+04 7.2684975123e-01 
5.6354053095e-09 1.2366818984e+04 5.6182053716e-01 
3.9378354625e-08 1.3413384315e+04 4.6212219523e-01 
1.0972017903e-09 1.8871513453e+04 9.2340657619e-01 
1.0704473035e-08 1.1716599359e+04 9.0076239741e-01 
2.4531834062e-08 1.3041605662e+04 8.9948041220e-01 
9.2737141650e-10 1.2685481780e+04 3.1108702272e-01 
1.9913760869e-10 1.1658018722e+04 4.5856430689e-01 
9.7018646793e-09 1.2681818346e+04 8.9802750208e-01 
1.1174071839e-11 1.2292273924e+04 5.6091336711e-01 
8.8049136782e-09 1.5061924292e+04 6.5590698536e-01 
3.6758492063e-08 1.1547329605e+04 9.0726747372e-01 
5.8008547840e-09 1.4348780613e+04 6.2590432240e-01 
3.6329977400e-11 1.1478543063e+04 9.8821083322e-01 
1.0229874364e-07 1.1628575134e+04 1.1748814828e+00 
1.2568832484e-07 1.3477709901e+04 8.4529640228e-01 
6.9045848114e-08 2.5000000000e+04 1.1718744241e+00 
2.4235358115e-10 1.2578643921e+04 6.4454122457e-01 
1.1379284499e-06 1.2826121672e+04 1.0358780721e+00 
7.2982672744e-09 1.1682397630e+04 9.8930742244e-01 
3.1412996466e-10 1.1798542086e+04 5.5977771750e-01 
1.7332428538e-10 1.1851506681e+04 2.4105734710e-01 
1.0455002459e-09 1.2709560613e+04 1.1170061435e+00 
3.6209031609e-08 1.7018935317e+04 5.7856725043e-01 
7.4503511751e-08 1.2839495518e+04 8.3775462418e-01 
4.6053140335e-08 1.2667882242e+04 2.6389131997e-02 
2.4700620706e-09 1.1289898216e+04 9.5194369293e-01 
6.3884380900e-09 1.4289109858e+04 1.6495531907e-01 
1.6864549762e-07 1.1766806996e+04 2.2457201749e-01 
1.0269709323e-07 1.6290829936e+04 8.3103450781e-01 
6.1048777486e-06 1.2061776968e+04 1.0363541338e+00 
9.6657841168e-10 1.1403167145e+04 8.1516346846e-01 
1.2017368900e-11 1.8310895878e+04 4.5423641128e-01 
2.7970628944e-11 1.4049193543e+04 8.9461607686e-01 
4.1560251821e-08 1.1561521759e+04 1.0395073889e+00 
3.3221765139e-10 1.3642884236e+04 7.1793005774e-01 
3.9230841968e-09 2.5000000000e+04 1.1704607439e+00 
3.4109331490e-11 1.1735673226e+04 5.7250270108e-01 
1.4285275660e-09 1.2369425570e+04 7.5313696660e-01 
1.6875507416e-06 1.1301162372e+04 5.2426328179e-01 
5.5481889330e-11 1.6048741139e+04 1.0166721149e+00 
4.7202063273e-10 1.2104129519e+04 6.8803508178e-01 
4.3935695509e-10 1.2078991595e+04 1.1047172502e+00 
8.0109348282e-11 1.1383269287e+04 3.8149436299e-01 
7.0636559005e-12 1.1652070077e+04 1.4362322749e+00 
5.8304780604e-08 1.7481893316e+04 1.5330690019e+00 
1.6618576103e-10 1.5782225599e+04 8.3466753586e-01 
1.5307023621e-08 1.3478481353e+04 5.5525531607e-01 
2.3822489171e-05 1.2862241564e+04 2.9865672309e-01 
1.7688728176e-07 1.5313677002e+04 1.7772161657e-01 
2.5122758585e-06 1.5711242116e+04 1.5008805341e+00 
8.3665708644e-10 2.2791702284e+04 3.0317681902e-01 
5.4832737307e-10 1.8450117163e+04 7.7678675085e-01 
3.4861567351e-08 2.5000000000e+04 4.4367290003e-01 
1.3826078114e-11 1.6529773184e+04 4.3966436110e-01 
1.9714332655e-08 1.1990867274e+04 1.3625143903e+00 
1.4823189311e-09 1.4513432389e+04 5.5577226971e-01 
7.0888342403e-07 1.1201123629e+04 1.4756826740e+00 
3.9658373070e-10 1.1344563648e+04 1.0930179171e+00 
4.2873842278e-08 1.2127283709e+04 7.7266476413e-01 
4.8222249603e-08 1.9428990394e+04 9.1023439855e-01 
2.2418918112e-07 1.1898939991e+04 9.5297004779e-01 
3.0647026235e-10 1.1764187964e+04 5.7467606576e-01 
1.9219197014e-07 1.2240727226e+04 1.4363319757e+00 
3.7090105273e-07 1.2031526686e+04 1.1628281526e+00 
8.3042418363e-11 1.4136936278e+04 9.4181468678e-01 
1.9636609567e-06 1.6925796559e+04 1.1632670081e-01 
1.0616897887e-06 1.5625259361e+04 7.8059223842e-01 
1.7174417235e-09 1.3409804751e+04 1.1162565413e+00 
3.8432078043e-08 1.3623163104e+04 4.7863703419e-01 
5.0243869150e-09 1.3609091790e+04 1.0507352331e+00 
1.6965624960e-11 2.0162750181e+04 1.2319133933e+00 
1.8288693032e-07 1.1292911548e+04 9.9705691186e-01 
1.0127841733e-09 1.2383479431e+04 5.9942407203e-01 
9.8853083642e-09 2.5000000000e+04 1.0978873010e+00 
