3.2189530842e-05 2.4499842689e-01 
7.2220372608e-05 1.8852184885e-01 
1.1412561430e-05 1.0000000000e+00 
1.6335096319e-04 1.9172702724e-01 
2.3064789402e-05 2.5746252817e-01 
7.4368253836e-05 2.1954510426e-01 
8.1554376733e-06 1.0000000000e+00 
2.5233322094e-05 2.4530860659e-01 
3.8263699827e-05 1.1630274906e-01 
6.7241116911e-05 2.1838341729e-01 
3.3886081312e-05 1.0771715677e-01 
1.5152669138e-04 2.1476121821e-01 
8.7319617873e-05 0.0000000000e+00 
1.9260669548e-04 1.8650560820e-01 
2.8127902830e-05 2.9049971114e-01 
6.2772688185e-06 1.0000000000e+00 
4.5817892331e-05 9.0973360093e-02 
3.0929878637e-05 1.2855586031e-01 
3.8764055601e-05 3.4141813823e-01 
1.3938426243e-05 1.0000000000e+00 
2.7921503954e-05 4.3608006169e-02 
7.6139266596e-04 1.0000000000e+00 
2.8977986539e-05 1.5611126902e-01 
5.8505645211e-04 1.0000000000e+00 
1.2717587615e-04 2.2445474099e-01 
1.8227220254e-05 1.1390297512e-01 
2.3599558911e-04 1.9699039797e-01 
4.9751989816e-05 2.0013334967e-01 
4.9130051711e-04 1.4231582803e-01 
1.1351230575e-04 1.0000000000e+00 
1.2985708825e-05 3.3168042001e-01 
4.2063906108e-05 7.4961579075e-02 
6.4607944186e-05 2.5411514862e-01 
2.7786041539e-05 1.1397977547e-01 
3.8703779255e-04 1.4961151758e-01 
1.9593207743e-05 3.3933263639e-01 
2.0574934565e-04 1.9667740677e-01 
1.4313880264e-05 3.4985290449e-01 
2.9597725651e-04 1.7147982581e-01 
8.9881766048e-05 1.0910516358e-01 
1.5245029017e-05 5.1290601311e-01 
6.1284843521e-05 2.3232256603e-01 
1.1639044400e-04 2.1254301611e-01 
9.6672950510e-05 2.3352576045e-01 
6.3333223054e-06 1.0000000000e+00 
1.3985441698e-04 1.0000000000e+00 
1.0540227175e-05 1.0000000000e+00 
2.0194428498e-05 1.0000000000e+00 
2.6672418259e-05 1.0000000000e+00 
4.0600126483e-05 2.5367840594e-01 
1.5621291766e-04 3.4411692210e-01 
8.1716715371e-06 1.0000000000e+00 
4.6396703785e-05 2.4541958110e-01 
3.1049096242e-05 1.5059653056e-01 
4.8466725743e-05 0.0000000000e+00 
5.1504902927e-05 2.1506347163e-01 
9.2132933712e-06 1.0000000000e+00 
6.4258649111e-05 2.3514940988e-01 
8.3002896708e-06 1.0000000000e+00 
6.2823044547e-05 1.8172057684e-01 
3.9665394111e-05 3.9599967542e-02 
3.4465807590e-04 1.6631292185e-01 
1.1879631910e-04 2.2059070642e-01 
1.6869145429e-05 1.0000000000e+00 
1.4247732931e-04 1.8137247720e-01 
1.7228267293e-05 4.1053516619e-01 
7.3307751807e-05 2.3857835550e-01 
3.5450315181e-04 1.5295713457e-01 
9.5119560720e-05 2.1926335310e-01 
8.6919482326e-05 7.0528848745e-01 
6.8393689844e-05 1.0000000000e+00 
7.4737661799e-05 3.1953647449e-01 
2.2297431750e-04 8.6936768606e-01 
2.8350107434e-05 2.7796612246e-01 
1.9892519518e-04 2.0007692765e-01 
3.5838878815e-05 2.3241502291e-01 
3.2574380128e-05 2.7568727733e-01 
2.8129768806e-04 1.7100213761e-01 
6.4439074506e-05 2.5753059196e-01 
2.5376492261e-04 1.7622815451e-01 
7.5431562496e-05 6.1163808259e-02 
2.9448756135e-05 1.1015863307e-01 
9.2528519772e-05 2.2046965284e-01 
2.5012697532e-04 1.7918683099e-01 
4.8374374085e-05 0.0000000000e+00 
2.8876870869e-05 2.9102981252e-01 
1.0085258359e-05 3.4573990813e-01 
2.5818845512e-04 1.8228292719e-01 
5.1175909967e-05 2.5223137144e-01 
3.6682513586e-05 0.0000000000e+00 
1.3029637602e-04 1.0000000000e+00 
3.0986108968e-04 1.7969426662e-01 
5.6614489693e-06 1.0000000000e+00 
9.9965354496e-05 2.3028412518e-01 
2.4372002135e-04 1.7361583796e-01 
1.1177464731e-04 1.9902885320e-01 
9.6414978579e-05 2.2510116976e-01 
6.8350534711e-05 1.1644010631e-01 
1.7172231252e-05 2.8761642950e-01 
7.4648357917e-05 0.0000000000e+00 
1.0632162920e-05 1.0000000000e+00 
2.7452147157e-05 2.2942124817e-01 
2.0482868194e-04 1.9068855783e-01 
5.3448957530e-05 2.4759233027e-01 
1.2251803702e-05 3.3179906507e-01 
1.4547007971e-04 1.9857202757e-01 
1.5095802771e-04 1.9455004451e-01 
2.9617382725e-05 1.0923106414e-01 
4.9040424465e-05 1.0000000000e+00 
2.3362666059e-05 3.9525721533e-01 
6.1734330089e-05 0.0000000000e+00 
1.0108258129e-05 1.4473800525e-01 
6.5595860258e-05 1.8177773067e-01 
1.4824044981e-05 2.7508931265e-01 
4.6649539118e-05 0.0000000000e+00 
7.3085963912e-06 3.4811671542e-01 
3.2826348102e-04 1.0000000000e+00 
3.8120989208e-05 1.0000000000e+00 
1.3848813600e-04 2.1835724790e-01 
5.1403345275e-06 1.0000000000e+00 
9.0491876395e-05 2.8998426071e-01 
3.0779655470e-05 2.8917036646e-01 
2.1786713345e-04 1.7487062842e-01 
7.8658951791e-05 1.7326666004e-01 
1.3220953288e-05 3.0856115543e-01 
5.0094926299e-05 2.6324353812e-01 
2.1360619766e-05 1.6120109567e-01 
5.7609333735e-06 1.0000000000e+00 
4.3573279944e-05 0.0000000000e+00 
1.5782352219e-05 1.0000000000e+00 
1.7536604831e-05 1.0000000000e+00 
2.2577817288e-04 2.0500595341e-01 
4.3646401302e-05 1.0000000000e+00 
9.8766556399e-05 2.4190676391e-01 
3.5684859190e-05 9.5252479972e-02 
1.3585960057e-04 2.0646503487e-01 
5.8969892148e-05 1.0000000000e+00 
2.4916789850e-05 2.8712183916e-01 
1.2990881208e-04 2.0419459305e-01 
5.0856894867e-05 1.6996789439e-01 
1.2600498298e-04 2.1728671372e-01 
1.8560631484e-04 1.0000000000e+00 
1.1697861400e-05 1.9964512550e-01 
2.1441157872e-04 1.0000000000e+00 
9.9663226046e-05 1.9849917631e-01 
1.2741980417e-04 1.9741088221e-01 
9.1817827376e-05 2.2222129749e-01 
4.4536540011e-04 1.4515945769e-01 
7.5616710402e-05 0.0000000000e+00 
2.8161917152e-05 2.9407809613e-01 
1.8751955971e-05 2.1555807140e-01 
1.9540759877e-05 1.0000000000e+00 
2.4538897716e-05 2.5077481699e-01 
4.1350057193e-05 1.0000000000e+00 
5.7214455814e-05 2.4310605391e-01 
1.6541225437e-05 1.0000000000e+00 
6.7308817207e-05 2.5330149420e-01 
1.0002034524e-04 3.0251326451e-01 
2.2219277756e-05 5.1613792146e-02 
1.3599556098e-05 5.2890304982e-01 
5.0076087729e-05 1.0000000000e+00 
5.7021546891e-05 1.0993815294e-01 
6.6583407583e-06 5.6486023254e-01 
1.0990949055e-05 2.5417953088e-01 
2.7379861825e-05 2.9395298274e-01 
1.1893278085e-05 1.0000000000e+00 
3.8364864400e-05 3.8803938184e-02 
1.1488859738e-04 2.2728923132e-01 
2.8359967206e-05 2.8709789199e-01 
2.5772498496e-05 1.3880537646e-02 
9.0059828340e-05 2.2652432889e-01 
9.8378637735e-06 4.5213350421e-01 
1.2130720925e-04 3.1412875050e-01 
1.6267305016e-04 1.9034336839e-01 
1.0312080347e-04 2.1648424806e-01 
2.0307644398e-05 3.1774120962e-01 
8.4193843708e-05 2.3528061643e-01 
4.8716907756e-05 1.0000000000e+00 
9.7815601177e-05 2.2640855270e-01 
1.1533403147e-05 2.9513622689e-01 
1.0237583537e-05 1.0000000000e+00 
3.6725104165e-05 2.9912089663e-01 
1.7230695158e-05 3.0722384187e-01 
5.8870461371e-05 2.5032249994e-01 
6.1674123496e-05 2.9298826344e-01 
6.4021934552e-06 1.4655589443e-01 
2.5063440224e-05 3.0240437009e-01 
2.0447991773e-05 5.6090968142e-01 
2.5566289699e-04 1.8011096677e-01 
1.2190136493e-05 3.1289379984e-01 
5.5124037228e-05 2.8163214440e-01 
1.5875985903e-05 1.8589177656e-01 
2.2729448914e-05 1.8308652431e-01 
3.5886742763e-04 1.5095563830e-01 
2.6551856949e-05 2.2597117862e-01 
5.4807933684e-05 0.0000000000e+00 
1.2653356816e-04 8.8822794501e-01 
5.1601715038e-05 2.4531544055e-01 
2.3443873676e-04 1.7363932123e-01 
1.7725730216e-05 3.9525470156e-01 
1.7113611437e-05 3.1297025161e-01 
1.5260481935e-05 3.2317135556e-01 
2.5320411052e-05 2.8631946444e-01 
7.0968053839e-05 2.2700934365e-01 
2.6155828614e-05 4.2981230412e-01 
5.2122568793e-05 2.3131828744e-01 
4.9504554315e-05 2.4759716745e-01 
5.9986844326e-05 8.1021086950e-01 
7.2109319850e-05 4.6986475343e-02 
1.1092861188e-04 2.8573230490e-01 
4.3369532456e-05 0.0000000000e+00 
2.8163824393e-05 2.5022721447e-01 
1.4302611069e-04 2.1515972424e-01 
1.9761824185e-04 3.2442046299e-01 
1.0140971899e-04 2.4374404498e-01 
6.6797769023e-06 1.0000000000e+00 
6.0859861486e-05 2.3778095949e-01 
1.4732830802e-04 2.0769873195e-01 
2.6809618036e-04 1.7402004571e-01 
4.0242054161e-04 1.5184120087e-01 
6.8738906889e-05 2.1715502235e-01 
1.0350344121e-05 3.1887850019e-01 
8.1012214530e-06 1.0000000000e+00 
2.0945088812e-04 2.5992890847e-01 
2.3697288540e-04 1.8247510418e-01 
2.9107789149e-04 1.7282838274e-01 
1.3020052441e-04 2.0300294881e-01 
7.3980242315e-06 1.0000000000e+00 
1.7058378340e-05 4.2138509533e-01 
1.2958737041e-05 3.1480511538e-01 
8.5636128785e-05 2.2713385840e-01 
4.5196469876e-05 1.0000000000e+00 
3.3614849445e-05 2.8845678457e-01 
1.1304888960e-05 3.1706816914e-01 
1.2249548666e-05 3.3211219508e-01 
2.9654395291e-05 2.7479545924e-01 
2.9642718085e-05 2.5133436505e-01 
8.4757588048e-04 1.0000000000e+00 
1.5681226822e-04 2.0257079634e-01 
2.2315637333e-05 3.6366426779e-01 
1.6138192644e-04 2.2910075664e-01 
3.9031160338e-05 0.0000000000e+00 
1.9712456667e-04 1.9496636172e-01 
4.0804575202e-05 0.0000000000e+00 
7.4105045886e-06 1.0000000000e+00 
2.2174190667e-04 2.8458037764e-01 
2.1983182804e-05 8.2586897357e-02 
9.4679718282e-05 1.0000000000e+00 
1.5355508853e-04 1.9408646036e-01 
8.2400942134e-05 2.3496728874e-01 
4.8331198213e-05 2.7920785481e-02 
2.1220249002e-04 1.9320467548e-01 
3.5657638109e-05 2.7702205854e-01 
7.0090226991e-05 0.0000000000e+00 
6.8591171990e-05 1.7355832480e-01 
2.1484050039e-05 1.9762075181e-01 
1.2317023686e-05 1.1764581001e-01 
7.7547326803e-05 2.2900040839e-01 
5.5381598826e-05 2.7746107468e-01 
3.5599155213e-05 7.3750854716e-02 
2.0668444658e-04 1.8058933420e-01 
1.5144387698e-04 1.8690431813e-01 
1.5429479695e-04 1.9164293503e-01 
1.6022494901e-04 2.1132665377e-01 
4.9748623058e-05 2.6618727975e-01 
8.3244261327e-06 3.5805309531e-01 
4.9775409838e-05 1.6323243698e-01 
7.4278868905e-05 9.1778174781e-02 
2.5650641887e-04 1.6858226174e-01 
9.9725792179e-05 2.2857508612e-01 
2.0024347424e-04 2.7948064250e-01 
5.1231353029e-06 1.0000000000e+00 
1.1462866782e-04 2.1819067141e-01 
5.4944515967e-05 0.0000000000e+00 
5.0570984889e-04 1.3953120097e-01 
2.5758649081e-05 1.5497099970e-01 
5.9203875618e-05 2.5050331649e-01 
1.4341970237e-04 2.0906189950e-01 
5.3691520764e-04 1.0000000000e+00 
6.8520460321e-05 2.4774923430e-01 
9.7546542537e-05 2.1875345896e-01 
8.7228994168e-04 1.0000000000e+00 
2.4801466970e-05 1.4222718517e-01 
1.1587372465e-04 2.0206264861e-01 
1.0098313818e-05 1.0000000000e+00 
1.5913445976e-05 2.3805509727e-01 
1.3448742694e-04 1.8516365369e-01 
7.3883354313e-04 1.1728706428e-01 
2.7383668647e-05 2.9201388432e-01 
1.0114200672e-05 2.6632081417e-01 
1.9517025167e-04 1.7700631288e-01 
3.1655407187e-05 2.6750116701e-01 
5.5424305643e-05 2.6696889540e-01 
9.0900600354e-05 2.0332118224e-01 
6.8282297213e-06 1.0000000000e+00 
2.6959803242e-05 2.8983024028e-01 
1.1593736206e-04 2.2250605768e-01 
1.1094629516e-04 1.0000000000e+00 
3.4723891022e-05 8.8786891353e-01 
1.3747713786e-04 2.0636750154e-01 
7.6377389735e-05 2.6387697969e-01 
6.5411350418e-05 0.0000000000e+00 
5.9985205212e-05 0.0000000000e+00 
6.8300221243e-05 0.0000000000e+00 
9.6766264560e-06 3.4879218491e-01 
2.5989681045e-05 2.9482752932e-01 
4.7678248402e-04 1.6335102231e-01 
4.1864210761e-04 1.5600005907e-01 
1.5380425034e-05 1.6836012936e-01 
9.1059880208e-05 2.3742777621e-01 
4.9439138270e-05 2.4457387433e-01 
4.7421345553e-05 2.6288013482e-01 
1.7258323700e-05 2.3462909533e-01 
4.8298672394e-05 1.0000000000e+00 
9.8073769611e-05 1.7560871086e-01 
3.3020384821e-04 1.5915888164e-01 
1.4587081708e-04 2.1761713277e-01 
1.5302844706e-05 2.8408994525e-01 
1.1957354977e-04 2.1176276204e-01 
3.0717799121e-05 2.8683106824e-01 
1.9424540734e-04 1.9324267003e-01 
2.9657885953e-04 2.1158838996e-01 
6.1846374838e-06 1.9541803664e-01 
2.1937450538e-04 2.6921596117e-01 
8.2048086613e-05 2.2673373586e-01 
4.6439400434e-04 1.0000000000e+00 
2.2878571775e-04 2.4401726125e-01 
4.8781594836e-05 2.5559716540e-01 
7.4188861515e-05 7.2390536145e-02 
6.0956590321e-05 2.4380575901e-01 
2.7697495433e-05 7.9051250865e-02 
9.5874381481e-06 3.8845390396e-01 
3.3054410906e-05 5.8322470881e-02 
2.8862253444e-05 2.7985450501e-01 
6.7936465484e-05 2.3442798228e-01 
6.9575741590e-05 8.3112979046e-02 
1.0139974228e-04 1.6752774240e-01 
7.0762150568e-05 2.2396117477e-01 
1.5363112822e-05 4.5923967281e-01 
1.4578728522e-05 3.0627742390e-01 
1.2822432441e-04 2.1656693648e-01 
8.6548568238e-05 2.3114284969e-01 
1.8142316168e-04 9.5871463414e-01 
2.7693273059e-04 1.7383929784e-01 
5.4909419196e-05 2.4248830927e-01 
4.5812344488e-04 1.4517057798e-01 
5.2944990066e-05 1.0000000000e+00 
2.7309733365e-05 2.8955629685e-01 
2.6103824722e-05 2.9441016864e-01 
1.1584755224e-05 2.3603652164e-01 
2.1027064165e-04 9.7540538366e-01 
2.2877753992e-04 1.8516567452e-01 
2.2942151872e-04 1.8742340634e-01 
2.0092495450e-04 1.0000000000e+00 
1.3701161675e-05 3.2805944940e-01 
4.9248913975e-05 1.0000000000e+00 
1.2526930411e-04 2.0092920135e-01 
3.4061331317e-05 2.9163746676e-01 
4.8176782574e-05 2.7001016395e-01 
5.1354374518e-05 0.0000000000e+00 
5.8076428961e-06 1.0000000000e+00 
5.4058072747e-06 1.0000000000e+00 
4.0463616694e-05 2.4841429323e-01 
7.4224525707e-05 0.0000000000e+00 
1.9069977967e-04 2.0396475221e-01 
2.0312467183e-04 1.0000000000e+00 
3.3548928065e-05 1.0000000000e+00 
1.1986201697e-05 1.0000000000e+00 
5.4415988751e-05 1.0644815209e-01 
2.3626609265e-04 1.8355203217e-01 
1.7191120133e-05 2.8066253982e-01 
1.3221798317e-05 1.0000000000e+00 
4.9122865344e-05 2.4783741428e-01 
1.0077554859e-04 1.0000000000e+00 
2.1304545100e-05 1.4803210312e-01 
6.0743696604e-05 2.2776955555e-01 
1.8028967671e-05 1.0000000000e+00 
2.9050928371e-05 2.9055771134e-01 
2.6431797003e-05 2.7113975446e-01 
2.1112584916e-04 1.8597604786e-01 
3.7621272099e-05 1.3607398711e-01 
2.7819721233e-05 2.1837329508e-01 
5.8675087947e-05 0.0000000000e+00 
1.0052031886e-04 2.3259481440e-01 
6.5388992636e-05 2.2695281534e-01 
4.0069196269e-05 3.7417847862e-01 
1.5536749512e-04 2.1822736518e-01 
3.2327357822e-05 2.8443325203e-01 
1.1216186966e-04 2.2751325492e-01 
4.6202508750e-05 0.0000000000e+00 
1.2799685454e-05 1.0000000000e+00 
1.3074308479e-04 2.2572658772e-01 
1.6664359431e-04 1.8645395845e-01 
1.2989099814e-04 2.1533019603e-01 
3.5663796822e-05 2.7749270300e-01 
2.8352806020e-05 2.6319713089e-01 
3.9808150226e-05 0.0000000000e+00 
6.6966968056e-05 0.0000000000e+00 
4.4694960102e-05 2.6869784342e-01 
7.9894184101e-06 1.0000000000e+00 
9.8957551140e-06 2.7181812771e-01 
6.0957765898e-05 1.0000000000e+00 
2.8506873421e-05 1.2260240918e-01 
2.0913831023e-05 2.4784289130e-01 
6.2936466488e-05 0.0000000000e+00 
4.5813610385e-05 0.0000000000e+00 
6.0865088652e-05 2.5624574625e-01 
4.8928545825e-04 1.3806908348e-01 
3.8335854048e-04 1.9120704952e-01 
2.2094086111e-05 1.2888965366e-01 
8.4565280140e-05 1.7176868148e-01 
8.9618838328e-06 1.0000000000e+00 
4.3878557461e-05 1.7857789972e-01 
1.9370037548e-05 2.9388386503e-01 
8.0524620046e-05 2.3121004049e-01 
3.4059978220e-05 9.4127319528e-02 
2.2714938636e-04 1.8292390049e-01 
8.8528227008e-05 1.0000000000e+00 
8.2392276890e-04 1.4477714278e-01 
6.0197354762e-05 8.0104196490e-02 
3.3641636720e-05 0.0000000000e+00 
7.2060250561e-05 1.0000000000e+00 
3.6492627190e-05 2.4276729076e-01 
5.6784065094e-05 0.0000000000e+00 
5.2595280439e-05 2.5421563171e-01 
9.2376641239e-05 1.7932076563e-01 
5.7549410502e-05 2.2272874770e-01 
9.9914323543e-05 2.2709469784e-01 
2.8437378886e-05 2.8896584035e-01 
7.7130913003e-05 8.1162584891e-02 
8.8024274414e-05 2.1488627371e-01 
3.6515623199e-05 1.4768079773e-01 
2.2826423773e-05 2.3855312533e-01 
6.8148464325e-05 1.9747030661e-01 
7.2500600428e-06 1.0000000000e+00 
5.8862156173e-05 2.4431363401e-01 
1.0810403390e-04 1.5286525390e-01 
5.3180056652e-05 2.4466322037e-01 
1.0740541054e-05 1.0000000000e+00 
1.3663401985e-04 1.0000000000e+00 
1.4188193501e-04 2.0254800309e-01 
9.5325054682e-05 2.4075007289e-01 
2.4868343647e-05 1.0115566666e-01 
2.9696535224e-04 1.7079526363e-01 
7.5299073644e-05 0.0000000000e+00 
2.7035814399e-05 1.5440779112e-01 
2.1203233094e-05 3.2172243571e-01 
4.0611937249e-05 1.1171022953e-01 
8.6344444185e-05 2.3382456178e-01 
1.2337569258e-04 2.0485073507e-01 
1.1017904848e-04 3.5373406907e-01 
5.4892149926e-05 0.0000000000e+00 
5.7053716827e-05 3.2040836658e-01 
1.7113226814e-04 2.5264503719e-01 
1.2187274899e-04 2.1606353933e-01 
5.1982252419e-04 1.4076658220e-01 
3.9954488168e-05 3.6166874585e-02 
8.3420071920e-06 1.8936095183e-01 
1.1437504976e-05 3.5117998933e-01 
1.1501858356e-04 1.5606213146e-01 
2.6481789412e-05 1.0782192107e-02 
3.9200405870e-05 2.8520888457e-01 
1.0517088282e-05 1.0000000000e+00 
4.3081929974e-05 0.0000000000e+00 
3.4937654307e-04 1.5939922414e-01 
1.5124868583e-05 1.1590376876e-01 
3.1227365878e-05 4.3858220423e-02 
2.9223298816e-05 2.9516248709e-01 
1.5705625015e-05 4.4858383152e-01 
6.2222524661e-06 1.0000000000e+00 
1.2574937602e-04 1.0000000000e+00 
1.8755964388e-05 1.9481479741e-01 
7.3911239221e-05 2.3203780458e-01 
8.0208511350e-04 1.4820592673e-01 
1.5824014313e-04 2.6571388604e-01 
4.4085275442e-04 1.0000000000e+00 
2.4653703297e-05 3.1173822806e-01 
2.2919215576e-05 2.9578480732e-01 
7.3735238192e-05 2.4343906862e-01 
9.3305436167e-06 1.8198579907e-01 
8.7605588297e-05 1.0000000000e+00 
3.5154431891e-05 2.6316659077e-01 
2.8915412396e-04 1.0000000000e+00 
2.7133587886e-05 4.1306377311e-01 
1.0690744283e-04 2.0406638673e-01 
8.9647698072e-05 2.3426752380e-01 
1.8280418316e-04 1.8386739153e-01 
2.6819566232e-05 1.5967587282e-01 
1.8714699718e-04 1.0000000000e+00 
1.9422523919e-04 9.9164166405e-01 
1.7261103850e-05 1.7835201031e-01 
3.3456824145e-04 2.5571011779e-01 
2.5906968954e-04 1.7632698778e-01 
4.7041488746e-05 0.0000000000e+00 
9.8287410330e-05 2.2723399355e-01 
5.5634718120e-05 2.1457973485e-01 
9.9207957638e-06 2.5451730173e-01 
1.7922569065e-04 1.5966055833e-01 
3.8571625924e-05 0.0000000000e+00 
5.0861341711e-05 2.6839465024e-01 
