1.9465626401e-05 1.0000000000e+00 
2.9911107976e-05 3.0872573775e-01 
2.4047974482e-04 5.5556143718e-02 
7.0698133337e-06 3.2255159495e-01 
4.5969149667e-05 2.6386983452e-01 
4.1977709134e-05 0.0000000000e+00 
7.2597951664e-06 3.3101016910e-01 
9.3304723516e-05 4.6642546804e-02 
8.3996155403e-05 1.8573110618e-01 
3.2746066351e-05 1.0000000000e+00 
6.0221384808e-05 0.0000000000e+00 
9.4529144323e-05 1.2310857383e-01 
1.6050851201e-05 2.8132220100e-01 
1.4781983307e-05 1.0000000000e+00 
1.7364801343e-05 1.0000000000e+00 
1.6646539738e-04 0.0000000000e+00 
9.9390199182e-06 2.5298136504e-01 
6.5408576343e-05 1.6546024556e-01 
7.8384823088e-06 3.2223228194e-01 
3.1380708484e-05 0.0000000000e+00 
9.0359652556e-06 1.0000000000e+00 
5.1078467540e-05 1.3467587022e-01 
8.7581992971e-05 0.0000000000e+00 
2.1997882516e-04 0.0000000000e+00 
6.9695308827e-06 1.0000000000e+00 
1.7749610690e-04 5.8730092306e-02 
6.8534050844e-05 0.0000000000e+00 
6.9103958580e-05 0.0000000000e+00 
3.9715870766e-05 2.4801689660e-01 
1.8448106270e-05 0.0000000000e+00 
1.0989636533e-04 1.6098194012e-01 
9.6844931465e-05 1.3125244940e-01 
2.1078430291e-05 2.8092090622e-01 
3.3696191943e-05 0.0000000000e+00 
5.4015413507e-05 0.0000000000e+00 
6.3958130607e-06 3.3005907813e-01 
1.2495253788e-05 2.9472589514e-01 
1.2481730360e-04 7.0030415745e-02 
4.1901409398e-05 2.2911184151e-01 
8.2242862786e-05 1.2798433785e-01 
5.5296632534e-06 1.0000000000e+00 
1.5237022920e-04 0.0000000000e+00 
2.6890819184e-04 1.1691890524e-01 
1.0919534401e-05 1.0000000000e+00 
9.8367803544e-06 3.1438923476e-01 
1.9014090216e-05 3.3873085836e-01 
2.5915072262e-04 0.0000000000e+00 
4.5591588045e-04 1.0000000000e+00 
1.3852317309e-04 8.2985823907e-02 
2.2295945080e-05 3.8359692068e-01 
3.9623245448e-05 1.5081315697e-01 
4.8853130511e-05 2.5411992270e-01 
9.4827089330e-05 9.4444876326e-02 
3.5523420162e-05 0.0000000000e+00 
1.1232848063e-04 0.0000000000e+00 
2.8757273968e-05 2.2297372631e-01 
1.6186824524e-04 6.6602418594e-02 
1.2123935132e-04 1.3479474633e-01 
4.0564574899e-05 0.0000000000e+00 
1.3105363500e-04 4.6696974562e-02 
8.9351383388e-05 1.6069001577e-01 
4.2677221880e-05 2.0954415612e-01 
1.5436757932e-05 5.0511581362e-01 
6.6735645471e-06 1.0000000000e+00 
1.0312167816e-04 1.8916355659e-01 
1.7469981554e-04 1.0520103472e-01 
6.2402819214e-06 1.0000000000e+00 
1.9549051860e-05 3.5079695862e-01 
1.9593897183e-05 2.5668979223e-01 
1.8244178258e-04 1.4810413721e-01 
1.1066077460e-04 1.2681686563e-01 
1.1240270220e-04 9.8100617836e-02 
4.5398653588e-05 0.0000000000e+00 
4.0885903831e-05 0.0000000000e+00 
1.6320380734e-05 1.6650757678e-01 
2.0942675165e-05 1.0000000000e+00 
1.5943395534e-04 1.4077111574e-01 
1.5295691923e-05 0.0000000000e+00 
1.2338673739e-05 2.8549894816e-01 
1.0995369763e-04 0.0000000000e+00 
1.1175012935e-04 7.5695279828e-02 
2.0784322461e-04 9.8751500130e-02 
2.6848120724e-05 1.0000000000e+00 
1.8014861256e-05 2.8292026626e-01 
5.0493708679e-06 1.0000000000e+00 
1.5361204434e-04 1.0894311133e-01 
1.1450373522e-04 1.1050399890e-01 
4.8610346109e-05 0.0000000000e+00 
1.0069546891e-04 2.4955466055e-01 
1.1302962069e-05 4.4778746885e-01 
6.8242405192e-05 0.0000000000e+00 
2.5837087666e-04 0.0000000000e+00 
1.5155012922e-04 0.0000000000e+00 
2.1680483209e-04 0.0000000000e+00 
7.8766530829e-05 7.1537995491e-02 
7.8952384070e-05 0.0000000000e+00 
1.3843521642e-05 2.5615939009e-01 
2.2158192680e-05 1.0000000000e+00 
3.5982349279e-05 7.1016151795e-02 
6.7332208862e-06 1.0000000000e+00 
1.9339720122e-05 3.7456071879e-01 
8.0382074864e-05 0.0000000000e+00 
9.5796976247e-05 0.0000000000e+00 
8.9431751047e-05 1.3952778927e-01 
8.1608891348e-05 1.2082462817e-01 
2.8177809929e-05 4.9267130315e-02 
8.9775132628e-05 1.2924775031e-01 
2.7009408559e-05 1.8888184832e-01 
1.2373740003e-04 5.3986368194e-02 
2.1459302217e-05 1.7143558832e-01 
8.4813115121e-05 1.6924512185e-01 
1.2067392246e-05 1.0000000000e+00 
5.7691739507e-05 2.3537575200e-01 
2.3978129239e-05 1.0000000000e+00 
5.4631824655e-05 2.0190114440e-01 
2.5411109473e-05 1.0000000000e+00 
4.0186992385e-05 1.3714963632e-01 
2.1173617917e-05 2.0363500786e-01 
1.3216300391e-05 3.9855963846e-01 
1.5436933654e-05 3.3940902645e-01 
1.0335895058e-04 2.1098033884e-01 
1.4858147605e-04 1.0208057909e-01 
1.4503818910e-05 1.0000000000e+00 
5.8169415253e-06 1.0000000000e+00 
4.5706131051e-05 3.1116189395e-01 
3.4258197419e-05 0.0000000000e+00 
1.6872814189e-05 1.1259749133e-01 
2.1373683533e-05 1.0000000000e+00 
1.6977061657e-05 1.0000000000e+00 
2.0768015374e-06 1.0000000000e+00 
8.3078855676e-06 3.1283350244e-01 
2.2160348833e-05 0.0000000000e+00 
2.6976302945e-05 1.0000000000e+00 
4.2089559592e-05 0.0000000000e+00 
2.8353909213e-05 2.5073215010e-01 
3.6948773605e-05 1.6811992461e-01 
2.3789992190e-05 3.9770077110e-01 
1.3332273816e-05 1.5965947446e-01 
2.4173649879e-05 0.0000000000e+00 
1.8487458934e-04 1.1987653796e-01 
1.8127527779e-05 2.3840054154e-01 
1.1327089340e-05 2.9968083074e-01 
7.5533033825e-06 1.0000000000e+00 
4.9246279175e-05 0.0000000000e+00 
4.6755333845e-05 1.9568847704e-01 
1.4509439095e-05 2.9764450124e-01 
6.2274330936e-06 1.0000000000e+00 
1.2168506544e-04 8.2134770573e-02 
7.0640921177e-05 4.1582954610e-02 
4.1212083770e-05 1.9875589705e-01 
7.2649777668e-05 1.1758297912e-01 
1.6031501227e-05 1.0000000000e+00 
1.6162546740e-04 1.0000000000e+00 
4.9085024440e-06 1.0000000000e+00 
2.2105773832e-04 0.0000000000e+00 
2.8221544587e-05 2.3628090074e-01 
1.1127771781e-05 1.0000000000e+00 
3.4495852112e-05 2.2128708370e-01 
3.4119146410e-05 0.0000000000e+00 
9.7976049031e-05 3.9850256039e-01 
8.9237190489e-05 1.3234010210e-01 
1.4158548596e-05 1.0000000000e+00 
7.1632234077e-05 1.7755061002e-01 
6.1822747993e-05 1.8813242709e-01 
1.6557244572e-05 3.9702319722e-01 
7.0800025113e-05 1.8359283074e-01 
4.7311112330e-05 1.0650260640e-01 
6.1075847939e-05 1.6551554699e-01 
3.5022751293e-05 2.1877601987e-01 
4.0653385889e-05 0.0000000000e+00 
1.2084258965e-04 1.0069840870e-01 
1.8246155942e-05 0.0000000000e+00 
5.0045762179e-05 0.0000000000e+00 
1.2445862866e-05 1.0000000000e+00 
8.9199816519e-06 3.1291594697e-01 
2.8684715189e-05 0.0000000000e+00 
1.2938691164e-04 2.0328724740e-01 
2.2197037554e-05 1.7662507261e-01 
1.5666852872e-05 4.3231026436e-02 
7.4133894888e-06 3.2944679710e-01 
1.4405254996e-04 4.1622177262e-02 
5.0563730824e-05 0.0000000000e+00 
2.7486806736e-05 7.3710802575e-02 
1.0881809374e-04 1.0000000000e+00 
2.9622905880e-05 2.4392164646e-01 
9.4431761182e-06 1.0000000000e+00 
8.7636479907e-06 3.2921383376e-01 
2.3988356849e-04 0.0000000000e+00 
1.8000819831e-05 2.4210196308e-01 
7.7029099639e-05 1.2202210112e-01 
7.9862851082e-06 1.0000000000e+00 
3.3177726009e-05 1.0000000000e+00 
1.6813897424e-04 0.0000000000e+00 
7.9119425683e-05 3.6080569407e-02 
3.2927607532e-05 1.9627131661e-01 
1.2319355962e-05 1.0000000000e+00 
1.0924600356e-04 9.2186650100e-02 
8.9262231615e-06 3.1668842153e-01 
1.2679654046e-05 2.4358477206e-01 
7.2055325443e-06 4.5501671501e-02 
5.4313789356e-05 1.0276531220e-01 
8.5631449509e-05 0.0000000000e+00 
3.1699170354e-05 3.0093601827e-01 
2.6754197123e-05 2.6090460636e-01 
3.4550509784e-05 0.0000000000e+00 
3.2190015803e-05 2.2140182084e-01 
1.8357709981e-04 4.2845199521e-02 
3.4514088836e-05 0.0000000000e+00 
7.8984876215e-05 9.7405218414e-02 
1.6235872515e-05 0.0000000000e+00 
1.3840526871e-04 1.0000000000e+00 
1.0995191907e-05 1.0000000000e+00 
1.7228393869e-04 0.0000000000e+00 
2.7953531143e-05 2.3104068830e-01 
7.5845958748e-05 0.0000000000e+00 
7.9064099442e-06 1.0000000000e+00 
7.2846640423e-06 3.1030080599e-01 
9.6664029448e-05 0.0000000000e+00 
4.0918691609e-06 1.0000000000e+00 
3.8632470165e-05 0.0000000000e+00 
1.1859051442e-05 1.0000000000e+00 
2.0260608969e-04 0.0000000000e+00 
2.8722080209e-05 1.1668355646e-01 
2.0571137647e-05 4.7753333577e-02 
4.2583954491e-05 0.0000000000e+00 
9.6447529165e-06 3.1980148116e-01 
1.1701909218e-04 8.4722284398e-02 
2.2761619926e-05 9.6576083403e-02 
6.9183481132e-05 1.1481032432e-01 
3.3690206748e-05 2.3667323872e-01 
6.1001250835e-05 0.0000000000e+00 
8.6495866505e-06 3.0607769153e-01 
2.5169383481e-05 2.5574904184e-01 
1.4528561053e-04 1.2402953395e-01 
2.6330030482e-05 2.6968323681e-01 
1.2477213279e-05 1.0000000000e+00 
8.7182870122e-06 3.2969067144e-01 
8.5168492483e-06 3.3038790467e-01 
5.0626834217e-05 0.0000000000e+00 
1.7710439384e-05 3.2960123371e-01 
8.9130583527e-06 3.1688163515e-01 
3.5698989716e-05 2.6768344062e-01 
1.7400305347e-05 1.0000000000e+00 
8.7895862340e-06 3.2437243385e-01 
7.8508137726e-05 0.0000000000e+00 
1.2737794770e-05 1.0000000000e+00 
7.7899916183e-05 1.0861249980e-01 
1.5732313012e-04 0.0000000000e+00 
7.5122512984e-05 1.6303772252e-01 
1.0847658020e-05 1.0000000000e+00 
2.3367767999e-05 2.4867249830e-01 
1.6287911968e-05 2.5583112530e-01 
5.8417284091e-05 0.0000000000e+00 
1.8783256734e-05 1.0000000000e+00 
8.9638782335e-06 3.2898994382e-01 
2.6190289703e-05 1.0886562593e-01 
5.7131446089e-05 1.3818136757e-01 
1.9655200188e-04 0.0000000000e+00 
3.0205481658e-05 2.3220465062e-01 
5.5587875514e-05 1.0000000000e+00 
1.3084551745e-05 0.0000000000e+00 
4.2784769148e-05 0.0000000000e+00 
6.8210261215e-05 0.0000000000e+00 
5.5752907609e-04 1.4304766383e-01 
6.8190742513e-05 1.6550911620e-01 
2.1198991038e-04 4.6311978990e-02 
4.5267436846e-05 0.0000000000e+00 
3.2524990276e-05 2.1612207091e-01 
1.1010277818e-04 0.0000000000e+00 
7.9771889808e-05 0.0000000000e+00 
8.8497273826e-05 1.3724071343e-01 
7.7017633268e-05 2.6010179682e-01 
1.0714875694e-05 1.0000000000e+00 
5.2731969219e-05 1.8798708467e-01 
1.0954944298e-05 2.5976800093e-01 
4.5407835834e-05 2.4346387283e-01 
3.0683394655e-05 2.2973437444e-01 
1.3478365009e-05 3.0594238338e-01 
1.2191514248e-04 1.0000000000e+00 
3.7697533013e-05 2.2266744791e-02 
4.7089049606e-05 0.0000000000e+00 
5.6693170597e-05 2.3604998140e-01 
1.3443867692e-04 2.5401246174e-01 
1.1182283198e-05 3.2718887945e-01 
6.8970585723e-06 3.1611527932e-01 
3.6219320978e-04 0.0000000000e+00 
8.1377430198e-05 1.9747773104e-01 
3.4443761765e-05 3.5438032823e-01 
1.4231446921e-05 1.0000000000e+00 
2.1378760272e-04 0.0000000000e+00 
1.5239334241e-04 7.4928266394e-02 
1.0368667629e-04 8.0072485578e-02 
2.3228446987e-05 2.7072284371e-01 
1.5300155365e-05 2.4433180265e-01 
8.2089786948e-05 0.0000000000e+00 
2.9094451764e-05 2.3397261766e-01 
2.0323086840e-05 1.6819843939e-01 
1.0296675180e-04 9.9692556733e-02 
1.6812113276e-05 2.9463701601e-01 
2.4045806049e-05 2.4557246033e-01 
7.6909653180e-06 3.1429395731e-01 
1.2784883279e-05 3.0160000716e-01 
1.6791481603e-04 9.6594558982e-02 
1.4372599055e-05 3.1922588704e-01 
1.8181680607e-05 1.0000000000e+00 
1.9881844580e-05 2.5770427665e-01 
5.2402133693e-05 0.0000000000e+00 
4.3436241701e-05 2.0629802175e-01 
1.0999802092e-05 2.7363696125e-01 
6.1635186456e-05 1.6718263480e-01 
2.6520035003e-05 2.4126762933e-01 
1.1534605187e-05 1.0000000000e+00 
2.2282273776e-05 2.8418557808e-01 
1.0408640763e-05 1.0000000000e+00 
8.3726695316e-06 2.9304415487e-01 
6.8095842016e-06 3.2970652837e-01 
7.7457001859e-06 1.0000000000e+00 
5.6340540300e-05 1.5912707578e-01 
1.3774755116e-04 1.2520079490e-01 
4.2258750809e-05 0.0000000000e+00 
8.0941714601e-05 1.7095838530e-01 
1.3030374051e-05 2.9308178813e-01 
2.6016359931e-05 2.6739248981e-01 
8.3272290226e-06 1.0000000000e+00 
8.8609526957e-05 1.0000000000e+00 
1.2961862801e-04 7.4041950960e-02 
3.5808172897e-05 2.7709502718e-01 
6.4074230888e-05 1.5339828390e-01 
7.0319412111e-05 0.0000000000e+00 
1.3011410372e-05 1.6392150397e-01 
3.6398075735e-04 7.6458383611e-02 
9.8180805851e-06 1.0000000000e+00 
5.7370861731e-05 1.3072150102e-01 
1.7961803891e-05 1.2251860169e-01 
7.2278097783e-05 1.7286761113e-01 
4.7208176517e-05 1.8752672614e-01 
2.5191115501e-05 1.6199626837e-01 
5.9518990108e-06 1.0000000000e+00 
3.5159332598e-05 3.5439445252e-01 
1.3025727359e-05 1.0000000000e+00 
7.5499033394e-06 1.0000000000e+00 
1.1976649333e-04 0.0000000000e+00 
1.8419109790e-05 2.7313582058e-01 
2.0130819277e-05 3.7317088606e-01 
6.7171432976e-05 0.0000000000e+00 
1.1344183815e-04 1.0233575350e-01 
2.8413213236e-05 1.8619363509e-01 
5.1005931442e-05 0.0000000000e+00 
9.3075348822e-06 3.1175232680e-01 
1.4131270439e-05 1.0000000000e+00 
5.1038903715e-05 0.0000000000e+00 
1.7332861947e-05 1.0000000000e+00 
3.2081077812e-05 2.3251543582e-01 
1.0307655382e-04 1.1656503990e-01 
8.9701636358e-05 1.4949458456e-01 
1.8742546744e-05 3.1919069656e-01 
1.6541776555e-05 1.0000000000e+00 
3.2423872459e-04 0.0000000000e+00 
4.5739111785e-05 0.0000000000e+00 
3.0547184484e-06 1.0000000000e+00 
1.4329646429e-05 3.0104519111e-01 
2.8779415013e-05 1.2824967606e-01 
2.4017170117e-05 2.7560775426e-01 
4.1069347652e-05 2.3007449518e-01 
1.0657435050e-04 1.4764495881e-01 
8.2708378951e-05 1.0000000000e+00 
2.8575208124e-05 0.0000000000e+00 
1.0487158962e-05 1.0000000000e+00 
1.5185919996e-04 2.3143838421e-02 
5.3848147503e-05 0.0000000000e+00 
2.1598171196e-05 3.3152275904e-01 
1.5827050609e-04 2.6937356736e-01 
3.6016229153e-05 2.4566528047e-01 
7.1541252024e-05 0.0000000000e+00 
2.4451617607e-04 8.0270150406e-02 
1.4494176276e-04 0.0000000000e+00 
3.6677356859e-05 0.0000000000e+00 
2.8436399200e-04 0.0000000000e+00 
7.9528185265e-06 3.1967776067e-01 
8.5842353939e-05 0.0000000000e+00 
5.7138440997e-05 1.4968644605e-01 
3.8212237026e-05 1.0000000000e+00 
5.0790482820e-05 0.0000000000e+00 
4.4600356485e-05 2.2277926329e-01 
6.8612233301e-05 0.0000000000e+00 
1.7038341958e-05 1.0000000000e+00 
1.9573523709e-05 2.5585107146e-01 
1.4018211057e-04 1.0457304279e-01 
8.1086936875e-06 3.2177223855e-01 
4.0467521595e-05 2.2968064910e-01 
9.7902214159e-06 1.0000000000e+00 
8.9311486783e-05 0.0000000000e+00 
3.6347361394e-05 1.0000000000e+00 
4.8216644584e-05 4.9990759065e-02 
7.0350109864e-05 2.4989624772e-01 
1.8436968336e-05 1.0000000000e+00 
8.3242444937e-05 0.0000000000e+00 
1.8154916748e-04 4.3394841766e-02 
7.3279524385e-05 0.0000000000e+00 
1.4039678341e-05 1.0000000000e+00 
7.4078469079e-05 1.4810375640e-01 
3.0730344637e-05 1.5106261331e-01 
4.5368502181e-05 2.5181316214e-01 
1.3198202997e-04 0.0000000000e+00 
3.8865122204e-05 2.0509810746e-01 
7.7415952922e-06 1.0000000000e+00 
6.9368063879e-05 1.7663044313e-01 
2.7665783777e-05 4.0863617180e-01 
3.2509439194e-05 2.8227127639e-01 
1.2065561407e-05 1.0000000000e+00 
6.4088773885e-05 1.6701363222e-01 
1.9893801729e-05 1.0000000000e+00 
5.0300310230e-05 7.1986563583e-03 
1.5066946347e-05 2.7815919425e-01 
9.0083127448e-05 1.2284094409e-01 
9.6014833912e-05 1.3617660553e-01 
9.4637503182e-05 0.0000000000e+00 
1.1977681269e-05 1.0000000000e+00 
1.1398558439e-05 3.0248188615e-01 
2.9159657209e-05 2.0655378339e-01 
1.6878798548e-05 2.7836128892e-01 
3.7371891060e-05 2.1633193476e-01 
6.5853975210e-05 0.0000000000e+00 
1.4082424650e-05 2.9298535740e-01 
3.4558807820e-05 2.1056859415e-01 
2.2536170892e-05 1.0000000000e+00 
5.0428457567e-05 0.0000000000e+00 
1.7207946333e-05 1.0000000000e+00 
7.8003388532e-05 0.0000000000e+00 
9.4105123039e-06 2.5299303216e-01 
1.0286564332e-04 9.1008831538e-02 
7.1806601861e-06 1.0000000000e+00 
1.1826855292e-04 7.9205530011e-02 
2.4146870080e-04 0.0000000000e+00 
1.7889900933e-04 1.1998836333e-01 
1.7055884604e-05 4.0263519565e-01 
1.7483943182e-05 2.4910366338e-01 
8.0209015797e-06 3.3031188872e-01 
1.3600488316e-04 0.0000000000e+00 
6.1474131117e-06 3.2574977430e-01 
1.9417982545e-05 1.0000000000e+00 
2.1926814236e-05 3.0537527681e-01 
4.2146240368e-05 1.0000000000e+00 
9.8237086277e-06 3.1678654856e-01 
4.4568025989e-05 0.0000000000e+00 
8.3671793550e-05 0.0000000000e+00 
6.3800586644e-05 0.0000000000e+00 
2.0806248038e-04 0.0000000000e+00 
1.0659443131e-05 3.2519163554e-01 
1.7646907397e-05 1.0000000000e+00 
3.2340897017e-05 1.0000000000e+00 
4.0944819736e-06 1.0000000000e+00 
2.8612595851e-04 0.0000000000e+00 
1.2226950720e-04 1.2802555692e-01 
1.7264766175e-04 1.0493721207e-01 
1.4717677530e-04 1.0000000000e+00 
1.0897154542e-04 0.0000000000e+00 
6.5548522527e-05 1.6745595919e-01 
4.3515656744e-05 1.4361318481e-01 
7.5246669719e-05 0.0000000000e+00 
2.3155640601e-05 2.5149269314e-01 
1.1051537182e-05 1.0000000000e+00 
4.3138851166e-05 1.0000000000e+00 
1.1471093358e-04 1.0735566959e-01 
1.7391183400e-05 1.1055249104e-01 
1.4580713668e-05 2.5801956872e-01 
2.0188325012e-05 0.0000000000e+00 
3.7196546535e-04 0.0000000000e+00 
4.4115660677e-05 1.0000000000e+00 
7.2540782136e-06 1.0000000000e+00 
3.4620376850e-05 0.0000000000e+00 
5.8532817346e-05 2.0695193088e-01 
1.4120484440e-04 1.1651835356e-01 
1.6073278007e-04 0.0000000000e+00 
1.6826652402e-05 1.0000000000e+00 
8.0624718426e-05 0.0000000000e+00 
6.4928167570e-05 2.9585318990e-01 
5.2753322998e-05 1.2674612319e-01 
1.2315024324e-05 1.0000000000e+00 
7.0674755897e-06 2.4119537280e-01 
1.1877338170e-04 0.0000000000e+00 
4.5988485656e-05 2.2935273629e-01 
9.0509309848e-06 2.7400286389e-01 
2.6741737269e-04 1.7087251671e-01 
9.4799756128e-05 1.3425364756e-01 
1.5192865255e-04 3.6297900747e-02 
8.0632420379e-05 0.0000000000e+00 
6.4751411727e-05 3.9294545811e-02 
1.2156418542e-04 1.0000000000e+00 
3.5328990378e-05 1.8589482677e-01 
2.5427568051e-04 1.0268476647e-02 
2.3187413908e-05 2.9103564223e-01 
1.2656272246e-05 1.0000000000e+00 
2.8456090434e-05 1.0146775150e-01 
5.1839563338e-05 0.0000000000e+00 
2.8844099668e-04 1.0025000753e-01 
3.6101201575e-05 0.0000000000e+00 
3.7416443053e-05 2.5274175157e-01 
1.5428998873e-04 1.9727979219e-01 
