1.1700879451e-04 1.1458865246e+04 1.0708743291e+00 
4.9471021105e-04 1.2799166731e+04 4.6744488629e-01 
1.1681666032e-04 1.9020310691e+04 1.3029475245e+00 
3.5525951431e-05 1.1641757216e+04 8.9795509045e-01 
2.6461773436e-05 1.5738652466e+04 5.2389871840e-01 
2.4709226033e-05 1.1382483931e+04 6.7826356898e-01 
6.2926234890e-04 1.1659708537e+04 5.2363980799e-01 
2.3185988527e-04 1.3872533530e+04 1.0703321311e+00 
3.8286588295e-05 1.7410190011e+04 6.1809645893e-01 
4.6673188782e-05 1.5807028620e+04 1.0558359256e+00 
3.5118208475e-04 1.7363938543e+04 3.7983644416e-01 
4.8959614823e-04 2.1360088460e+04 2.2177229253e-01 
1.6466370818e-04 1.1885151837e+04 7.9214907903e-01 
3.3573561588e-05 1.1285903791e+04 3.7409587955e-01 
3.5505601482e-05 1.1283869255e+04 8.7754473862e-01 
8.3765534846e-05 1.1330339521e+04 6.4194127036e-01 
1.7582947400e-05 1.1270456662e+04 9.0886440592e-01 
3.3052205387e-05 2.4624727951e+04 1.4342780710e+00 
7.4515602954e-06 1.9158786144e+04 1.0041601695e+00 
1.7995290608e-05 1.4685634266e+04 3.8981224781e-01 
2.3782300855e-04 1.2465352484e+04 1.2572771920e+00 
2.4050723587e-04 1.8358046742e+04 6.7269746808e-01 
4.1201049488e-05 1.8853687989e+04 1.3224496320e+00 
4.0777921284e-05 1.7375120469e+04 1.1160604914e-01 
6.0186393275e-06 1.1539954107e+04 5.1581018906e-01 
5.7119675761e-05 1.1972451802e+04 4.8458140091e-01 
9.7762622002e-04 1.6151248771e+04 8.3634123058e-01 
5.0357637801e-05 1.4533735251e+04 6.3845074245e-01 
2.1933602214e-04 1.5633793901e+04 8.5215509694e-01 
1.4538311838e-05 1.6233239012e+04 7.4823732988e-01 
7.8066160545e-06 1.1407794479e+04 1.2358562386e+00 
2.3993967449e-04 1.1309735130e+04 4.9302077210e-01 
6.7777134708e-06 1.3023402770e+04 4.2288907261e-01 
1.6976101153e-05 1.2691305375e+04 9.6565988263e-01 
3.0584929638e-05 1.2121445686e+04 1.5765025805e-01 
1.3924122176e-04 1.4856124407e+04 8.3484489086e-01 
1.0023225642e-04 1.3922817920e+04 8.5665261441e-01 
3.4631955667e-05 1.3467725591e+04 1.2441352766e-01 
1.7632078255e-05 1.3531773259e+04 3.9025030663e-01 
1.7937187282e-04 1.4911184674e+04 7.5906030606e-01 
1.2245667792e-04 1.4005172493e+04 8.8310834203e-01 
2.9677505623e-04 1.4901853256e+04 2.2456078372e-01 
1.0073534198e-04 1.1429922303e+04 9.9090138925e-01 
2.5623627555e-04 2.5000000000e+04 2.9122824190e-01 
2.7968687719e-05 1.6042643446e+04 6.9165443712e-01 
7.2345539056e-05 1.9821335231e+04 1.1899476030e+00 
3.7845752081e-05 1.1421458342e+04 1.2437848000e+00 
1.4986777489e-04 1.9238930267e+04 1.3254147916e+00 
1.7299931855e-05 1.1568326173e+04 4.6052167357e-01 
8.3616601269e-05 1.1879021762e+04 9.2234070414e-01 
7.6394497884e-05 1.2518551908e+04 1.0663491418e+00 
2.1834197161e-04 1.5306527533e+04 4.1836501049e-01 
1.3177944153e-05 1.3995444503e+04 3.9094201964e-01 
6.3254262343e-05 1.7551020676e+04 8.6196562236e-01 
9.9784212401e-05 1.4098612801e+04 1.0056957921e+00 
4.8074806018e-05 1.7972648209e+04 9.8168289599e-01 
4.5627504153e-04 1.4418558650e+04 8.2988857015e-01 
8.3449790023e-04 1.4115789661e+04 7.7094641627e-01 
9.0237360649e-05 1.9107750580e+04 5.4650883107e-01 
2.5865665882e-05 1.1543082988e+04 8.7862108420e-01 
6.0779125943e-04 1.1826777431e+04 1.0107107813e+00 
3.8233303299e-05 1.3296101430e+04 2.4425448472e-01 
1.7042341277e-04 1.5455480705e+04 9.6167340076e-01 
6.4291093933e-06 1.8461945327e+04 6.7581981190e-01 
1.5713277281e-04 1.3351924853e+04 3.3226000395e-01 
4.6142085418e-05 1.4928949647e+04 2.8999753781e-01 
4.2129027236e-05 1.1464074177e+04 3.7709340721e-01 
5.7314250354e-05 1.5153365198e+04 2.9864470402e-01 
2.8840288984e-04 1.1746543108e+04 6.7694386318e-01 
1.7580124503e-04 1.3443824070e+04 3.2249023261e-01 
2.8673810953e-05 1.3739697713e+04 5.5495332314e-01 
5.4661883797e-04 1.1277344204e+04 7.5413557560e-01 
1.8113454089e-05 1.5957663837e+04 5.1922927258e-01 
6.0296440445e-05 1.1870198707e+04 3.3494172962e-01 
3.3544044339e-05 1.3351033990e+04 4.4329653698e-01 
5.7589925078e-06 1.3152123197e+04 2.1127218336e-01 
2.0415468091e-05 1.6961951267e+04 3.4973302646e-01 
3.6021450563e-04 1.2774555024e+04 1.3231821781e+00 
2.9934270332e-05 1.3675513685e+04 2.1438428361e-01 
1.7031145661e-04 1.9369118058e+04 7.4990118597e-01 
2.7557267712e-05 1.1288366847e+04 1.3907554891e+00 
1.6295981197e-04 2.3438775087e+04 1.1279120258e+00 
3.8268444577e-05 1.1614305961e+04 9.0332088470e-01 
1.3983993874e-05 1.4065381779e+04 7.8985686570e-01 
7.5956936802e-05 1.6914765877e+04 9.8341838364e-01 
1.2710494489e-05 1.1709863998e+04 5.4205978061e-01 
1.0329542291e-05 1.5679466264e+04 8.0631182747e-01 
2.7036177241e-04 1.1553173392e+04 6.8217779683e-01 
6.6609325507e-05 1.2655409089e+04 6.1776298871e-01 
1.0475946366e-04 1.3368213742e+04 1.4509251021e-01 
1.0242721616e-04 1.6305701589e+04 1.2193386824e+00 
9.3638625172e-05 1.5285905710e+04 8.2984022576e-01 
9.6965165493e-06 1.2679591897e+04 1.1387427876e+00 
5.7861451120e-05 1.3872854866e+04 3.4495605951e-01 
1.3749418589e-04 1.1289862645e+04 3.3899999230e-01 
1.3929952817e-05 1.1323235549e+04 3.7453436218e-01 
3.8514448226e-05 1.2959655857e+04 8.0121765089e-01 
7.4005407251e-05 1.7655788582e+04 7.6834928980e-01 
8.6347844625e-05 1.3144218350e+04 1.0104474738e+00 
1.4292542784e-05 1.1398410903e+04 6.9720040248e-01 
2.3438277834e-04 1.2160553619e+04 8.1519112140e-01 
4.5306966136e-05 1.3487935048e+04 1.0811334112e+00 
3.0160237238e-04 1.2770474253e+04 9.7520031047e-01 
6.9624676356e-05 1.1715090389e+04 1.6746434484e-01 
8.2484541040e-05 1.2133479868e+04 6.1557066262e-01 
1.6269188433e-04 1.6333326148e+04 1.3851394508e+00 
8.2543148399e-05 1.3040184991e+04 5.3220865015e-01 
1.9062576203e-04 2.5000000000e+04 1.0646760356e+00 
1.3112520818e-04 1.3257185031e+04 1.5084043689e+00 
5.7299002415e-05 1.6619875344e+04 1.1557440019e+00 
7.6689396171e-05 1.2584057041e+04 1.1163692010e+00 
5.3163467553e-05 1.1569712899e+04 7.8705980910e-01 
1.2114367578e-04 1.1989886900e+04 8.0793194477e-01 
5.1441745823e-05 1.1909282891e+04 1.1971363671e+00 
1.0615189073e-05 1.6641578542e+04 7.8554367864e-01 
2.6146767736e-05 1.1604962959e+04 6.4431300915e-01 
5.0369516470e-06 1.3180913895e+04 6.4165710472e-01 
2.2471457954e-05 2.5000000000e+04 7.7981962954e-02 
5.5326268738e-06 1.1544803836e+04 8.0516519271e-01 
4.5416718460e-05 1.1894744526e+04 1.0510825836e+00 
2.3637275851e-05 1.3342737019e+04 3.8048791087e-01 
1.2678637750e-05 1.3350032167e+04 1.5921140973e-01 
2.9441298316e-04 1.2301238190e+04 8.0221431470e-01 
4.3985678965e-04 1.1570560735e+04 1.2347067106e-01 
1.7257086672e-05 1.5774067196e+04 8.7274145323e-01 
5.1745798642e-04 1.2229847687e+04 4.0759870041e-01 
3.5947652759e-05 1.2556103143e+04 6.2154157056e-01 
1.1890593031e-05 1.4165881563e+04 9.5117364500e-01 
4.3435374262e-05 1.1917790421e+04 9.1307769604e-01 
7.9077485210e-05 2.0561540294e+04 5.1781762816e-01 
1.1712473260e-04 1.2420143039e+04 8.0619382369e-01 
5.7121004637e-04 1.5098195468e+04 9.2974837401e-02 
2.0225771063e-05 1.7080797524e+04 1.0252549191e+00 
6.0111152946e-05 1.1530749107e+04 7.2652435220e-01 
2.4149113850e-05 1.2533777855e+04 7.9685368493e-01 
3.3044884969e-05 1.1999879800e+04 6.1666659217e-01 
3.9362185869e-05 1.2266332410e+04 9.4139000463e-01 
1.4900798812e-05 1.1538033716e+04 4.3267356401e-01 
1.7417250726e-05 1.3629777369e+04 9.2747105915e-01 
4.7507615093e-05 1.1277789618e+04 1.1363980171e+00 
5.9135069766e-04 1.1228993237e+04 1.1379103095e+00 
5.9308125987e-05 1.5093964834e+04 1.1278591871e+00 
1.6972375540e-05 2.4750812757e+04 1.1337094253e+00 
8.1154260589e-06 1.3095491982e+04 1.3406365377e+00 
6.3150267176e-05 1.2108735965e+04 7.2645549795e-01 
2.5134257747e-04 1.6056253097e+04 1.0214622303e+00 
4.3680675626e-05 1.2353523556e+04 7.1882905153e-01 
4.6654607732e-05 2.0859166997e+04 4.9360193438e-01 
2.5602956551e-05 1.4814288015e+04 3.7798953785e-01 
2.8299095207e-04 1.2855032409e+04 1.0432005306e+00 
4.6672024718e-05 1.2839313671e+04 1.2977539292e+00 
1.8552133089e-05 1.6850217623e+04 8.6610609754e-01 
1.1675781845e-05 1.4277693400e+04 3.5805402167e-01 
5.6906647973e-05 1.1334971055e+04 7.5079054370e-01 
2.3115242951e-04 2.5000000000e+04 3.8303316478e-01 
1.5331460210e-05 1.2047825030e+04 1.3588335343e+00 
1.0961562523e-04 1.1298187020e+04 4.5879064154e-01 
7.5980472489e-05 1.5512062272e+04 7.6410964130e-01 
1.0657946590e-04 1.2717283705e+04 6.2570172246e-02 
8.4788434963e-04 2.5000000000e+04 6.0450593133e-01 
5.0677254946e-05 1.2502392557e+04 9.0448841365e-01 
5.9469581776e-06 1.6343294847e+04 1.2006472528e+00 
1.2113248923e-05 2.1201328335e+04 6.2389320833e-01 
2.3680480455e-05 1.3030385733e+04 7.0537303647e-01 
3.3300094114e-05 2.2482834290e+04 1.0685364457e+00 
5.4489355484e-05 1.9643363699e+04 1.1005859444e+00 
2.4329681152e-05 1.6086390176e+04 5.0799616466e-01 
1.4127648393e-05 1.7339957159e+04 1.1360421792e+00 
8.1400773146e-04 1.5955850052e+04 9.8762773153e-01 
3.7668894562e-05 1.1259704402e+04 1.4235457497e+00 
1.7257296203e-04 1.4818455885e+04 2.7517439567e-01 
2.0665591280e-04 1.3238073010e+04 8.2580372094e-01 
1.7718567016e-05 1.1708371743e+04 6.3853372674e-01 
1.1730602832e-05 1.2747555009e+04 7.5574300389e-01 
1.8217082616e-05 1.2492949514e+04 1.1281036631e+00 
5.6754879083e-05 1.4386899631e+04 3.7287980686e-01 
6.7040069249e-05 1.5212167553e+04 1.2610126285e+00 
4.1026974661e-05 1.1435652525e+04 6.5874786352e-01 
6.0388578836e-05 1.1424956233e+04 4.1259185551e-01 
8.1904362217e-05 1.6570201594e+04 1.1380860590e+00 
2.0402523692e-05 1.3823300058e+04 8.1866525562e-01 
1.0441644686e-05 1.1876623558e+04 3.2909642562e-01 
2.0037917802e-04 1.3874436543e+04 1.1600002817e+00 
4.4108344039e-04 1.2253814968e+04 1.2623101635e+00 
2.2271169135e-05 1.2462035650e+04 6.8627781428e-01 
1.9868752435e-05 1.1682107304e+04 6.5750427547e-01 
4.0608423016e-05 1.2252073836e+04 1.0607019748e+00 
2.5533887276e-04 1.8023782042e+04 5.7636233528e-01 
2.2246740113e-05 1.2021302096e+04 9.2022767340e-01 
1.5978921268e-05 1.3181616339e+04 1.0105339808e+00 
8.3752655936e-05 1.1543713295e+04 1.3519142893e+00 
1.6982740523e-04 1.1847378053e+04 4.4285573461e-01 
4.0664441898e-05 1.6020030305e+04 9.3364650537e-02 
2.4069075160e-05 1.2249362976e+04 1.0391943920e+00 
6.5164042559e-05 1.4557756273e+04 1.1517697913e-01 
7.1203162158e-06 1.1353916374e+04 9.0328875285e-01 
2.8750769060e-04 1.3214011548e+04 2.9173111170e-01 
4.9847545535e-05 1.2193523912e+04 6.5589647245e-01 
2.9660481460e-05 1.5580956057e+04 1.1270238005e+00 
1.2778483253e-05 1.4283400270e+04 9.7054768457e-01 
8.9767046501e-04 2.5000000000e+04 7.8811663343e-01 
1.4954537376e-05 1.6875638736e+04 2.8375267150e-01 
1.1018180999e-05 1.7229773348e+04 8.3963692642e-01 
1.1855863644e-04 1.1285470299e+04 9.4531143202e-01 
1.1673565041e-05 1.5441916225e+04 6.6291520048e-01 
7.4815125187e-05 1.2025109908e+04 6.0954957161e-01 
5.7974624405e-05 1.1984005235e+04 1.1814853144e+00 
1.2344867311e-05 1.3157193337e+04 8.3057898096e-01 
3.3346916817e-05 1.2169433848e+04 3.6199690000e-01 
2.9171913962e-04 1.5485785773e+04 1.2225911251e+00 
3.4103381191e-05 1.1810251246e+04 5.6954149551e-01 
5.6983413401e-05 1.3300671875e+04 9.3851594750e-01 
6.5979053776e-05 1.2406831914e+04 9.0736772757e-01 
1.1983722841e-04 1.4416882036e+04 7.3862967748e-01 
1.8333460848e-04 1.8788459206e+04 9.2219416645e-01 
9.0855391033e-05 1.2493747028e+04 8.5295730012e-01 
6.8032241588e-05 2.1487395449e+04 1.2920574763e+00 
5.5802165467e-05 1.4853377791e+04 1.0697784882e+00 
6.2916923313e-06 1.2212225581e+04 1.1334872643e+00 
8.4922225976e-05 1.3295934099e+04 6.4404657616e-01 
2.3863492119e-04 1.4748621546e+04 7.5253581167e-01 
2.4184202025e-05 1.2215202029e+04 1.1072234346e+00 
3.1258400540e-05 1.1376902729e+04 1.3067698638e+00 
7.8272562668e-05 1.6747841708e+04 8.8866117943e-01 
3.6338770499e-05 1.2162479737e+04 6.7819235128e-01 
3.1665339915e-04 1.1332536852e+04 7.1605892935e-01 
2.8793406478e-05 1.2686151993e+04 7.6343483341e-01 
1.6687498348e-04 1.9137497155e+04 6.0101878212e-01 
3.4896673453e-05 1.4191601724e+04 1.0565818391e+00 
3.0750807371e-05 1.4078126555e+04 8.4846578582e-01 
6.0127796825e-05 1.1751055585e+04 1.1902132227e+00 
1.0261652190e-04 1.2182406386e+04 1.0200881869e+00 
1.4288278343e-04 2.5000000000e+04 1.2033594477e+00 
2.9561807931e-05 1.1708309429e+04 1.5080020667e+00 
2.4002473947e-04 1.1501253169e+04 7.6681627627e-01 
1.3962418833e-04 1.6931595030e+04 5.7394278979e-01 
1.6656013676e-05 1.3381607375e+04 3.5856855413e-01 
3.0782017840e-05 1.1563442950e+04 7.7116634248e-01 
9.9279068036e-05 1.1398148226e+04 7.8624869742e-01 
3.7599301170e-05 1.2841250708e+04 9.3344275939e-01 
3.5162677388e-05 2.5000000000e+04 7.1005238987e-01 
6.2351672924e-04 1.6685873175e+04 1.0018937803e+00 
2.8294343816e-04 1.1263688755e+04 8.8925136029e-01 
5.9685699404e-04 2.0892944044e+04 5.0970250796e-01 
6.2263479196e-05 1.1237535608e+04 4.3500358855e-01 
2.2288033790e-05 1.1526097226e+04 4.7810140624e-01 
1.5952690815e-05 1.7460307817e+04 5.7230631134e-01 
4.4283121625e-05 1.1584082007e+04 3.0734466852e-01 
2.9948019727e-05 1.1417353468e+04 7.0381902031e-01 
1.3308107532e-04 1.1393231159e+04 5.7398153611e-01 
1.4428950566e-04 1.1366156583e+04 3.0836853959e-01 
1.4941147287e-04 1.4903924595e+04 7.2446470604e-01 
3.0769461407e-04 1.5661988938e+04 1.4561829590e+00 
5.7091112771e-05 2.5000000000e+04 1.1736596515e+00 
4.6883579123e-05 1.4831543047e+04 1.2101844795e+00 
9.1628540635e-06 1.4890574550e+04 1.2092309253e+00 
6.1856773129e-05 1.1212430652e+04 1.0891516318e-01 
2.2644142577e-04 1.1891724851e+04 5.6476510961e-01 
1.1372192254e-05 1.3835633938e+04 6.9205707684e-01 
2.1024090322e-05 1.2773069546e+04 8.3246071973e-01 
2.5237531490e-05 1.2559743144e+04 4.3736294285e-01 
2.8361956203e-05 1.6166060575e+04 5.7890061541e-01 
4.3369376105e-05 1.5226468043e+04 1.2692683968e+00 
2.8851320855e-04 1.3459856321e+04 1.2518647765e+00 
7.9939981165e-05 1.2851035857e+04 8.0316075293e-01 
6.3484515241e-04 1.1400561864e+04 8.0948933425e-01 
1.2813520472e-05 1.2548692980e+04 9.2950729826e-01 
2.7702015641e-05 1.6972328967e+04 1.1208845438e+00 
3.1922132993e-04 1.1589272009e+04 8.7779176081e-01 
4.7970583067e-05 1.4471925267e+04 7.7804940317e-01 
1.2278555288e-05 1.1596830808e+04 1.3261990013e+00 
9.7984567328e-05 1.4900761715e+04 4.0648950714e-01 
1.1885275245e-04 1.2305019124e+04 3.6004142235e-01 
1.3316412173e-04 1.3370550557e+04 2.0266764797e-01 
4.1861637148e-05 1.4389522581e+04 1.0929515657e+00 
1.2026543915e-04 1.4919605847e+04 4.6875735070e-01 
3.7053094554e-05 1.4742716435e+04 1.2392491925e+00 
1.4775013303e-04 1.4792787176e+04 1.2674338460e+00 
2.5267026790e-04 1.1384438126e+04 7.6617310812e-01 
2.4521005834e-04 1.4529076078e+04 6.5095119579e-01 
2.0953110955e-04 1.1456148079e+04 7.7817924865e-01 
1.8533631576e-05 1.3821286325e+04 8.9596907317e-01 
2.1864549238e-05 1.1779959340e+04 1.0331431308e+00 
1.4229288768e-04 1.2341118895e+04 7.5306752846e-01 
5.5530782790e-05 1.1252460482e+04 1.0246425189e+00 
8.7679002724e-05 1.4174023302e+04 6.5762804195e-01 
6.0143887419e-05 1.3358908855e+04 1.3883428930e+00 
1.4273010799e-04 1.2702449951e+04 8.9596083980e-01 
7.4674870418e-05 1.1815961738e+04 1.3240079205e+00 
2.2436781158e-05 1.3541835048e+04 3.0423981290e-01 
2.0637601737e-05 2.4117881017e+04 1.4401826757e+00 
1.4636327448e-04 2.4004089928e+04 8.4714278540e-01 
1.7235644800e-05 2.0399238996e+04 8.1214786337e-01 
2.9779539889e-05 1.2198152617e+04 6.2426327392e-01 
3.7902924485e-05 1.2630425541e+04 3.5173960770e-01 
4.9616222241e-05 1.2600439373e+04 4.9728104103e-01 
4.0211957107e-05 1.2501976866e+04 1.3440538598e+00 
2.0984100111e-04 1.4275399874e+04 9.8964681389e-01 
1.0225686852e-05 1.2525404687e+04 4.1764380563e-01 
8.4829647728e-05 1.3080310559e+04 1.0916693134e+00 
2.1441746561e-05 1.2313318101e+04 3.6171573531e-01 
2.6700399925e-05 1.7425019962e+04 3.0920230582e-01 
3.4836640474e-05 1.2531846363e+04 1.3855984055e+00 
3.4533102877e-05 1.3015686025e+04 5.1790971413e-01 
5.5860071404e-05 1.3761447985e+04 7.6691367240e-01 
7.2135479960e-05 1.3712813104e+04 8.4849456268e-01 
9.2065028510e-05 1.8615987260e+04 1.2446635685e+00 
1.0540663576e-04 1.3655452540e+04 6.0084058621e-01 
7.9266101389e-06 1.9605041743e+04 1.0296347485e+00 
5.9564465648e-05 1.3364264133e+04 9.8996854138e-01 
4.8969055329e-05 1.5644851290e+04 8.2026270136e-01 
1.1821157571e-04 1.5812944669e+04 1.1576095658e+00 
7.5441388987e-05 1.4604021590e+04 1.4173587995e+00 
3.1597950879e-04 1.3789824203e+04 7.3051634742e-01 
3.6936492643e-04 1.2438588239e+04 6.0148946559e-01 
2.7106257195e-05 1.4869468542e+04 8.7785892173e-01 
2.7429259399e-05 1.2720484924e+04 1.0183402842e+00 
8.3354031675e-05 1.8518710865e+04 1.4139408641e+00 
1.0851723058e-04 1.3358447811e+04 1.2755072686e+00 
7.8342218957e-05 1.9653309141e+04 6.1266323564e-01 
1.1936022365e-04 1.3148514267e+04 7.4667960869e-01 
2.1594484369e-05 1.3283621134e+04 5.9778966834e-01 
8.7217292384e-05 1.1642487239e+04 3.4753734659e-01 
1.6908902717e-04 1.6451574338e+04 8.6992488166e-01 
3.1181576777e-05 1.1969195281e+04 9.9074557352e-01 
1.9661968107e-05 2.5000000000e+04 1.1969355142e-01 
5.5118810709e-05 1.2386326099e+04 5.6261404124e-01 
1.1697321798e-04 1.1362937287e+04 5.2462810761e-01 
7.7133442154e-05 1.1723706410e+04 1.3777716503e+00 
4.8650356893e-04 2.3328671716e+04 9.3201932109e-01 
1.7279169775e-04 1.2238482284e+04 1.0494415252e+00 
6.5011288339e-06 1.3930679842e+04 6.9882806913e-02 
3.4654536751e-05 1.1701316835e+04 9.3531366750e-01 
1.0250234846e-04 1.6721312163e+04 5.5094716586e-01 
1.8849142256e-04 1.3317777005e+04 4.7814799422e-01 
6.3908892923e-05 1.4324568764e+04 1.0004268839e+00 
1.1197164853e-05 1.4683382032e+04 8.1121528781e-01 
3.6361750192e-04 1.2667269000e+04 1.0707907686e+00 
3.2160319813e-05 1.2562655179e+04 7.5518255091e-01 
3.4086574309e-05 1.3316583717e+04 1.2140316960e+00 
2.7266962552e-05 1.1772487388e+04 9.8121512244e-01 
2.1459925439e-05 1.2476433908e+04 7.4577667257e-01 
1.0677270581e-05 1.1852452967e+04 6.1020076582e-01 
2.4100442158e-05 1.3979109665e+04 1.4450052139e+00 
3.1281924982e-04 1.4319510848e+04 9.5036112162e-01 
6.3287500556e-05 1.1857279751e+04 6.1264499196e-01 
9.7960666782e-06 1.3322464700e+04 1.2896706093e+00 
1.0813408192e-05 1.1323108097e+04 6.7068505185e-01 
1.5425618603e-05 1.2039516160e+04 1.0484151172e+00 
6.4480703624e-04 1.1875536361e+04 9.5766006546e-01 
3.9643197116e-05 2.5000000000e+04 5.6355360118e-01 
2.8723449859e-04 1.5926643831e+04 5.0414996164e-01 
6.8452984626e-04 1.3347588226e+04 6.3582116429e-01 
6.7349596641e-05 1.2951230251e+04 1.4081395013e-01 
6.9323746769e-06 1.3330316200e+04 1.4164723866e+00 
1.2523197155e-04 1.1516953707e+04 1.2936597711e+00 
1.1005206739e-04 1.7648667577e+04 8.2465014340e-01 
9.4084392505e-05 1.2046230982e+04 1.0486255318e+00 
6.5473421613e-04 1.4274132089e+04 4.1076677615e-01 
3.2012219471e-05 1.1747570569e+04 7.2875329825e-01 
7.9557252756e-05 1.2059060178e+04 1.0098735365e+00 
3.8262042881e-05 1.4689725327e+04 1.2322626855e+00 
9.9725862315e-05 1.2016930591e+04 1.0452379137e+00 
4.9631901389e-05 1.9236785517e+04 3.4079014896e-01 
2.8225598109e-05 1.1737618183e+04 1.1903851211e+00 
7.5245205208e-04 1.2649033353e+04 9.4574279460e-01 
2.3103607304e-04 1.4459561870e+04 1.0288859184e+00 
2.0135914757e-04 1.4665843901e+04 1.5734096988e-01 
2.1586185380e-05 2.5000000000e+04 4.1284112607e-01 
3.2575570612e-05 1.7706399203e+04 7.5927511868e-01 
8.8626668493e-05 1.2675014707e+04 1.2061891532e+00 
4.9721071948e-04 1.3530631006e+04 7.9314549053e-01 
9.0828784991e-06 1.1397985590e+04 8.7034541637e-01 
4.2252032918e-05 1.6970313748e+04 7.9552976792e-01 
1.4060303578e-05 1.4059573156e+04 2.6051159797e-01 
6.7141627532e-06 1.5287432807e+04 6.9338806119e-01 
9.2649779550e-05 1.8118254605e+04 4.7216152463e-01 
2.1236841886e-05 1.1550978613e+04 3.5261841470e-01 
5.8782003806e-05 1.2659173150e+04 1.2200812493e+00 
1.4227182648e-04 2.1578241379e+04 2.1844435440e-01 
9.1219671607e-06 1.1818061701e+04 1.1597024917e-01 
3.0178103999e-05 1.2820610540e+04 9.7834018625e-01 
4.9081503644e-05 2.1523399983e+04 4.0441969903e-01 
9.3466666162e-05 1.3930055646e+04 9.9875194677e-01 
6.0443075548e-05 1.3147286850e+04 9.4259024671e-01 
6.8928670128e-05 1.2289832059e+04 5.2785466631e-01 
1.2555877973e-04 1.3061369285e+04 7.5273833883e-01 
6.0135000018e-05 1.1293387951e+04 1.1310129078e+00 
8.3799150464e-06 1.5867780848e+04 8.8588663003e-01 
3.5248086414e-05 1.1368960510e+04 8.4257939103e-01 
5.7399871543e-05 1.1221741578e+04 1.0620192933e+00 
1.4998322317e-05 1.1941283568e+04 3.7877832345e-01 
3.2239077784e-05 1.2359518165e+04 5.9762805420e-01 
5.3983316572e-05 1.1936938299e+04 6.0042971313e-01 
4.0031657117e-05 1.5430112657e+04 2.4270212466e-01 
2.6337017289e-05 1.9539474531e+04 9.0024167714e-01 
8.7193263668e-05 1.2625017917e+04 1.0337910731e+00 
2.5363642561e-04 1.1254753370e+04 4.0935436849e-01 
2.4218829743e-04 1.2357479364e+04 5.8766202640e-01 
2.4136059882e-05 1.1288088950e+04 4.3343792699e-01 
2.0779207890e-04 1.4567655041e+04 6.7715531173e-01 
7.2888630762e-06 1.4982094441e+04 7.2569749754e-01 
7.0136349876e-04 1.2514987802e+04 1.0280925499e+00 
8.4320895433e-05 1.2526733603e+04 7.0126652377e-01 
1.7045782497e-05 1.2801268522e+04 7.9247809504e-01 
2.3421355835e-05 1.3821690661e+04 7.8705044410e-01 
2.8456879901e-04 1.1399955821e+04 9.9931017400e-01 
8.2400087022e-05 1.1249040526e+04 1.1270581023e+00 
1.5280297505e-05 1.2288958122e+04 5.7243839943e-01 
1.4123559783e-05 2.5000000000e+04 1.3069940017e+00 
4.0347601488e-05 1.2319390979e+04 5.9052170526e-01 
3.2968699535e-05 1.1531290431e+04 1.2108364512e+00 
3.9040098016e-04 1.1366565972e+04 6.2446848273e-01 
6.0722193290e-06 1.5868145337e+04 1.1234785479e+00 
6.8019057325e-06 1.3773041242e+04 1.0577561364e+00 
9.3672654353e-05 1.2716522206e+04 1.0213554368e+00 
3.8674149896e-05 1.1649579924e+04 7.2454281746e-01 
1.0270535240e-04 1.4959235940e+04 2.2602598459e-01 
1.2995886365e-05 1.7445618934e+04 1.2254157416e+00 
3.6002238792e-05 1.1586332734e+04 5.9091098467e-01 
1.9098348857e-04 1.1214725358e+04 9.7146779397e-01 
3.6310995199e-05 1.8680090606e+04 1.5045250913e-01 
4.5795219573e-05 1.4771345713e+04 3.6897592825e-01 
2.3391719502e-05 1.5934184905e+04 4.4328457339e-01 
4.3992146903e-05 1.6290986809e+04 1.8083626705e-01 
2.6596728940e-05 1.6157594066e+04 5.1287497841e-01 
1.4130167916e-04 1.1445498360e+04 1.0869039692e+00 
5.6721719314e-05 1.1777033884e+04 1.3115766528e+00 
4.4785367474e-05 1.7861791829e+04 9.0915092670e-01 
9.3059285222e-05 1.3378179279e+04 6.7063299061e-01 
8.8387929445e-05 1.4267526345e+04 5.3668324618e-01 
4.6662595956e-05 1.6849461577e+04 6.8443789896e-01 
2.4077266463e-04 1.1317942005e+04 1.3478782829e+00 
2.0573967249e-05 1.5763843976e+04 1.2280847339e+00 
6.9826972568e-05 1.1657139568e+04 1.1054071647e-01 
3.0792254261e-05 1.1349977541e+04 1.1638963741e+00 
2.9376290828e-05 1.3032328862e+04 5.3337428364e-01 
9.6983436965e-06 1.2802525154e+04 1.2582429718e+00 
5.3237644589e-06 1.6057011758e+04 3.0564585835e-01 
5.2426074808e-05 1.1754460463e+04 8.9559435429e-01 
5.1217923676e-05 1.5359083311e+04 1.3642140946e+00 
9.2199758390e-05 1.1393325227e+04 2.2534530194e-01 
8.6951743246e-05 1.2314915267e+04 6.1717209313e-01 
2.2319511991e-04 1.2509579278e+04 1.4603630971e+00 
5.3367616631e-04 1.3860973402e+04 1.4713121334e-01 
4.5258772174e-05 1.3050797990e+04 6.0153867386e-01 
2.1013081380e-04 1.3236890162e+04 5.5274557167e-01 
1.2739183630e-05 1.2020953664e+04 1.2293595399e+00 
7.0871701350e-04 1.4669289417e+04 1.5454391497e+00 
4.6280341117e-05 1.1409872744e+04 1.0225239168e+00 
2.8555638677e-05 1.1812204981e+04 5.4407384645e-01 
6.0668089964e-05 1.1282068111e+04 1.0514716467e+00 
1.0756243537e-05 1.2736052037e+04 4.6918263389e-01 
3.1591237928e-05 1.1489788631e+04 3.5196098627e-01 
1.7027250668e-04 2.0729218497e+04 7.2706960693e-01 
5.8305463033e-05 1.1437945519e+04 3.8170841053e-01 
2.3293102832e-05 1.3446230437e+04 6.3930989077e-01 
7.1962980262e-05 1.3167114750e+04 9.0797592412e-01 
5.2640351674e-05 1.2666862285e+04 6.7913796238e-01 
2.4732740688e-04 1.5489622262e+04 1.2765609040e+00 
4.5791434974e-05 1.2203096201e+04 1.1977990818e+00 
2.2415997560e-05 1.1659801150e+04 1.1704817587e+00 
2.3709791833e-05 1.8675775874e+04 5.6050942425e-01 
5.5705663197e-05 1.4334435878e+04 6.4176902595e-01 
5.9339232874e-05 1.2062293069e+04 9.0666629131e-01 
1.3900207275e-05 1.2447900893e+04 5.3980156539e-01 
6.7449474924e-06 1.2316717689e+04 1.2277357459e+00 
1.0109047149e-04 1.5980644394e+04 5.3191632595e-01 
5.3527502770e-05 1.1955130678e+04 4.1424325942e-01 
4.1575814683e-05 1.2501892931e+04 9.0778147273e-01 
8.3412311860e-06 1.2984191113e+04 1.3461686896e+00 
8.3023229608e-05 1.3133751517e+04 9.2021700131e-01 
1.9809498199e-04 1.2423465522e+04 6.0316460487e-01 
1.4011466809e-05 1.3197128908e+04 6.6609385172e-01 
2.4465847880e-04 1.2416785164e+04 1.2959815604e+00 
2.2719128468e-05 1.3542297403e+04 7.5135618361e-01 
1.4762601912e-04 1.1569482292e+04 5.2131981654e-01 
2.1733161253e-05 1.2399658984e+04 1.1404252707e+00 
1.0529362688e-04 1.1744679981e+04 1.2723032946e+00 
2.3712999514e-04 1.4463565850e+04 7.6064395296e-01 
4.0942221522e-04 1.1457591643e+04 1.0443711532e+00 
4.9057466518e-04 1.1357092627e+04 1.1127599244e+00 
6.6853020624e-05 1.4634820298e+04 4.1855712823e-01 
8.2107317322e-05 2.2397329673e+04 1.1696064860e+00 
9.2556617397e-05 1.1894869340e+04 1.1480839323e-01 
2.6078153976e-04 1.8004330198e+04 1.3041220725e+00 
9.5349557365e-05 1.8658356096e+04 5.6777941974e-01 
2.7923498554e-05 1.1217795650e+04 3.4045181434e-01 
1.4211377298e-04 1.2528983094e+04 6.1589076310e-01 
1.8755221922e-05 1.2933377605e+04 3.6995165371e-01 
3.9773131377e-04 1.3081826185e+04 9.2369049600e-01 
9.9887421707e-06 1.4588250187e+04 1.1454113144e+00 
5.5209983518e-04 1.2966176102e+04 5.7118503694e-01 
1.7392122142e-05 2.1224327326e+04 9.8730788406e-01 
1.8871626481e-04 1.1328334579e+04 7.6350858720e-01 
7.8836054651e-05 2.5000000000e+04 1.7288423687e-01 
1.2308652445e-04 1.3885827476e+04 5.9095048174e-01 
2.8882523882e-05 1.4753482940e+04 2.6413523721e-01 
5.8612379456e-04 2.5000000000e+04 8.5258312291e-01 
6.6358680802e-05 1.5045639749e+04 1.3241904783e+00 
