1.2148954900e-08 1.6266427390e+04 8.3546722025e-01 
1.3951841026e-05 1.1245758451e+04 7.1006596348e-01 
2.4213086244e-10 1.2849500637e+04 1.3109125107e+00 
2.2770301135e-09 1.1960932162e+04 9.9806361634e-01 
3.5769318065e-08 1.1426546018e+04 3.6944711662e-01 
1.9139983645e-10 1.3312507561e+04 1.2493652120e+00 
1.7647526742e-09 1.3862340558e+04 7.7476575808e-01 
8.5848788116e-10 1.1943205059e+04 3.0502394997e-01 
7.2746768134e-06 1.3168918211e+04 8.5091015409e-01 
4.3965957926e-09 1.2827503991e+04 8.9397914809e-01 
1.6895889509e-11 1.2120711849e+04 1.0976324127e+00 
9.7787511183e-10 1.1671113291e+04 2.2983869052e-01 
1.7658161206e-09 1.2768097876e+04 6.0780476418e-01 
9.1505923344e-11 1.2839912264e+04 4.9314349647e-01 
1.7721552805e-11 2.1769315424e+04 1.0187390170e+00 
1.6600383821e-11 1.7122947552e+04 4.9303886679e-01 
4.7956233137e-06 1.1768468360e+04 5.2511754385e-01 
2.1714242068e-10 1.3517422482e+04 4.8063793401e-01 
3.1392853012e-10 1.2053894552e+04 5.9982486753e-02 
7.9911104434e-08 2.0957521225e+04 1.3684704315e+00 
4.7218123221e-09 1.1909906391e+04 2.3008161106e-01 
1.8138826761e-08 1.1223002801e+04 1.0978646422e+00 
1.6826124867e-10 1.4604886165e+04 1.1535954039e+00 
3.8197306700e-08 2.5000000000e+04 5.0859902183e-02 
3.0310006252e-08 1.3018905304e+04 2.7175875414e-01 
3.8203165379e-10 1.6977621952e+04 4.1451627588e-01 
2.0274251072e-06 1.1885816970e+04 8.7008396542e-01 
1.3123728276e-08 1.3018275600e+04 4.3252092062e-01 
1.2390989248e-07 1.7983339068e+04 8.5064036288e-01 
4.8267191140e-06 1.3015672718e+04 1.0738263656e+00 
1.1821960347e-10 1.7988127171e+04 1.2900742444e+00 
2.2722760771e-11 1.2496850031e+04 8.8399127266e-01 
2.3177330842e-10 1.2086260438e+04 8.4687354309e-01 
9.7162846436e-11 1.6913035603e+04 1.2264793064e+00 
3.9146956764e-10 1.2440140591e+04 4.9297446034e-01 
1.2663454913e-07 1.2397538236e+04 1.0629649941e+00 
1.5488690805e-09 1.2580243149e+04 6.1737247936e-01 
1.0176458111e-07 1.3700934067e+04 8.6061225782e-01 
8.4670011389e-06 1.2070986177e+04 1.2632233928e+00 
3.6718906064e-07 1.3354953677e+04 9.9908182988e-01 
5.2425918806e-12 1.2722580520e+04 8.4001623521e-01 
1.6387182854e-09 1.3665956471e+04 4.1207289726e-01 
2.6666389158e-08 1.2467798693e+04 1.3486701669e+00 
1.1629815625e-07 1.5140744875e+04 4.0210508988e-01 
1.0174019012e-07 1.3609914131e+04 6.0686616995e-01 
2.3043674337e-11 1.1809433377e+04 7.8775990712e-01 
1.3571323314e-09 2.3237578834e+04 1.2975188354e+00 
8.2645486819e-10 1.5589656750e+04 5.1875085462e-01 
1.3365465455e-10 1.3315662850e+04 9.0611111083e-01 
1.5746015910e-08 1.1219517180e+04 1.0181744439e+00 
1.2260133324e-08 1.1935467393e+04 8.9804665132e-01 
1.3382467605e-06 1.6660535767e+04 8.4171522373e-01 
3.4298832416e-08 2.0525760780e+04 7.4324939875e-01 
8.1133354550e-10 1.1564445114e+04 8.5340165460e-01 
2.5091583062e-08 1.1297330022e+04 6.2835073836e-01 
1.6625620264e-10 1.2215758777e+04 1.2749727977e+00 
4.2909625921e-10 1.2738663003e+04 7.9917037252e-01 
4.4581058645e-10 1.2056780334e+04 2.6283163657e-01 
5.0432810287e-09 1.1829385225e+04 9.1824136752e-02 
7.5781935764e-09 1.1979826226e+04 7.9727729439e-01 
2.1877842126e-11 1.8016679262e+04 9.5024428601e-01 
4.6737585625e-08 1.6250449123e+04 7.0881500035e-01 
1.3610091598e-08 1.3655393447e+04 5.6591778237e-01 
3.2235806122e-06 1.2395264229e+04 6.3876215766e-02 
7.7562220438e-09 1.1415106861e+04 8.3448099752e-01 
1.1979971185e-11 1.1787030764e+04 1.1346736016e+00 
3.0482376855e-08 1.1376762074e+04 6.0963675034e-01 
2.4268407712e-09 1.8772989463e+04 9.8565062480e-01 
2.5659093644e-07 1.1619328862e+04 1.2237518209e+00 
1.6680314572e-08 1.1250396235e+04 1.0447538488e+00 
9.4701322727e-12 1.3594987731e+04 5.6724659342e-01 
4.0207405202e-11 1.3151981154e+04 1.0148609160e+00 
3.0767493476e-08 1.2909850764e+04 8.4307119403e-01 
1.0124909068e-08 1.2856554943e+04 6.7468691513e-01 
4.8486141770e-08 1.2828734245e+04 7.0286699649e-01 
8.8296945742e-10 2.5000000000e+04 7.3964905843e-01 
1.0534299595e-05 1.4121993694e+04 1.1509409438e+00 
4.1433126095e-07 1.3865612499e+04 1.2325422735e+00 
1.9256352410e-10 1.4661908824e+04 7.8042975715e-01 
1.9103519614e-10 2.5000000000e+04 3.9006116232e-01 
1.7066239349e-08 1.2583952936e+04 6.1349866492e-01 
6.8871848304e-10 1.8331981667e+04 6.8168954983e-01 
8.8471562520e-09 1.7156897185e+04 9.1217646686e-01 
3.3897989432e-08 1.2392929070e+04 3.4861890765e-01 
2.6322157932e-07 2.3882018801e+04 6.2521617000e-01 
6.8724992783e-12 1.2841442065e+04 6.1005569584e-01 
4.2704473542e-10 2.1272120964e+04 8.6259117824e-01 
1.8895782056e-08 1.9014307357e+04 1.2219298037e-01 
7.1308179556e-10 1.2900609431e+04 1.2431270907e+00 
4.2924191467e-07 1.1652569754e+04 3.8326406593e-01 
2.9279261026e-08 1.2371852162e+04 7.6173726402e-01 
1.9698451879e-05 1.1778955873e+04 6.3209081096e-01 
2.7637323251e-08 1.1879961608e+04 7.3834665169e-02 
5.9668709108e-11 1.3750010738e+04 5.9330833689e-01 
5.9402415689e-11 1.1871217310e+04 3.0891731738e-01 
4.5700859238e-08 1.1662000844e+04 7.8175550025e-01 
4.0411187721e-06 1.3650836604e+04 1.0847299630e+00 
1.4231551996e-10 1.1308882952e+04 1.1158262783e+00 
2.0163351158e-07 1.3094580334e+04 1.1296507196e+00 
7.0046833883e-10 1.1418733576e+04 2.7659376654e-01 
