1.2832674164e-10 1.2178542897e+04 7.4149390369e-01 4.8000000000e-01 
1.4711929500e-09 1.1642453087e+04 1.0508944713e+00 4.8000000000e-01 
2.5971507335e-09 1.1952201724e+04 6.8259757487e-01 4.8000000000e-01 
1.9433542480e-06 1.2084486186e+04 4.5062148084e-01 4.8000000000e-01 
3.9156205422e-08 1.1318957087e+04 5.1822015852e-01 4.8000000000e-01 
1.1074003468e-08 2.5000000000e+04 1.1747780705e+00 4.8000000000e-01 
9.0067565011e-09 1.1694169848e+04 1.0476828586e-01 4.8000000000e-01 
2.5844563260e-08 1.4329897351e+04 8.6320490624e-01 4.8000000000e-01 
5.0020140756e-09 1.2360744382e+04 1.2911546725e+00 4.8000000000e-01 
4.1613992869e-10 1.3192017230e+04 4.0286487160e-01 4.8000000000e-01 
1.3827417591e-08 1.3052811824e+04 4.2561361275e-01 4.8000000000e-01 
4.9321298897e-11 1.2678637656e+04 8.7609756747e-01 4.8000000000e-01 
4.6690354258e-11 1.2419086148e+04 4.1206906122e-01 4.8000000000e-01 
5.9224712294e-09 1.1438429707e+04 5.3553271216e-01 4.8000000000e-01 
4.6228801422e-09 1.2661555532e+04 4.8654746705e-01 4.8000000000e-01 
1.0520575093e-07 2.0330409644e+04 7.4726672576e-01 4.8000000000e-01 
1.0776406209e-09 1.3749820943e+04 1.0232377482e+00 4.8000000000e-01 
3.6889381742e-08 1.2859905170e+04 8.8716707856e-01 4.8000000000e-01 
7.7141453570e-07 1.3681620560e+04 5.5815822674e-01 4.8000000000e-01 
2.7961485813e-09 1.4159952776e+04 1.0083842512e+00 4.8000000000e-01 
2.0289919749e-09 1.1634836821e+04 9.3436644697e-01 4.8000000000e-01 
3.8878859416e-09 1.2417417403e+04 1.2124629086e+00 4.8000000000e-01 
9.6840818191e-10 1.3015594249e+04 5.5172004493e-01 4.8000000000e-01 
1.0939721400e-11 2.1031001769e+04 9.7940758317e-01 4.8000000000e-01 
4.6874856423e-10 1.4803670955e+04 1.4269007939e+00 4.8000000000e-01 
3.7554450466e-11 1.3874407631e+04 4.2536969600e-01 4.8000000000e-01 
1.4457687607e-08 1.6037065486e+04 5.7554789809e-01 4.8000000000e-01 
2.0464719524e-08 1.2926272391e+04 1.3113291250e+00 4.8000000000e-01 
2.0360387698e-08 1.2851236326e+04 5.2966001189e-01 4.8000000000e-01 
7.1548488343e-11 1.3155137915e+04 1.4654337798e+00 4.8000000000e-01 
1.9611388462e-08 1.3075111436e+04 6.2006449915e-01 4.8000000000e-01 
1.4943405416e-11 1.3858044313e+04 1.2470253228e+00 4.8000000000e-01 
9.5763711602e-10 1.4520987535e+04 4.8789811706e-01 4.8000000000e-01 
2.6657125314e-11 2.5000000000e+04 1.3796244493e+00 4.8000000000e-01 
4.3356005067e-08 1.2442979708e+04 1.2978658573e+00 4.8000000000e-01 
5.6660232902e-10 1.4770031981e+04 4.3373388712e-01 4.8000000000e-01 
4.8464525508e-09 1.4191645660e+04 1.0185414555e-01 4.8000000000e-01 
4.5550021421e-09 1.4939571474e+04 6.0126406545e-01 4.8000000000e-01 
1.6935089605e-08 1.1260809100e+04 1.2225459914e+00 4.8000000000e-01 
1.4496243128e-05 1.5495295208e+04 6.8434631437e-01 4.8000000000e-01 
9.9120729927e-11 2.5000000000e+04 9.7616984600e-01 4.8000000000e-01 
5.2499986549e-08 1.5035176970e+04 5.0500383347e-01 4.8000000000e-01 
1.5832881131e-07 1.1706212764e+04 1.0678596570e+00 4.8000000000e-01 
9.8420405944e-10 1.2673355883e+04 4.2334694846e-01 4.8000000000e-01 
1.0171895017e-08 1.3129380825e+04 1.9719218292e-01 4.8000000000e-01 
2.1189707095e-09 1.1260786162e+04 3.9541244778e-01 4.8000000000e-01 
1.1827272096e-08 1.1906954920e+04 1.1232563071e+00 4.8000000000e-01 
4.8654078146e-09 1.4191948933e+04 9.7369114407e-01 4.8000000000e-01 
2.7620218837e-06 1.1874278072e+04 8.5273830606e-01 4.8000000000e-01 
4.0486894427e-07 1.6059939099e+04 1.0747987149e+00 4.8000000000e-01 
5.7140152309e-09 1.7662930563e+04 1.3452372635e+00 4.8000000000e-01 
4.8092567090e-06 1.1538697641e+04 7.0525448242e-01 4.8000000000e-01 
7.9934097455e-09 1.3644773331e+04 1.4127689777e+00 4.8000000000e-01 
2.8359545826e-11 1.2714779186e+04 1.0541964527e+00 4.8000000000e-01 
4.1322837300e-06 1.5094091072e+04 7.4185056637e-01 4.8000000000e-01 
2.4178543511e-10 1.3609310689e+04 5.3406922970e-01 4.8000000000e-01 
9.9565575939e-09 1.4930511160e+04 1.3883138192e+00 4.8000000000e-01 
7.1430650857e-11 1.1301565694e+04 1.5202052576e-01 4.8000000000e-01 
1.4500593743e-09 1.7618664681e+04 1.0318492789e+00 4.8000000000e-01 
5.4727367897e-10 1.3621143651e+04 1.1803770903e+00 4.8000000000e-01 
2.7643683703e-10 1.6085888351e+04 3.4411500950e-01 4.8000000000e-01 
1.9161628404e-07 1.1539995449e+04 1.2600555683e+00 4.8000000000e-01 
8.2619842300e-07 1.2088700619e+04 6.9989787292e-01 4.8000000000e-01 
1.8307958221e-06 1.1414664077e+04 1.4264027064e+00 4.8000000000e-01 
1.1186916520e-07 2.5000000000e+04 1.1933496406e+00 4.8000000000e-01 
1.3784232524e-08 1.4303676248e+04 4.2882453082e-01 4.8000000000e-01 
4.3567477194e-09 1.1995567243e+04 6.9967741938e-01 4.8000000000e-01 
1.4488537807e-05 1.2997545882e+04 1.1819735871e+00 4.8000000000e-01 
2.5655514120e-10 1.7009427569e+04 5.9637360084e-01 4.8000000000e-01 
3.2193667253e-09 1.4482926322e+04 2.8361791680e-01 4.8000000000e-01 
3.0258389240e-09 1.4336488917e+04 5.2003060557e-01 4.8000000000e-01 
6.1366979556e-10 1.7701555336e+04 6.9696691881e-01 4.8000000000e-01 
1.0888154919e-10 1.8707429492e+04 9.1959533274e-01 4.8000000000e-01 
6.1707110210e-08 1.4436708718e+04 9.5071234833e-01 4.8000000000e-01 
2.1301885253e-09 1.1421237029e+04 1.5051429177e-01 4.8000000000e-01 
3.8277851392e-09 1.1677776486e+04 1.1389893179e+00 4.8000000000e-01 
1.4923254922e-07 1.3459451196e+04 2.5753771985e-01 4.8000000000e-01 
2.1739452131e-11 1.2102656480e+04 1.3645922854e+00 4.8000000000e-01 
3.1255802987e-09 1.1320566353e+04 5.6199968415e-01 4.8000000000e-01 
1.1351811454e-10 1.8865680848e+04 5.3927565627e-01 4.8000000000e-01 
1.4694594444e-08 1.7411323874e+04 8.1703083242e-01 4.8000000000e-01 
1.2962552809e-08 1.3117590638e+04 7.9455937938e-01 4.8000000000e-01 
4.1161632509e-10 1.4004771754e+04 9.1708867106e-01 4.8000000000e-01 
2.4152092720e-08 1.1483786609e+04 5.9084196059e-01 4.8000000000e-01 
4.4990936120e-09 1.5038815711e+04 3.6127268332e-01 4.8000000000e-01 
6.9444994554e-11 1.1298166570e+04 7.6813845114e-01 4.8000000000e-01 
2.5204701987e-06 1.6269055270e+04 8.8320751862e-01 4.8000000000e-01 
6.5677712645e-10 1.2713043121e+04 3.3241705549e-01 4.8000000000e-01 
9.0289594079e-07 1.4205923507e+04 1.0510613259e+00 4.8000000000e-01 
3.3548663854e-10 1.2443304617e+04 8.1414400598e-01 4.8000000000e-01 
1.6829085374e-08 1.1474045072e+04 8.6518676758e-01 4.8000000000e-01 
1.5289788571e-08 1.4106001781e+04 1.2043744188e-01 4.8000000000e-01 
1.4030059394e-08 1.1892210088e+04 6.2955411650e-01 4.8000000000e-01 
1.5902752171e-10 1.1434240625e+04 5.3918994061e-01 4.8000000000e-01 
3.2803175278e-08 1.3845633168e+04 4.5804096192e-01 4.8000000000e-01 
3.9540801621e-10 1.1985395906e+04 1.0178125365e+00 4.8000000000e-01 
2.5735331142e-11 1.4195144135e+04 4.8422329634e-01 4.8000000000e-01 
1.7215353015e-07 1.1283873368e+04 1.1966537524e+00 4.8000000000e-01 
9.3492467748e-11 1.4125825145e+04 5.3420391180e-01 4.8000000000e-01 
1.7955323469e-08 1.3609527734e+04 8.8613388768e-01 4.8000000000e-01 
2.0446532895e-08 1.3192505823e+04 1.0762023795e+00 4.8000000000e-01 
1.3232292414e-09 1.3063219724e+04 4.5102081554e-01 4.8000000000e-01 
6.8631235291e-10 2.3156444463e+04 7.7955423344e-01 4.8000000000e-01 
4.1648001118e-09 1.1816821434e+04 1.5433473945e-01 4.8000000000e-01 
5.3911366674e-08 1.4621353291e+04 4.4932148199e-01 4.8000000000e-01 
4.4704173785e-07 1.7096469419e+04 7.6954594455e-01 4.8000000000e-01 
1.2749846572e-09 1.4817080563e+04 5.3903717698e-01 4.8000000000e-01 
4.5175998054e-10 1.7902901460e+04 3.9097495180e-01 4.8000000000e-01 
4.2661618600e-11 1.5846800875e+04 9.8357821120e-01 4.8000000000e-01 
3.7309966884e-09 2.2375393779e+04 1.1716277712e+00 4.8000000000e-01 
8.0618235175e-09 1.3317483599e+04 6.6927009151e-01 4.8000000000e-01 
5.4481261219e-09 1.4547488864e+04 4.1836804127e-01 4.8000000000e-01 
5.8801664852e-11 1.1527442795e+04 7.2820621048e-01 4.8000000000e-01 
4.1455721958e-07 1.4957685634e+04 1.2533214056e+00 4.8000000000e-01 
1.0257600465e-08 1.4361969690e+04 1.4596288035e+00 4.8000000000e-01 
4.6577115330e-10 1.2983403736e+04 5.9915805098e-01 4.8000000000e-01 
2.0247625924e-11 1.1328932105e+04 5.8443331168e-01 4.8000000000e-01 
8.8553215601e-08 1.3351880486e+04 5.9433387326e-01 4.8000000000e-01 
2.0223547180e-07 1.6454376200e+04 1.2356014835e+00 4.8000000000e-01 
2.7950332488e-08 1.3347679793e+04 1.2974513730e+00 4.8000000000e-01 
1.8741990156e-09 1.6795953910e+04 1.1847343522e+00 4.8000000000e-01 
2.2398559986e-09 1.6318611456e+04 7.4788604284e-01 4.8000000000e-01 
7.9138148410e-10 1.1728046398e+04 1.0992605743e+00 4.8000000000e-01 
9.4662360141e-11 2.2994560325e+04 1.7335271836e-01 4.8000000000e-01 
1.6480328855e-10 1.3755841891e+04 3.1087989326e-01 4.8000000000e-01 
8.1140053990e-07 1.4402927425e+04 1.2194191786e+00 4.8000000000e-01 
3.1093236525e-08 1.1205619281e+04 5.2386425539e-01 4.8000000000e-01 
1.2216976862e-09 1.1366552163e+04 1.2427863754e+00 4.8000000000e-01 
4.4135119530e-09 1.5938206109e+04 9.0885960222e-01 4.8000000000e-01 
8.5462474791e-07 1.4833668149e+04 1.8340985175e-01 4.8000000000e-01 
3.6691144563e-10 2.1767555054e+04 3.7132703101e-01 4.8000000000e-01 
4.0316884896e-07 1.1611009247e+04 1.0032241034e+00 4.8000000000e-01 
1.7537882950e-06 1.4273419935e+04 8.9552048459e-01 4.8000000000e-01 
8.7119615539e-09 1.7850909343e+04 9.6704588154e-02 4.8000000000e-01 
3.9203894536e-07 1.2205856299e+04 1.4776224342e+00 4.8000000000e-01 
3.8915641284e-10 1.2420003408e+04 1.0146334375e+00 4.8000000000e-01 
8.4837203516e-12 1.2513880317e+04 1.2607749172e+00 4.8000000000e-01 
4.9446823226e-08 1.1733152917e+04 4.9222607568e-01 4.8000000000e-01 
2.5494504396e-10 1.3679957917e+04 4.1529010887e-01 4.8000000000e-01 
6.1798274789e-11 2.0418728701e+04 3.8361089364e-01 4.8000000000e-01 
6.7913585880e-06 1.8035184451e+04 8.0416995401e-01 4.8000000000e-01 
2.4291149685e-09 1.3733653504e+04 1.4560025646e+00 4.8000000000e-01 
1.1191373711e-06 1.1737424368e+04 6.4574085172e-01 4.8000000000e-01 
2.0818480526e-08 1.5224008225e+04 9.9517056617e-01 4.8000000000e-01 
5.7433034855e-11 1.6591537769e+04 8.9745286093e-01 4.8000000000e-01 
1.9999957731e-09 1.5694493633e+04 3.2221946799e-01 4.8000000000e-01 
2.2210925358e-08 1.1760350468e+04 1.4444511890e+00 4.8000000000e-01 
1.7136672684e-11 1.7467310274e+04 6.2434423774e-01 4.8000000000e-01 
8.3171700759e-10 1.4381133849e+04 5.7064087035e-01 4.8000000000e-01 
9.9356903269e-10 1.1595450375e+04 6.5518235693e-01 4.8000000000e-01 
4.6283630563e-06 1.8704037060e+04 1.4678274146e+00 4.8000000000e-01 
4.2874281912e-07 1.1855848401e+04 1.0719374544e+00 4.8000000000e-01 
2.1990150458e-09 1.1496728691e+04 9.4422216566e-01 4.8000000000e-01 
1.0528412287e-08 1.3170630584e+04 4.4754447958e-01 4.8000000000e-01 
1.4193956809e-09 1.4393366454e+04 8.6887279517e-01 4.8000000000e-01 
8.7045159354e-11 1.3199261464e+04 5.3170999980e-01 4.8000000000e-01 
7.0130179151e-08 1.5222369969e+04 8.2987358345e-01 4.8000000000e-01 
6.4833788623e-08 1.2650872802e+04 5.4630100692e-01 4.8000000000e-01 
9.0034914991e-09 1.7398046017e+04 6.9474151098e-01 4.8000000000e-01 
7.4679963115e-09 1.1268768154e+04 9.7982837030e-01 4.8000000000e-01 
4.3010129796e-07 1.4499991510e+04 1.4464756257e+00 4.8000000000e-01 
4.6972508956e-09 1.7428928425e+04 7.1824187990e-01 4.8000000000e-01 
6.1893997902e-12 1.3466271108e+04 1.1154237523e+00 4.8000000000e-01 
1.3533011370e-08 1.4306658351e+04 6.6827646280e-01 4.8000000000e-01 
4.6433767814e-07 1.1364106941e+04 1.0112122542e+00 4.8000000000e-01 
7.9429797622e-08 1.1547758374e+04 3.8261058313e-01 4.8000000000e-01 
1.5204992980e-08 1.1716118709e+04 8.0788548405e-01 4.8000000000e-01 
4.1763548674e-09 1.1429643262e+04 1.4103099750e+00 4.8000000000e-01 
3.0265562926e-09 1.4803989218e+04 8.3213777254e-01 4.8000000000e-01 
7.0244853367e-09 1.1993115976e+04 6.7601930617e-01 4.8000000000e-01 
2.0938100028e-08 1.6089990017e+04 1.0648480051e+00 4.8000000000e-01 
2.0797726585e-08 1.1523875969e+04 1.0333036519e+00 4.8000000000e-01 
9.7879418964e-09 1.2291353949e+04 1.0483543921e+00 4.8000000000e-01 
1.7919537168e-07 1.1921221143e+04 6.8181466894e-01 4.8000000000e-01 
1.7407203099e-10 1.8165711349e+04 1.3061632615e+00 4.8000000000e-01 
1.3742975471e-06 1.2023395160e+04 1.3480707305e+00 4.8000000000e-01 
2.1249999232e-08 1.3669959400e+04 1.3877734286e+00 4.8000000000e-01 
5.1234196102e-08 1.2724828523e+04 1.2355508853e+00 4.8000000000e-01 
1.4885309556e-09 1.4979725707e+04 1.1380051089e+00 4.8000000000e-01 
1.0916118930e-09 1.3966671673e+04 3.2567506637e-01 4.8000000000e-01 
1.6208160450e-08 1.1592743544e+04 1.2755174169e+00 4.8000000000e-01 
2.5179085933e-08 1.2384127009e+04 1.0090416867e+00 4.8000000000e-01 
4.3449501007e-11 1.3154081942e+04 1.0183036875e+00 4.8000000000e-01 
1.9306835507e-08 1.2105882567e+04 3.2129662677e-01 4.8000000000e-01 
2.1337191017e-10 1.4017761015e+04 1.1974567340e+00 4.8000000000e-01 
1.6507806164e-10 1.4385913018e+04 1.3056356207e+00 4.8000000000e-01 
1.6954178813e-10 1.2659462792e+04 1.0390204623e+00 4.8000000000e-01 
1.1836240096e-08 2.0683585020e+04 3.8613546443e-01 4.8000000000e-01 
2.5145685332e-07 1.4898274672e+04 1.1811957363e+00 4.8000000000e-01 
1.3583133043e-10 1.2500259780e+04 1.0900111514e+00 4.8000000000e-01 
4.8700424003e-07 1.8640292036e+04 1.4164970300e+00 4.8000000000e-01 
9.8154443384e-06 1.4105213915e+04 5.1097357692e-01 4.8000000000e-01 
7.8102277237e-11 1.1971656696e+04 8.1709232514e-01 4.8000000000e-01 
1.3581770388e-09 1.2497595746e+04 1.4730602641e+00 4.8000000000e-01 
1.0611947121e-08 1.6670474637e+04 5.0926116828e-01 4.8000000000e-01 
4.4061541321e-08 1.1711101144e+04 1.8124830030e-01 4.8000000000e-01 
9.7708422159e-11 1.1428120721e+04 9.6330559649e-01 4.8000000000e-01 
1.2424504468e-11 1.6661577194e+04 7.5839872832e-01 4.8000000000e-01 
7.5616961076e-11 1.1992110368e+04 1.1105926292e+00 4.8000000000e-01 
6.0326350219e-10 1.9341174201e+04 2.4861296935e-01 4.8000000000e-01 
