1.2720626687e-10 1.7072516939e+04 1.2141215850e+00 
7.4483260712e-09 1.5231134285e+04 5.0398272149e-01 
1.1207601684e-09 1.8301886031e+04 1.0164613651e+00 
2.2319932368e-10 1.5964415831e+04 1.1007093068e+00 
2.2852078366e-10 2.5000000000e+04 2.8977508393e-01 
3.0633191406e-10 1.2053733155e+04 9.2063814968e-01 
3.5724168145e-11 1.1390988469e+04 7.1400897741e-01 
1.9705383643e-09 1.2139783685e+04 1.2373908798e+00 
3.3395738179e-11 1.1483040075e+04 1.1479073668e+00 
5.9157964930e-10 1.4264794889e+04 9.6999636373e-01 
6.2437632301e-08 1.1601814631e+04 1.0072702604e+00 
1.9965470719e-07 1.2427638157e+04 8.0440429883e-01 
7.7166716513e-10 1.3368123995e+04 9.3436247290e-01 
2.8871300658e-05 1.1641811468e+04 3.6902477484e-01 
5.6962140052e-07 1.2438868573e+04 4.8447136579e-01 
5.0425858067e-07 1.1656052046e+04 8.5993587589e-01 
9.4671722353e-11 1.2662483523e+04 9.6791216642e-01 
6.9330989955e-08 1.1418665719e+04 7.0472784553e-01 
1.8977568841e-10 1.3030787628e+04 3.1853757877e-02 
2.7963311324e-08 1.1740349616e+04 4.8506385360e-01 
9.6944403552e-09 1.4322750230e+04 8.3183613548e-01 
3.3352181570e-10 1.1409492400e+04 1.9220742809e-01 
3.9675364502e-09 1.1497850523e+04 1.3552651759e+00 
1.4686610124e-08 2.0110415278e+04 8.2606752562e-01 
4.5498021784e-08 1.2887267168e+04 6.8592249100e-01 
1.2474938196e-09 1.3256564393e+04 6.5698540389e-01 
1.9231283668e-09 1.2007363680e+04 1.2468379424e+00 
2.5995735636e-07 1.5571209904e+04 2.6538475670e-01 
2.0008906111e-09 1.3822956696e+04 1.1187234065e+00 
6.8494428482e-11 1.3054829058e+04 4.9742844241e-01 
1.0401852479e-08 2.0167874772e+04 1.2595235488e+00 
1.9703030620e-06 1.1268790305e+04 1.9546134082e-01 
7.1611307801e-10 1.1570107089e+04 1.2159485311e+00 
9.3692034213e-09 2.0839808130e+04 1.0841321647e+00 
8.8502375484e-09 1.4013590596e+04 6.8548896778e-01 
6.0582777068e-12 1.1380544541e+04 1.1082745487e+00 
2.7579783575e-10 1.1989570065e+04 5.4539307539e-01 
2.4310402412e-11 1.1796018975e+04 1.3049738265e+00 
3.3898023989e-08 1.1201958027e+04 6.4865891746e-01 
1.1996616820e-09 1.1736840242e+04 8.8271483264e-01 
1.2845909722e-08 1.1856001839e+04 4.0339089552e-01 
1.3217097928e-10 1.3552917700e+04 1.0666276339e+00 
5.0797230218e-08 1.6966991750e+04 7.4525437385e-01 
6.0983045871e-09 1.5574338346e+04 1.3041481263e+00 
1.8616811727e-08 1.3500514052e+04 1.2842264706e+00 
5.2838008498e-10 1.2766659146e+04 4.5472966140e-01 
6.9119431912e-07 1.6965466552e+04 8.4075536134e-01 
1.7495573772e-09 1.3885674447e+04 4.5866294521e-01 
5.1965706918e-11 1.2245156112e+04 1.0836504449e+00 
8.5849683648e-09 1.1365867708e+04 4.4169638709e-02 
3.0643663023e-08 1.3364661678e+04 1.0821809397e+00 
1.8743656333e-11 1.1997670879e+04 9.8632256687e-01 
5.9277866409e-07 1.3349274889e+04 9.2030052744e-01 
3.2459082286e-07 1.9950426363e+04 1.2002023327e+00 
3.4556106162e-07 2.1247581215e+04 5.2405355700e-01 
1.0750387217e-08 1.1262031595e+04 2.1384934882e-01 
1.2788043940e-07 1.2201758802e+04 6.5271415461e-01 
3.6213625286e-08 1.4274916632e+04 1.0407535275e+00 
7.0836156806e-10 2.2495177697e+04 1.2978110516e+00 
6.0198175425e-09 1.2734720160e+04 7.1844625346e-01 
2.0198074637e-07 1.4700280695e+04 1.0022998641e+00 
1.0773990333e-08 1.1770515288e+04 6.5759809655e-01 
3.1920105327e-06 1.3733898158e+04 4.0526030947e-01 
7.7338270266e-10 1.1540755801e+04 8.8662760257e-01 
2.5411165148e-05 1.7139703167e+04 2.5327373690e-01 
1.0687325352e-08 1.4884526800e+04 1.0085053701e+00 
1.4724961147e-06 1.2594498867e+04 7.5912666068e-01 
1.3457486079e-08 1.2773809206e+04 1.1218813181e+00 
6.0447226254e-09 1.7072328297e+04 7.0112759832e-01 
8.4294907757e-10 1.2146011037e+04 7.0397550344e-01 
2.2844694074e-08 1.2826415840e+04 1.0820801840e+00 
9.9926671625e-09 1.3545699657e+04 6.4017310114e-01 
5.4788183016e-10 1.1577111756e+04 9.1665963153e-01 
6.3369355789e-07 1.1945854974e+04 9.9684218511e-01 
2.9747731780e-08 1.3084209283e+04 4.6465101346e-01 
1.8554487533e-09 1.7994303575e+04 5.4102775500e-01 
2.2213216970e-06 1.6352068498e+04 1.1356610301e+00 
1.7872899938e-09 1.4675782561e+04 9.6853012585e-01 
2.6704812496e-06 1.2643780173e+04 4.7465314536e-01 
4.1373266556e-06 1.1899528504e+04 6.8961860498e-01 
5.4124589425e-07 1.1780522910e+04 9.9758018431e-01 
1.8553071095e-08 1.4638509149e+04 3.1775890406e-01 
2.0909281605e-08 1.2459661495e+04 1.3723071174e+00 
3.0210607310e-07 1.7547459411e+04 1.2645529952e+00 
7.6195906434e-09 1.1552137811e+04 8.4803072047e-01 
5.7582512992e-09 2.0385575962e+04 1.1829275828e+00 
5.9273330159e-10 1.7508638671e+04 2.9089294137e-01 
1.8551709668e-08 1.1260911623e+04 4.7637448052e-01 
1.4760395926e-09 1.3019526374e+04 1.6813110580e-01 
2.1187021937e-08 1.6760956059e+04 1.3456020365e+00 
2.0809104543e-07 2.2744162988e+04 4.1469672204e-01 
2.4852913348e-10 1.2409810063e+04 8.1324683637e-01 
7.2175146416e-11 1.1221257852e+04 6.9183266555e-01 
1.3380912639e-08 1.2582216459e+04 1.0376291247e+00 
1.4960722849e-09 1.1522465747e+04 2.2331712342e-01 
1.0874631455e-09 1.5117868640e+04 7.6917588423e-01 
2.0112084044e-10 1.2998563335e+04 3.0741952931e-01 
7.2847385768e-07 1.4818493787e+04 6.2517292587e-01 
5.0448968546e-08 1.5065946253e+04 8.7102229645e-01 
1.5832869537e-07 1.4000668816e+04 5.2793065623e-01 
1.7937723708e-08 1.3498065606e+04 8.8462440200e-01 
7.1662922909e-08 1.4852602634e+04 4.7788192177e-01 
2.2470995688e-09 1.3843765706e+04 4.8557486909e-01 
7.4196035810e-08 1.4149779658e+04 9.4514194028e-01 
2.4695245242e-09 1.7236356279e+04 7.9448538382e-01 
2.6652322973e-09 1.3498923563e+04 6.4949140675e-01 
1.0110505018e-09 1.3202301867e+04 8.0815105683e-01 
4.6644510588e-10 1.5722304705e+04 9.3077194162e-01 
3.0981253943e-08 1.2557443370e+04 6.9676909180e-01 
7.0072593693e-10 1.1319065500e+04 1.3516215654e+00 
1.1679124981e-10 1.3525177055e+04 9.0978146677e-01 
1.6039422216e-06 1.8659661178e+04 1.1458792357e+00 
1.3817825087e-11 1.7921836053e+04 1.2071408037e+00 
7.4736584806e-10 2.5000000000e+04 3.6829806250e-01 
6.9643822859e-09 1.2792474670e+04 6.1547174986e-01 
3.3218936317e-08 2.5000000000e+04 1.1755872781e+00 
7.9100938407e-09 1.3317522524e+04 2.6296928467e-01 
1.2776045159e-07 1.1388862911e+04 5.2920828080e-01 
1.4233371281e-09 1.7020480043e+04 1.1225793482e+00 
4.8074292667e-10 1.2618652928e+04 2.1125500890e-01 
2.3958878252e-10 1.2057600318e+04 1.1444560554e+00 
7.9722192385e-09 1.3531799411e+04 6.3240696117e-01 
1.1949324441e-11 1.1830075813e+04 6.3835772832e-01 
1.4882008079e-11 1.3391508660e+04 1.3032907477e+00 
5.2832535088e-08 1.3862570672e+04 9.0247577850e-02 
2.7378765992e-09 1.1209318145e+04 3.6487708705e-01 
2.1541853803e-09 1.1913024395e+04 9.1705907821e-01 
1.0541169463e-06 2.5000000000e+04 1.0873420101e+00 
1.0652908985e-09 1.1792191842e+04 8.2281198603e-01 
6.8499261890e-10 1.3089729605e+04 6.4848803656e-01 
5.7977695585e-08 1.2450505201e+04 9.5723823057e-01 
1.2342762623e-08 1.1734941234e+04 6.7824011019e-01 
9.5500319981e-10 1.5638058340e+04 7.3688751528e-01 
1.8394398069e-05 2.0828002666e+04 9.1284932291e-01 
1.5458745318e-08 2.5000000000e+04 4.7087275774e-01 
1.5335516296e-09 1.8584660106e+04 1.0826212156e+00 
3.4030972081e-07 1.3115306634e+04 8.9922103663e-01 
3.5004444337e-08 1.1770816495e+04 6.0838405742e-01 
6.0108785900e-08 1.1391455570e+04 6.9592014452e-01 
2.4017914023e-08 1.1284477127e+04 7.3992409764e-01 
2.0208029545e-08 1.5763974363e+04 1.0272294698e+00 
5.2261549170e-08 1.6054830266e+04 8.7190846195e-01 
6.7938176510e-08 1.5953608654e+04 9.8176040824e-01 
1.8320343029e-10 1.2047541804e+04 1.1521006230e+00 
7.0187071449e-08 1.1908617560e+04 4.8561681422e-01 
7.9408256150e-08 1.3954897619e+04 2.2589527641e-01 
1.2267994418e-10 1.3319999306e+04 7.6260276466e-01 
1.0224267717e-10 1.2256159504e+04 1.0679499913e+00 
1.3067170479e-08 1.1893405747e+04 7.1357617714e-01 
7.1244401125e-09 1.1572651799e+04 6.8058388129e-01 
6.6554647290e-10 1.5156963344e+04 1.0016242218e+00 
4.2300112402e-10 1.1616081465e+04 9.5485170834e-01 
1.5080738658e-09 2.4124653960e+04 1.3358321163e+00 
3.8998427366e-08 1.6229331413e+04 9.9383163094e-01 
4.2323368180e-06 1.1629166737e+04 5.8933741391e-01 
1.1758742211e-09 1.2314519531e+04 8.3510920182e-01 
1.1489586504e-08 1.1664198098e+04 1.9323531664e-01 
6.0153026813e-09 1.5713338140e+04 5.9306738648e-01 
8.6912019486e-10 1.5863127830e+04 1.2213678302e+00 
2.3125417288e-11 1.1493750261e+04 4.4772178586e-01 
1.6734081863e-09 1.4315347625e+04 4.4090239800e-01 
6.1870793997e-12 1.4786147348e+04 7.5848772055e-01 
6.4394162643e-09 1.1312965760e+04 5.9112856947e-01 
3.6003954183e-11 1.1236332902e+04 8.4324402497e-01 
2.1067114375e-06 1.2490028716e+04 9.7740737657e-01 
2.6435084766e-05 1.2800024708e+04 9.1170577783e-01 
2.0873738498e-11 1.6607115900e+04 3.0301442258e-01 
5.0393159303e-11 1.6486551093e+04 5.8784224070e-01 
4.1288278850e-10 1.7769685550e+04 5.3282483835e-01 
2.7780750026e-08 1.1395111117e+04 6.6348364105e-01 
6.8879402964e-09 1.3772112753e+04 9.5281865336e-01 
2.9862065293e-08 1.1705132445e+04 8.3116627148e-01 
1.0861194822e-08 1.5001662051e+04 6.2447036617e-01 
1.1261502207e-10 1.7163664688e+04 7.3139348456e-01 
3.1848952014e-09 1.1376293812e+04 5.3721923688e-01 
2.7971526060e-09 1.2483419994e+04 1.0000989745e+00 
5.1380036063e-08 1.4067203997e+04 1.1897301877e+00 
1.3758054985e-09 1.8095779054e+04 1.1384628971e+00 
2.3100140334e-06 2.0776898091e+04 7.8858635951e-01 
1.3268010458e-09 1.5373680142e+04 9.4131955300e-01 
1.5934463772e-09 1.2206275543e+04 1.0369680196e+00 
1.8924684125e-09 1.2924888629e+04 1.4167322017e+00 
1.2734696756e-07 1.5038403553e+04 1.2935714837e+00 
1.3654323876e-09 2.5000000000e+04 6.3674146191e-01 
4.0120369893e-08 1.2765554697e+04 1.3767196508e+00 
2.7819836383e-11 1.1656749250e+04 1.1171209435e+00 
2.5866286773e-09 1.3230442832e+04 4.8969340035e-01 
3.3751795268e-09 1.5049659287e+04 1.8130301398e-01 
1.0533680142e-11 1.5233367441e+04 3.3066671599e-01 
1.0897287122e-10 2.2539333064e+04 7.0709365156e-01 
6.9599775638e-10 2.5000000000e+04 3.0703118284e-01 
4.8896802591e-10 1.6906363408e+04 1.1040093237e-01 
5.4241141754e-09 1.1864249825e+04 1.8229555077e-01 
2.9834707795e-09 2.0702039443e+04 1.0450696942e+00 
5.6652711661e-09 1.4307266511e+04 3.3797123432e-01 
8.1283761270e-10 1.2493550179e+04 7.7313445398e-01 
1.0756188269e-07 1.2266215977e+04 8.6937169339e-01 
3.0381905351e-10 1.2981158961e+04 4.3628146504e-01 
9.0989096736e-12 1.2255325899e+04 3.7623795210e-01 
4.4285965323e-09 1.1648787409e+04 8.2025968925e-01 
2.0091137488e-08 1.5347146265e+04 8.3039622166e-01 
1.2530105044e-07 1.4506820122e+04 1.0166164610e+00 
3.9183298556e-08 1.1347816053e+04 1.0396345338e+00 
2.4962196067e-05 1.2019900346e+04 1.2045576313e+00 
7.5632390694e-10 1.2254453924e+04 9.3851825472e-01 
1.8069106415e-09 1.5064027179e+04 1.1019797409e+00 
1.3455693603e-06 1.7407582646e+04 1.4205120469e+00 
9.5512308334e-10 1.3432649584e+04 3.2336751801e-01 
1.0531870358e-08 1.2312231191e+04 2.0123163254e-01 
3.2694686744e-10 1.2217072873e+04 8.3378926271e-01 
4.0457754482e-10 1.1602607418e+04 5.0480777779e-01 
1.3697190191e-09 1.2481204408e+04 1.4239686971e+00 
1.8611518106e-10 1.1318946593e+04 3.8527150479e-01 
2.8642613374e-09 1.4964602148e+04 6.5393363850e-01 
1.2937457761e-06 1.4234737691e+04 4.5588385570e-01 
2.4129032607e-10 1.2345866075e+04 8.4226274672e-01 
1.5769352734e-10 1.4353983995e+04 8.9699408248e-01 
1.6287288163e-08 1.1632428347e+04 6.0206345293e-01 
1.5423181997e-08 1.1357684299e+04 5.3795538392e-01 
6.9293107693e-09 1.3896271674e+04 4.0078420819e-01 
9.0327252322e-11 1.1225250550e+04 5.2318536977e-01 
9.3880994087e-10 1.6237122014e+04 8.0668086191e-01 
5.0111536045e-09 1.4089160824e+04 1.1913596254e+00 
1.4561921044e-08 1.4746328548e+04 8.5498472439e-01 
3.4598542109e-09 1.2539834088e+04 8.8461998067e-01 
2.0463617659e-09 1.3428005172e+04 4.4154842988e-01 
8.7163438678e-09 1.5874705177e+04 6.1689153315e-01 
2.9201366719e-08 1.2524695956e+04 1.2012336484e+00 
3.2447606009e-08 1.7581155643e+04 1.0007682601e+00 
8.9719445382e-07 1.2835332964e+04 4.5469606488e-01 
6.4722918012e-09 1.9693963600e+04 1.1338948200e+00 
1.2267766640e-11 1.1558744401e+04 4.4985930564e-01 
1.0222140165e-08 1.5138879999e+04 1.1313914162e+00 
1.4500458496e-11 1.3997088538e+04 5.4471723749e-01 
1.1310634498e-09 1.2092511414e+04 1.2317274564e+00 
1.2649464714e-11 1.1446161954e+04 8.5079215871e-01 
2.1014976063e-07 1.1821678563e+04 7.7322643826e-01 
8.9010097451e-06 1.1550432212e+04 8.4515869218e-01 
2.9439976093e-09 1.7619562689e+04 6.5809862409e-01 
4.0551892814e-07 1.1938483571e+04 1.8212794798e-01 
1.4065752313e-08 1.1407490317e+04 1.0567512741e+00 
2.0438761514e-07 1.1227625104e+04 6.6716488328e-01 
1.8167261530e-10 1.3011273327e+04 7.0053438234e-01 
1.4977474843e-08 2.1187202078e+04 1.1821568078e+00 
1.1764917203e-07 2.5000000000e+04 6.3438389550e-01 
7.0079562943e-09 1.2664706120e+04 1.0156385545e+00 
2.9225446998e-09 1.5031012971e+04 9.7181995168e-01 
4.3430042249e-07 1.3567107943e+04 9.0801580868e-01 
7.3981819771e-09 1.4966827556e+04 1.1488519918e+00 
4.2503401796e-11 1.1225012216e+04 5.0426825254e-01 
5.6373379122e-10 1.4175558873e+04 1.0473107085e+00 
4.2686345111e-09 1.8652540817e+04 1.1635204950e+00 
1.7984718894e-10 1.2897060203e+04 1.4183683466e+00 
6.6317227452e-10 1.1999203386e+04 5.5003738816e-01 
3.6010172300e-09 1.3305510082e+04 1.5296887479e+00 
2.1201419906e-09 1.4331687195e+04 7.5839759078e-01 
6.3051320966e-11 1.2997340419e+04 9.4565929071e-01 
7.0928772047e-09 1.3248784171e+04 8.0810648324e-01 
1.3273153842e-07 1.2479088936e+04 1.4024969716e+00 
1.2891412405e-08 1.2620535330e+04 6.0752526168e-01 
3.6849027251e-10 1.2383066084e+04 5.0798880782e-01 
5.4150219098e-09 1.1715076322e+04 4.2743889711e-01 
1.9673008155e-06 1.5184062933e+04 7.7900724112e-01 
4.8768069183e-08 1.1898179664e+04 5.8581746410e-01 
1.6788660145e-10 2.5000000000e+04 7.9276028615e-01 
9.6111979191e-10 1.4559418087e+04 7.4270320424e-01 
3.5367164891e-10 1.3450099908e+04 5.3868594547e-01 
3.2356269004e-10 2.0839060244e+04 3.2763378093e-01 
5.0122778344e-10 1.1557254986e+04 9.7600862611e-01 
1.9321224273e-09 1.3586682467e+04 9.4803863285e-01 
1.0391298319e-11 1.4427214049e+04 3.0394733838e-01 
1.1498625382e-08 1.6369182109e+04 8.1442683559e-01 
1.3770141308e-08 1.2208356397e+04 7.6094696435e-01 
7.4711420397e-10 1.1488412500e+04 8.2847540522e-01 
1.5955895523e-10 1.4283372572e+04 1.0063674939e+00 
6.5075993021e-09 1.3140583593e+04 6.6986544158e-01 
5.5260859017e-09 1.3773959471e+04 3.1367726509e-01 
4.1114106539e-08 1.7180688131e+04 1.1568712150e+00 
1.3170407762e-10 1.2170362499e+04 4.2181419961e-01 
4.7177428187e-10 1.1991298006e+04 7.1811480993e-01 
5.6904913135e-07 1.2749542816e+04 8.6743229257e-01 
1.6951479909e-07 1.1692433969e+04 1.0910613546e+00 
5.4347316574e-09 1.1992985558e+04 1.0619219499e+00 
4.2245274422e-09 1.6543903489e+04 2.1931496919e-01 
1.0551886188e-08 1.2995572864e+04 1.4080119106e+00 
4.0216132211e-08 1.1919580520e+04 9.8857782849e-01 
8.7312807771e-07 1.2390164946e+04 1.1367137986e+00 
2.8310635630e-09 1.5584578222e+04 3.9772575109e-01 
7.0080973362e-09 1.3089865914e+04 1.0660544114e+00 
1.3833243723e-09 1.3580625857e+04 1.0588204358e+00 
1.0657186344e-07 1.1217991421e+04 9.5616712040e-01 
1.9657124314e-11 1.2837800927e+04 8.5530484957e-01 
5.9650084205e-12 1.7326086251e+04 3.1303219488e-01 
2.5270701205e-10 2.0379231568e+04 5.2185518995e-01 
1.7208611117e-08 1.8743744471e+04 4.0729120147e-01 
5.3861213856e-09 1.8232050802e+04 2.9803402863e-01 
2.9181408700e-11 1.3526822789e+04 1.0055008655e+00 
3.9021739260e-09 1.6457066789e+04 1.0215343043e+00 
1.1734134459e-08 1.1695397271e+04 1.2803012659e+00 
6.0954043687e-12 1.1797407354e+04 8.1320475309e-01 
5.0357264213e-08 1.2044824948e+04 6.9648754819e-01 
9.0568005871e-09 1.3357695535e+04 1.3278585667e+00 
6.1406175158e-10 1.1348456211e+04 1.1303372608e+00 
4.6778243962e-09 1.1258977150e+04 6.5108124319e-01 
1.2505079114e-09 1.1506130431e+04 7.8108038928e-01 
1.0886590287e-09 1.4551744053e+04 9.8442559677e-01 
4.5182264340e-06 1.5742142155e+04 8.1123431437e-01 
2.0736201444e-10 1.9249733939e+04 3.0372032243e-01 
3.5107292455e-08 1.7816378452e+04 1.0298857726e+00 
5.3446292498e-09 1.6981589064e+04 1.0026068987e+00 
8.6666526157e-10 1.1959645479e+04 9.7642594708e-01 
2.1912221504e-10 1.7970240631e+04 1.3811237561e+00 
6.7758015552e-09 1.3696418217e+04 5.5165228683e-01 
4.6922260422e-08 1.5147045124e+04 1.2995138736e+00 
3.0307989135e-09 1.1659911884e+04 1.4954522678e+00 
4.0514313002e-07 1.1334990178e+04 1.7489303370e-01 
2.9798605544e-08 1.7027478532e+04 9.4469334874e-01 
6.0025878766e-09 2.0608491393e+04 1.3734106416e+00 
1.7249324767e-10 1.1321869480e+04 8.2068981413e-01 
5.3416838309e-09 2.5000000000e+04 7.7197276810e-01 
6.0890853240e-10 2.2585431839e+04 7.0397824977e-01 
2.8855704790e-11 1.7818931192e+04 3.5748461003e-01 
4.2581787517e-08 1.1300762876e+04 1.2329092130e+00 
1.8096748108e-08 1.8084681197e+04 3.2940230615e-01 
1.0271343634e-10 1.8194535351e+04 7.9455517149e-01 
4.2053809994e-08 1.2588880110e+04 8.5121546688e-01 
4.3413366242e-08 1.1400377317e+04 8.7498274532e-01 
3.3132969387e-10 2.1541520229e+04 1.3874141510e+00 
4.8825172855e-09 1.2852616744e+04 4.8854846364e-01 
1.8316289077e-11 1.7558176527e+04 3.7306433238e-01 
5.4408793034e-09 1.7259499736e+04 8.9687866069e-01 
4.6767012803e-06 1.8751525996e+04 6.8573025416e-01 
3.0394827999e-08 1.6532615239e+04 3.2920572665e-01 
6.6415359128e-09 2.0633188915e+04 4.1071699097e-01 
4.1510568997e-06 1.1374922741e+04 9.2137235980e-01 
2.0052251113e-10 1.1487629959e+04 1.0548547420e+00 
9.1615591201e-09 1.3195490522e+04 9.7861882364e-01 
1.1368245975e-08 1.2374521576e+04 6.0953721286e-01 
3.8926192387e-08 1.9968333445e+04 2.0621757973e-01 
1.9639110794e-09 1.1982012790e+04 8.2978138856e-01 
1.9167086803e-09 1.3315165617e+04 9.8432529266e-01 
1.7317341852e-09 1.1429027440e+04 1.1572869246e+00 
2.1525202629e-11 1.2040018250e+04 1.1568583210e+00 
1.1711522496e-08 1.4769468750e+04 1.2441989200e+00 
2.4291312114e-08 1.2669607177e+04 8.0673720597e-01 
3.3634246329e-09 2.1253205786e+04 1.3108583466e+00 
6.2307985472e-08 1.3597636675e+04 1.9288240586e-01 
6.0471882328e-07 1.5247563618e+04 1.5663479120e-01 
2.5219287975e-06 2.0255608989e+04 6.6745365363e-01 
4.3574787792e-07 1.3813470862e+04 6.3125595119e-01 
1.5692496105e-09 1.6183883063e+04 3.7701343112e-01 
6.8972953247e-12 1.2804532467e+04 4.5089585079e-01 
2.6721538279e-10 1.3964619859e+04 5.6250604936e-01 
3.2923472764e-10 1.2015000062e+04 6.7523775937e-01 
4.2177271887e-07 1.6201902285e+04 8.5854002987e-01 
7.3035889227e-09 1.3113672466e+04 4.4450871953e-01 
3.2745016168e-09 1.2008206521e+04 1.4613862745e+00 
1.0325771985e-07 1.4275532818e+04 1.0477294978e+00 
2.1057133534e-10 1.4703968581e+04 1.4073628454e+00 
1.7339875444e-11 2.1680644995e+04 8.3202339816e-01 
8.0480006463e-10 1.5715925196e+04 9.9891252927e-01 
3.7107789131e-10 1.4840281649e+04 1.2476500268e+00 
4.0573450797e-08 1.6293463700e+04 1.3065732952e+00 
1.2508555140e-09 1.2467805306e+04 5.7646284390e-01 
4.2870036133e-10 1.3724747580e+04 1.1114905805e+00 
1.0111494213e-09 1.1465039724e+04 1.0734170278e+00 
1.5661001405e-09 1.2152255638e+04 9.8639021169e-01 
4.2861382232e-08 1.3465567506e+04 1.4572244564e+00 
2.5153771644e-06 2.2480569970e+04 7.2277529803e-01 
3.3437803192e-11 1.2454395817e+04 6.7132372758e-01 
7.6636984479e-11 1.6233769776e+04 8.5311541400e-01 
3.3745302712e-09 1.5665027349e+04 1.2651002866e+00 
1.4144503906e-06 1.2784213266e+04 8.8477022009e-01 
6.3233784202e-09 1.2418450921e+04 7.4106280557e-01 
1.4562618147e-11 1.2053797197e+04 8.9796136469e-01 
1.0582717635e-09 1.9482666002e+04 6.5070585127e-01 
3.0061499702e-10 1.7152904488e+04 1.0009136331e+00 
4.0961012063e-10 1.5455483757e+04 3.9863121048e-01 
1.8464482319e-07 1.9092736436e+04 1.0268108975e+00 
5.3353042789e-10 2.2827490905e+04 7.7286410322e-01 
1.4824161830e-08 1.2312240194e+04 5.4151221188e-01 
1.6490604550e-07 1.3561087782e+04 5.3456078036e-01 
2.8035696612e-10 1.1452207872e+04 6.7689654705e-01 
1.3610417475e-10 1.2685590159e+04 5.3290269707e-01 
1.7308680685e-08 1.5892075297e+04 7.8062883259e-01 
1.2037111607e-09 1.1441616188e+04 1.3718337336e+00 
9.2186791141e-11 2.5000000000e+04 9.0281817562e-01 
3.8563125413e-07 1.1288537243e+04 6.9390145913e-01 
2.1634107258e-06 1.4212606981e+04 9.6452911132e-01 
6.2088820564e-07 1.2400834045e+04 4.2838250983e-01 
5.4980018968e-11 1.1486259814e+04 5.4251809918e-01 
7.5930874564e-09 1.2556556919e+04 6.6977324562e-01 
3.1107448646e-10 1.4209474622e+04 1.1794381178e+00 
1.5090903858e-10 1.2706379490e+04 5.4953523308e-01 
4.8761095802e-09 1.3320822886e+04 4.9700261281e-01 
1.1469770634e-07 1.2287604574e+04 8.8884232746e-01 
8.9702518047e-09 1.5728539966e+04 3.6145104735e-01 
3.7247670760e-10 1.1645640359e+04 2.6365687436e-01 
9.0885115372e-10 1.6464209429e+04 3.3898004710e-01 
4.8916651187e-11 1.2862087872e+04 8.8736489018e-01 
3.0055721144e-11 2.1454279729e+04 9.1769770215e-01 
1.3826013645e-10 1.6618462391e+04 1.3538043718e-01 
2.1616645258e-11 1.9439811811e+04 2.8774161895e-01 
4.6093548713e-11 1.3672638223e+04 9.8545513047e-01 
1.4029648023e-05 1.7547977351e+04 1.2619864111e+00 
1.7789057308e-08 1.1334489685e+04 9.2866248677e-01 
2.9575866918e-08 1.5670507984e+04 5.9020930401e-01 
2.5135282652e-09 1.3004220141e+04 4.6178047930e-01 
1.1132074805e-10 1.4271627464e+04 7.9781271252e-01 
6.7236247219e-12 2.1082265938e+04 7.3209649313e-01 
4.2356829362e-12 1.1437265048e+04 8.6693014956e-01 
3.1828595941e-07 1.4229610493e+04 9.0467963947e-02 
9.5380963890e-09 1.3163270927e+04 1.1427663222e+00 
4.6501047248e-10 1.4601222644e+04 8.9497851981e-01 
4.3661374113e-08 1.1685180933e+04 4.4179507836e-01 
1.8032699808e-06 1.4785618714e+04 9.5799826698e-01 
3.0959156940e-09 1.6109122102e+04 1.1098706913e-01 
4.4722512709e-09 1.1992695310e+04 1.2879415924e+00 
3.8680490274e-07 1.2036246308e+04 4.5817752604e-01 
7.6476991019e-08 1.1614820027e+04 4.7336999174e-01 
6.6385439225e-11 1.3899023662e+04 3.9041360326e-01 
5.1144578987e-09 1.9327818978e+04 4.2061422826e-01 
2.5796295278e-07 1.1909996621e+04 3.2076471097e-01 
2.8452131395e-10 1.3244673076e+04 5.6910013578e-01 
1.5836846124e-10 1.8657613115e+04 8.6918933690e-01 
4.7832372067e-09 1.2227321744e+04 1.4324894155e+00 
2.5986938854e-09 1.7141571723e+04 1.1657509078e+00 
8.3181584640e-09 1.2407151189e+04 6.8108449109e-01 
9.9555024048e-10 1.2934922412e+04 5.5872922519e-01 
3.2743894875e-10 1.2351514202e+04 1.0082426522e+00 
5.7605367251e-08 1.4243903852e+04 8.6941935813e-01 
2.2476665201e-08 1.3535458072e+04 6.4946025274e-01 
1.7647140514e-11 1.1874170500e+04 1.0318089392e+00 
3.4020920535e-09 1.5540684495e+04 1.3291642992e+00 
3.5458269749e-07 1.3743755314e+04 8.1065508571e-01 
7.9321000350e-11 1.2752321973e+04 1.2234560286e+00 
2.3411348271e-08 1.5294765681e+04 1.0528151196e+00 
6.4434006092e-07 1.2008635706e+04 3.2812938466e-01 
1.3688769836e-09 1.1939006369e+04 7.3117066452e-01 
7.0853706386e-11 1.2425809685e+04 9.0180776261e-01 
1.6951224294e-08 1.6183345635e+04 6.1184332551e-01 
1.9313647927e-08 1.6282810909e+04 7.3874689515e-01 
5.9556242014e-10 1.8270325892e+04 1.3672213747e+00 
9.7098106526e-07 1.3325764403e+04 4.0268398500e-01 
2.1461699821e-07 2.5000000000e+04 9.3889487107e-01 
1.3834387114e-06 1.1564399798e+04 8.8147644326e-01 
3.0284142355e-09 1.2762490487e+04 4.3578012621e-01 
3.7005274380e-09 1.3912628702e+04 1.3238805576e+00 
5.8782037135e-09 1.3868591970e+04 5.1650129092e-01 
3.4175982952e-09 1.3134212593e+04 7.6787923252e-01 
3.4519470463e-09 1.8604431867e+04 1.6293262128e-01 
1.8203398090e-05 1.1533121565e+04 7.0600273934e-01 
9.4209449032e-09 1.7191884953e+04 5.9269818854e-01 
3.6245727913e-08 1.2899301129e+04 7.5383687020e-01 
1.9767663490e-11 1.3337237841e+04 6.7458857804e-01 
1.7678661267e-09 1.1364936583e+04 1.0870384694e+00 
2.5066368528e-09 1.4969525715e+04 1.0202465680e+00 
7.8754707273e-10 1.5295297798e+04 4.3087047250e-02 
3.7595688669e-06 1.6106149462e+04 3.5425942056e-01 
1.2083605659e-09 1.6072840017e+04 1.2300437193e+00 
1.3175306044e-09 1.7695917331e+04 7.4174972310e-01 
1.7611646165e-06 1.2272497644e+04 9.8549208564e-01 
2.1042702338e-07 2.3544626975e+04 1.4988361713e+00 
5.4308821359e-12 1.1810335701e+04 6.7972382195e-01 
3.2463170890e-10 1.2476362673e+04 6.0411891592e-01 
1.3044284967e-10 1.4349384722e+04 7.7533366162e-01 
2.5958263927e-08 1.2307556900e+04 1.1051055082e+00 
1.0360906111e-08 1.5847238049e+04 8.2453903133e-01 
1.7739094826e-06 1.1576258594e+04 4.9641897574e-01 
6.1395900939e-11 1.1267585452e+04 1.0371519419e+00 
5.8737361365e-11 1.2186602756e+04 8.4304984913e-01 
1.3489844668e-10 1.5009146394e+04 5.8178304212e-01 
1.7798843707e-07 1.3864202246e+04 2.3648275908e-01 
1.3518763558e-08 1.3020850735e+04 7.5287048880e-01 
2.8807412209e-09 1.1653897461e+04 1.1912460109e+00 
3.2151762241e-09 1.1549639706e+04 6.3830382750e-01 
3.1818809598e-08 2.5000000000e+04 1.4595305685e+00 
5.7637122591e-09 1.7672712180e+04 9.9648786558e-01 
1.1089892788e-09 1.2955313905e+04 1.0832307076e+00 
2.9492509344e-10 1.4442682197e+04 5.6451969961e-01 
1.2418586117e-08 1.5526625294e+04 1.1974268216e+00 
1.4997055726e-10 1.1946828371e+04 5.0112117581e-01 
2.2234082631e-09 1.1680209900e+04 7.0755117562e-01 
3.0855684971e-09 1.2313980542e+04 8.0247463110e-01 
2.0456045393e-07 1.6058735416e+04 1.0213059388e+00 
9.9961428082e-07 2.0893725694e+04 2.8804718143e-01 
5.0736418015e-07 1.2443415820e+04 5.6709025377e-01 
3.6730868635e-07 1.6109216755e+04 5.5030591665e-01 
2.1488880151e-06 1.5928234278e+04 6.2471883142e-01 
3.1098356360e-06 1.8021413406e+04 1.4672533179e+00 
9.0587522789e-07 1.5446772023e+04 9.9512702412e-01 
1.2261858459e-06 1.2590874954e+04 8.1531073471e-01 
1.0162622918e-09 1.9822322688e+04 3.9242089621e-01 
4.2342230273e-06 1.2334779031e+04 4.9704668111e-02 
3.1759007425e-08 2.1151771522e+04 6.5842044844e-01 
3.1643174794e-10 1.2766821042e+04 7.4053936477e-01 
1.2934510043e-08 1.1780501992e+04 3.8742495513e-01 
8.4994880945e-08 1.5396452786e+04 5.6451983064e-01 
1.7254544052e-08 1.8369816909e+04 1.3270782009e+00 
2.8772897375e-08 1.4006924855e+04 5.6446764084e-01 
8.0580569021e-10 2.2064241322e+04 3.8368454999e-01 
4.2603522853e-08 1.1603121373e+04 9.1365743763e-01 
9.6316812730e-10 1.1478392667e+04 4.2290609749e-01 
1.0486037668e-11 1.2425159199e+04 6.7049037013e-01 
4.6353356637e-07 1.3211305394e+04 7.3300228504e-01 
5.9131378301e-11 1.2353006304e+04 1.1495002001e+00 
2.8785812128e-06 1.1233174795e+04 7.3755154326e-01 
4.5497169062e-08 1.2178445091e+04 6.6066326542e-01 
5.1920025173e-09 1.4506953610e+04 4.4836013350e-01 
2.3369882087e-07 2.1474485533e+04 1.0160977947e+00 
2.3651313906e-08 1.2381088114e+04 1.4728823348e+00 
5.1134552314e-09 2.0673281029e+04 3.6198846160e-01 
2.9134413016e-08 1.5104800506e+04 6.3901475366e-01 
1.1952395518e-09 1.4085499415e+04 9.9128348842e-01 
5.3638867289e-10 1.1352791829e+04 8.9023039376e-01 
5.6449209852e-09 1.2336699563e+04 2.9875506045e-01 
1.9131647411e-08 1.1783715357e+04 2.2261707309e-01 
6.6131404006e-06 1.2363149844e+04 5.7025135686e-01 
9.2693690225e-07 1.3402304908e+04 1.0716014038e+00 
3.1130902923e-10 1.1870175429e+04 7.6879920894e-01 
1.3260584178e-05 1.2366995026e+04 1.1653098524e+00 
1.6361843838e-07 1.1861420756e+04 5.1455165214e-01 
1.3743785909e-10 1.3214909150e+04 1.2011658280e+00 
4.3252575706e-11 1.1615776657e+04 9.6551933026e-01 
3.0334064836e-06 1.1711992149e+04 6.7490360538e-01 
1.5499413786e-09 1.1423729888e+04 1.3843194797e+00 
3.1456757296e-09 1.1425341825e+04 1.3377244594e+00 
1.0493475359e-05 1.3070052856e+04 4.9726646976e-01 
3.3160029622e-07 1.1996306011e+04 6.3992408934e-01 
4.7198963341e-09 1.2845361980e+04 1.0824366909e+00 
6.3090037666e-07 1.2642557926e+04 7.3755232740e-01 
5.7759515641e-12 1.1533889440e+04 9.8874338615e-01 
1.2495515119e-09 1.2933333500e+04 1.5092498975e-01 
1.6414583715e-08 1.1605345123e+04 1.2808496403e-01 
1.9556105555e-07 1.4397268269e+04 1.3813113887e+00 
1.5638228969e-06 2.2697203291e+04 1.3039199681e+00 
6.2251886636e-10 2.1903320323e+04 6.5014173001e-01 
1.8631210643e-07 1.1234365625e+04 1.3881030938e-01 
8.4095386522e-08 1.3763643214e+04 1.1648962944e+00 
2.0717187762e-07 1.2632118580e+04 5.0063243217e-01 
1.6238011407e-07 1.5094702319e+04 3.8491130892e-01 
1.6046915548e-09 1.1958891971e+04 4.8959255588e-01 
4.7084806994e-09 1.3135955588e+04 6.2238676710e-01 
1.6114338180e-09 1.8274137627e+04 8.3040030968e-01 
1.6432861533e-09 1.5080036670e+04 9.0955352798e-01 
3.6104738364e-10 1.1615815413e+04 1.0372999648e+00 
4.4273770519e-08 1.1275607522e+04 1.6390862398e-01 
4.5897901420e-08 1.2312560967e+04 1.1504279508e-01 
7.3091649728e-06 1.2804215260e+04 6.5485436621e-01 
9.5220308861e-08 1.5185438713e+04 1.1762323512e-01 
5.8376828709e-10 1.1572510974e+04 2.7934432683e-01 
9.5269670020e-12 1.1779000921e+04 7.4790871298e-01 
4.9062899466e-12 1.2075822091e+04 6.0157937868e-01 
2.3937124962e-09 1.4077841506e+04 1.2933822600e+00 
2.2698840469e-10 1.1735646363e+04 6.9791633437e-01 
1.5445481767e-08 1.9328195682e+04 6.1296260982e-01 
4.6698625380e-10 1.1941863753e+04 5.3702089060e-01 
1.1830766378e-09 1.2939774401e+04 7.6413492727e-01 
7.5697088987e-09 1.9298028914e+04 1.3605811445e+00 
4.6922612332e-07 1.2276111317e+04 1.4194577589e+00 
6.7501817252e-10 1.2570862423e+04 6.7602718667e-01 
9.1515382799e-09 1.8622114202e+04 7.9412028664e-01 
2.9565938779e-08 1.1202704055e+04 8.1096342247e-01 
9.6595176262e-10 1.7285763361e+04 7.5452810168e-01 
8.3840751708e-10 1.2880101055e+04 8.6946752180e-01 
1.5185780856e-09 1.3052547776e+04 1.1311705406e+00 
4.5498932578e-09 1.1604367352e+04 3.9930767194e-01 
3.7760291718e-09 1.1204043872e+04 8.7544899460e-01 
6.7708958421e-09 1.1710943758e+04 5.7375074584e-01 
1.8069602979e-07 1.2993354821e+04 6.2930523267e-01 
8.3094476601e-08 1.4412421688e+04 9.9834203804e-01 
4.3399553538e-09 1.3312779481e+04 4.2341413632e-01 
5.2891237619e-07 1.4145163487e+04 3.1332858844e-01 
3.9203488072e-09 1.1704934174e+04 1.3027310383e+00 
1.3511337939e-08 1.1993959277e+04 4.6572771923e-01 
6.6850991179e-11 2.5000000000e+04 6.8875861974e-01 
3.4922776778e-09 2.5000000000e+04 1.2708656686e+00 
3.1429759084e-11 1.2876817555e+04 1.4477569597e+00 
6.7062707522e-08 1.2452770527e+04 8.2795096436e-01 
4.1492857568e-09 1.3048351228e+04 1.1124278086e+00 
4.5835175421e-10 1.3624602403e+04 4.3495311140e-01 
2.0074227898e-06 2.0013258239e+04 9.4970152640e-01 
1.2864070653e-10 1.5251011176e+04 4.9130188829e-01 
2.4373785722e-10 1.6762357309e+04 1.1733767175e+00 
1.7371399191e-09 1.3439342187e+04 5.7886935272e-01 
1.6690468120e-08 1.4091475119e+04 3.0779002275e-01 
9.8974909792e-07 1.4263859511e+04 8.4449042784e-01 
1.7088275899e-10 1.7396054043e+04 1.1468847756e+00 
7.2145257671e-11 1.6851338598e+04 6.4718356513e-01 
3.0854827155e-09 1.7683462256e+04 1.3629298745e+00 
4.7505903638e-10 2.3690979346e+04 6.1391308829e-01 
1.6493375283e-06 1.1541544549e+04 6.9525151414e-01 
3.0063109172e-10 2.4873195085e+04 7.8922554300e-01 
2.1475122156e-06 1.1812873414e+04 4.0469130029e-01 
3.6244423504e-09 1.8259560357e+04 7.3514912302e-01 
5.9111460803e-08 1.1398666064e+04 1.9208206900e-01 
6.3611971901e-12 1.1586347887e+04 1.3643776205e+00 
4.2730175084e-10 1.5210302818e+04 5.9367186647e-01 
2.4125204431e-07 1.2295373357e+04 3.4213227797e-01 
4.3834400448e-08 1.5480622014e+04 7.1336897760e-01 
8.8891642427e-10 1.1678017471e+04 1.1829457970e+00 
3.1708278771e-08 1.3100956459e+04 1.2448289915e+00 
1.8752186787e-08 2.2482829316e+04 9.1156729037e-01 
3.8169568055e-09 2.5000000000e+04 1.3444336260e+00 
8.7095184994e-10 1.1520431864e+04 1.0602037976e+00 
1.0262675264e-07 1.2221747198e+04 8.8088997894e-01 
2.0749216119e-06 1.2206377141e+04 1.3201976416e+00 
2.7576564931e-08 1.1991583183e+04 2.2783509410e-01 
1.3752886935e-09 2.4163572052e+04 8.8342864460e-01 
3.2891014526e-11 1.4380554375e+04 2.1471892528e-01 
4.6620075094e-08 2.5000000000e+04 1.2235400905e+00 
8.9699339094e-08 1.6467679367e+04 6.0330168700e-01 
2.5995012187e-08 1.2642132325e+04 7.5715392099e-01 
5.1964057165e-06 1.1681408765e+04 7.2538546256e-01 
2.6507832263e-10 1.2075438882e+04 4.9455687303e-01 
3.1677797814e-08 1.2476878955e+04 6.5041362337e-01 
6.3994947023e-08 1.4154956099e+04 1.0204962886e+00 
1.0042561724e-10 1.7292777675e+04 1.0649842154e+00 
2.9223508174e-11 1.1469519215e+04 9.1657352524e-01 
6.7075483847e-09 1.6270144394e+04 1.1859067087e+00 
6.7773914001e-10 1.2249324041e+04 2.8581814402e-01 
9.1105486334e-06 1.7745092089e+04 1.4410592030e+00 
8.4820661100e-08 1.1676427214e+04 8.6909791600e-01 
8.4274598527e-09 1.3696588324e+04 6.2869981500e-01 
1.4987086956e-10 1.2284716634e+04 3.6403126312e-01 
6.1594348556e-11 1.1749852439e+04 7.5798172698e-01 
2.3528532312e-09 1.5623510437e+04 1.1391796748e+00 
3.9637649990e-10 1.7319585481e+04 1.8078049739e-01 
9.8523611242e-09 1.1418145958e+04 9.0824116440e-01 
2.2705358260e-08 1.1485212798e+04 7.5288007995e-01 
1.9169397149e-10 1.5923816624e+04 4.8639181801e-01 
1.9533500430e-10 1.3023462846e+04 1.0576343181e+00 
1.1082014179e-07 1.2577659021e+04 5.0391508308e-01 
2.3209540421e-11 1.1306741217e+04 2.8696503362e-01 
1.3218097895e-08 1.4037865135e+04 8.3341532258e-01 
2.8027046020e-10 1.5107529551e+04 5.0482462913e-01 
2.7788894029e-06 1.5742532603e+04 1.0833760998e+00 
2.4716443765e-08 2.0819112146e+04 4.3072355554e-01 
3.9173165871e-10 1.8899458599e+04 6.1974883131e-01 
4.2075254825e-08 1.4183182425e+04 1.1463267411e+00 
5.1550863126e-11 1.8714608972e+04 1.3642168495e+00 
3.7412702634e-08 1.1362688760e+04 2.2449894329e-01 
8.4218339591e-10 1.2672103753e+04 1.1746902722e+00 
4.5821416887e-11 1.7149678835e+04 8.9599318608e-01 
8.2471378480e-09 1.1201509317e+04 1.0972972557e+00 
2.5902198564e-07 2.1050534038e+04 1.0892540052e+00 
3.1427029561e-11 1.1900436862e+04 1.0705935766e+00 
4.3388644723e-09 1.2035136616e+04 1.2618850965e+00 
3.0035767131e-08 2.5000000000e+04 4.4827681482e-01 
5.9126344879e-10 1.2395949425e+04 6.7289720264e-01 
6.5530237591e-11 1.2350464515e+04 8.2351403008e-01 
2.2322155830e-08 1.8519910002e+04 8.2462231141e-01 
5.4505403175e-09 1.1982115388e+04 6.3005793813e-01 
1.2400733307e-07 1.5496712777e+04 5.9563817274e-01 
1.0717100119e-11 1.1677922191e+04 4.1181153931e-01 
1.0865848513e-08 1.1659593813e+04 1.4251271643e+00 
8.4317963774e-08 2.2905428476e+04 5.2231266189e-01 
4.6542746374e-08 1.1608513425e+04 1.2867942970e+00 
1.2059488622e-10 1.2230416244e+04 1.1872463910e+00 
7.5765812549e-10 1.6835304982e+04 4.9100757461e-01 
3.2896339007e-06 1.6754936490e+04 9.7531263357e-01 
6.6629347299e-06 1.2047557663e+04 1.2081092231e+00 
3.7539552102e-08 1.3267617083e+04 7.0220228528e-01 
5.0596367371e-07 1.1652184430e+04 4.3750733088e-01 
3.1926359337e-11 1.2235822811e+04 7.4203669887e-01 
6.4387662248e-10 1.2714752322e+04 9.2058593007e-01 
6.8326753728e-08 2.5000000000e+04 7.2336581190e-01 
7.0535636681e-10 1.1926418246e+04 6.0532022088e-02 
1.2993856209e-09 1.8773550738e+04 1.0951766734e+00 
1.7216034946e-08 1.2701308497e+04 9.2914382381e-01 
8.0405042766e-10 1.4933900062e+04 1.2285596631e+00 
1.2500609013e-09 1.3835202886e+04 1.9886792425e-01 
1.4440275323e-10 1.5302496019e+04 1.2490577943e+00 
5.4907432623e-10 1.3257289756e+04 8.8298149570e-01 
2.7585764351e-06 1.2611022441e+04 1.2048155083e+00 
5.1019611780e-08 1.2533531356e+04 4.2651414824e-01 
1.2398567357e-05 1.6105377601e+04 1.1646147588e+00 
4.4471027805e-09 1.1442885556e+04 4.5189643081e-01 
1.6256947346e-08 1.3948128600e+04 2.3864061956e-01 
4.2603091386e-07 1.3190584189e+04 1.0704435346e+00 
9.9078745139e-10 1.3124009297e+04 3.9193827556e-01 
5.0112763327e-12 1.2279986100e+04 8.8612093826e-01 
3.7528338189e-11 1.2624341308e+04 8.1166738556e-01 
2.8230150613e-09 1.6371020362e+04 5.7773848898e-01 
3.9601287924e-09 1.2619488473e+04 8.6758493755e-01 
9.1344693247e-12 2.2668043360e+04 7.8895962523e-01 
1.2582489512e-09 1.3359689669e+04 9.6495307908e-01 
2.5139641514e-06 1.2768850811e+04 1.0555681926e+00 
4.8207277963e-08 1.2571135780e+04 9.8134582687e-01 
1.5315146954e-05 1.1509217110e+04 8.5598235672e-01 
2.4431866798e-10 1.2641716620e+04 8.3948135062e-01 
1.4502586239e-06 1.1915471299e+04 7.9666250762e-01 
3.5486430303e-09 1.1667473549e+04 9.4568969352e-01 
1.2724239862e-09 1.6545425689e+04 6.3737107880e-01 
5.9418054313e-10 1.7523706477e+04 6.2814106226e-01 
1.5060379263e-09 1.3044284002e+04 8.9819721120e-01 
4.5918359790e-09 1.2337376323e+04 7.1780693006e-01 
2.0508438756e-07 1.2468765298e+04 6.4083182456e-01 
2.0104317102e-06 1.7837369131e+04 7.2309979436e-01 
6.3589402965e-10 1.6561633074e+04 1.3063703616e+00 
9.5063967477e-07 1.1266272138e+04 1.4131002441e+00 
8.4641522047e-11 1.2701889334e+04 1.4276939383e+00 
6.0072153583e-09 1.1720655733e+04 7.9283400041e-01 
2.2691359177e-10 1.4344096869e+04 1.2512789633e+00 
9.2656849890e-11 1.9560493603e+04 1.2043136635e+00 
1.2013181742e-06 1.1768205187e+04 1.3671431410e-01 
6.9990482158e-10 1.1539718316e+04 2.7608415979e-01 
8.1058634025e-08 2.2199414559e+04 7.0793545777e-01 
1.1059251048e-10 2.0676604950e+04 8.4194371086e-01 
1.3631483210e-09 1.8630771828e+04 8.5536763418e-01 
5.5391554133e-10 1.1849633943e+04 5.6526070242e-01 
4.7881819785e-09 1.4135027631e+04 7.8154588912e-01 
3.2564948915e-09 1.9480857538e+04 1.1354817261e+00 
5.5466537613e-08 2.5000000000e+04 4.1109343889e-01 
1.4661676559e-09 1.1998224504e+04 7.7295663045e-01 
5.9147403538e-10 1.9557085108e+04 4.1010997167e-01 
3.5566162065e-10 1.1451241633e+04 1.1074628144e+00 
2.5957494739e-10 1.1637623815e+04 1.2986056425e+00 
4.8189681583e-10 1.1221005586e+04 5.4342484935e-01 
4.6090486324e-11 1.8852292057e+04 1.1450323756e+00 
5.9647612838e-09 2.4143543393e+04 3.3141516129e-01 
5.6844453366e-10 1.1587537713e+04 1.8963106980e-01 
7.3954631054e-08 2.5000000000e+04 6.0582892246e-01 
7.8598711410e-11 2.1081829886e+04 1.0491215610e+00 
1.4230067890e-07 1.1885757625e+04 1.1481437426e+00 
5.9457411517e-11 1.7007705966e+04 5.9333742254e-01 
6.8604430889e-08 1.1333705828e+04 3.4093619489e-01 
8.5371145204e-11 1.4614365368e+04 1.3524178491e+00 
1.3445236214e-10 1.4276265403e+04 1.2115323002e+00 
4.9416601561e-10 1.5663679910e+04 4.5350398301e-01 
1.3553949571e-09 1.5128125564e+04 3.2979118532e-01 
1.1641913969e-08 1.2636393423e+04 1.0285357948e+00 
9.2104045605e-09 1.2473290912e+04 1.3081517794e+00 
1.1910829650e-06 1.2201931605e+04 5.6579278210e-01 
2.4207747377e-09 1.1516969501e+04 1.2313921539e+00 
9.4156732997e-09 1.1716330033e+04 4.9964183973e-01 
8.5831760513e-08 1.2235544620e+04 5.7537763173e-01 
5.5272656008e-08 1.1672494403e+04 4.1510448973e-01 
5.1744576192e-11 1.2528567313e+04 1.4653067425e+00 
4.5685707704e-07 1.2397973878e+04 6.0519632518e-01 
1.1103220789e-08 1.3904051605e+04 1.0600930803e+00 
8.5812552603e-07 1.2152767196e+04 5.6891540254e-01 
1.5002309266e-05 1.4029353135e+04 3.0363872926e-01 
1.4820905674e-07 1.2510507934e+04 5.0701641168e-01 
3.6307417750e-09 1.3235230799e+04 7.9273075144e-01 
7.0636435525e-09 1.2509362032e+04 2.3818141356e-01 
1.6733111582e-07 2.2721743469e+04 1.1332873952e+00 
1.1601496374e-07 1.4215699716e+04 8.4620750517e-01 
5.7926423021e-12 1.2854262528e+04 6.5245959895e-01 
6.4526093731e-11 1.3439560524e+04 9.9540543622e-01 
8.3239742045e-07 1.4796763893e+04 1.7204046077e-01 
3.8378783273e-08 1.2255304522e+04 1.1646220239e+00 
2.1945945520e-09 1.1531416130e+04 2.7486895363e-01 
3.6431159608e-10 1.7939598115e+04 5.2119097845e-01 
7.2306961102e-08 1.9290182298e+04 8.5004640439e-01 
1.1128614493e-10 1.1363449267e+04 7.9791460306e-02 
3.8387532229e-11 1.1961878520e+04 4.5134690713e-01 
1.9011812349e-08 1.2846973705e+04 1.2099562492e+00 
9.1525288466e-10 1.9856534662e+04 9.3613778010e-01 
1.8588283971e-09 1.1552737993e+04 9.5047706194e-01 
3.7397876545e-11 1.5288830444e+04 1.3601639085e+00 
7.7081540489e-07 1.8409581008e+04 6.2642390916e-01 
1.8656176800e-08 1.7283338272e+04 9.4867684893e-01 
3.7225995209e-08 1.9861737531e+04 4.1616256587e-01 
2.1332896642e-08 2.5000000000e+04 4.3176548719e-01 
2.8106942770e-07 1.2055731359e+04 3.5921378730e-01 
7.2225309919e-12 1.5495611628e+04 1.0175457072e+00 
1.6898218368e-09 1.6736804059e+04 3.6871867449e-01 
1.0425982361e-08 1.2642329052e+04 1.0319714864e+00 
1.2036567289e-07 1.5170623117e+04 3.6649384748e-01 
9.5955379857e-10 1.6308537874e+04 8.1304760563e-01 
7.8170976115e-10 1.2470247699e+04 1.3464357468e+00 
1.8057893952e-08 1.2882131472e+04 9.9886465819e-01 
3.7712227859e-12 1.1820512707e+04 1.2253255717e+00 
3.2417726640e-10 1.6991237004e+04 7.7304870216e-01 
3.5709757892e-06 1.7236690201e+04 8.7166899798e-01 
4.6770999664e-07 1.2270224185e+04 1.2866349350e+00 
9.2994591880e-09 1.4050937044e+04 9.4955624015e-01 
2.0895023094e-08 1.8861451101e+04 9.5666787849e-01 
9.3301294466e-07 2.0839633798e+04 1.0267238495e+00 
5.7883218569e-08 1.6305264575e+04 4.0201607603e-01 
1.8976290085e-06 1.2875153382e+04 7.0065332167e-01 
1.7399984733e-08 1.4224147965e+04 1.2907951829e+00 
2.2286816114e-07 1.1219535624e+04 8.8115768767e-01 
2.6888936308e-07 1.3383450295e+04 6.5333531036e-01 
1.1630308826e-07 1.5661983404e+04 3.0683707601e-01 
1.8958908616e-09 2.4719876590e+04 9.4211273156e-01 
8.8235261595e-10 1.6456735530e+04 1.0679213007e+00 
8.2636527143e-10 1.1742441679e+04 5.6886245147e-01 
2.6078580308e-09 1.8318078150e+04 1.0016315372e+00 
6.8875843416e-06 1.3996134254e+04 1.1539472114e+00 
2.8295007012e-11 1.1769261492e+04 9.6323324358e-01 
1.0501281142e-07 1.4471782884e+04 9.2378697288e-01 
8.4128658105e-08 1.1757400258e+04 3.8464056008e-01 
7.2449573598e-09 1.4203044479e+04 2.3033377233e-01 
1.6561411346e-10 1.3059584956e+04 4.6055634866e-01 
2.2933477328e-11 1.3120106675e+04 1.2449304828e+00 
4.2122888142e-12 1.4005946426e+04 4.3555321841e-01 
1.6036237236e-10 2.3367049257e+04 2.8137527118e-01 
1.3773649393e-10 1.6723666339e+04 1.0553949527e+00 
1.3224758354e-07 1.1589672577e+04 5.3411582135e-01 
7.7834319334e-06 1.1609289398e+04 1.2801543021e+00 
1.8687949669e-10 1.7850908150e+04 1.1020683353e+00 
4.6959788263e-11 1.1238752233e+04 1.3415126771e+00 
1.4897897782e-07 2.1860452811e+04 5.2770816137e-01 
6.7771296109e-12 1.6356982256e+04 4.4753957932e-01 
7.6125548799e-08 1.6176168660e+04 8.6761034112e-01 
9.7175884194e-09 1.8119163676e+04 1.3018224658e-01 
3.4864154735e-09 1.1265759141e+04 1.1235104151e+00 
3.6439884633e-11 1.2200487406e+04 3.9793266875e-01 
2.2699815267e-10 1.3113376100e+04 6.4239941314e-01 
1.5559472291e-09 1.1422554734e+04 7.1662001216e-01 
5.5311667133e-08 1.2159979086e+04 1.0496905573e+00 
2.3302651548e-08 1.2127936474e+04 9.4777540315e-01 
5.4400897611e-10 1.2997637025e+04 1.2006347279e+00 
9.2448146537e-11 1.1207804129e+04 1.3985900164e+00 
4.5385399258e-11 1.2486314082e+04 3.9914614403e-01 
1.1996547660e-08 1.9528338428e+04 9.7711823751e-01 
1.2780215895e-09 1.4237708240e+04 9.0552933493e-01 
3.2184392468e-06 1.1311383267e+04 9.2525756973e-01 
4.7905834503e-12 1.1666758258e+04 1.3331881289e+00 
4.9499547133e-11 1.2048246728e+04 8.4584122896e-01 
1.0166988880e-08 1.4732487402e+04 6.5753753187e-01 
1.9117620701e-09 2.5000000000e+04 8.9390794292e-01 
2.1265909415e-07 2.0483092248e+04 9.1196156568e-01 
1.0724822804e-05 1.4694233077e+04 8.2207639659e-01 
8.4457214097e-09 1.2072370337e+04 1.0975478759e+00 
1.1106382124e-09 1.4360844406e+04 6.7363438207e-01 
3.1851950987e-11 1.5458547725e+04 6.7307376074e-01 
2.9807890069e-10 1.4903937392e+04 8.1309744924e-01 
3.6238250814e-07 1.1371800783e+04 7.3532771666e-01 
5.1700423315e-08 1.2650945855e+04 6.2911315569e-01 
1.6273438094e-09 1.1244288885e+04 1.1169718793e+00 
6.7847366934e-07 1.1471941362e+04 5.7090956570e-01 
2.0546094767e-10 1.3281261721e+04 1.5572510441e-01 
5.3160219565e-09 1.2050603433e+04 7.5803219981e-01 
5.7459357730e-09 1.1364356880e+04 1.1390702098e+00 
8.3410596764e-08 2.0544093206e+04 1.0275661753e+00 
2.2278860316e-10 2.3017983634e+04 1.3773996990e+00 
2.6293742596e-11 1.3481136840e+04 6.5615735853e-01 
7.1022706098e-07 1.1954765902e+04 3.3779140055e-01 
7.8282477654e-09 1.1533676805e+04 5.3468390973e-01 
2.2391011877e-07 1.8437855208e+04 4.7389377105e-01 
2.6827467267e-09 1.1515658171e+04 5.9404141678e-01 
1.8178349325e-10 1.1361943432e+04 5.9425800688e-01 
3.9271013086e-11 1.2628782250e+04 7.2993226278e-01 
1.0869899349e-09 1.4671957648e+04 4.7393180068e-01 
1.0294328588e-07 1.1238626636e+04 1.1094724591e+00 
1.1908675291e-09 1.1738254953e+04 4.0356495187e-01 
7.7855359706e-06 2.5000000000e+04 4.7158925461e-01 
2.8163298434e-07 1.5283206458e+04 1.2204152205e+00 
5.5364107345e-08 1.1413124669e+04 7.8598167023e-01 
4.3997750676e-10 1.1698782995e+04 5.9735217869e-01 
2.2297287926e-06 1.3490466006e+04 9.5794943718e-01 
2.3045690446e-10 2.2558732484e+04 1.3147587277e+00 
5.5493893478e-10 1.1493500506e+04 1.1754713294e+00 
1.3833474240e-06 1.1337628171e+04 5.8726938581e-01 
7.7386347126e-11 1.1822736997e+04 1.1920815521e+00 
2.4485525674e-10 1.4798059553e+04 6.1360511943e-01 
3.0237102121e-10 1.2543633489e+04 5.2986759998e-01 
2.9261894023e-06 2.4629288167e+04 1.9629593758e-03 
2.8832101462e-06 1.3308564157e+04 6.0671110288e-01 
1.7534568988e-08 1.7713191467e+04 1.5130895273e+00 
3.7370562923e-08 1.1516123965e+04 8.2560568254e-01 
3.4265299835e-08 1.4152934641e+04 1.0064507962e+00 
1.9080421730e-10 1.4492867668e+04 6.1946691685e-01 
3.2421238941e-11 1.2132982507e+04 5.6610799326e-01 
4.9650231211e-07 1.2978358646e+04 1.1755070640e+00 
8.3343345819e-11 1.3961801937e+04 1.1862027533e+00 
2.5338502334e-09 1.1756098923e+04 5.7558059429e-01 
7.5892500527e-10 1.1602424546e+04 1.1762982735e-01 
2.3293953507e-11 1.3153839221e+04 5.5391917846e-01 
2.6108790532e-10 2.1992386047e+04 4.9162655650e-01 
4.4784439514e-11 1.4846570739e+04 8.6977743995e-01 
3.7181215712e-06 1.2544049229e+04 7.3862496045e-01 
9.5090060890e-08 1.3062078355e+04 1.2966508494e+00 
4.5002078599e-09 1.1518923316e+04 4.9921028672e-01 
3.1479801568e-09 1.6685385305e+04 6.0453411212e-01 
6.7074192655e-11 1.3743809660e+04 2.6567114780e-01 
7.0868163705e-10 1.3824502009e+04 7.3925876298e-01 
3.6933085196e-10 1.1642559164e+04 7.5717192952e-01 
1.0183579086e-05 1.2565808091e+04 3.3606042123e-01 
3.2592904574e-10 1.6510772826e+04 7.8752555655e-01 
3.1694454223e-09 2.5000000000e+04 9.5797271436e-01 
8.3672270701e-08 1.2951615928e+04 3.9298999109e-01 
1.6111415571e-08 1.7312287927e+04 9.1119501102e-01 
1.1958680734e-09 1.8442021973e+04 1.0641542278e+00 
6.4913184187e-10 1.1922117822e+04 7.7492135351e-01 
2.9763592757e-09 1.2918378138e+04 2.2051838782e-01 
2.3240928225e-10 1.2318939780e+04 1.0222934517e+00 
3.9887763126e-09 1.2466690317e+04 4.6346307513e-01 
3.3201354894e-10 1.4867118615e+04 3.6478061170e-01 
4.4323371013e-11 1.4429741841e+04 1.1145838945e+00 
5.4309025221e-10 1.2774851536e+04 1.0982372531e+00 
2.9255038373e-08 1.2346482376e+04 6.6722606541e-01 
1.0972938676e-07 1.5378790939e+04 1.1880657379e+00 
2.2577913763e-07 1.4196337296e+04 8.0408197643e-01 
6.6571299607e-11 1.1274571154e+04 8.4133717265e-01 
2.0329914001e-06 1.1709928151e+04 5.9943711757e-01 
4.9117573943e-10 1.4262567537e+04 6.7221324205e-01 
1.9884115072e-07 1.2193881392e+04 2.1184984283e-01 
2.0539022242e-09 1.5656910738e+04 1.0306191744e+00 
5.6749004862e-10 1.2479210518e+04 8.8094173641e-01 
1.4959309539e-07 1.2558488078e+04 7.3153193587e-01 
3.2881553547e-09 1.6886770891e+04 6.2635379594e-01 
1.9280858814e-10 1.2189238657e+04 7.7281058068e-01 
1.7659920886e-07 2.5000000000e+04 1.1957337547e+00 
6.7732491371e-09 1.1472611232e+04 5.2531286318e-01 
7.4877415925e-10 1.4955783896e+04 5.9623803300e-01 
2.0950169625e-08 1.1875380360e+04 4.6178828420e-01 
1.7184567738e-05 1.2900067327e+04 3.1221160601e-01 
1.1010720470e-07 1.3916353439e+04 9.1574028882e-01 
7.1251747017e-09 1.3762337442e+04 1.3760569304e+00 
2.6529200940e-07 1.3833686465e+04 1.3378886369e+00 
2.9133741629e-10 2.1291768915e+04 4.9618839210e-01 
1.7787959959e-07 1.3578836495e+04 4.4762661357e-01 
4.1768835145e-10 1.2189440602e+04 1.2903043155e+00 
1.0998626088e-09 1.3880964990e+04 5.6078230574e-01 
2.7684032617e-09 1.1381841454e+04 9.3512240540e-01 
5.1128103441e-08 1.4298871089e+04 5.6603322795e-01 
1.9519907779e-08 1.1733358410e+04 5.8610211095e-01 
3.1901125911e-06 1.7555839098e+04 1.3109406198e+00 
4.1659494799e-09 1.4141761546e+04 9.7035635387e-01 
2.5086206326e-10 1.2023860537e+04 4.7035523596e-01 
1.6433902111e-09 1.8885596502e+04 4.8521435234e-01 
3.6429831668e-08 1.5752700157e+04 1.2667911871e+00 
1.9167959916e-08 1.3411287524e+04 1.1630709159e+00 
4.3726847979e-10 1.2559762728e+04 1.1208513302e+00 
5.4941086963e-10 1.6910060408e+04 1.0207834786e-01 
3.4952514774e-08 1.3812064840e+04 1.3403846205e+00 
6.0700160235e-08 1.5432611303e+04 1.0202157542e+00 
1.1346779759e-09 1.6470924462e+04 5.0937881678e-01 
8.3210715850e-11 1.2353897977e+04 2.1023202731e-01 
2.0201841788e-09 1.5636434943e+04 6.2125690338e-01 
1.1455379884e-08 1.3301085476e+04 1.0083018844e+00 
7.0720778771e-07 1.1491041560e+04 1.3136767648e+00 
1.2671374945e-06 1.5738364189e+04 4.5985627470e-01 
1.4104608170e-07 1.5815070389e+04 8.4936115536e-01 
1.1423211073e-07 1.1660973675e+04 8.5041119960e-01 
2.4810967733e-09 1.1289852311e+04 5.7284943670e-01 
3.7013176452e-09 2.4384445397e+04 6.8771758488e-01 
4.3253257738e-10 1.4836191377e+04 1.3576510363e+00 
3.0289644619e-08 1.1333604039e+04 4.3859602579e-01 
1.3212536282e-05 1.3222931815e+04 6.1285585069e-01 
5.3481712401e-10 1.1242997919e+04 6.6613242876e-01 
1.2369624085e-07 1.3489083875e+04 8.5118036179e-01 
1.0899942018e-07 1.1879663820e+04 5.1402197372e-01 
5.1659481400e-09 1.2355487611e+04 4.4064319734e-01 
4.9917257810e-10 1.5179246375e+04 1.8687408394e-01 
1.9655134220e-10 1.8500209027e+04 7.4686469831e-01 
7.5249296421e-11 1.6595955043e+04 7.5053959959e-01 
7.3083600503e-07 1.6178904484e+04 8.3392192117e-01 
2.0399202472e-09 1.1327723121e+04 9.9133015881e-01 
7.5243605447e-09 1.1711857213e+04 5.4701434322e-01 
3.5499289773e-06 1.2952520216e+04 7.6908990512e-01 
7.9944349607e-09 1.6875496368e+04 7.0909764766e-01 
1.2917246645e-08 1.3672567439e+04 2.5755089648e-01 
4.5158090593e-12 1.3865094679e+04 4.5893121978e-01 
4.7053058971e-09 1.1936458874e+04 7.6912488446e-01 
4.1798812152e-07 1.1665436585e+04 7.3577193310e-01 
4.7833901750e-08 1.2505319020e+04 5.1205642397e-01 
5.7856180935e-09 1.3638927137e+04 9.7539195512e-01 
1.4961932982e-08 1.1613191420e+04 6.7540189677e-01 
3.4044901542e-08 1.5149836764e+04 5.6921295643e-01 
8.3618467762e-10 1.3034625916e+04 1.1823517324e+00 
2.9513203233e-10 1.6858448285e+04 1.0323555071e+00 
6.3341505632e-09 1.4528561677e+04 7.5546373593e-01 
7.2420987225e-09 1.7625928396e+04 7.1163538296e-01 
4.5232106041e-08 1.4336112633e+04 9.0055596653e-01 
3.2208008511e-10 2.5000000000e+04 8.6112629271e-01 
7.6895218888e-09 1.1965479144e+04 7.8035754736e-01 
1.2571007916e-10 1.1271385640e+04 1.2089838479e+00 
1.5755813986e-08 1.1211380528e+04 1.0284635389e+00 
2.5257365380e-09 1.1354342112e+04 5.2581720574e-01 
3.4510798469e-10 1.2928886742e+04 6.5181894474e-01 
1.4284302773e-09 1.3647984107e+04 7.5319082499e-01 
7.2502747680e-10 1.6515164620e+04 3.4449940713e-01 
3.4065580475e-09 1.4114830534e+04 5.9606352097e-01 
3.4308209177e-09 1.7451011189e+04 4.7962017220e-01 
7.7671882089e-10 1.7508559627e+04 3.8101822777e-01 
2.3516929141e-09 1.3553779765e+04 3.8861032916e-01 
2.3451343798e-11 1.3224955994e+04 2.3747298020e-01 
6.9944232639e-09 1.2222848731e+04 8.3475588742e-01 
3.1134300389e-08 2.0976021974e+04 7.8383061900e-01 
3.6837959628e-09 1.3962095594e+04 9.0462897927e-01 
1.3421107656e-10 1.2438598525e+04 9.0637925561e-01 
2.4706700926e-10 1.3032525516e+04 1.0677850827e+00 
1.8317427315e-06 1.1797221954e+04 1.3338193366e+00 
8.1442024178e-08 2.4018677335e+04 5.8107736994e-01 
9.7077868943e-11 1.1558191795e+04 1.0231923163e+00 
2.6195401010e-09 1.3683304960e+04 5.3792976905e-01 
8.4538099148e-11 1.4394966686e+04 8.3091200680e-01 
4.1134617371e-10 1.1612956638e+04 5.8034275788e-01 
1.3582861351e-08 1.2627306535e+04 5.1158125698e-01 
1.8072466598e-10 1.8230168518e+04 9.2011198232e-01 
3.0689735522e-09 1.9678540723e+04 2.1332172768e-01 
1.5351950959e-08 1.1979058254e+04 9.0005376815e-01 
7.0764205164e-09 1.1436384878e+04 1.1671886190e-01 
1.4228474558e-11 1.3280559872e+04 7.1246060210e-01 
5.4110556956e-08 1.4320033696e+04 5.2902335224e-01 
