3.6061579445e-05 3.8742926999e-01 
2.2258523366e-05 1.0000000000e+00 
4.2111655552e-05 4.7194023595e-01 
3.4689020600e-05 1.0000000000e+00 
2.0387026672e-05 4.3770720340e-01 
2.0819852792e-05 4.6306538270e-01 
5.0826271113e-05 9.9144821420e-01 
1.8156674679e-05 4.4516167120e-01 
9.7387661742e-06 1.0000000000e+00 
7.3976247990e-05 1.0000000000e+00 
4.0833559183e-04 1.0000000000e+00 
3.0826724654e-05 4.2035091798e-01 
1.3654439502e-04 9.9089308871e-01 
5.8296156260e-05 4.0509165973e-01 
1.2360134988e-04 1.0000000000e+00 
2.9164139073e-04 1.0000000000e+00 
2.9871013253e-05 4.1785403304e-01 
1.5380101311e-04 1.0000000000e+00 
9.2029581749e-05 4.4850103380e-01 
3.9387982105e-05 1.0000000000e+00 
9.9188550661e-05 9.8929682404e-01 
2.2235974585e-04 1.0000000000e+00 
7.3796211867e-04 1.0000000000e+00 
7.0709251971e-05 9.8784931559e-01 
5.8537903714e-05 9.9074062856e-01 
1.7182726913e-04 1.0000000000e+00 
2.1811513682e-05 4.2692258121e-01 
5.5502342849e-05 1.0000000000e+00 
2.5510134259e-04 1.0000000000e+00 
1.3417411398e-04 9.9232484996e-01 
2.6459680116e-05 4.2348486976e-01 
5.5322613802e-05 1.0000000000e+00 
2.1027860328e-05 1.0000000000e+00 
1.8384887709e-04 1.0000000000e+00 
3.4373735751e-05 4.9159118581e-01 
2.3863113089e-05 4.9761987162e-01 
1.9014335434e-05 4.9785405147e-01 
3.5615248834e-04 1.0000000000e+00 
2.9990451178e-04 9.9162865906e-01 
1.0962153799e-04 1.0000000000e+00 
2.1210590913e-04 1.0000000000e+00 
4.6146069690e-05 4.9268715112e-01 
5.9351333587e-04 1.0000000000e+00 
1.1811837845e-05 4.5661987716e-01 
8.1726538745e-04 1.0000000000e+00 
6.0304354780e-05 4.7761453721e-01 
2.2148086709e-04 1.0000000000e+00 
1.1650894202e-05 1.0000000000e+00 
8.5393026301e-05 4.8789231466e-01 
8.5004491317e-05 1.0000000000e+00 
5.1886232123e-05 4.6287376697e-01 
1.8554237086e-04 1.0000000000e+00 
6.0545598037e-05 3.8700177309e-01 
4.6164976594e-05 4.7807243643e-01 
1.9137938347e-05 4.9434293458e-01 
1.7372714407e-04 1.0000000000e+00 
2.0511829919e-04 1.0000000000e+00 
2.1731881981e-05 1.0000000000e+00 
4.9177397846e-05 4.2582197497e-01 
1.4007952019e-04 1.0000000000e+00 
2.2559952736e-04 1.0000000000e+00 
9.3326890725e-06 1.0000000000e+00 
7.5584805979e-05 4.4091749336e-01 
3.0275640348e-05 4.9026437865e-01 
1.8381233570e-05 1.0000000000e+00 
1.1770778937e-04 4.3990302297e-01 
3.6863319040e-05 3.8041850710e-01 
4.4339462612e-05 4.6648184199e-01 
3.4971385612e-05 4.7984656907e-01 
6.6473545921e-05 9.8999490471e-01 
9.2975461217e-05 4.1389038760e-01 
3.2657646296e-05 1.0000000000e+00 
1.2438449762e-05 5.0815052022e-01 
4.0456738191e-05 4.8685977640e-01 
1.2455940574e-05 4.5476473947e-01 
9.1246815155e-06 1.0000000000e+00 
7.6550783343e-05 4.6150046502e-01 
5.5429779743e-05 9.9184217496e-01 
1.6497969138e-05 4.9053337020e-01 
4.4402258110e-04 1.0000000000e+00 
5.9493308007e-05 1.0000000000e+00 
5.4401266653e-05 4.6017344745e-01 
1.4151556926e-05 4.5258417387e-01 
2.2069435969e-05 1.0000000000e+00 
3.2490779387e-05 3.9636205127e-01 
2.3915914414e-05 1.0000000000e+00 
2.0487875999e-05 1.0000000000e+00 
1.5221888491e-05 5.2523538597e-01 
3.2372665056e-04 1.0000000000e+00 
3.6738119306e-04 1.0000000000e+00 
1.1950127483e-05 1.0000000000e+00 
1.7026834309e-05 4.9257207369e-01 
1.1196931113e-04 9.9235280852e-01 
8.9696897702e-05 9.8809790896e-01 
4.8066893826e-05 3.7996994621e-01 
8.6990455399e-06 9.9212888201e-01 
1.3711443907e-04 1.0000000000e+00 
2.2773055743e-05 3.9273320347e-01 
1.4559397986e-04 1.0000000000e+00 
2.9287333176e-04 1.0000000000e+00 
7.9553158015e-04 1.0000000000e+00 
2.0455626390e-05 1.0000000000e+00 
1.4364829426e-04 1.0000000000e+00 
8.0008347897e-06 1.0000000000e+00 
2.9089566682e-04 1.0000000000e+00 
4.6521764646e-04 1.0000000000e+00 
4.4619515113e-05 4.6393986004e-01 
2.8508217304e-05 1.0000000000e+00 
3.5172889075e-05 4.7414124329e-01 
8.6592589544e-04 1.0000000000e+00 
2.1872163337e-05 1.0000000000e+00 
9.2144761597e-05 1.0000000000e+00 
7.2335673182e-05 9.9315894570e-01 
2.8863694810e-05 4.9515340852e-01 
2.2857554942e-04 1.0000000000e+00 
1.4786812805e-04 3.9221675439e-01 
1.6861716780e-04 1.0000000000e+00 
5.6811611675e-05 1.0000000000e+00 
8.7532241124e-06 1.0000000000e+00 
3.0008119521e-05 5.2773928493e-01 
2.9826749694e-05 1.0000000000e+00 
7.8275203366e-06 1.0000000000e+00 
3.6597748650e-05 4.9598526867e-01 
4.1150473251e-05 4.7921380099e-01 
4.9452998983e-05 4.7183429854e-01 
1.0971788599e-04 1.0000000000e+00 
2.8558785397e-05 4.2032571130e-01 
4.8333973993e-05 4.8069112302e-01 
5.1120451406e-05 9.9004894571e-01 
3.4805162016e-05 1.0000000000e+00 
3.3777056879e-04 1.0000000000e+00 
1.3521048666e-04 1.0000000000e+00 
3.2507891433e-05 4.8060328839e-01 
2.2651197234e-04 1.0000000000e+00 
4.8367370501e-05 4.6941515233e-01 
4.7979143675e-05 1.0000000000e+00 
1.6160462748e-04 1.0000000000e+00 
1.5451310493e-04 1.0000000000e+00 
4.8173101972e-05 9.9557673516e-01 
9.3684882617e-05 1.0000000000e+00 
2.7960982586e-04 1.0000000000e+00 
3.6740947130e-05 4.9075337284e-01 
1.3421648078e-04 1.0000000000e+00 
9.2120074846e-05 1.0000000000e+00 
4.6048993333e-05 1.0000000000e+00 
8.5758614353e-06 1.0000000000e+00 
6.8579630612e-05 1.0000000000e+00 
1.0730614019e-05 1.0000000000e+00 
1.7655638031e-04 1.0000000000e+00 
5.3364628850e-05 4.5959542079e-01 
4.8608359393e-05 4.2717903708e-01 
5.0570407750e-04 1.0000000000e+00 
2.3890023537e-04 1.0000000000e+00 
2.6193489960e-05 4.2757054630e-01 
3.0497703456e-05 3.8796097995e-01 
1.0337027073e-04 1.0000000000e+00 
1.1344876223e-04 1.0000000000e+00 
1.2562771544e-04 1.0000000000e+00 
1.2242546959e-04 1.0000000000e+00 
1.3707559349e-05 4.1956204177e-01 
1.3276496201e-04 9.9243933910e-01 
2.0949845096e-04 1.0000000000e+00 
3.2324349533e-05 1.0000000000e+00 
6.3114444423e-05 9.9052371485e-01 
2.6750937801e-05 1.0000000000e+00 
7.9934397912e-05 9.8677380978e-01 
7.8977207736e-04 1.0000000000e+00 
4.7338796870e-05 4.8133691154e-01 
7.0289142474e-05 9.8730907455e-01 
2.7131865793e-05 3.8009963493e-01 
1.5516303197e-04 9.9057894486e-01 
1.2774169575e-05 5.6796737530e-01 
9.7104864381e-05 4.5555801347e-01 
4.8714494857e-05 4.6762568706e-01 
3.3333758195e-05 4.8734243404e-01 
3.8122480495e-05 4.5757323004e-01 
9.9627181055e-05 3.8994890765e-01 
6.4564803968e-05 9.9045018415e-01 
2.6571006340e-05 4.5180968114e-01 
3.0580935831e-05 5.7618163848e-01 
2.7421087080e-05 4.9433849585e-01 
9.1717105412e-05 9.9157126599e-01 
8.2945974256e-06 1.0000000000e+00 
3.1331884075e-04 1.0000000000e+00 
1.9137577215e-05 1.0000000000e+00 
7.8645109620e-05 1.0000000000e+00 
1.0690778907e-05 4.9942489080e-01 
3.8480039304e-05 4.3319814041e-01 
5.5995939902e-04 1.0000000000e+00 
1.9986488383e-05 4.0497411480e-01 
7.6469651338e-06 1.0000000000e+00 
1.5179719845e-04 4.6025080671e-01 
5.2674047334e-05 4.6983790123e-01 
3.0949970940e-04 1.0000000000e+00 
1.2923275313e-04 1.0000000000e+00 
2.4448817905e-05 1.0000000000e+00 
1.5715539057e-05 1.0000000000e+00 
1.2982302436e-05 4.2627191606e-01 
1.8404790511e-05 1.0000000000e+00 
2.1021472702e-05 5.7043586162e-01 
