3.0080453536e-05 3.6172979910e-01 
2.3205794025e-05 4.0057141208e-01 
5.6398701862e-05 2.8684029587e-01 
3.5111002815e-05 3.8466170903e-01 
4.9976510017e-06 9.9544070415e-01 
1.6523108298e-05 4.1965780937e-01 
2.9584578856e-04 3.0705470933e-01 
5.7217176214e-05 2.2522027623e-01 
4.5210906084e-05 3.4394760762e-01 
4.0883490965e-05 1.0000000000e+00 
6.6268064622e-05 3.6003554850e-01 
4.8263279617e-05 3.5671719047e-01 
4.4810306021e-05 3.6323489842e-01 
1.2065567538e-04 3.6626557919e-01 
3.6392049821e-05 2.3045234027e-01 
2.1794503648e-04 3.0475697710e-01 
2.9230136226e-04 2.4274068546e-01 
4.9965484810e-06 9.9576347823e-01 
6.2172975930e-05 3.6258967773e-01 
6.4642346115e-05 3.4859391766e-01 
3.7289510698e-05 2.8094458813e-01 
6.2062786797e-05 3.3393458686e-01 
1.6589295346e-05 1.0000000000e+00 
1.3595328872e-04 3.0289973716e-01 
6.5708954097e-05 2.6008746819e-01 
3.8797779605e-05 3.3255107412e-01 
1.6598555537e-04 3.3451955100e-01 
2.6328320919e-05 4.0887417966e-01 
3.7075029812e-05 2.4470027731e-01 
4.2900551266e-05 2.5545422255e-01 
1.6699249560e-04 3.1114434175e-01 
8.9436665259e-05 3.3234005294e-01 
4.0628889597e-05 2.2680084894e-01 
4.9956022283e-06 9.9231032315e-01 
1.0606274134e-04 3.3769523905e-01 
1.8890376690e-04 3.1145305034e-01 
8.6056845531e-05 3.1219779231e-01 
7.8892065221e-06 4.5416026081e-01 
7.4457860095e-06 1.0000000000e+00 
4.9998262856e-06 9.9938234224e-01 
4.5993257537e-05 3.6373107832e-01 
9.2106754973e-05 3.2891988482e-01 
8.1382697294e-06 4.3401649663e-01 
2.5162659710e-05 4.0794089286e-01 
3.4872920494e-05 2.3460725144e-01 
8.8262792705e-06 3.9155186237e-01 
1.9849897430e-05 2.6458507494e-01 
2.9532616175e-05 1.0000000000e+00 
1.2464085633e-04 3.0796097599e-01 
7.6437302473e-05 2.5851863046e-01 
6.3632415221e-05 3.4781899554e-01 
4.3138652485e-05 3.4751598576e-01 
4.3464813594e-05 2.2275987463e-01 
9.3790136876e-05 3.2341996095e-01 
4.8183071691e-05 2.3182318273e-01 
4.8968088680e-05 3.9976113581e-01 
2.3939356086e-05 3.5382655591e-01 
3.2187066232e-05 2.7732138158e-01 
2.8393137824e-05 3.8389284113e-01 
3.5442996083e-05 3.2275419209e-01 
3.9051975369e-05 3.8808379970e-01 
8.6211987994e-05 3.3100297894e-01 
1.1872826120e-04 3.0695925446e-01 
1.9884126766e-05 1.0000000000e+00 
3.5679939763e-05 2.6519785433e-01 
1.9684973453e-05 4.1007433757e-01 
9.9146190561e-05 3.2191937960e-01 
1.9644065653e-04 2.3461752862e-01 
6.2233811095e-05 3.4642919089e-01 
3.3543929820e-05 5.4117392486e-01 
7.4491215833e-05 3.3130468290e-01 
4.0323880998e-05 2.4755537606e-01 
4.9291050954e-05 3.4165592575e-01 
4.8164686137e-05 4.0138441012e-01 
2.3528781498e-04 3.0857103995e-01 
4.3436629245e-05 1.0000000000e+00 
6.0736419517e-05 3.3740863892e-01 
1.0242339595e-05 2.8630057247e-01 
1.5678372408e-04 2.9889162644e-01 
2.0490100216e-05 3.8714794754e-01 
7.5342762830e-05 3.4083586244e-01 
2.0032638191e-05 2.8620026012e-01 
5.7495730830e-05 2.3426935897e-01 
4.1064953123e-05 2.4006350797e-01 
1.1017366089e-05 1.0000000000e+00 
1.0401888400e-04 3.3377299293e-01 
1.2788208466e-05 1.0000000000e+00 
8.6300684230e-05 2.5849791515e-01 
5.0499778596e-05 2.7352780288e-01 
4.9985319942e-06 9.9396139495e-01 
1.0231315265e-04 3.4058936190e-01 
9.7232499222e-05 3.0879133553e-01 
9.0874173210e-05 3.1171043841e-01 
4.9999170218e-06 9.9907767618e-01 
1.2271908126e-04 3.1107767711e-01 
1.3495460004e-04 2.9351932835e-01 
7.8726092806e-06 1.0000000000e+00 
3.5026639953e-04 3.0237264924e-01 
1.9463922991e-05 4.1006353089e-01 
1.7444078049e-05 1.0000000000e+00 
6.4236445865e-05 3.4645532005e-01 
1.1355495388e-05 4.5876702897e-01 
5.9316777391e-05 3.4994144543e-01 
5.5686929388e-05 3.2618833153e-01 
4.9991790894e-06 9.9880021818e-01 
6.6391672524e-05 3.5976564820e-01 
8.4656719408e-06 1.0000000000e+00 
2.1050861345e-05 4.0359589293e-01 
6.3769422011e-05 3.5716500403e-01 
3.3267656773e-04 9.9948745569e-01 
1.9434603872e-05 4.7113322173e-01 
5.5845887516e-05 1.0000000000e+00 
4.9997553836e-06 9.9938660919e-01 
2.8674540603e-05 2.5438639410e-01 
4.2117109321e-05 2.2418182776e-01 
2.4525874821e-05 4.1492786438e-01 
2.6494267021e-05 4.0213916035e-01 
6.8068368722e-05 3.5528596624e-01 
1.8258303948e-05 4.0308066402e-01 
3.9006028769e-05 3.5807306988e-01 
1.9420635975e-05 4.0715724161e-01 
2.3252933556e-04 3.1908158400e-01 
1.9226726555e-04 3.5503256516e-01 
7.1156821919e-05 3.8237174403e-01 
3.2367300190e-05 3.8890217326e-01 
1.5301080662e-05 1.0000000000e+00 
7.4584792140e-05 3.4496849916e-01 
8.1597772997e-06 1.0000000000e+00 
1.2122212015e-05 1.0000000000e+00 
1.5579644828e-05 1.0000000000e+00 
1.4243353545e-05 1.0000000000e+00 
9.4520224212e-06 1.0000000000e+00 
2.8009343917e-05 1.0000000000e+00 
5.2670535962e-05 3.2675091297e-01 
1.2179727635e-05 3.1421207412e-01 
7.4781443222e-05 3.4705768069e-01 
6.0160855560e-05 3.5290256532e-01 
1.1602524422e-05 4.2977062436e-01 
2.4710434685e-04 2.5851354997e-01 
2.4212195041e-05 2.5375842058e-01 
1.8950627707e-04 3.0876434475e-01 
3.8494467642e-05 1.0000000000e+00 
2.3887259975e-05 1.0000000000e+00 
1.0876215418e-04 3.2368252770e-01 
3.4303101800e-05 4.0746044088e-01 
3.4533784766e-05 2.5495257181e-01 
1.1815791634e-05 1.0000000000e+00 
8.9160804871e-05 4.0394334867e-01 
2.3328690549e-05 3.7922732569e-01 
1.8315145189e-04 2.8746256951e-01 
6.1790297303e-06 1.0000000000e+00 
8.9881326179e-05 2.1539766072e-01 
4.3229974674e-05 4.0521276549e-01 
6.6002221396e-05 3.6160950433e-01 
3.2743854320e-05 3.1981637382e-01 
1.5392216663e-04 3.6267315052e-01 
9.5659959349e-06 4.4324219337e-01 
4.5162385943e-05 3.7050218020e-01 
6.7236478652e-05 2.6891068086e-01 
8.7742663125e-06 4.7710968263e-01 
2.1459785857e-04 2.9312993638e-01 
1.7149677142e-05 4.0744342235e-01 
2.1040937669e-04 2.8911001400e-01 
2.0833997207e-04 2.9098233173e-01 
6.4950186623e-05 2.3702465527e-01 
5.2749174077e-06 1.0000000000e+00 
7.0482395237e-05 2.5298352048e-01 
1.3570053928e-04 2.9787269389e-01 
3.1196859870e-05 4.2981985718e-01 
8.9733814197e-06 4.9118135215e-01 
3.0202351580e-05 3.6764760276e-01 
3.2973483647e-05 3.6768737369e-01 
6.5554592546e-06 4.4884771242e-01 
3.7593348190e-05 1.0000000000e+00 
2.7793393454e-05 3.8865102816e-01 
1.7691669598e-05 4.0097433034e-01 
4.9977537673e-06 9.9388680729e-01 
3.5335507028e-05 2.8463072223e-01 
3.0783631631e-05 1.0000000000e+00 
9.5568513327e-05 3.1186408500e-01 
1.7757558286e-05 4.1370278846e-01 
8.6230714692e-06 4.0072768821e-01 
3.0305005437e-05 3.8423734484e-01 
3.8712453887e-05 2.4372608381e-01 
4.5248142025e-05 3.2296062023e-01 
7.1426976880e-05 3.3788535709e-01 
2.5173215807e-05 3.8528588895e-01 
8.3855849948e-05 3.2381758055e-01 
2.6319115078e-05 2.3773875834e-01 
3.9778490209e-05 3.6898700638e-01 
5.0553481775e-05 2.3314246094e-01 
1.7779958833e-05 1.0000000000e+00 
7.0149650788e-06 1.0000000000e+00 
4.9999714029e-06 9.9397459584e-01 
8.9008621778e-05 4.0744908951e-01 
7.3457462446e-05 3.2116686320e-01 
1.2700237557e-05 4.5400258980e-01 
1.0433680136e-05 4.7595075606e-01 
1.8068285560e-05 4.3145787980e-01 
1.6132758307e-04 3.0759440559e-01 
3.6126029804e-05 3.8419836681e-01 
1.2581632168e-04 3.1810265974e-01 
2.3290391235e-05 2.6421179500e-01 
2.0854222383e-05 3.6056989095e-01 
5.5512205017e-05 3.5992048477e-01 
7.7793457461e-06 1.0000000000e+00 
7.9553884944e-05 1.0000000000e+00 
5.0595160350e-05 3.6090271198e-01 
1.3308796243e-05 1.0000000000e+00 
5.8459758631e-05 3.8075011570e-01 
5.7116736072e-05 3.1496749947e-01 
9.8366897643e-06 1.0000000000e+00 
6.2815654947e-05 2.2226568778e-01 
5.8454999314e-05 2.6280603206e-01 
4.5046546820e-05 2.2232530532e-01 
2.8512104703e-05 2.8078480550e-01 
2.4135248969e-05 2.5853528894e-01 
1.1192700860e-04 3.0997628449e-01 
1.9731389861e-05 3.9759783514e-01 
2.4664446017e-05 3.8964893993e-01 
1.0572303363e-05 1.0000000000e+00 
2.4442872301e-05 2.7484178471e-01 
2.7250131765e-05 1.0000000000e+00 
1.5355467168e-05 2.6592177060e-01 
3.0047529472e-05 1.0000000000e+00 
1.8158032629e-04 2.9277935960e-01 
1.0127736525e-05 1.0000000000e+00 
7.6073864656e-05 3.3863965758e-01 
4.3024099952e-05 3.6796037824e-01 
1.3387643613e-05 1.0000000000e+00 
6.7796964156e-05 3.6949155302e-01 
3.6148746429e-05 3.6801222176e-01 
1.0831157203e-04 3.3042667064e-01 
4.3157976276e-05 3.8215078337e-01 
9.9807892728e-05 2.5969928857e-01 
8.8294937316e-05 2.9279491162e-01 
1.8531775045e-05 4.2562664849e-01 
6.9052171870e-06 1.0000000000e+00 
5.9965544621e-05 2.4705694401e-01 
3.4691403495e-05 3.8867844001e-01 
1.3613721722e-04 3.2248665309e-01 
2.1341519755e-05 2.6137937158e-01 
4.8758029450e-05 3.3858284232e-01 
1.3243562718e-05 2.8951403914e-01 
4.3124449626e-05 2.4568839309e-01 
9.0172017701e-06 1.0000000000e+00 
4.4839274114e-05 2.2516035804e-01 
1.4749893234e-05 2.9434314051e-01 
3.6563529328e-05 2.4635874867e-01 
1.8416351627e-05 4.1216954288e-01 
4.9996392016e-06 9.9843730797e-01 
2.0638695653e-05 3.2190667026e-01 
3.1252250835e-05 3.0667363311e-01 
3.6225551244e-05 3.1384048786e-01 
1.0973363870e-04 3.2145034125e-01 
5.2206394966e-05 3.7670606013e-01 
1.1579319180e-05 1.0000000000e+00 
5.4801307793e-05 3.7644476071e-01 
9.9812138985e-05 3.3101683238e-01 
1.3871539971e-04 3.0868918562e-01 
8.7324593158e-05 3.2023302093e-01 
6.6527039821e-06 1.0000000000e+00 
2.1813534683e-05 3.9577014692e-01 
3.0618689803e-05 3.7029150974e-01 
6.6495044579e-05 4.2017271086e-01 
2.3028099037e-05 5.0635735596e-01 
5.1583599150e-05 2.7122067595e-01 
6.1705415002e-06 1.0000000000e+00 
4.9991996836e-06 9.9892447873e-01 
1.1772260194e-05 3.5015600702e-01 
7.9986217361e-05 3.7581151376e-01 
6.3008833575e-05 3.4894586895e-01 
2.2730811371e-05 4.9587470308e-01 
1.8884808327e-05 4.1123427548e-01 
4.3251797623e-05 2.4351444886e-01 
1.8410877301e-04 3.7674656398e-01 
9.9145469775e-05 2.7336991357e-01 
6.2935785258e-05 3.2475374009e-01 
2.3784412854e-05 3.0896898173e-01 
1.9557066996e-05 4.1662626929e-01 
4.9860921283e-05 3.2649499284e-01 
1.4818813041e-05 4.3374586996e-01 
2.6859087326e-05 3.9717387134e-01 
5.0991887868e-05 3.5949294893e-01 
1.9186319692e-05 1.0000000000e+00 
4.2611676410e-05 1.0000000000e+00 
1.5999269184e-05 4.2838199057e-01 
6.1283213158e-05 3.0115993143e-01 
1.8109772424e-05 1.0000000000e+00 
5.0001967723e-06 9.9197543288e-01 
6.9055714050e-06 4.8578038926e-01 
2.8274382692e-05 3.7859297713e-01 
3.0484326133e-05 3.2101432692e-01 
1.0471827145e-04 3.1094741094e-01 
2.1194259041e-04 2.9969890913e-01 
2.8296259381e-04 3.6374339327e-01 
6.5166643780e-06 1.0000000000e+00 
6.7278268826e-05 3.4224525037e-01 
1.0542254330e-05 1.0000000000e+00 
3.7353276657e-05 3.7640547938e-01 
2.8484248926e-05 3.2764781869e-01 
4.6287901013e-05 3.5243974044e-01 
2.3958366829e-05 3.6253675638e-01 
2.2776410515e-05 3.7163261305e-01 
4.3982028235e-05 4.0063805498e-01 
1.2451416366e-04 3.0640513514e-01 
1.2977014393e-05 1.0000000000e+00 
2.9787305373e-05 3.1977148483e-01 
2.4754800836e-04 2.7041507749e-01 
1.0831525574e-04 3.1753820389e-01 
1.8207671521e-05 4.9026446901e-01 
1.3813388757e-05 4.3028039313e-01 
3.2284839143e-05 4.9537779635e-01 
1.2627029219e-05 4.3049586456e-01 
1.5542874825e-05 4.2308926406e-01 
9.3893342258e-05 2.4261005237e-01 
3.8968198907e-05 2.6802957363e-01 
1.0482935694e-04 2.3525695868e-01 
1.5972003112e-04 3.0613764064e-01 
1.0678561639e-05 1.0000000000e+00 
4.8159908193e-05 4.0503703860e-01 
4.9991189741e-06 9.9852532714e-01 
2.9411086146e-05 3.2589289039e-01 
2.5435914645e-05 2.3854157879e-01 
1.8740879691e-04 2.8660341093e-01 
6.6011901125e-06 1.0000000000e+00 
1.2972482216e-05 4.2109467808e-01 
7.7810264670e-05 2.2128232212e-01 
1.0087149313e-05 1.0000000000e+00 
4.3051012248e-05 2.7016796698e-01 
3.9745973007e-05 2.2440020236e-01 
4.4658327690e-05 2.2781874682e-01 
4.0337497702e-05 3.7815664480e-01 
1.3005930696e-05 1.0000000000e+00 
4.4307067209e-05 2.2131517975e-01 
5.3405373199e-05 3.8973800556e-01 
5.8748762245e-05 3.4664524432e-01 
7.9218514091e-05 3.5576125724e-01 
2.1935799786e-05 4.0982136729e-01 
2.6398378197e-05 1.0000000000e+00 
7.9380216057e-05 3.3845657051e-01 
4.5464653663e-05 3.6759055567e-01 
4.7426439273e-05 2.8433881410e-01 
1.5212002857e-05 1.0000000000e+00 
1.5931805377e-05 1.0000000000e+00 
1.3958417190e-04 3.7928054939e-01 
1.6074597520e-05 1.0000000000e+00 
4.9971726420e-06 9.9236043561e-01 
6.6566902099e-05 3.5058741691e-01 
3.9200780650e-04 2.4043537501e-01 
1.3785583967e-05 1.0000000000e+00 
1.4352297046e-04 3.0854406128e-01 
4.2634278489e-05 3.7549173834e-01 
1.9215832410e-05 5.8329297122e-01 
3.2666082829e-05 3.6925652915e-01 
1.1152316229e-04 3.2279819823e-01 
2.9312563768e-05 1.0000000000e+00 
8.9654857239e-06 4.3344007793e-01 
1.9360839282e-04 3.0622588175e-01 
2.0635741470e-05 4.7104228983e-01 
1.3265147504e-04 3.1502935951e-01 
8.0278193117e-06 1.0000000000e+00 
3.0301218593e-05 2.6935025819e-01 
3.3094940613e-05 4.1068985203e-01 
3.2283218202e-05 3.7797743861e-01 
4.9996946605e-06 9.9760334464e-01 
1.3923975172e-05 1.0000000000e+00 
5.1346938223e-05 3.5981062105e-01 
1.5012640391e-04 3.0049817107e-01 
6.1914031554e-05 3.3359883283e-01 
2.6132663669e-05 4.5698947645e-01 
2.7264522436e-05 3.8971671408e-01 
1.9904964024e-05 4.4908775706e-01 
2.8429704464e-05 3.8333302614e-01 
4.3445392943e-05 2.4634784860e-01 
3.9663976871e-05 3.8380325011e-01 
4.9999490492e-06 9.9804042930e-01 
1.8616185267e-04 2.8027602147e-01 
5.5336389877e-05 3.4045802844e-01 
5.3054946939e-05 3.5327779216e-01 
1.6542983729e-04 2.8745760398e-01 
9.2599231512e-06 1.0000000000e+00 
7.9244285845e-05 2.4537390034e-01 
4.9970313699e-06 9.9232536825e-01 
2.2672376564e-04 3.0566477518e-01 
1.9802982374e-05 4.0804784540e-01 
7.1810063623e-06 4.4378914193e-01 
7.8979694673e-06 4.3763988501e-01 
5.2099183913e-05 2.5047106009e-01 
7.2896915125e-05 2.1962301034e-01 
1.7157632701e-05 5.6316380655e-01 
1.9885486725e-04 3.0831803100e-01 
5.5720458023e-06 1.0000000000e+00 
1.8234326718e-04 2.9223576426e-01 
2.1700167554e-05 3.9188258055e-01 
2.6072779958e-05 3.4967261829e-01 
4.3307330671e-05 3.8856709763e-01 
4.9951752048e-06 9.9401578981e-01 
4.1744387278e-05 4.1444871116e-01 
6.4165201467e-05 3.3493454615e-01 
3.4189707345e-04 2.7589507798e-01 
4.5479404304e-05 3.9609379745e-01 
9.7027070008e-05 3.2616147003e-01 
4.3989416164e-04 1.0000000000e+00 
5.6787279883e-06 1.0000000000e+00 
3.7364246919e-05 2.6140538567e-01 
2.4875765199e-05 3.4963621505e-01 
6.9158018071e-05 3.6387832512e-01 
5.1959562432e-05 3.4146765143e-01 
1.3493380868e-04 3.0786244086e-01 
1.7677758336e-05 3.3580361454e-01 
6.5651181574e-05 3.4846314207e-01 
8.8178112200e-05 3.3699998217e-01 
4.2166207559e-05 2.2994738085e-01 
1.9147720732e-05 4.2252268337e-01 
2.7830657889e-04 2.7014397681e-01 
1.8549668759e-05 1.0000000000e+00 
1.5265337979e-04 3.1078142928e-01 
1.5930206663e-04 3.0460834930e-01 
1.4765200547e-05 2.7729471577e-01 
3.0839347960e-05 4.3666904313e-01 
2.8493366817e-05 3.2440772580e-01 
9.4563259084e-06 2.7556665156e-01 
4.9998632274e-06 9.9894634079e-01 
1.1171539988e-04 3.1488400855e-01 
5.5791351256e-05 2.5709169006e-01 
4.6749576292e-05 3.5357992689e-01 
1.0586352693e-05 1.0000000000e+00 
2.7006522865e-05 3.7193646816e-01 
1.2120706865e-05 4.3141751163e-01 
2.3708511656e-05 1.0000000000e+00 
1.8891172257e-05 3.3469188393e-01 
2.2856248356e-05 3.4798643472e-01 
8.7788649231e-05 2.2074552961e-01 
4.9996824419e-06 9.9790145847e-01 
1.1969785034e-05 1.0000000000e+00 
2.1082300654e-05 4.1225643767e-01 
4.7566109494e-05 4.3116490312e-01 
1.8379842699e-05 2.9667258439e-01 
3.3299389475e-05 2.3802403632e-01 
5.0052365499e-06 9.5926551589e-01 
2.6443878390e-05 3.8562231241e-01 
6.0720843965e-05 2.1323049934e-01 
9.9802274687e-05 3.3215654381e-01 
4.1930291301e-05 4.0219807866e-01 
3.3196913532e-05 1.0000000000e+00 
2.1364489711e-04 2.7074074346e-01 
5.1838612694e-05 2.3861390926e-01 
2.1195344077e-05 4.9417004303e-01 
1.4629443014e-05 1.0000000000e+00 
5.0524000514e-05 2.4299847838e-01 
1.9888543996e-05 3.7727814287e-01 
2.7635591224e-05 3.0782865072e-01 
5.4251527895e-05 3.5124089625e-01 
1.8305135751e-05 3.3011472111e-01 
9.8892896153e-05 3.0056792835e-01 
8.5310733128e-06 1.0000000000e+00 
1.9821670122e-05 1.0000000000e+00 
1.0935801889e-04 3.1882693340e-01 
1.1984497928e-04 3.1073891108e-01 
1.3773287954e-05 4.2742887365e-01 
6.4736071433e-06 1.0000000000e+00 
1.6945243855e-04 3.2532171091e-01 
4.4162918477e-05 1.0000000000e+00 
9.6526278373e-05 3.1337033038e-01 
4.5621653471e-05 3.7243585958e-01 
3.5520584388e-05 3.9601008639e-01 
1.0926900250e-04 3.1895393328e-01 
2.2322569869e-05 2.6351742546e-01 
1.2826193171e-04 3.0779450720e-01 
3.2432428473e-05 3.6982851242e-01 
7.1503415966e-06 1.0000000000e+00 
3.0693255433e-05 5.1926817503e-01 
1.0706775858e-04 3.1523749080e-01 
5.2560600449e-04 2.9182875545e-01 
3.8364866315e-05 2.5678998027e-01 
9.7308505268e-06 4.5480984805e-01 
7.1608128123e-05 4.0643749357e-01 
1.6841649491e-05 4.8203468610e-01 
2.0469504392e-05 3.6115084648e-01 
4.7938281608e-05 3.6441269042e-01 
3.7668502763e-05 3.7860788641e-01 
7.0302939159e-05 3.4492239997e-01 
1.0031205026e-04 2.3431860996e-01 
4.9997158072e-06 9.9895883555e-01 
1.3422379117e-04 3.1372620875e-01 
8.6884787776e-06 1.0000000000e+00 
2.9370814639e-04 4.2356549557e-01 
2.2849777980e-05 4.0605589884e-01 
3.4824911966e-05 3.8880599495e-01 
2.9480513293e-05 2.9549836458e-01 
2.5265592664e-04 2.6059576317e-01 
9.2554248550e-05 3.5886599522e-01 
5.8509331571e-05 2.6631208869e-01 
3.0714403789e-05 2.3765694395e-01 
2.3410034630e-05 3.5351437656e-01 
2.8676489497e-05 4.0482939802e-01 
4.5913293216e-05 3.6457276743e-01 
3.1954726495e-05 3.5894302999e-01 
3.5892038773e-04 2.8039463180e-01 
