4.6101941052e-05 2.2226903253e+04 4.7401936724e-01 
6.7718026808e-05 2.5000000000e+04 9.7333506017e-01 
7.1942356366e-05 1.7526198528e+04 7.3712496402e-01 
1.7028778581e-05 1.7743095722e+04 7.6720500387e-01 
8.6464604886e-06 2.5000000000e+04 7.6749178217e-01 
4.2919670896e-05 1.2426364935e+04 9.1473495576e-01 
1.4281239536e-05 1.2508392131e+04 1.7441700482e-01 
1.0123276201e-05 1.1581984529e+04 1.0707144351e+00 
7.6880175640e-05 1.4676505510e+04 1.1497585303e+00 
6.7572998356e-06 1.2558839516e+04 9.3328513861e-01 
1.0212378069e-04 1.2681638403e+04 7.3301834040e-01 
3.5840947427e-05 1.2528156044e+04 9.6360189728e-01 
1.6194594405e-05 1.1618293733e+04 7.0553460700e-01 
4.0901276429e-05 1.8707641580e+04 7.5691282258e-01 
9.2152081661e-06 1.2145164309e+04 3.8321757148e-01 
1.3858599063e-05 1.7264855449e+04 5.7598899409e-01 
9.3561009521e-05 1.2339258521e+04 7.6591401214e-01 
3.0526790070e-05 1.1356403224e+04 6.2808475507e-01 
1.4881591690e-04 1.3716036398e+04 9.1031235751e-01 
7.5393328149e-05 1.6688273374e+04 5.5471932260e-01 
5.4500168268e-05 1.2282802836e+04 1.1670278614e+00 
3.5808393402e-05 1.5158767827e+04 1.1435491001e+00 
4.4915560255e-04 1.4853672179e+04 1.2530236441e+00 
3.7462838270e-05 1.3514242072e+04 5.6624025267e-01 
1.4454062197e-05 1.2344177386e+04 9.4875745723e-01 
1.8282989522e-04 1.1579691002e+04 5.7093536612e-01 
7.4614408816e-06 2.0154833749e+04 9.9802547566e-01 
6.6727831787e-05 1.3346542076e+04 6.6021140112e-02 
3.8315461300e-05 1.2038792216e+04 1.1524192897e+00 
8.6221529112e-05 1.6063338260e+04 9.9903496399e-01 
3.1385762212e-04 1.4513191343e+04 1.0628778576e+00 
3.6544748635e-05 1.1456606350e+04 9.7354350523e-01 
1.7227364360e-04 1.2852615372e+04 1.0754709755e-01 
3.2645793095e-05 1.1771764849e+04 5.3407501820e-01 
1.2345508968e-04 1.3280729947e+04 1.1136594079e+00 
4.2281542183e-05 1.3945138512e+04 1.3131745024e+00 
5.6211000790e-05 1.5070911125e+04 1.2020452580e+00 
1.0435929920e-05 1.1311590117e+04 1.0745578512e+00 
1.8107015343e-04 1.1464446734e+04 1.0735577517e+00 
4.2564363793e-05 1.1258071402e+04 1.0465716668e+00 
4.0938879461e-05 1.1368510136e+04 7.2874364099e-01 
2.0068784062e-05 2.1690829159e+04 6.7321835649e-01 
4.3140823191e-04 1.1693855605e+04 6.4987283708e-02 
5.4770828929e-05 1.2900990859e+04 6.0608955952e-01 
4.0296232369e-05 1.1384093271e+04 8.2952092681e-01 
2.6062883190e-05 1.3355538901e+04 6.5358100709e-01 
2.3238167168e-05 1.2447012349e+04 5.1075497907e-01 
1.6651345474e-04 1.1692529191e+04 3.9553586117e-01 
4.5918565246e-05 1.6304173541e+04 6.5866135350e-01 
4.5954104109e-05 1.4186624269e+04 1.2282396584e+00 
1.8565901687e-05 1.1264272236e+04 1.1114638149e+00 
5.4098061374e-05 1.3079016977e+04 4.9057200357e-01 
3.1862190599e-04 1.2502031728e+04 9.0411730399e-01 
2.2577273574e-05 1.2905447804e+04 1.4968512350e+00 
2.5107552724e-04 1.4844602427e+04 1.1380446775e+00 
3.3702040903e-04 1.3264571325e+04 7.3908050886e-01 
1.0152743748e-05 1.4997327087e+04 3.3274369542e-01 
6.5750734782e-06 1.4379562230e+04 6.8830730406e-01 
9.4241245618e-05 1.1726072080e+04 7.0081874870e-01 
4.5248567854e-05 1.7739415152e+04 6.2308498661e-01 
1.3136317499e-05 2.3794938507e+04 7.9220419805e-01 
2.9444442879e-05 1.1618478553e+04 4.4672119288e-01 
7.3133704540e-05 1.3026213223e+04 1.2914241986e+00 
3.8894875532e-05 1.1212063977e+04 4.0508536714e-01 
3.6148208546e-04 1.2388596200e+04 1.0347598568e+00 
2.3100220622e-05 1.3725612422e+04 1.1333027930e+00 
6.5578217284e-04 1.5065573521e+04 1.0216323019e+00 
1.2496018853e-05 1.2607897754e+04 1.2395508641e+00 
3.0027978347e-04 1.3404645554e+04 3.6772680567e-01 
1.8296464788e-04 1.1970160216e+04 1.0026130041e+00 
3.8874684381e-05 1.2388676575e+04 9.2159113679e-01 
1.1836541221e-04 1.2897555959e+04 8.0134167873e-01 
4.0474635316e-04 1.5712511321e+04 5.0190248353e-01 
9.1930692336e-05 2.5000000000e+04 3.5766707284e-01 
9.5088596036e-06 1.2061401549e+04 7.0899494768e-01 
2.9181982317e-04 1.1719728450e+04 9.7678664371e-01 
2.9077116013e-05 1.1651700110e+04 4.7406589026e-01 
5.1391281684e-05 2.0683261518e+04 9.7076510755e-01 
2.0258373328e-05 1.3782923997e+04 9.8430232154e-01 
2.4463927855e-05 1.7738005333e+04 5.2762527632e-01 
9.6744602799e-05 1.1239127768e+04 4.8568524674e-01 
1.5624227668e-04 1.5780426440e+04 7.1975607837e-01 
1.6003339401e-05 1.1334901362e+04 1.1686079066e+00 
8.9324520816e-05 1.2369102397e+04 7.8471473696e-01 
6.1293810089e-05 1.2667318443e+04 8.5166921397e-01 
1.3848045320e-05 2.0195978005e+04 5.4531001663e-01 
9.7649789125e-04 1.2419925243e+04 5.2809135074e-01 
6.7472608824e-05 1.5129777137e+04 8.4476613599e-01 
1.2087730845e-04 1.3696138686e+04 5.4711460382e-01 
6.9041726100e-05 2.4389817888e+04 6.1791931538e-02 
1.3854760032e-05 1.1559918343e+04 2.7553711308e-01 
5.1583491767e-05 1.1607380123e+04 5.5460922821e-01 
5.6116131469e-05 1.6221068447e+04 1.0497541570e+00 
1.3553384487e-05 1.9154106760e+04 1.1048489562e+00 
1.9566596950e-05 1.2637990165e+04 1.2002220699e+00 
7.0545403806e-05 1.1912306650e+04 7.3391431665e-01 
1.6351207990e-04 1.1778142767e+04 1.2231950752e+00 
5.9068221271e-05 1.2145313961e+04 2.8090689439e-01 
1.0297787718e-04 1.1292559316e+04 1.2297194050e+00 
1.2656287000e-05 1.2199860118e+04 7.2563219038e-01 
2.1792153327e-05 1.1310328011e+04 1.0714535646e+00 
2.0061032221e-05 1.7702699451e+04 4.3210713791e-01 
1.3546602964e-04 1.6872789609e+04 9.1730907555e-01 
4.2231967267e-05 1.3983841780e+04 1.5306717723e+00 
1.8754763031e-04 1.4903451898e+04 6.0708819629e-01 
5.1783142503e-05 1.1983941990e+04 9.9685253464e-01 
1.0384056136e-04 2.3676901917e+04 9.3030839174e-01 
7.2028903871e-04 1.5774174880e+04 6.5119908526e-01 
3.4740710320e-05 1.1427283630e+04 2.2101791306e-01 
8.8960610326e-06 1.2629929686e+04 8.9547353621e-01 
3.1746217438e-05 1.1272323597e+04 7.2521083293e-01 
2.4996757431e-05 1.4399349002e+04 1.1951067054e+00 
5.8299294941e-05 1.4907751987e+04 5.9994326625e-01 
5.7605109693e-05 1.3071963329e+04 2.0795879823e-01 
2.6573992992e-04 1.2191910294e+04 3.9071890367e-01 
2.6351084088e-04 1.1363289651e+04 9.6045779428e-01 
4.4130843270e-04 1.2592074435e+04 3.1651411469e-01 
9.3403727691e-05 1.2468570280e+04 1.0228895142e+00 
3.0515638728e-05 1.2041027149e+04 5.4042828572e-01 
7.3669337030e-05 1.3328064121e+04 6.3862299665e-01 
2.9097090562e-05 2.5000000000e+04 9.5489944795e-02 
6.6821778411e-05 1.3053914796e+04 9.9198623357e-01 
2.0037703874e-04 1.3206911392e+04 8.3114629536e-01 
2.7882224276e-05 1.6199376009e+04 1.3758049221e+00 
9.3297386202e-06 1.5233123546e+04 3.2419515518e-01 
9.3740378400e-05 1.1988256658e+04 5.0668520007e-01 
1.7795960037e-04 1.8423506271e+04 1.0276089484e+00 
1.8954612673e-04 1.6895104156e+04 8.6295698852e-01 
5.1972173924e-05 1.3631964941e+04 6.1510943211e-01 
5.0304279961e-06 2.1994053372e+04 4.8027211212e-01 
1.5766742961e-05 1.8680690482e+04 4.1272100961e-01 
6.9253649082e-05 1.3419063977e+04 8.8352190968e-01 
2.6309967521e-05 1.5693843168e+04 1.1208009904e+00 
5.5960987826e-04 1.1503067296e+04 4.6483135694e-01 
3.6625187104e-05 1.4404827166e+04 3.3760471465e-01 
4.6801592029e-05 1.5096962145e+04 7.1043335308e-01 
1.2459751737e-04 1.4364651787e+04 8.3734505007e-01 
6.7467426327e-05 1.3044819056e+04 7.2893413079e-01 
1.1406038159e-04 1.4275957489e+04 3.2916665319e-01 
3.8942435402e-05 1.2810197338e+04 1.0516471481e+00 
4.0329245486e-05 1.4766469648e+04 9.3478152132e-01 
2.2185569699e-05 1.1560835893e+04 1.1157576373e+00 
1.5533604369e-04 1.5269900858e+04 1.2006976074e+00 
7.2402072955e-05 1.2066250321e+04 1.3840858420e+00 
1.4974921908e-05 1.1940586063e+04 5.0353822838e-01 
5.7198158276e-05 1.2486331129e+04 8.7901684651e-02 
6.9805915430e-06 1.1381214906e+04 9.3558697316e-01 
7.1565699303e-05 1.1351374748e+04 1.3111258970e+00 
1.3505236596e-04 1.1478877785e+04 1.0424533537e+00 
5.9214692151e-05 1.5490132941e+04 8.3475627063e-01 
1.0370788183e-04 1.2113650741e+04 5.7955588049e-01 
1.1670684003e-05 1.2434963604e+04 9.2955261532e-01 
1.9401689043e-04 1.1955826762e+04 9.6662055327e-01 
6.0192989418e-05 1.1613580458e+04 4.6607555477e-01 
4.0226076422e-05 2.5000000000e+04 8.9862398934e-01 
1.1767831554e-04 1.5894951794e+04 5.8030169871e-01 
9.7729613245e-05 1.4297834899e+04 6.9694460544e-01 
7.4959908256e-06 1.3044173534e+04 9.6004978468e-01 
8.6588390555e-04 1.3967856095e+04 8.6888877591e-01 
4.2509642657e-05 1.3445566738e+04 6.2359444712e-01 
7.7754585402e-04 1.1227347499e+04 8.7661737299e-01 
1.5089956533e-05 1.3525209453e+04 1.5046166395e+00 
1.1428337035e-04 1.5999905860e+04 7.1888771085e-01 
7.1416513033e-06 1.3354824621e+04 9.3963538246e-01 
2.0773720911e-04 1.3698008495e+04 3.2985069543e-01 
1.7403867665e-04 1.7558899767e+04 7.5214112834e-01 
1.3759969751e-04 1.7252348335e+04 6.6386084773e-01 
2.7036096936e-04 1.3345093930e+04 1.8908377230e-01 
1.4989422232e-04 1.3049768848e+04 9.8440052109e-01 
6.8289630789e-04 1.1845763518e+04 3.5064203154e-01 
1.1832815462e-04 2.4277811789e+04 8.8545686938e-01 
1.2701368110e-04 1.2346224997e+04 4.9687551364e-01 
1.6891650794e-05 1.3155217356e+04 5.3321308675e-01 
8.3288041606e-05 1.7248080312e+04 4.6835213931e-01 
3.3675527839e-05 1.1593442465e+04 5.7671042664e-01 
1.1476696274e-04 1.4920898032e+04 1.3560430438e+00 
9.1822319649e-05 1.3812509180e+04 6.9251838724e-01 
2.4638666378e-04 1.5490848045e+04 9.4133845231e-01 
4.8364877902e-05 1.2169417880e+04 5.4216286414e-01 
4.4675709150e-05 1.4452048074e+04 1.8575068717e-01 
8.7135720288e-05 1.8689632330e+04 9.9626955692e-01 
8.5363130365e-05 1.3277365541e+04 4.0333302119e-01 
4.4037734909e-05 1.1460434016e+04 6.0071977856e-01 
3.0974214034e-05 1.1923853322e+04 1.4582869782e+00 
5.9082140167e-05 1.5015144998e+04 1.1632160384e+00 
4.9024144558e-05 1.1422181817e+04 1.0107477011e+00 
4.4987490442e-05 1.2072671370e+04 3.6065041393e-01 
2.8414959502e-05 1.4064848601e+04 6.1464259709e-01 
3.5656031840e-05 1.6809330289e+04 1.1134240097e+00 
9.2200700719e-06 1.1752054617e+04 1.5178730290e+00 
5.0868656899e-05 1.8582376527e+04 1.1016448048e+00 
7.2057320450e-06 1.6170322905e+04 7.5856076760e-01 
3.1942124804e-05 1.1450986085e+04 7.2335989047e-01 
5.9935768377e-05 1.4272609366e+04 1.4558078312e+00 
1.2500044213e-05 1.2715897030e+04 1.1988078039e+00 
1.3116571499e-04 1.6770751505e+04 3.3651710814e-01 
9.8659940439e-04 1.2290563845e+04 9.8502973901e-01 
2.4683959157e-05 1.4244241024e+04 5.5368389187e-01 
4.9594332875e-04 1.2615407301e+04 4.6442625897e-01 
1.8093357887e-05 1.1532779687e+04 3.9163067912e-01 
1.1989853355e-04 1.2702952221e+04 6.5933703361e-01 
3.7930185088e-05 1.2325466868e+04 7.7024733525e-01 
2.3715592738e-05 1.3832065270e+04 9.8072524558e-01 
1.2048889773e-05 1.7510972706e+04 1.0332670643e+00 
7.5838790435e-05 1.4359141937e+04 8.9002117232e-01 
1.5237043737e-04 1.3281193676e+04 3.2646892444e-01 
3.8214044477e-04 1.2423143375e+04 1.0492030616e+00 
5.4362650672e-04 2.0324763550e+04 9.6759317048e-01 
1.7663221654e-05 1.1418779496e+04 8.1963460510e-01 
2.1969766735e-05 1.4480002750e+04 7.5960695365e-01 
6.6401859065e-06 1.2296181366e+04 1.4367026525e+00 
2.9481623615e-05 1.2667725206e+04 6.4577615673e-01 
1.0825711777e-05 1.2845907590e+04 4.9613893230e-01 
9.8338205228e-04 1.4831221427e+04 8.5776326336e-01 
2.5942557108e-04 1.2140376465e+04 1.2063791404e+00 
5.7633261004e-05 1.1240555794e+04 1.0007942427e+00 
1.0291582116e-04 1.1529203845e+04 9.1250083813e-01 
3.6269046043e-05 1.1376656690e+04 6.0820434144e-01 
3.8444083734e-05 1.2042918358e+04 4.8721925992e-01 
2.4547694908e-04 1.1794333058e+04 8.5598933438e-01 
1.1462464668e-04 1.8222884497e+04 1.1636876455e+00 
1.1607473059e-04 1.6323863066e+04 7.9999619572e-01 
9.1111163407e-05 1.1338243734e+04 3.7123654058e-01 
3.0097258987e-05 1.1278621317e+04 1.3024182732e+00 
2.7390268871e-05 1.1356954826e+04 1.0930173734e+00 
1.3694835814e-04 1.3098299920e+04 8.4016286127e-01 
2.9453359695e-05 1.7030701892e+04 1.3282620144e+00 
2.9775645095e-05 1.7018603546e+04 8.5824421709e-01 
2.6550174760e-04 1.4325256038e+04 5.3316978851e-01 
1.0564269663e-04 1.1384216826e+04 1.0005611692e+00 
1.0510631933e-04 1.3416914048e+04 4.8281089775e-01 
2.6210674585e-05 1.3290299103e+04 2.0917536895e-01 
3.4107117089e-05 1.5994157279e+04 4.4682740155e-01 
1.3711380555e-04 1.1497196390e+04 6.6256196304e-01 
7.1260242764e-05 1.2414356673e+04 5.7463171509e-01 
7.2830230351e-05 1.4029302830e+04 7.0611617476e-01 
1.2857369468e-04 1.1805096471e+04 1.0161591269e+00 
3.1063953179e-04 1.1568999772e+04 1.4078533872e+00 
2.4100302403e-05 1.2013306835e+04 8.6934745876e-01 
1.7636628476e-05 1.4814393279e+04 7.6373010513e-01 
1.1365799488e-05 1.7882940625e+04 9.8055262790e-01 
1.0693966236e-04 2.1113791445e+04 4.6032464267e-01 
6.8219952450e-06 1.1648338964e+04 6.9357360373e-01 
1.6004374789e-04 1.2140531585e+04 5.1453044568e-01 
2.4289105930e-05 2.5000000000e+04 1.4784405951e+00 
7.3264984982e-05 1.1924322170e+04 1.1159073410e+00 
1.9966258393e-05 1.2884440580e+04 6.9549685390e-01 
2.1624329996e-05 1.1809743402e+04 8.3028248252e-01 
3.1179060058e-04 2.0112640100e+04 5.8570737457e-01 
1.6464964593e-05 1.2701805799e+04 6.1801771375e-01 
7.4076838085e-04 1.8657247386e+04 1.0997301379e+00 
7.6480315453e-05 2.1651424841e+04 1.3747232306e+00 
2.8033040077e-04 2.2007250519e+04 1.0856674552e+00 
6.4191667153e-05 1.2264490917e+04 6.6159137519e-01 
3.6883776343e-05 1.1223538007e+04 9.0475215280e-01 
3.3564529155e-04 2.5000000000e+04 5.6961413175e-01 
9.1085434191e-05 1.2804602457e+04 1.4064900511e+00 
1.3040865296e-04 1.1418315051e+04 1.0734957773e+00 
7.6116805417e-05 1.2232864683e+04 4.6808123157e-01 
9.1269056380e-05 1.1936001389e+04 8.7178442504e-01 
7.6482442965e-05 1.1672727684e+04 4.5261394327e-01 
6.4280401080e-05 2.4524501951e+04 7.2247658238e-01 
9.3737684965e-05 1.1819767187e+04 2.7445206613e-01 
9.6367729173e-05 1.8755780523e+04 4.4426660539e-01 
1.1608795228e-05 1.4429687970e+04 4.7218078864e-01 
6.4678680082e-06 1.3720362503e+04 9.8661940099e-01 
9.7280772409e-05 1.6164403463e+04 6.1213536339e-01 
1.7041365077e-05 1.4754944917e+04 8.0742703555e-01 
2.6449116729e-05 1.3853978703e+04 1.0753974129e+00 
1.7343872338e-05 1.5648025417e+04 9.6532502744e-01 
2.8519512453e-05 1.8775340361e+04 7.3143788516e-01 
8.6837694463e-05 1.2257136350e+04 1.0029930606e-01 
3.9855674725e-05 1.2509666565e+04 7.1801468827e-01 
1.2476787952e-05 2.5000000000e+04 4.4984925398e-01 
1.2971122250e-05 1.6197337818e+04 1.2201320948e+00 
1.9814840949e-05 1.2099337196e+04 8.9722051406e-01 
6.4303198574e-04 1.1486591464e+04 4.7893509849e-01 
9.6201434249e-05 1.2045845675e+04 8.7312247488e-01 
2.7078658499e-05 1.4502182350e+04 1.1612085329e+00 
2.8319525820e-05 1.3463152959e+04 8.2433527041e-01 
7.3380986499e-05 2.5000000000e+04 7.8467056434e-01 
1.0132088684e-04 1.4797939696e+04 3.6929013097e-01 
3.9017346485e-05 1.6444327045e+04 8.8814067184e-01 
4.9469053662e-05 2.0570910403e+04 8.8323730210e-01 
2.4353714472e-05 1.8741848746e+04 8.9068515912e-01 
1.2429233124e-05 1.1807478473e+04 5.6703756155e-01 
2.9334013961e-05 1.4426765524e+04 5.1097995076e-01 
3.1558523328e-05 1.2971888804e+04 1.0334024596e+00 
1.6410129854e-04 1.3867460259e+04 8.5426240602e-01 
2.7371898375e-05 1.1668702573e+04 9.6381933557e-01 
7.3045142641e-05 2.5000000000e+04 8.8881613932e-01 
3.0524015484e-05 1.9313112832e+04 7.2071531877e-01 
3.5840456013e-05 1.4530242964e+04 1.3847347262e+00 
1.1671719289e-04 1.7179938554e+04 8.6184395687e-01 
1.2463822703e-05 1.4026480130e+04 1.3064152600e+00 
7.3561536188e-04 1.2438949311e+04 1.0693099610e+00 
3.6750760653e-05 1.9449591149e+04 4.6784816598e-01 
6.1471371025e-05 1.4097208444e+04 4.1438881934e-01 
6.0089845896e-05 1.1265716723e+04 4.8854126523e-01 
4.1286569950e-05 1.4083916527e+04 9.7746953531e-01 
7.4934456417e-05 1.1841088179e+04 9.4098816228e-01 
5.1680768248e-05 1.4264047845e+04 1.2971795370e+00 
2.4949656088e-04 1.2904510066e+04 7.0173527641e-01 
7.0150704688e-04 1.9488647342e+04 9.4096554019e-01 
2.8081079485e-05 1.8660675993e+04 4.3616818255e-01 
2.1883053927e-05 1.1931607473e+04 1.3622104743e+00 
2.4792875501e-05 1.2107544036e+04 9.3154955270e-01 
1.3325044051e-04 2.0615880069e+04 3.5812859418e-01 
1.3499297704e-05 1.4461478194e+04 7.2127153931e-01 
2.6081709624e-04 1.1423591251e+04 2.8605689141e-01 
2.6347907782e-04 1.1805535837e+04 6.5335816044e-01 
1.5955487214e-05 1.2548361772e+04 9.0287491624e-01 
6.3537553445e-05 1.2431276453e+04 8.4277026956e-01 
1.1437741432e-04 1.2344778469e+04 1.3554442295e+00 
9.0522525608e-06 1.1348494691e+04 1.2316378169e-01 
6.2403879421e-05 1.6846989778e+04 1.4081501989e+00 
1.1366909000e-04 1.2109502903e+04 4.5658828547e-01 
3.1826268688e-05 1.2593525171e+04 1.6670158938e-01 
2.7963521487e-04 1.3695057571e+04 7.9524842042e-01 
1.4371054821e-04 1.2038848115e+04 1.2227334810e+00 
1.7181962420e-05 1.4945578446e+04 4.0518655683e-01 
2.4757657855e-05 1.2507195871e+04 1.0029495922e+00 
6.4204321697e-06 1.1501578337e+04 1.1299259559e+00 
9.4262397049e-05 1.4243603691e+04 8.1655068134e-01 
3.3645604541e-04 2.5000000000e+04 8.1572820299e-01 
5.6854096091e-05 1.4128004131e+04 3.5969482670e-01 
1.0745964256e-05 2.5000000000e+04 1.1373166196e+00 
2.0436771313e-05 1.3116668777e+04 8.7791284443e-01 
3.6382940147e-05 1.5759702677e+04 2.9237895301e-01 
7.3228848965e-04 1.6331571126e+04 7.7096122930e-01 
5.5958767350e-05 1.4895608551e+04 2.9703928803e-01 
8.5359854282e-05 1.3429907737e+04 8.1262175820e-02 
9.9746079845e-04 1.1507479505e+04 4.7716434637e-01 
1.9160186966e-05 1.4522267308e+04 9.6894431621e-01 
1.3596075740e-05 1.2699217609e+04 1.1330139720e+00 
7.1212514419e-05 1.1808563493e+04 6.4803171451e-01 
1.1307506076e-04 1.7005206648e+04 9.9561341573e-01 
1.4187013258e-04 1.2069610758e+04 3.2577098299e-01 
8.8552783001e-05 1.7766320223e+04 4.4873704546e-01 
8.4794968831e-05 1.3675053374e+04 3.3613372809e-01 
7.3566396714e-05 1.4229019226e+04 8.3553915901e-01 
1.0531198894e-04 1.4304336465e+04 8.1430886467e-01 
5.5441316323e-04 1.3953693897e+04 5.0573407004e-01 
2.3132349986e-05 1.3000455386e+04 1.4195160298e+00 
8.4630567893e-05 1.4455039162e+04 2.2906164365e-01 
1.7996923871e-05 1.1726512689e+04 9.7242914474e-01 
9.4284554093e-05 1.2999422071e+04 8.8359767047e-01 
7.2314146503e-05 1.1807225014e+04 6.5985620014e-01 
3.0190613548e-05 1.2803960001e+04 9.7441240700e-01 
4.6238480820e-05 1.1975455087e+04 1.2288706535e+00 
1.5395704946e-04 1.2440457080e+04 8.6266044382e-01 
3.5919603206e-04 1.1997618701e+04 7.3532512114e-01 
6.9515214927e-06 1.1786701087e+04 4.6463601039e-01 
1.2304164576e-04 1.4674852627e+04 3.0940266901e-01 
3.4359987434e-05 1.3451037377e+04 6.7396554530e-01 
5.3633419863e-05 1.1802150046e+04 8.4745771309e-02 
5.3311468594e-04 1.7437953526e+04 7.2421250267e-01 
3.9370041186e-05 1.1975120874e+04 1.1250814418e-01 
1.7579624476e-04 1.2741306988e+04 3.9877600010e-01 
7.2623830792e-05 1.2432780595e+04 6.3712045269e-01 
1.1970593005e-05 1.3491674204e+04 7.6102100482e-01 
3.3509128470e-04 1.1711732377e+04 7.2493998523e-01 
2.9914347569e-05 1.1582900191e+04 1.0193351518e+00 
2.1646349841e-04 1.6066121785e+04 6.1707562871e-01 
5.2890058075e-05 1.7452973226e+04 5.2846799075e-01 
1.2366722415e-04 1.1706780963e+04 1.1249761417e+00 
2.4269114305e-04 1.6140673606e+04 3.4423641208e-01 
1.1106988348e-04 1.4287324322e+04 7.4894303729e-01 
1.0808781924e-04 1.1606952953e+04 5.7571468203e-01 
3.6287687128e-05 1.1297769682e+04 6.7121445382e-01 
4.3020068098e-05 1.8829041444e+04 1.2116576879e+00 
1.7339156912e-04 1.3085455317e+04 6.0639434808e-01 
2.0530410172e-04 1.1409253141e+04 1.1230175300e+00 
6.6423793154e-04 1.2134452718e+04 1.2323188193e+00 
2.4411537410e-05 1.3121072393e+04 8.7259022055e-01 
5.7632074224e-05 2.5000000000e+04 8.1844582072e-01 
8.8238126455e-05 1.2787181840e+04 6.2492683180e-01 
4.0671656479e-05 1.5082057753e+04 7.8603427874e-01 
1.5300597338e-05 1.1732278367e+04 4.9916453723e-01 
1.3079240148e-05 1.3555899465e+04 1.3004133543e+00 
5.1840945630e-05 2.1524636093e+04 7.2390255058e-01 
5.9852351387e-05 1.3575780897e+04 8.8811095101e-01 
1.2806935926e-04 1.5670720056e+04 1.0646560619e+00 
2.2633884391e-05 1.3016885044e+04 5.4022213736e-01 
4.0897820726e-05 1.4859551925e+04 5.2618559855e-01 
2.4150851015e-04 1.6810657237e+04 9.2641432588e-01 
1.1014798370e-04 1.1688962382e+04 1.1851484948e+00 
8.9332834873e-04 2.1619980357e+04 1.1250595699e+00 
5.4682445873e-05 1.4904697816e+04 7.3079833977e-01 
1.2599466613e-04 1.2197759032e+04 7.5255911963e-01 
8.7538560167e-05 1.4397666986e+04 3.0996608154e-01 
6.3926034632e-05 1.2571541003e+04 6.0120286476e-01 
6.5939983891e-05 1.1803355358e+04 6.7220816978e-01 
4.1023527236e-05 1.2271328012e+04 4.1048723129e-01 
1.4774162055e-05 1.1240376858e+04 8.6061979463e-02 
2.3374007364e-05 1.2449466312e+04 1.2212893379e+00 
1.3009054774e-04 1.2552403973e+04 1.1466562672e+00 
3.8083350585e-05 1.1663346080e+04 7.8672196130e-01 
1.4372332458e-04 1.1488066850e+04 3.8763338466e-01 
1.7255653544e-05 1.5747581663e+04 8.8048424072e-01 
2.0482774322e-05 1.1650295356e+04 9.8616564749e-01 
9.6958070088e-04 1.1462013896e+04 3.3091222151e-01 
4.5903656157e-05 2.0863607968e+04 8.3468094649e-01 
3.6065438800e-05 1.2882698025e+04 9.0989887037e-01 
8.3453315406e-06 1.6852089943e+04 5.6299519047e-01 
4.1870469509e-05 1.2054683497e+04 8.7877979930e-01 
3.4908802392e-04 2.5000000000e+04 1.1409354039e-01 
6.6572892409e-06 1.1904560003e+04 7.1128626672e-01 
6.0414073333e-05 1.2065340033e+04 1.0413602299e+00 
5.1927279911e-05 1.1519828774e+04 1.0251822290e+00 
2.2945220175e-04 1.3079835217e+04 9.0142299030e-01 
3.6285982536e-05 1.2272705104e+04 1.5050843279e+00 
2.3074161288e-05 1.3707345636e+04 2.2681310083e-01 
2.3571697836e-05 2.1814979595e+04 7.6173322863e-01 
2.4892689079e-05 1.2605805473e+04 1.0869066972e+00 
5.0553954529e-04 2.1998265930e+04 3.7007705879e-01 
5.0977531302e-04 1.7473279579e+04 7.4963678902e-01 
7.0502201910e-05 1.4271576116e+04 6.1189095883e-01 
3.0138394457e-05 1.5017182969e+04 8.6929329369e-01 
5.5054348918e-05 1.1924917019e+04 5.0739782252e-01 
2.4123077390e-05 1.1649609850e+04 8.1586652681e-01 
2.9321862842e-05 1.1618981363e+04 1.0697556330e+00 
2.1290596153e-05 1.1589720801e+04 9.3944372173e-01 
2.6086388339e-04 1.4688887714e+04 4.3570243922e-01 
4.8980735440e-05 1.1733889579e+04 8.1235934892e-01 
3.7120348947e-05 1.3864466650e+04 1.2903327335e+00 
7.7003021011e-05 1.2902516463e+04 1.8518023382e-01 
4.7890366721e-05 1.4739962292e+04 9.0153588839e-01 
1.1800817043e-05 1.4243780394e+04 1.0913165643e+00 
9.9208863868e-05 1.2285476366e+04 9.0701575234e-01 
4.7790290313e-05 1.4609551626e+04 6.7671207776e-01 
9.4825836529e-04 1.3245270409e+04 1.4032656579e+00 
2.8339057323e-05 2.1424702060e+04 8.1219474586e-01 
2.7966625095e-04 1.1473566367e+04 5.4624672294e-01 
1.2199076793e-04 1.6105778259e+04 9.4599360722e-01 
8.3785280565e-05 1.1495552330e+04 4.2704539954e-01 
4.0843213028e-05 1.1540540622e+04 7.1647379153e-01 
1.6916058748e-04 1.2919043432e+04 4.8411601817e-01 
3.8776635694e-04 1.1924821968e+04 8.0703813153e-01 
8.0766680178e-05 1.4751265321e+04 8.8672042549e-01 
5.7257387673e-05 1.4732905110e+04 1.7909254457e-01 
6.1666737348e-04 1.2201759794e+04 8.3417760353e-01 
9.5491229715e-05 1.5199006948e+04 8.8437582164e-01 
1.0632698333e-05 1.8362356402e+04 6.2184228508e-01 
9.1534098593e-05 1.4743688160e+04 1.1411120296e+00 
2.8961662702e-04 1.1267489423e+04 1.4064454178e+00 
8.9822692561e-05 1.2239588596e+04 6.4879865274e-01 
1.5407816587e-05 2.5000000000e+04 1.1174058804e+00 
1.7356942708e-04 1.3660242803e+04 7.2261412564e-01 
1.0970655117e-04 1.2179534436e+04 3.2550091940e-01 
5.4508093395e-05 1.2133147819e+04 5.5747276021e-01 
2.2082373926e-04 1.1690133362e+04 4.5453703049e-01 
8.1035700418e-05 2.3636007283e+04 1.7233761838e-01 
2.9318276107e-05 1.4652629991e+04 1.2915261342e+00 
1.7869081353e-05 1.1456335204e+04 8.3253292286e-01 
5.2030494832e-05 1.3613467868e+04 2.8332231986e-01 
8.4044810994e-05 1.1948195712e+04 5.5195444607e-01 
8.7867552984e-05 1.7851293053e+04 7.2005322002e-01 
7.9905759796e-06 1.3518288284e+04 2.7935319486e-01 
1.7625070267e-05 1.6668177765e+04 6.1656143196e-01 
7.8277181394e-05 1.7010185256e+04 5.1865262649e-01 
1.2260399825e-05 1.3480373231e+04 7.4576562892e-01 
4.2826788022e-05 1.3187206383e+04 9.1074398649e-01 
2.1112390654e-05 1.7090834164e+04 9.0530384021e-01 
3.3198961088e-05 1.4504280915e+04 1.0700779208e+00 
4.1187296357e-05 1.2342816939e+04 1.1450402622e+00 
7.9280070133e-05 1.2936561385e+04 1.0841783649e+00 
6.5569794241e-04 1.4617840811e+04 9.5571912199e-01 
6.8125946832e-05 1.4522049992e+04 4.1337891285e-01 
2.9059995504e-05 1.1484143608e+04 9.7888004788e-01 
1.4915767431e-04 1.5242046285e+04 1.1377981416e+00 
5.7039266807e-05 1.2635733220e+04 1.2249413416e+00 
2.1214454073e-04 1.2595900336e+04 7.3065491837e-01 
4.3932762990e-05 1.2808893673e+04 8.5615641751e-01 
1.1161711300e-04 1.3898629799e+04 2.3421424240e-01 
8.2061040324e-06 1.4404377495e+04 4.1235254026e-01 
2.6836443533e-05 1.1720959544e+04 1.3515143022e+00 
1.0583614332e-04 1.2869067562e+04 1.3763508067e-01 
4.8982345278e-05 1.1428567495e+04 8.6004709852e-01 
1.3196107548e-05 1.6587808237e+04 3.3281872163e-01 
7.4028176951e-05 1.5839524525e+04 5.2120018335e-01 
4.7705188772e-05 1.1459374158e+04 4.8431588575e-01 
2.0172894700e-04 1.2645371210e+04 7.7620189993e-01 
1.0506401011e-04 1.1455157210e+04 9.8472370638e-01 
5.9583097560e-05 1.2442040213e+04 5.8417325789e-01 
3.1107207916e-05 1.4770298149e+04 1.4159648247e-01 
2.7985651432e-05 1.2624492735e+04 1.9056652270e-01 
5.3440352250e-05 1.3418433895e+04 7.7647471289e-01 
4.8165309799e-05 1.4931649498e+04 6.7371830793e-01 
2.4678270269e-05 1.1328540830e+04 6.7578964930e-01 
4.4453483042e-05 1.1219840708e+04 5.9107737001e-01 
7.1771198680e-05 1.3003769075e+04 3.3740681417e-01 
5.2036467912e-05 1.1594389524e+04 1.2235923299e+00 
2.6229874579e-05 1.4507040600e+04 5.3008052689e-01 
6.3463808928e-06 1.3484552991e+04 4.0271116444e-01 
3.6038987600e-05 1.4280946643e+04 7.3225311425e-01 
2.5014097426e-05 1.1349547776e+04 9.6571104182e-01 
5.7377445388e-06 1.2224875119e+04 1.2426279175e+00 
1.4608537414e-04 1.5051271001e+04 8.5434318825e-01 
2.0433909490e-05 1.2405022955e+04 5.8481586998e-01 
