7.2642654762e-05 1.1701268641e+04 6.2723886166e-01 
1.4128071812e-04 1.2012786395e+04 8.7233407922e-01 
1.4926069211e-04 1.4554687981e+04 4.8707414304e-01 
7.8907168942e-05 1.2277485480e+04 5.1381424199e-01 
3.5797297169e-04 1.2761583897e+04 5.7150833297e-01 
1.4956570768e-04 1.6419588535e+04 6.9127288122e-01 
1.8274962009e-05 1.2967978492e+04 6.9328959556e-01 
4.0610212831e-04 1.1573489690e+04 7.7302893345e-01 
2.6193381949e-04 1.1795324730e+04 7.9632694736e-01 
2.1146058990e-04 1.1490824689e+04 1.0131760581e+00 
7.0312902862e-04 1.1289891812e+04 8.1760995862e-01 
4.1325092127e-05 1.7649180339e+04 1.2288070516e+00 
4.0278828228e-04 1.2016553972e+04 1.1598015693e+00 
1.7092411239e-04 1.2843403837e+04 9.1841321325e-01 
8.0990878761e-05 1.3204211968e+04 1.3007550548e+00 
2.6327531008e-04 1.2996026457e+04 1.3478065724e+00 
3.0095416975e-04 1.5578950297e+04 1.2964208629e+00 
1.6783457872e-05 1.6127169458e+04 7.2632248808e-01 
1.4393926323e-04 2.2614167603e+04 9.3872850164e-01 
7.6032377540e-06 1.1659305586e+04 4.8543286044e-01 
4.1961080541e-05 1.2129760668e+04 1.2631486237e+00 
8.3629949121e-06 1.5364308063e+04 2.9473776206e-01 
4.8102578048e-05 1.1266753211e+04 5.0652760967e-01 
5.3172957296e-04 1.1204720333e+04 8.0231776219e-01 
5.2601608511e-05 1.6941114040e+04 9.6196319544e-01 
4.1340226032e-05 1.2304851560e+04 1.0740323586e+00 
1.4279209713e-04 1.2537052056e+04 5.3664405193e-01 
7.6007725876e-05 1.1438069189e+04 6.2097410270e-01 
2.1442223088e-04 1.3932747744e+04 8.8983779043e-01 
3.7050470185e-05 1.1554549821e+04 6.6905214401e-01 
9.1294424478e-05 1.1550220957e+04 1.1763669895e+00 
2.5301854825e-05 1.1202232361e+04 8.6286034889e-01 
1.0586815465e-05 1.2422660772e+04 1.8727621105e-01 
3.0658818851e-05 1.9571306847e+04 4.7453301182e-01 
3.4352939494e-05 2.5000000000e+04 1.8007179387e-01 
3.5474291597e-05 1.3734862342e+04 1.0705992627e+00 
1.9230579507e-05 1.1765726413e+04 7.3581923928e-01 
1.9610266031e-05 1.3309713966e+04 8.6522957890e-01 
3.2903797864e-05 1.5760292001e+04 7.8027580586e-01 
1.1222296653e-04 2.1335186282e+04 5.3627456452e-01 
1.8253395017e-05 1.5991477373e+04 1.0925248407e+00 
5.3317609986e-05 1.2579239726e+04 3.5875302015e-01 
1.7409114351e-04 1.3477020279e+04 6.8044772672e-01 
3.9480683512e-04 1.3597889522e+04 7.8847285625e-01 
2.0504231873e-04 1.3854923663e+04 5.7150336540e-01 
7.9087133669e-04 1.1683161836e+04 9.1381097724e-01 
6.1982496304e-04 1.5424370371e+04 4.5385642328e-01 
1.1090576234e-04 1.3102494553e+04 6.2345258498e-01 
5.2412815594e-05 2.5000000000e+04 1.1853837164e+00 
7.9748605067e-05 1.1949771670e+04 7.4711700145e-01 
1.5865040876e-04 1.3423201842e+04 7.9067114018e-01 
8.6571473918e-05 1.1955189726e+04 9.8311491434e-01 
2.4130347149e-05 1.2701871415e+04 8.6633040612e-01 
1.5268048134e-05 1.6079967000e+04 7.7160483055e-01 
9.8504525429e-05 1.5212439147e+04 3.7937898570e-01 
4.3912546077e-05 1.2108594454e+04 6.7106405739e-01 
1.9703515593e-05 1.3583625645e+04 5.2964976453e-01 
3.8911484537e-04 1.3653322561e+04 1.0885948803e+00 
1.9510303842e-05 1.2148232841e+04 3.7602161992e-01 
2.7095602045e-05 1.2299646581e+04 1.1154319493e+00 
2.2294836193e-05 1.5436358833e+04 4.5935805758e-01 
4.6035717285e-05 1.2366599698e+04 6.0541806914e-01 
2.6841211705e-04 1.4336567500e+04 1.0815767526e+00 
1.4201090272e-04 1.3888137851e+04 2.9736655035e-01 
1.6557342754e-04 1.2417570456e+04 1.1108457531e+00 
2.2606302823e-05 1.2350549621e+04 2.6908821718e-01 
2.6779482212e-05 1.1996283279e+04 4.6534279942e-01 
2.7465199570e-05 1.1784159495e+04 6.1223071292e-01 
1.9708241797e-05 2.5000000000e+04 4.3577094203e-01 
8.7707294410e-05 1.2090755331e+04 9.6564301082e-01 
1.2566390061e-05 1.2385311111e+04 9.2270223547e-01 
2.1739055021e-05 1.2155254174e+04 8.4953838423e-01 
5.6418730733e-05 1.3088684803e+04 9.7720579292e-01 
1.1456319594e-04 1.3337593298e+04 4.0694631676e-01 
6.7970623793e-05 1.5558660669e+04 1.1895792081e+00 
1.5238866198e-05 1.1545552468e+04 5.9380205315e-01 
6.3563192803e-05 1.6952609292e+04 4.2795643204e-01 
1.2268680366e-04 1.4045141648e+04 1.2808049162e+00 
1.4774405317e-04 1.2470433856e+04 1.1827451464e+00 
3.3771664465e-05 1.9445162588e+04 7.3885868097e-01 
6.9376702773e-06 1.4956254252e+04 7.6845270459e-01 
4.7328562389e-04 1.1659260459e+04 8.0081420514e-01 
1.4906560665e-04 1.5418214185e+04 3.1616328566e-01 
4.6719322619e-05 1.1757031259e+04 9.2129307324e-01 
5.5029704525e-05 1.3717067938e+04 9.9822669886e-01 
2.7261745467e-05 1.1361515168e+04 1.0747518851e+00 
5.6674928149e-04 1.1330483121e+04 9.4060113226e-01 
3.8874600602e-04 1.7441933469e+04 1.1850078470e+00 
1.4099717518e-05 1.1551578955e+04 6.8412468733e-01 
8.6089337430e-06 1.6312688840e+04 5.3323280750e-01 
5.5217629330e-05 1.8794107164e+04 8.8501689759e-01 
5.5742237210e-05 1.1467176040e+04 3.6718943043e-01 
1.0322885203e-05 2.3217706543e+04 8.7627479740e-01 
1.1838164235e-04 1.5014810540e+04 6.6682824431e-01 
5.3311202317e-05 1.1705005464e+04 1.1727166083e+00 
5.9861922197e-06 1.1252056955e+04 6.9950871881e-01 
1.1985004442e-05 1.4461673067e+04 5.9257561922e-01 
6.7688754097e-05 1.2495748951e+04 5.6159551310e-01 
3.6728810505e-05 1.6016358488e+04 1.4950281666e+00 
1.9396630588e-04 1.1618409284e+04 1.2302617899e+00 
1.2565715129e-05 1.1579221333e+04 9.9623415950e-02 
5.3844853960e-05 1.1527726052e+04 9.0084565898e-01 
2.1727822901e-04 1.3106652041e+04 1.0267122653e+00 
3.7720849012e-05 1.1202715162e+04 4.6282464448e-01 
2.2675614212e-05 1.1935221182e+04 2.2622847688e-01 
6.3268742709e-05 1.2673288727e+04 1.7906811673e-01 
5.2067933703e-05 1.1541564703e+04 1.2840578753e-01 
3.2504829482e-05 1.1576488778e+04 1.0946844792e+00 
7.3961499027e-04 1.2254446497e+04 1.3143210496e+00 
1.6974102129e-05 1.5501076562e+04 1.1842072431e+00 
9.2253283102e-05 1.1407463554e+04 6.9964399599e-01 
2.9370021607e-05 1.5008612908e+04 8.7290255100e-01 
7.3353509178e-05 2.0173221754e+04 2.3368673546e-01 
1.8890691225e-05 1.6083131778e+04 1.3072610757e+00 
2.9785312584e-04 1.2630743740e+04 1.1290545312e+00 
6.3836663125e-05 1.9708015987e+04 7.1479540772e-01 
9.1297166286e-05 1.2740546185e+04 9.4786741455e-01 
4.5861529612e-04 1.4633637981e+04 1.0334616909e+00 
9.0976076628e-04 1.2838678209e+04 1.1595851703e+00 
8.3556669215e-05 1.3379161795e+04 3.1290131539e-01 
5.0927373181e-05 1.7169164659e+04 4.2591060396e-01 
8.4743176948e-05 1.4244578784e+04 9.5066338334e-01 
1.1768886180e-05 1.3804112890e+04 8.6561174969e-01 
3.7596794151e-05 1.5273280756e+04 8.1071242760e-01 
7.8575858425e-05 1.1655918596e+04 7.5641154410e-01 
4.0075954633e-05 1.8442309067e+04 9.4665282459e-01 
6.2089433993e-05 1.3951865681e+04 5.7633300838e-01 
3.5646743880e-05 1.2309942898e+04 5.7165434683e-01 
4.8407680274e-05 1.2588840986e+04 3.5991352072e-01 
2.8154151431e-05 2.4857611497e+04 1.0213194032e+00 
2.2112663157e-05 1.2714443404e+04 4.0305411746e-01 
1.0154194056e-04 2.0050476024e+04 1.3052562526e+00 
5.0266141428e-05 1.2645370129e+04 1.1582645084e+00 
1.2782379830e-05 1.5889515944e+04 8.0076732595e-01 
2.5602602542e-05 1.1633794883e+04 1.1918900477e+00 
2.6559293538e-04 1.4028001760e+04 7.2923923837e-01 
2.4873973565e-05 1.2301529038e+04 1.0304220738e+00 
1.4417769204e-05 1.6455197344e+04 3.2336083863e-01 
2.7108832359e-05 1.3678442696e+04 3.1573549196e-01 
5.8562598006e-05 1.1202766046e+04 6.0183853961e-01 
2.4943720008e-05 1.3476434185e+04 4.2507367400e-01 
1.7025683572e-04 1.3231768373e+04 7.8066512056e-01 
6.7211864729e-05 1.3765356012e+04 1.0687625461e+00 
5.0453679541e-05 1.7399668781e+04 6.6903098844e-01 
8.4465310095e-05 2.2946335298e+04 1.3199517783e+00 
7.4846948154e-05 1.4176240874e+04 1.0596403379e+00 
7.1090099260e-05 1.1248745569e+04 8.6164015239e-02 
7.1946715456e-05 2.0298591920e+04 9.1077720622e-01 
1.1298786635e-04 1.3770671951e+04 6.2379013960e-01 
8.7301638863e-05 1.5569470929e+04 6.6728396137e-01 
6.3492066861e-05 1.4757220103e+04 3.1876000935e-01 
3.9687799894e-05 1.2197479219e+04 9.8298434874e-01 
2.0633817925e-05 1.8827051569e+04 1.3140023128e+00 
2.0922428973e-04 1.8788106862e+04 7.2423517824e-01 
2.0295093751e-05 1.4528574156e+04 2.7795362875e-02 
2.0266154875e-04 1.2026432842e+04 1.6638501562e-01 
2.4643504012e-05 2.1816662717e+04 1.0083222887e+00 
2.1809162442e-05 1.1728564106e+04 8.1779916010e-01 
2.8279271613e-05 1.5877495759e+04 5.8950366083e-01 
1.0918664288e-04 1.2801245454e+04 4.6648638813e-01 
4.8540428731e-05 1.3799902813e+04 2.7994986779e-01 
4.2025446357e-05 1.2986042829e+04 1.2961382090e+00 
2.3035056655e-05 1.1678540292e+04 6.2312158386e-01 
9.2852368260e-05 1.2555931851e+04 3.8771234761e-01 
1.4713946096e-05 1.2335522928e+04 4.3930155251e-01 
7.5736210146e-05 1.4882386483e+04 3.4791825197e-02 
1.3113279172e-04 1.2448740124e+04 5.8753656003e-01 
1.7089047268e-05 1.4683245296e+04 6.9795759035e-01 
3.6501113028e-05 1.2230590771e+04 2.9604624031e-01 
3.7911075699e-04 2.1955582522e+04 1.0093580186e+00 
6.3529664188e-05 1.4642099578e+04 1.3045190157e+00 
3.5845736645e-05 1.1921451118e+04 7.1292633223e-01 
3.2612805170e-05 1.3156939339e+04 8.7247613677e-01 
5.6239212158e-05 1.1862220807e+04 1.2942651960e+00 
8.7607053512e-05 1.2857315505e+04 5.2731923122e-01 
1.9355785123e-04 1.1468760126e+04 7.6793211953e-01 
9.6892416053e-05 1.4937073144e+04 1.0634065640e+00 
1.0124274148e-04 1.1465738873e+04 6.3235241578e-01 
5.9919781311e-05 1.1885973934e+04 9.9078608039e-01 
2.0985775247e-05 1.1380333130e+04 8.2050659700e-01 
1.0512010886e-05 1.1832266785e+04 7.6613308668e-01 
1.5369033169e-05 1.4132897067e+04 1.0160952649e+00 
9.8939908355e-05 1.2506883526e+04 3.1246866382e-01 
3.9515886528e-05 1.1651069223e+04 7.9098216424e-01 
1.9283483577e-04 1.1477956401e+04 8.5702072980e-01 
2.6812964173e-05 1.4301215092e+04 3.4655302509e-01 
1.0047990569e-04 1.3127021014e+04 5.3097733964e-01 
2.4906547880e-04 1.1296890648e+04 3.1390799387e-01 
2.3070132439e-05 1.7655597994e+04 5.9821783021e-01 
3.7552651547e-04 1.4231033276e+04 9.4061060100e-01 
9.7806882034e-04 1.4775802396e+04 7.8679629394e-01 
1.1757013566e-05 1.1400120204e+04 9.9942936837e-01 
8.1787801625e-05 1.3189867772e+04 7.7164388241e-01 
6.8580453456e-05 1.5967356241e+04 1.4527762804e+00 
4.8177304052e-05 1.2758821222e+04 4.9359070973e-01 
1.0019153464e-05 1.1510706520e+04 6.1621219779e-01 
2.3327101676e-05 2.5000000000e+04 1.1418022637e+00 
1.8940039281e-04 1.1628061684e+04 4.8992112723e-01 
3.5948088105e-05 1.3143061723e+04 8.2656373921e-01 
6.9163568449e-05 1.5383715521e+04 7.9701241361e-01 
3.2618099052e-05 2.0435756310e+04 8.3554155012e-01 
3.7918825167e-04 1.5888400027e+04 4.6828023151e-01 
5.0692234154e-04 1.6223006241e+04 9.1189010336e-01 
5.4350046507e-06 1.3232301173e+04 1.2068493238e+00 
2.3618459152e-04 1.2858723372e+04 3.1023428553e-01 
1.3855148632e-05 1.2661863212e+04 3.2451861103e-01 
2.8939089982e-05 1.3528211963e+04 7.7304095116e-01 
6.3465806485e-04 1.3183695786e+04 9.4655595739e-01 
1.9011693061e-04 1.3036067879e+04 1.3578450608e+00 
9.6309205582e-05 1.7461295569e+04 4.1563108061e-01 
7.0144418979e-04 1.3803357241e+04 8.1107634465e-01 
4.0012327166e-05 1.2185263121e+04 4.5425193215e-01 
2.2461962109e-05 1.4697873181e+04 1.2412543538e+00 
2.4543251488e-05 1.1949619253e+04 9.3338808866e-01 
5.8602011652e-05 1.8103910983e+04 8.4969487528e-01 
1.8202297738e-05 1.6691529642e+04 7.3690259283e-02 
1.8416624027e-05 1.2252267972e+04 8.4385227692e-01 
2.9590702943e-04 1.1641686164e+04 5.8938123198e-01 
6.7333776069e-05 1.7627897532e+04 6.6629958016e-01 
4.5676118480e-04 1.4860260241e+04 1.2498231829e+00 
6.7953047531e-05 1.1703827867e+04 3.1901040915e-01 
5.3874814344e-05 1.1497013953e+04 2.9947907231e-01 
3.6632553418e-05 1.5294455138e+04 1.2209688542e+00 
1.2772629268e-05 1.1358049302e+04 2.3364864552e-01 
8.6227545237e-04 1.2474040933e+04 1.3730112038e+00 
3.0453119179e-04 1.7755277955e+04 1.1234552825e+00 
1.4679443376e-04 1.1997497887e+04 3.4104726649e-01 
4.3726650438e-05 1.1544464806e+04 1.0577153019e+00 
3.2308172202e-05 1.5157820100e+04 9.7626254647e-01 
1.5795923962e-05 1.1488095773e+04 8.8025167802e-01 
4.2549048812e-05 1.4933925397e+04 7.4366544226e-01 
4.2429573044e-05 1.8782872884e+04 7.7646489731e-01 
2.9016001503e-05 1.4646370819e+04 1.8535761791e-01 
2.0608724472e-04 1.4456191892e+04 9.1571540699e-01 
6.3378986196e-05 1.2606113661e+04 1.0807621417e+00 
1.4986807220e-04 1.2065966069e+04 6.4496946575e-01 
1.8383976268e-04 1.1456109591e+04 7.6825583358e-01 
5.2925147949e-05 1.2941250517e+04 6.0856031114e-01 
9.5914109840e-05 1.3863573188e+04 4.0802996556e-01 
1.6236707645e-05 1.1527793602e+04 8.6079622935e-01 
2.3050964446e-05 1.1894671787e+04 4.8327245269e-01 
7.7382300084e-05 1.1427797730e+04 1.0766739797e+00 
7.7080662153e-05 1.3206403294e+04 6.1435931597e-01 
3.6312784874e-04 2.1054966447e+04 1.0538870531e+00 
1.0054334719e-04 2.2187237722e+04 1.2099501506e+00 
2.6220153464e-05 1.5446309947e+04 7.4444253972e-01 
2.7313615718e-05 1.1799264771e+04 3.0859599646e-01 
1.7321489087e-04 1.1972359506e+04 5.5631856755e-01 
1.5761660017e-04 1.2830006612e+04 8.4268219935e-01 
4.9728269786e-05 1.3116472319e+04 1.1987091448e+00 
3.2785414329e-05 1.2765254772e+04 1.2062065178e+00 
2.9406419307e-04 1.2254610976e+04 5.4277026985e-01 
1.0872654019e-04 1.6604519691e+04 1.4328530330e+00 
6.4703071887e-05 1.5472106179e+04 1.1546682220e+00 
3.7106935976e-05 1.1258585506e+04 1.8322925339e-01 
4.6764755163e-05 1.6339772013e+04 4.2647244294e-01 
4.6961535079e-05 1.4174258797e+04 1.3526316879e+00 
6.8443114553e-05 1.2713926073e+04 7.9624283830e-01 
2.8829016848e-04 1.2977506521e+04 5.1834539338e-01 
4.8492032386e-05 1.9661405898e+04 7.4289430352e-01 
9.9969885267e-06 1.2217480101e+04 3.0060625453e-01 
4.6387924395e-04 1.3663462768e+04 5.4484144512e-01 
5.2382503122e-05 1.1390165259e+04 1.0858151107e+00 
9.3035530538e-05 1.3373685932e+04 8.2297421598e-01 
5.6677863196e-05 1.1960741262e+04 9.4470390292e-01 
1.7013149456e-04 1.1855109168e+04 1.0844247014e+00 
1.3264584471e-04 1.1705640278e+04 1.3078767373e+00 
1.0332322138e-04 1.1269597938e+04 4.1233126677e-01 
4.5958917076e-05 1.2902629252e+04 6.5753525279e-01 
2.9046829911e-05 1.3430410858e+04 9.7828892959e-01 
1.3353961332e-05 1.4230376175e+04 3.9511716045e-01 
3.1993316431e-05 1.2716318363e+04 1.0820578412e+00 
1.0387127418e-04 1.1909668320e+04 1.0073055156e+00 
2.3719263508e-05 1.8252819787e+04 3.1348963249e-01 
7.9169027528e-05 1.3440636924e+04 2.7487884762e-01 
2.3804578043e-04 1.2258941787e+04 7.6762584375e-01 
1.5624373060e-04 1.6238969752e+04 1.1077175654e+00 
1.9470870324e-04 1.4147431547e+04 8.2899187912e-01 
2.1828437679e-04 1.6030812541e+04 5.4249878756e-01 
2.3228871991e-04 1.3924918281e+04 2.9907778533e-01 
3.3923152884e-05 1.1690450002e+04 1.1881799760e+00 
4.8373583455e-04 1.6757212040e+04 6.0507844902e-01 
2.5669891839e-05 1.1754893909e+04 8.9268066406e-01 
1.7323361760e-04 1.2656226582e+04 8.8364086709e-01 
3.2922258806e-05 1.5361203733e+04 7.8003739978e-01 
2.7661369996e-05 1.2207147262e+04 4.5568367958e-01 
5.9977861974e-04 1.3030301948e+04 8.0844438512e-01 
1.3570826344e-05 1.1569547567e+04 8.3975998999e-01 
1.6040213674e-04 1.2145914771e+04 1.5482053634e+00 
1.4693781674e-04 1.1226784934e+04 1.1321783528e-01 
2.0459399967e-05 1.6229435756e+04 6.8118395946e-01 
1.0547692310e-05 1.3547233041e+04 5.7188915548e-01 
2.9771334281e-05 1.2105766065e+04 1.1947047453e+00 
8.5617153749e-05 1.3795129341e+04 1.1959092027e+00 
5.9963100274e-05 1.3055243147e+04 4.7137028587e-01 
3.8302480525e-04 1.2931865063e+04 6.1699639997e-01 
5.1101062684e-05 1.2299575289e+04 8.9505688692e-01 
1.7439495839e-05 1.1220527255e+04 1.9758022286e-01 
2.6834505659e-05 1.1567497298e+04 9.6616339473e-01 
7.0289601291e-05 1.1314038970e+04 6.6959612559e-01 
4.2119628404e-05 1.1857881029e+04 4.0960629639e-01 
2.4543582937e-05 1.1951971345e+04 3.0408446247e-01 
1.8237215073e-04 1.1347905894e+04 5.7329768399e-01 
5.9414818793e-05 1.1744284084e+04 5.7366894757e-01 
1.2396230622e-04 1.2060786416e+04 6.7537862864e-01 
3.8381615919e-04 1.7004798022e+04 2.0045357092e-01 
9.9217932975e-05 1.4583502237e+04 1.9442062523e-01 
1.3460940122e-05 1.4749020104e+04 7.5493746152e-01 
2.1713702502e-04 1.3293967563e+04 3.7742817283e-01 
4.3000612857e-04 2.1982120316e+04 3.9451946298e-01 
1.1219785753e-04 2.3740588153e+04 7.2942155793e-01 
3.3217983203e-05 1.1498241102e+04 9.8224036579e-01 
5.8645233041e-05 1.6626157887e+04 3.8903190178e-01 
8.1157966901e-05 1.3942262595e+04 2.2660914134e-01 
4.4192830077e-05 1.4734297117e+04 3.0590889532e-01 
7.9310470988e-05 1.9040709723e+04 8.8585839925e-01 
8.4222540746e-04 1.3423286620e+04 5.9550094553e-01 
2.9468214843e-04 1.6810182374e+04 7.6396354398e-01 
5.1712104961e-05 1.4823367274e+04 1.1355105926e+00 
1.5447732182e-04 1.1553982536e+04 5.4357676585e-01 
1.5228565425e-04 1.6935253091e+04 7.0887390301e-01 
8.5435533429e-05 1.4001681833e+04 7.6868356607e-01 
6.8100407655e-04 1.2415226889e+04 8.3735779160e-01 
2.2577612838e-05 1.7611335656e+04 9.7509235621e-01 
9.6233891093e-05 1.9424803414e+04 2.8112959800e-01 
6.4859260412e-04 1.3729659663e+04 7.1153043406e-01 
2.4599667242e-04 1.2415151047e+04 1.1164959918e+00 
5.7031630990e-05 1.2551794214e+04 8.5588053958e-01 
1.5557951780e-04 1.1894451889e+04 1.2531083469e+00 
5.3645011208e-05 1.3104562179e+04 8.6622756018e-01 
2.3047896882e-05 1.3924448276e+04 9.7910606121e-01 
1.8119934813e-05 1.2857834915e+04 7.6363989672e-01 
2.0083573268e-05 1.5186481105e+04 1.2181631690e+00 
2.8195037402e-04 1.1942309009e+04 1.3778838162e-01 
2.7211748526e-05 1.1383699354e+04 9.0957179050e-01 
7.6872049581e-05 1.2755912739e+04 1.0493619397e+00 
6.7243590603e-05 1.9029495715e+04 3.2293412206e-01 
7.6303708854e-05 1.1358264608e+04 4.6192181036e-01 
4.0651403692e-04 1.1445986100e+04 1.2770433344e+00 
1.2406189099e-05 1.1587326287e+04 9.9487413654e-01 
6.6318691057e-06 1.4425376601e+04 6.9728072963e-01 
3.7988689395e-05 1.4020066065e+04 1.0082386110e+00 
5.7279426479e-05 1.4454726887e+04 9.3365065757e-01 
4.6369276001e-05 1.9169782432e+04 3.0942851693e-01 
8.5077361654e-05 1.3144406483e+04 1.1306881496e+00 
9.4565908758e-05 1.7472387347e+04 7.6768537420e-01 
8.4032837885e-05 1.3190803061e+04 6.5548487231e-01 
6.0764294504e-05 1.6247647357e+04 5.9138257627e-01 
7.1941925345e-05 2.5000000000e+04 7.2521250292e-02 
3.5211475080e-05 1.3586523762e+04 8.1499563098e-01 
1.4178079851e-04 1.4933159911e+04 1.1320942695e+00 
1.9289153514e-05 1.4839847879e+04 7.5832410179e-01 
4.5105966049e-05 1.1864186227e+04 2.5970580303e-01 
2.2618923779e-05 1.1894077609e+04 1.1667042177e+00 
1.2739463519e-04 1.2818147737e+04 1.2696680740e+00 
1.2175914187e-05 2.4135122374e+04 6.8459826306e-01 
8.6761728247e-06 1.5067802574e+04 1.4924463679e+00 
7.1305543464e-05 1.3450120778e+04 1.6877009218e-01 
9.2731978349e-05 1.2675853589e+04 1.0314307801e+00 
1.1503013972e-05 2.5000000000e+04 1.0358586948e+00 
3.9557673165e-05 1.1393665951e+04 1.3429808079e+00 
2.7773662102e-05 1.3935621664e+04 8.3246407011e-01 
1.3865295576e-04 1.2235151902e+04 6.3175966204e-01 
3.5367169459e-05 1.3018622965e+04 1.2180368288e+00 
4.8785521394e-05 1.1311125240e+04 8.0936307013e-01 
1.0367784064e-04 1.6223451190e+04 6.2041084333e-01 
2.9591645239e-05 1.3697167672e+04 2.7769158133e-01 
1.7246368453e-05 1.1918252282e+04 8.8539966468e-01 
9.4517399996e-05 1.1522553239e+04 1.4973360080e+00 
1.4976011183e-05 1.7089948638e+04 3.5055156704e-01 
1.6709491976e-04 1.2123474643e+04 1.0607640435e+00 
2.4854703410e-05 1.6658319741e+04 1.3832390018e+00 
1.4023177292e-05 2.5000000000e+04 8.8628312477e-01 
1.2126130828e-04 1.1541412904e+04 5.9720447119e-01 
8.4883156319e-05 1.1221311075e+04 7.3372217143e-01 
4.5113503272e-05 1.1301184650e+04 9.3911412803e-01 
3.9003385494e-05 1.1370155990e+04 1.1114938426e+00 
8.6617246280e-05 1.1596797579e+04 7.9578194982e-01 
2.3701335935e-05 1.7813426704e+04 8.4177681683e-01 
9.8341639616e-05 1.7944964802e+04 7.7502027088e-01 
1.3571974801e-04 1.1744621188e+04 1.0448838240e+00 
1.0010211018e-05 1.3546641632e+04 1.3175892747e+00 
6.2866811156e-04 1.1263164336e+04 1.2516983109e+00 
8.4767846503e-05 1.1562246944e+04 7.0819441709e-01 
1.1344824417e-04 2.5000000000e+04 2.5256648732e-01 
2.2271198413e-05 2.5000000000e+04 7.9266452540e-01 
7.0507185005e-05 1.2544053933e+04 1.0392490299e+00 
1.2870034236e-04 1.4331189988e+04 2.4122120687e-01 
8.0534328853e-06 1.1209351800e+04 1.3437320977e+00 
2.8011887441e-04 1.1939212704e+04 1.2236760281e+00 
4.7959670433e-05 1.6554096003e+04 1.0948830047e+00 
8.3773329014e-05 1.2095166638e+04 5.0602512523e-01 
2.4893968153e-05 1.4788358628e+04 7.5910678577e-01 
4.2752663486e-04 2.0843377250e+04 3.2919674753e-01 
9.1746786420e-05 2.4127609977e+04 4.6196700244e-01 
1.8569649398e-05 1.1440174272e+04 7.6309028722e-01 
1.1089599357e-04 1.3215508715e+04 1.6173268374e-01 
1.0864629640e-04 1.5439282090e+04 1.3737775998e+00 
1.6592615827e-04 1.3186273211e+04 8.4424366125e-01 
1.2757208379e-05 1.3372389723e+04 1.1348960792e+00 
1.9745950221e-05 1.8095587306e+04 7.6147900035e-01 
1.8699151056e-05 1.7005582552e+04 1.1072886313e+00 
9.5910724731e-06 1.1812489892e+04 9.5179478241e-02 
7.8704808273e-05 1.1395325997e+04 3.2705846161e-01 
2.0231688972e-04 1.2443701678e+04 1.4679112800e-01 
8.3027989205e-05 1.9782205432e+04 6.8462482400e-01 
7.7146179864e-05 1.3598375493e+04 8.0087863261e-01 
9.3109079939e-05 1.1531188957e+04 1.1618122541e+00 
2.8497905161e-05 1.1263615213e+04 1.1988828202e+00 
2.8896191897e-04 1.9562557809e+04 9.1060698208e-01 
1.1280429118e-05 1.1393937657e+04 1.2416161406e+00 
6.5606027003e-05 1.3259349717e+04 1.0694286579e+00 
9.8967791299e-05 1.6365863347e+04 5.6085360602e-01 
5.3994427755e-04 1.3369007432e+04 8.9420615808e-01 
3.7842675143e-04 1.2241904505e+04 1.0996833634e+00 
1.2861338453e-05 1.3819665566e+04 4.3836395844e-01 
2.1711128506e-05 2.3496154553e+04 1.3226019271e+00 
4.7775974194e-05 1.7914586016e+04 7.0386617065e-01 
7.8526959118e-05 1.2627059909e+04 6.2258733989e-01 
1.9955081918e-05 1.3833650941e+04 1.1407127240e+00 
9.5812826033e-04 1.6813867326e+04 5.4955614218e-01 
2.8221212353e-05 1.8932846767e+04 1.3058300609e+00 
2.5403510041e-05 2.3814750782e+04 9.4238719854e-01 
4.6137111307e-04 1.1553400051e+04 1.0219538493e+00 
3.6896090202e-05 1.3081048863e+04 1.5152487414e+00 
1.0913995593e-04 1.1558163143e+04 9.1679960253e-01 
1.2891528223e-04 1.2190225096e+04 1.2029581249e+00 
1.9679969884e-05 1.2494335523e+04 1.3187140866e+00 
2.4955184644e-05 1.1739463812e+04 8.4110867876e-01 
5.3429966592e-05 1.1963473631e+04 1.1373596564e+00 
2.5582961039e-04 2.4084225865e+04 8.9608733479e-01 
2.6749494069e-05 1.8575407611e+04 3.3840103163e-01 
2.8356169035e-05 1.2358217275e+04 9.6993718454e-01 
4.2486464018e-05 1.2081322948e+04 9.9976328005e-01 
8.3357695719e-06 1.1583311183e+04 1.0323538309e+00 
2.2840636631e-05 1.1636562904e+04 1.3610793576e+00 
2.5233635195e-05 1.6095161342e+04 1.2301727607e+00 
4.6265704472e-05 1.5646320480e+04 6.3322050285e-01 
5.6142993857e-05 1.2228482458e+04 4.8962882140e-01 
2.1603146886e-05 1.4354216300e+04 8.7624684080e-01 
5.7559699689e-05 2.5000000000e+04 5.7375029006e-01 
3.0589069891e-04 1.2258601721e+04 2.7811095978e-01 
1.9436900568e-05 1.2457297084e+04 1.3217820982e+00 
2.9125170992e-05 1.3317279182e+04 4.7367676956e-01 
1.8007659726e-05 1.1877791381e+04 5.8053449080e-01 
1.5616026123e-05 2.5000000000e+04 1.3563955792e+00 
7.6102374357e-05 1.2619542389e+04 5.5264740391e-01 
2.6612555548e-05 1.2037191730e+04 1.0996816213e+00 
1.6542686938e-04 2.5000000000e+04 7.3266269995e-01 
4.6998470571e-05 1.2174123395e+04 8.2836748079e-01 
7.6533059117e-05 1.5170837875e+04 1.1125677195e+00 
4.1405116040e-04 1.2958738511e+04 3.2516113539e-01 
2.5222879127e-04 1.6198263020e+04 1.1040599541e+00 
1.2761731119e-05 1.5478937803e+04 9.4942017718e-01 
4.4346908811e-05 1.1690669107e+04 2.0474660494e-01 
5.5070880911e-04 1.4944214989e+04 9.6929737174e-01 
1.3206418523e-05 1.3097513488e+04 9.0554685769e-01 
2.6660421159e-04 1.9727796276e+04 1.1327740037e+00 
1.9270063264e-05 2.0777553029e+04 9.1721215500e-01 
3.7285800455e-05 1.5224768109e+04 1.1139752239e+00 
6.1284013507e-05 1.2995170351e+04 7.7576798215e-01 
2.0154493670e-05 2.0427869006e+04 2.7160158176e-01 
4.4825228161e-05 1.4326154214e+04 1.2337955654e+00 
3.2545017404e-04 1.2393551251e+04 4.9861654229e-01 
4.5623338915e-04 1.5236611143e+04 1.0663451766e+00 
1.9378478824e-04 1.8663946364e+04 1.1189201352e+00 
2.8352173171e-05 1.2288123695e+04 4.9498734394e-01 
9.6328257393e-06 1.1678091703e+04 3.8753445776e-01 
1.6755031655e-05 1.1609029444e+04 1.1448746208e+00 
6.3181565003e-06 1.1287389052e+04 8.6890596680e-01 
8.7798381502e-04 1.5532661259e+04 8.9594924385e-01 
4.0787997655e-05 1.1239203992e+04 4.5711431248e-01 
4.2596148230e-04 1.1677103036e+04 3.4940159014e-01 
5.5745174554e-05 1.1484803093e+04 1.8662531163e-01 
3.0835119874e-05 1.1209727727e+04 1.1194650100e+00 
9.2092032382e-05 1.7138681254e+04 6.8553041654e-01 
6.7699507601e-04 1.2005411455e+04 6.3954295264e-01 
2.8173957819e-04 1.5636103832e+04 6.0768655047e-01 
5.7252773099e-05 1.6913035069e+04 1.0003318723e+00 
7.6994481905e-05 2.4175568936e+04 1.3682025543e+00 
2.7203125803e-05 1.1446118364e+04 7.0348808484e-01 
1.2625610938e-04 1.2822589006e+04 6.7425573584e-01 
4.6655299985e-04 1.1999560182e+04 8.0095018295e-01 
1.2791383974e-05 1.4295754722e+04 9.6086899727e-01 
5.0467133451e-05 1.5259111342e+04 4.4805175688e-01 
2.6771219405e-05 1.3782422136e+04 1.1676973065e+00 
9.7515949305e-04 1.1361496162e+04 7.8686064888e-01 
1.2858839636e-04 1.1504738437e+04 9.7260325712e-01 
7.4080934927e-05 1.2312237354e+04 1.4390123158e+00 
4.2135461065e-04 2.1003906736e+04 1.0592711949e+00 
5.2851714718e-05 1.1228929743e+04 2.6044164141e-01 
1.2318708885e-04 1.3786042945e+04 8.2858525962e-01 
2.3198109760e-05 1.1376963321e+04 7.3449752935e-01 
1.0031133993e-05 1.1881805484e+04 7.4901982443e-01 
2.9777084353e-05 1.4845373666e+04 8.0990810153e-01 
5.7787589853e-04 1.3629061296e+04 3.9623004256e-01 
7.3281076277e-05 1.2493937145e+04 5.4401476524e-01 
1.3357714873e-04 1.2982513214e+04 6.4112087535e-01 
1.3522431916e-04 1.1421195559e+04 4.6345109257e-01 
2.8787695562e-04 1.3465604132e+04 1.2469059148e+00 
