1.2099542573e-04 4.4658593200e-08 4.5762498004e-09 2.6451778883e+03 1.0000000000e+00 
1.2411939186e-04 4.8531866495e-08 4.7362274337e-09 2.6543271547e+03 1.0000000000e+00 
3.0777798280e-06 8.0433363623e-13 3.1764748595e-14 2.1719004630e+03 1.0000000000e+00 
5.4337625825e-05 3.1243218041e-09 9.9308568770e-10 2.2688356916e+03 1.0000000000e+00 
1.0971306094e-05 3.8722344534e-11 0.0000000000e+00 1.4914494463e+03 1.0000000000e+00 
5.2192434303e-05 3.6057410044e-09 3.5391223118e-10 2.7573262629e+03 1.0000000000e+00 
2.4929723271e-05 3.5017259078e-10 6.5449072073e-11 1.9996444336e+03 1.0000000000e+00 
7.0582709153e-05 8.8764521466e-09 9.0142977047e-10 2.5523831548e+03 1.0000000000e+00 
3.2476125338e-05 7.0051940183e-10 1.9097079043e-10 2.0586860591e+03 1.0000000000e+00 
1.8826312906e-05 1.8081471211e-10 9.3257786319e-12 1.8372322231e+03 1.0000000000e+00 
1.3009133146e-05 6.4555273461e-11 0.0000000000e+00 1.7203698738e+03 1.0000000000e+00 
4.4567895869e-05 1.9889064495e-09 3.8140762054e-10 2.3555047355e+03 1.0000000000e+00 
2.1816757416e-05 2.3492105825e-10 4.3722096370e-11 2.0333906948e+03 1.0000000000e+00 
5.3745586852e-05 3.4205293573e-09 7.1129460736e-10 2.3794747136e+03 1.0000000000e+00 
5.5380377024e-05 4.3175238890e-09 4.1659397580e-10 2.5408413883e+03 1.0000000000e+00 
7.3959796518e-05 1.0218716071e-08 1.0331934934e-09 2.5344737473e+03 1.0000000000e+00 
2.3130232311e-05 2.7788248179e-10 5.3407894825e-11 2.4340477271e+03 1.0000000000e+00 
2.1840168781e-05 2.5783241537e-10 2.9937459482e-11 1.9957643835e+03 1.0000000000e+00 
7.9942803356e-05 1.0074225832e-08 3.0839103988e-09 2.3083340407e+03 1.0000000000e+00 
9.0811429925e-05 1.8696073543e-08 2.0508435561e-09 2.7011634118e+03 1.0000000000e+00 
6.8794279827e-05 7.0605233174e-09 1.5626064291e-09 2.4432887672e+03 1.0000000000e+00 
6.5943356327e-06 8.4081372533e-12 0.0000000000e+00 1.7931695992e+03 1.0000000000e+00 
4.6630972138e-05 2.0704852265e-09 5.6736018505e-10 2.2861248884e+03 1.0000000000e+00 
2.3725908381e-05 3.0662934005e-10 5.3417221428e-11 2.3028616068e+03 1.0000000000e+00 
5.8091134374e-05 3.6033856215e-09 1.3480388442e-09 2.3445110379e+03 1.0000000000e+00 
1.2688658674e-04 4.4556937377e-08 9.6448152294e-09 2.2295487485e+03 1.0000000000e+00 
4.4695623902e-05 1.8178982342e-09 5.0296665169e-10 2.2840936055e+03 1.0000000000e+00 
3.5047249650e-05 9.2008219718e-10 2.1508256158e-10 2.3329740911e+03 1.0000000000e+00 
6.6298709958e-05 5.9813762876e-09 1.6112946722e-09 2.4158701695e+03 1.0000000000e+00 
5.7201451631e-05 3.7206939594e-09 1.1108280212e-09 2.2192586320e+03 1.0000000000e+00 
1.7599575912e-05 1.2491836391e-10 2.1952544246e-11 2.2970020074e+03 1.0000000000e+00 
8.3271804935e-06 1.4383697373e-11 1.6011120085e-12 2.3139991547e+03 1.0000000000e+00 
4.0180671870e-06 1.8017028562e-12 6.3120229911e-14 2.2343390591e+03 1.0000000000e+00 
1.8993866751e-05 1.5948894921e-10 2.6043433477e-11 2.3768190810e+03 1.0000000000e+00 
2.7048745860e-05 4.5083368285e-10 8.1358233619e-11 2.2096792212e+03 1.0000000000e+00 
6.6545956862e-05 6.1565556456e-09 1.5614964925e-09 2.3128659896e+03 1.0000000000e+00 
1.7656810273e-05 1.6140738468e-10 0.0000000000e+00 1.6504898339e+03 1.0000000000e+00 
2.6382601445e-05 4.0897648906e-10 8.1378766000e-11 2.2993316048e+03 1.0000000000e+00 
2.3583931978e-05 2.9361745437e-10 5.7203507545e-11 2.5181585940e+03 1.0000000000e+00 
3.8730221175e-05 1.2558413118e-09 2.8137175951e-10 2.2424302985e+03 1.0000000000e+00 
9.9493959111e-05 1.9116352555e-08 6.1362970980e-09 2.3557367812e+03 1.0000000000e+00 
5.7043579786e-05 5.4426068664e-09 0.0000000000e+00 6.3696756685e+02 1.0000000000e+00 
4.6142205463e-05 2.0850791786e-09 5.0003640199e-10 2.2475730151e+03 1.0000000000e+00 
6.3353865288e-05 5.0088926444e-09 1.5381828496e-09 2.1018099919e+03 1.0000000000e+00 
1.0887698051e-04 2.5274560614e-08 7.9006710501e-09 2.3135255133e+03 1.0000000000e+00 
6.5532564258e-05 5.7745656388e-09 1.5572315100e-09 2.2969124472e+03 1.0000000000e+00 
1.3245752235e-04 5.1368657658e-08 1.0543406956e-08 2.0539132596e+03 1.0000000000e+00 
2.5238986633e-05 4.0431037300e-10 4.2179364130e-11 1.8734696374e+03 1.0000000000e+00 
9.2091292421e-05 1.4800173791e-08 5.0915470610e-09 2.4027163647e+03 1.0000000000e+00 
1.0739858961e-05 3.1212305467e-11 3.2124719392e-12 2.0670273759e+03 1.0000000000e+00 
3.6737633952e-05 1.4538519962e-09 0.0000000000e+00 1.6356633899e+03 1.0000000000e+00 
6.0336993038e-05 4.1961567749e-09 1.4108983154e-09 2.3403093060e+03 1.0000000000e+00 
1.2536853791e-04 5.7776646711e-08 0.0000000000e+00 4.8880360575e+02 1.0000000000e+00 
4.4369375715e-05 1.8503428865e-09 4.4679893323e-10 2.2576196835e+03 1.0000000000e+00 
1.3515536272e-05 6.9155678308e-11 2.0338320042e-12 1.8344234580e+03 1.0000000000e+00 
5.1236577799e-05 2.6791671103e-09 7.9498122938e-10 2.0684965669e+03 1.0000000000e+00 
2.3595134695e-05 2.9454489910e-10 5.6965229071e-11 2.4103908881e+03 1.0000000000e+00 
4.8791801406e-05 2.3873060364e-09 6.4023596711e-10 2.2887818147e+03 1.0000000000e+00 
5.3052898345e-05 2.7856602516e-09 1.0011415672e-09 2.3043201758e+03 1.0000000000e+00 
9.2340020684e-06 2.3086417847e-11 0.0000000000e+00 1.7633972236e+03 1.0000000000e+00 
2.1959909128e-06 2.9511514677e-13 9.6779666061e-15 2.3173985263e+03 1.0000000000e+00 
8.2900888494e-05 1.0819349046e-08 3.6999805830e-09 2.2136987590e+03 1.0000000000e+00 
2.6623359771e-05 4.1890524272e-10 8.4488366241e-11 2.0747989817e+03 1.0000000000e+00 
8.6910895602e-05 1.6533137164e-08 1.7071458952e-09 2.6074282996e+03 1.0000000000e+00 
5.1793673239e-05 2.6044476988e-09 9.2369360179e-10 2.1943673612e+03 1.0000000000e+00 
1.9866065602e-05 2.2989114596e-10 0.0000000000e+00 1.1474920193e+03 1.0000000000e+00 
6.4545815826e-05 6.0893406077e-09 1.1285773373e-09 2.5069066986e+03 1.0000000000e+00 
2.0926603182e-05 2.0334446036e-10 4.1086536406e-11 2.2528857684e+03 1.0000000000e+00 
2.2480866641e-05 2.5675397898e-10 4.8013595861e-11 2.2588713955e+03 1.0000000000e+00 
5.4923144565e-05 3.5242097949e-09 8.3834952190e-10 2.2041118917e+03 1.0000000000e+00 
2.0823340026e-05 2.2722887798e-10 2.3585415286e-11 1.8762978497e+03 1.0000000000e+00 
7.6255010452e-05 1.1237143110e-08 1.1089931657e-09 2.6527826663e+03 1.0000000000e+00 
3.0997734388e-05 6.2954561429e-10 1.5323353351e-10 2.4011571050e+03 1.0000000000e+00 
1.0435847672e-04 2.8389747207e-08 3.1021437023e-09 2.6529160492e+03 1.0000000000e+00 
3.0687281380e-04 6.3105533577e-07 1.3595549580e-07 1.9804301617e+03 1.0000000000e+00 
1.6676411692e-05 1.0352837735e-10 2.0401988211e-11 2.2408143791e+03 1.0000000000e+00 
1.9267621638e-04 1.7848754763e-07 1.9641276149e-08 2.6467149442e+03 1.0000000000e+00 
9.5199696456e-06 2.5298416613e-11 0.0000000000e+00 1.5566904229e+03 1.0000000000e+00 
1.9538494934e-05 1.6565228987e-10 3.3347815758e-11 2.2460878243e+03 1.0000000000e+00 
3.9468604717e-06 1.7094617224e-12 5.8655216844e-14 2.2303391302e+03 1.0000000000e+00 
5.7329096853e-05 3.5282718621e-09 1.2549236695e-09 2.2077672038e+03 1.0000000000e+00 
1.5983271757e-05 1.1972468423e-10 0.0000000000e+00 1.7764268794e+03 1.0000000000e+00 
4.3296171248e-05 1.5275792107e-09 5.3566327072e-10 2.4067953182e+03 1.0000000000e+00 
6.4409664858e-05 6.7629521522e-09 6.7386734172e-10 2.5310249067e+03 1.0000000000e+00 
2.0266805566e-05 2.4408582129e-10 0.0000000000e+00 1.5628266412e+03 1.0000000000e+00 
1.8201877099e-04 1.5065982555e-07 1.6444509690e-08 2.6237129056e+03 1.0000000000e+00 
1.4560243243e-05 9.0509161267e-11 0.0000000000e+00 1.6916408046e+03 1.0000000000e+00 
2.9843224369e-05 6.2079491726e-10 9.9653428632e-11 1.9434793538e+03 1.0000000000e+00 
3.1048900780e-05 6.7954463872e-10 1.2452842651e-10 2.2992760586e+03 1.0000000000e+00 
2.9544788816e-05 5.4325632189e-10 1.3384226360e-10 2.2199782139e+03 1.0000000000e+00 
5.7986984369e-06 5.7171320123e-12 0.0000000000e+00 1.5358724391e+03 1.0000000000e+00 
3.0825851438e-05 5.8414858591e-10 1.7268757483e-10 2.1146487458e+03 1.0000000000e+00 
4.5276940876e-06 2.5476718303e-12 1.0930099572e-13 2.1729677698e+03 1.0000000000e+00 
6.2826751919e-05 4.6654215534e-09 1.6380692379e-09 2.3394870850e+03 1.0000000000e+00 
4.2608236771e-05 1.5775537078e-09 4.3407453629e-10 2.3957302030e+03 1.0000000000e+00 
4.0256287683e-05 1.4369234701e-09 2.9917293057e-10 2.3851411435e+03 1.0000000000e+00 
4.8814724620e-05 2.5666591667e-09 5.3051852379e-10 2.3194542949e+03 1.0000000000e+00 
1.3711426180e-04 6.4061340769e-08 7.2433249533e-09 2.6573567553e+03 1.0000000000e+00 
4.8742181192e-05 2.5089466932e-09 5.5725123664e-10 2.4532901603e+03 1.0000000000e+00 
1.3196499233e-04 5.2713855361e-08 9.2218259807e-09 1.9777253136e+03 1.0000000000e+00 
3.0350348872e-05 6.0828257614e-10 1.3291797506e-10 2.2907444264e+03 1.0000000000e+00 
5.6169248771e-05 3.8458322520e-09 8.4877729431e-10 2.2475711651e+03 1.0000000000e+00 
1.5913401306e-04 7.6193722978e-08 2.6379694049e-08 2.4075431193e+03 1.0000000000e+00 
1.7274866658e-05 1.5115786903e-10 0.0000000000e+00 1.5732509640e+03 1.0000000000e+00 
6.3522556994e-05 5.2045503359e-09 1.4527349132e-09 2.2924841643e+03 1.0000000000e+00 
1.8460672452e-05 1.5006658828e-10 2.1625923194e-11 1.9582261378e+03 1.0000000000e+00 
7.5160232919e-05 7.8354512361e-09 2.9002428562e-09 2.3388920748e+03 1.0000000000e+00 
1.4046045179e-04 6.8228870267e-08 8.1877045128e-09 2.7313688513e+03 1.0000000000e+00 
9.3660726564e-06 2.4091243470e-11 0.0000000000e+00 1.6256268936e+03 1.0000000000e+00 
1.8233640639e-05 1.3392165151e-10 2.7548530736e-11 2.1813657206e+03 1.0000000000e+00 
3.0250377520e-05 6.2404553972e-10 1.1793484848e-10 2.2641345762e+03 1.0000000000e+00 
1.2454111034e-05 4.4684622689e-11 7.5149401366e-12 2.3085023568e+03 1.0000000000e+00 
2.1314195065e-05 2.2937780691e-10 3.4282625073e-11 1.9322358580e+03 1.0000000000e+00 
1.7589662735e-04 1.3334679449e-07 1.6484991841e-08 2.6982237454e+03 1.0000000000e+00 
5.3428509525e-05 3.2355407296e-09 7.7722906359e-10 2.3256244201e+03 1.0000000000e+00 
3.7523758889e-05 1.3450521745e-09 1.2831738969e-10 2.5399152922e+03 1.0000000000e+00 
4.7859623895e-05 3.2143598407e-09 0.0000000000e+00 2.8791043417e+02 1.0000000000e+00 
4.4412357198e-05 1.9994125483e-09 3.5778107905e-10 2.2815462806e+03 1.0000000000e+00 
7.3121053552e-06 1.0674655273e-11 4.9579108067e-13 2.1176990481e+03 1.0000000000e+00 
2.1478926134e-05 2.2071001065e-10 4.3900878147e-11 2.3985239160e+03 1.0000000000e+00 
1.4019948114e-05 8.0802699182e-11 0.0000000000e+00 1.6511122179e+03 1.0000000000e+00 
1.8652660609e-05 1.9028695382e-10 0.0000000000e+00 1.6941214874e+03 1.0000000000e+00 
3.0297169523e-06 7.7370411194e-13 2.6234941532e-14 2.2432810330e+03 1.0000000000e+00 
1.5559420869e-04 9.3320524054e-08 1.0767293215e-08 2.6924584214e+03 1.0000000000e+00 
5.5799781784e-05 3.2761200245e-09 1.1428532878e-09 2.2012847727e+03 1.0000000000e+00 
9.1088300142e-07 2.1083402965e-14 6.7686842334e-16 2.3015538896e+03 1.0000000000e+00 
1.0760623314e-05 3.6534143951e-11 0.0000000000e+00 1.6654592774e+03 1.0000000000e+00 
4.2035617153e-05 1.5540316900e-09 3.9214894172e-10 2.2992839233e+03 1.0000000000e+00 
2.3384969930e-05 2.8487017588e-10 5.6634486647e-11 2.2224610461e+03 1.0000000000e+00 
1.0125068502e-05 2.5237809403e-11 3.2671250452e-12 2.1844672747e+03 1.0000000000e+00 
4.2973364934e-05 1.6647348988e-09 4.1624168612e-10 2.2904692127e+03 1.0000000000e+00 
2.3818586922e-06 3.2488931022e-13 4.4835420647e-14 2.4921043869e+03 1.0000000000e+00 
4.4533839900e-05 2.1919671714e-09 2.5003206490e-10 2.5536915965e+03 1.0000000000e+00 
1.3135558904e-05 5.7886740392e-11 5.3862109924e-12 2.1156220525e+03 1.0000000000e+00 
2.8960469579e-05 6.1231846839e-10 6.2784200834e-11 2.2212633535e+03 1.0000000000e+00 
1.1229597697e-05 3.5303692083e-11 3.9087095079e-12 2.1529787141e+03 1.0000000000e+00 
6.8263823084e-05 8.0755477021e-09 7.8684981847e-10 2.5951697491e+03 1.0000000000e+00 
1.4994346617e-05 8.7019223546e-11 7.4354313066e-12 1.8633833260e+03 1.0000000000e+00 
1.4518154658e-05 8.9726536669e-11 0.0000000000e+00 1.5824004038e+03 1.0000000000e+00 
9.5495386191e-05 2.2003953355e-08 2.2194394659e-09 2.5700373342e+03 1.0000000000e+00 
3.2953061224e-05 1.0492378408e-09 0.0000000000e+00 1.6720223934e+03 1.0000000000e+00 
6.7858271472e-05 7.9516363474e-09 7.6086287032e-10 2.5998219654e+03 1.0000000000e+00 
8.3779855225e-05 1.1555611018e-08 3.5747464834e-09 2.0817346532e+03 1.0000000000e+00 
1.1481479479e-04 3.7785229908e-08 4.1448288553e-09 2.6624073680e+03 1.0000000000e+00 
6.4003307539e-05 5.7752277705e-09 1.2020973129e-09 2.1982266251e+03 1.0000000000e+00 
5.7359175909e-06 5.5334419552e-12 0.0000000000e+00 1.2519558261e+03 1.0000000000e+00 
3.7615958236e-05 1.1402335742e-09 2.6425615477e-10 2.2427163899e+03 1.0000000000e+00 
1.1479512544e-05 4.4356471381e-11 0.0000000000e+00 1.5124987924e+03 1.0000000000e+00 
9.1636320658e-05 1.5650363869e-08 4.3448483448e-09 2.1638993250e+03 1.0000000000e+00 
2.4673289364e-05 4.1243590034e-10 1.7590498253e-11 1.8555131696e+03 1.0000000000e+00 
7.3407448124e-06 1.1598638958e-11 0.0000000000e+00 1.2386003596e+03 1.0000000000e+00 
1.0570214176e-06 3.1637319205e-14 1.8803878600e-15 2.3668928250e+03 1.0000000000e+00 
1.9477873398e-04 1.6145721568e-07 3.4709093076e-08 2.2496926981e+03 1.0000000000e+00 
5.5901672070e-07 4.2557345062e-15 5.4466890477e-16 2.5418626931e+03 1.0000000000e+00 
9.9363247366e-06 2.4269118298e-11 2.8259661594e-12 2.2188378419e+03 1.0000000000e+00 
3.9594134701e-05 1.3331625926e-09 3.0603271042e-10 1.9805909684e+03 1.0000000000e+00 
2.7905635504e-05 6.3718038968e-10 0.0000000000e+00 1.7917743873e+03 1.0000000000e+00 
8.2147465535e-05 1.3734699290e-08 1.5837698323e-09 2.5636221750e+03 1.0000000000e+00 
7.3025874624e-05 9.8752355947e-09 9.7018238332e-10 2.5519618592e+03 1.0000000000e+00 
1.2018690705e-04 4.3317752795e-08 4.7689562160e-09 2.7261126008e+03 1.0000000000e+00 
1.1614718069e-04 2.9131838820e-08 1.0566571148e-08 2.3525248964e+03 1.0000000000e+00 
7.9104687859e-05 1.2478403165e-08 1.2796481293e-09 2.5392867062e+03 1.0000000000e+00 
3.3033642587e-05 7.7586434515e-10 1.7668486365e-10 2.2844602736e+03 1.0000000000e+00 
1.6171311929e-04 1.0438097623e-07 1.2332088287e-08 2.7114424109e+03 1.0000000000e+00 
3.8664639858e-05 1.1868501584e-09 3.1930753729e-10 2.0359474828e+03 1.0000000000e+00 
1.0817279959e-04 3.1833328499e-08 3.3194454851e-09 2.6005838499e+03 1.0000000000e+00 
1.6594563972e-04 1.0523133705e-07 1.8079162083e-08 1.9837683924e+03 1.0000000000e+00 
1.8188530471e-04 1.5205689312e-07 1.5322039152e-08 2.5494562841e+03 1.0000000000e+00 
2.9508689735e-05 5.8054668598e-10 1.0866244401e-10 2.2976899067e+03 1.0000000000e+00 
1.8287575042e-04 1.1738400275e-07 3.8938019850e-08 2.1505593757e+03 1.0000000000e+00 
3.6276348960e-05 1.0483454731e-09 2.2089679593e-10 2.3708824588e+03 1.0000000000e+00 
2.6022552540e-05 5.1669746580e-10 0.0000000000e+00 1.0551857486e+03 1.0000000000e+00 
1.4379566126e-05 8.0394293852e-11 4.2662008619e-12 1.8794904424e+03 1.0000000000e+00 
1.1606181861e-05 3.7554931095e-11 5.2084313171e-12 2.4251514764e+03 1.0000000000e+00 
6.9923181949e-05 1.0024210988e-08 0.0000000000e+00 1.7230767340e+03 1.0000000000e+00 
3.7155200479e-05 1.0950333812e-09 2.5705959457e-10 2.2158854876e+03 1.0000000000e+00 
1.2760891647e-04 6.0929794393e-08 0.0000000000e+00 2.8796640841e+02 1.0000000000e+00 
6.1916326308e-05 6.0007461083e-09 6.0288857990e-10 2.6044254500e+03 1.0000000000e+00 
1.4803750437e-05 9.5126586882e-11 0.0000000000e+00 1.7095933764e+03 1.0000000000e+00 
1.1699439819e-04 4.0186132056e-08 4.2547175193e-09 2.6200700178e+03 1.0000000000e+00 
2.9982395688e-05 6.0491561533e-10 1.1652007747e-10 2.3032780626e+03 1.0000000000e+00 
1.2282765492e-04 4.7003625710e-08 4.6079352591e-09 2.5865127409e+03 1.0000000000e+00 
2.9478329937e-05 7.5109569972e-10 0.0000000000e+00 1.7197234544e+03 1.0000000000e+00 
1.2117935991e-04 5.2176219893e-08 0.0000000000e+00 2.8796462610e+02 1.0000000000e+00 
1.0326352830e-04 2.0712619133e-08 7.2753174234e-09 2.3841317053e+03 1.0000000000e+00 
6.1199342400e-05 4.3780653154e-09 1.4726339105e-09 2.3659556388e+03 1.0000000000e+00 
8.7604284401e-06 1.6933048413e-11 1.7476825069e-12 2.2470052122e+03 1.0000000000e+00 
1.1037428154e-05 3.6494133239e-11 1.8433213951e-12 1.8716400162e+03 1.0000000000e+00 
2.2363962482e-05 2.8406477560e-10 2.7596997395e-11 2.0072254179e+03 1.0000000000e+00 
1.3703810293e-04 6.3414313877e-08 7.5709037808e-09 2.7549060874e+03 1.0000000000e+00 
6.0071200379e-05 4.1613295258e-09 1.3795227194e-09 2.3594837311e+03 1.0000000000e+00 
4.2642910268e-05 1.4744689645e-09 5.0235403925e-10 2.1622919722e+03 1.0000000000e+00 
4.1818149775e-05 1.5848292284e-09 3.5165351584e-10 2.0750588181e+03 1.0000000000e+00 
5.1308031058e-05 3.4284556839e-09 3.3438588834e-10 2.5981738461e+03 1.0000000000e+00 
5.0313819363e-05 2.9065477859e-09 5.2051382799e-10 2.3062404283e+03 1.0000000000e+00 
2.2726931759e-05 3.1983079294e-10 1.5316894106e-11 1.8615595620e+03 1.0000000000e+00 
7.2875436852e-05 8.6026805286e-09 1.7258073534e-09 2.4882846001e+03 1.0000000000e+00 
7.0540371033e-06 9.1774674244e-12 7.0056468543e-13 2.2085270826e+03 1.0000000000e+00 
5.8161571055e-05 3.5695054508e-09 1.3824934892e-09 2.3409338655e+03 1.0000000000e+00 
5.0819157472e-05 3.3042473577e-09 3.4197656178e-10 2.8109792052e+03 1.0000000000e+00 
8.7175690547e-05 1.3340306653e-08 3.8249964438e-09 2.2914597809e+03 1.0000000000e+00 
1.2131430724e-04 4.0214040063e-08 7.6287746287e-09 2.0256852854e+03 1.0000000000e+00 
2.8497585905e-06 6.1823710355e-13 3.7939453899e-14 2.3671387396e+03 1.0000000000e+00 
3.1818000393e-05 6.8701922773e-10 1.6184961677e-10 2.2768004357e+03 1.0000000000e+00 
8.2301477420e-07 1.5553512696e-14 4.9808872116e-16 2.2998262883e+03 1.0000000000e+00 
6.4103213087e-06 7.7237115242e-12 0.0000000000e+00 1.4480207549e+03 1.0000000000e+00 
2.0234625569e-06 2.3038311026e-13 7.8834577773e-15 2.2368821808e+03 1.0000000000e+00 
1.0552674757e-05 3.0405041746e-11 2.5467878651e-12 1.8728827390e+03 1.0000000000e+00 
1.2311419962e-05 5.4715590108e-11 0.0000000000e+00 1.3851402357e+03 1.0000000000e+00 
2.6762447453e-05 4.5869100961e-10 6.4959706460e-11 2.2068360176e+03 1.0000000000e+00 
3.1814425606e-04 6.0094057352e-07 2.1575611666e-07 2.3221484956e+03 1.0000000000e+00 
6.9517697798e-06 8.6707839164e-12 7.4174280666e-13 2.1970716486e+03 1.0000000000e+00 
7.3660974769e-05 1.0091053506e-08 1.0234244875e-09 2.5261034901e+03 1.0000000000e+00 
6.4807791225e-05 5.0924526660e-09 1.8157853757e-09 2.3382407606e+03 1.0000000000e+00 
7.4088629914e-05 1.0291075361e-08 1.0267441200e-09 2.5545413030e+03 1.0000000000e+00 
7.4417324826e-05 7.9383383827e-09 2.6058111135e-09 2.3309800116e+03 1.0000000000e+00 
1.6870330942e-05 1.1485163752e-10 1.6301188846e-11 2.1970365806e+03 1.0000000000e+00 
2.1154038259e-06 2.4401116526e-13 2.1091706383e-14 2.3690729199e+03 1.0000000000e+00 
3.0347625456e-05 6.0441414769e-10 1.3521086234e-10 2.3459132510e+03 1.0000000000e+00 
1.6647799996e-05 1.1922058663e-10 1.0099110063e-11 1.8549579686e+03 1.0000000000e+00 
5.6471542152e-06 4.9621740703e-12 2.0009475589e-13 2.1389925320e+03 1.0000000000e+00 
2.5190619591e-05 3.4522162266e-10 7.7620572911e-11 2.2288395540e+03 1.0000000000e+00 
2.7869974161e-05 5.4643094045e-10 5.5508992680e-11 1.8673745864e+03 1.0000000000e+00 
2.0404545054e-05 2.4909636927e-10 0.0000000000e+00 1.7933808895e+03 1.0000000000e+00 
3.4611223209e-05 8.8328371229e-10 2.0896687150e-10 2.3232438532e+03 1.0000000000e+00 
4.1019063749e-05 1.4948097971e-09 3.3243867447e-10 2.2493338768e+03 1.0000000000e+00 
1.7596783740e-04 1.3683018633e-07 1.4417300652e-08 2.6256555194e+03 1.0000000000e+00 
6.4682606685e-05 4.9570870012e-09 1.8718569682e-09 2.3500632552e+03 1.0000000000e+00 
2.4852488084e-05 4.0463887012e-10 2.8567267447e-11 1.9040081022e+03 1.0000000000e+00 
1.2462335631e-05 4.4508645624e-11 7.6961355560e-12 2.2443648713e+03 1.0000000000e+00 
3.0556385837e-05 6.6832697235e-10 1.0574103819e-10 2.2340873026e+03 1.0000000000e+00 
8.5823269162e-05 1.3553515823e-08 3.1314659587e-09 2.0450616162e+03 1.0000000000e+00 
7.4048923048e-05 1.0273542978e-08 1.0257197047e-09 2.5416976334e+03 1.0000000000e+00 
9.9929957611e-06 2.3542104557e-11 3.5940818684e-12 2.4585568261e+03 1.0000000000e+00 
1.3429296228e-05 6.1519525267e-11 5.9682057918e-12 1.9568313284e+03 1.0000000000e+00 
1.0059203555e-05 2.9845402396e-11 0.0000000000e+00 1.5915124885e+03 1.0000000000e+00 
1.0408151216e-04 2.4351531658e-08 5.4741135324e-09 2.2519981989e+03 1.0000000000e+00 
2.6157300210e-05 3.6626335709e-10 9.9630013110e-11 2.0683626139e+03 1.0000000000e+00 
1.1952038616e-05 4.3612798266e-11 4.0541039474e-12 2.2054270497e+03 1.0000000000e+00 
3.3158022200e-05 1.0689379682e-09 0.0000000000e+00 1.6807395472e+03 1.0000000000e+00 
3.5523122567e-05 1.1384936086e-09 1.1055546740e-10 2.7501253240e+03 1.0000000000e+00 
1.3338684523e-05 5.7393223538e-11 7.6644115973e-12 2.1457093954e+03 1.0000000000e+00 
8.6646912265e-06 1.9074181988e-11 0.0000000000e+00 1.2025847035e+03 1.0000000000e+00 
1.5247642562e-06 9.8928267566e-14 3.1520437911e-15 2.3259205488e+03 1.0000000000e+00 
1.9884629885e-05 2.3053622895e-10 0.0000000000e+00 1.7151006287e+03 1.0000000000e+00 
2.3074163944e-05 3.6021730386e-10 0.0000000000e+00 1.6201089422e+03 1.0000000000e+00 
2.3319079371e-05 2.8119184835e-10 5.6959865380e-11 2.3729693605e+03 1.0000000000e+00 
6.5943907000e-06 7.3092003924e-12 6.9089271695e-13 2.9471238764e+03 1.0000000000e+00 
2.1562598200e-05 2.1950635845e-10 4.6800147220e-11 2.2363017719e+03 1.0000000000e+00 
2.3723136583e-05 3.0678079519e-10 5.3235759141e-11 2.3175241613e+03 1.0000000000e+00 
8.0590379170e-06 1.5347450686e-11 0.0000000000e+00 1.7193983394e+03 1.0000000000e+00 
1.2301659902e-06 5.1844970629e-14 1.7226583505e-15 2.2514834402e+03 1.0000000000e+00 
8.2474725494e-05 1.0111474338e-08 3.9838205136e-09 2.3253709890e+03 1.0000000000e+00 
5.6379955373e-05 4.1547382933e-09 6.9150265881e-10 2.3473324601e+03 1.0000000000e+00 
2.9928789558e-06 7.0484938667e-13 5.1044862289e-14 2.3087169419e+03 1.0000000000e+00 
8.9199401402e-05 1.7899736488e-08 1.8293202062e-09 2.5556443743e+03 1.0000000000e+00 
1.1029544871e-05 3.9342270933e-11 0.0000000000e+00 1.6287714416e+03 1.0000000000e+00 
4.2783320863e-05 1.6105322400e-09 4.3099253207e-10 2.1956693985e+03 1.0000000000e+00 
2.0591290531e-05 2.0795970947e-10 3.0195784337e-11 2.0430303440e+03 1.0000000000e+00 
5.1916706407e-05 4.1030617067e-09 0.0000000000e+00 1.7342749642e+03 1.0000000000e+00 
1.8459264991e-05 1.8442927642e-10 0.0000000000e+00 1.5595833370e+03 1.0000000000e+00 
1.9667083269e-05 1.7811055938e-10 2.8249033791e-11 2.1720705363e+03 1.0000000000e+00 
2.2294534657e-05 2.5380667244e-10 4.4702364491e-11 1.9795482642e+03 1.0000000000e+00 
5.8212646623e-05 3.8192348659e-09 1.2350822867e-09 2.3848724111e+03 1.0000000000e+00 
6.1339131972e-05 5.7628064413e-09 6.3124019446e-10 2.5606891636e+03 1.0000000000e+00 
1.2670571833e-05 5.9645172028e-11 0.0000000000e+00 1.2520831963e+03 1.0000000000e+00 
1.1470608406e-05 3.4389716460e-11 6.1999891160e-12 2.6207118086e+03 1.0000000000e+00 
1.0824263729e-04 3.2022020280e-08 3.2460528082e-09 2.5809486320e+03 1.0000000000e+00 
3.4202421782e-05 7.9335971639e-10 2.3873156873e-10 2.1565977404e+03 1.0000000000e+00 
3.7258228923e-05 1.0648624007e-09 2.8391031682e-10 2.1257467081e+03 1.0000000000e+00 
4.4493992496e-06 2.3936255217e-12 1.1890968424e-13 2.1940672980e+03 1.0000000000e+00 
7.7677067913e-05 1.1856319156e-08 1.1855869599e-09 2.5160605955e+03 1.0000000000e+00 
3.9348018391e-05 1.2970121804e-09 3.0755453665e-10 2.3435379561e+03 1.0000000000e+00 
2.6358734916e-05 4.0857730464e-10 8.0711995930e-11 2.2589652989e+03 1.0000000000e+00 
2.6044084613e-05 3.9310393897e-10 7.8494236978e-11 2.2670657206e+03 1.0000000000e+00 
9.5581519072e-06 2.5604036326e-11 0.0000000000e+00 1.4965032354e+03 1.0000000000e+00 
1.3474442016e-05 7.1733004077e-11 0.0000000000e+00 1.7499211843e+03 1.0000000000e+00 
2.7140854972e-05 4.4229032441e-10 9.0467189690e-11 2.2698806664e+03 1.0000000000e+00 
7.9875200223e-05 1.2916482146e-08 1.2734810251e-09 2.5985347439e+03 1.0000000000e+00 
9.7277294581e-05 1.8584091188e-08 5.2844257102e-09 2.4028351848e+03 1.0000000000e+00 
7.8054292009e-05 9.6088970574e-09 2.7247128033e-09 2.2870279090e+03 1.0000000000e+00 
2.3956515244e-05 4.0314157164e-10 0.0000000000e+00 1.7607565616e+03 1.0000000000e+00 
9.9916628464e-05 2.2445357794e-08 4.2761068940e-09 1.9683555488e+03 1.0000000000e+00 
1.0635183422e-06 2.9361754499e-14 3.7145783954e-15 2.4977562369e+03 1.0000000000e+00 
8.8061736413e-05 1.5732781463e-08 2.6972662682e-09 1.9483105710e+03 1.0000000000e+00 
2.8925257700e-05 5.1667646025e-10 1.2127110650e-10 2.2257641322e+03 1.0000000000e+00 
3.3467173103e-05 8.6305849029e-10 1.4837933923e-10 2.3757159578e+03 1.0000000000e+00 
2.6100790156e-05 5.2137189264e-10 0.0000000000e+00 1.5535244321e+03 1.0000000000e+00 
2.1127468493e-05 2.4065646566e-10 2.2543789260e-11 1.8943241942e+03 1.0000000000e+00 
1.5948921552e-05 1.1895442853e-10 0.0000000000e+00 1.3549387241e+03 1.0000000000e+00 
3.6312890592e-05 1.0333040828e-09 2.3301293649e-10 2.2221206442e+03 1.0000000000e+00 
7.1428395139e-05 7.5246184491e-09 1.9869090879e-09 2.2476001253e+03 1.0000000000e+00 
2.2775147462e-05 3.0212936729e-10 2.7823423837e-11 2.6834963077e+03 1.0000000000e+00 
2.7430461690e-05 6.0518199896e-10 0.0000000000e+00 1.4165740793e+03 1.0000000000e+00 
2.3223315299e-06 3.4799501911e-13 1.2101802277e-14 2.2219667334e+03 1.0000000000e+00 
2.1658874299e-05 2.3291121038e-10 4.0860353322e-11 2.1188610989e+03 1.0000000000e+00 
5.6448384063e-05 3.5451303954e-09 1.0867261726e-09 2.4570413585e+03 1.0000000000e+00 
1.0117953732e-05 3.0371393358e-11 0.0000000000e+00 1.4974328368e+03 1.0000000000e+00 
3.9642869870e-05 1.6138222299e-09 1.3384769956e-10 1.8643557519e+03 1.0000000000e+00 
1.7284062318e-05 1.2287622884e-10 1.7928842945e-11 2.1694015282e+03 1.0000000000e+00 
1.3993519398e-05 8.0346601523e-11 0.0000000000e+00 1.6630691090e+03 1.0000000000e+00 
2.8305825759e-05 6.6498850205e-10 0.0000000000e+00 1.7218214754e+03 1.0000000000e+00 
1.3633426359e-05 5.7820970134e-11 1.0359633040e-11 2.2794641809e+03 1.0000000000e+00 
2.5482862792e-05 4.0088320874e-10 5.3006502920e-11 2.1587571373e+03 1.0000000000e+00 
1.7069835600e-06 1.1934274505e-13 1.6654997135e-14 2.5439948932e+03 1.0000000000e+00 
1.3962281664e-04 6.8367111061e-08 7.1925024450e-09 2.6062989805e+03 1.0000000000e+00 
1.9667763798e-05 2.2307535929e-10 0.0000000000e+00 2.8778205012e+02 1.0000000000e+00 
4.6035822192e-05 1.9689743810e-09 5.6052171453e-10 2.3239280291e+03 1.0000000000e+00 
2.7814083177e-05 5.5159753873e-10 4.9865861355e-11 1.8594387810e+03 1.0000000000e+00 
1.0184689056e-04 2.6326152874e-08 2.9229689205e-09 2.6950966917e+03 1.0000000000e+00 
1.7488268852e-04 1.3170696750e-07 1.5791159752e-08 2.6869028733e+03 1.0000000000e+00 
3.2298342243e-05 8.6924616588e-10 7.4602943076e-11 1.8536943974e+03 1.0000000000e+00 
1.5811897192e-05 1.1591472122e-10 0.0000000000e+00 2.8772890117e+02 1.0000000000e+00 
3.3332557027e-05 7.5605580820e-10 2.0733489183e-10 2.1724589507e+03 1.0000000000e+00 
1.0631081920e-05 3.5230519194e-11 0.0000000000e+00 1.8053704016e+03 1.0000000000e+00 
2.8615679813e-05 4.8686941394e-10 1.2583824680e-10 2.0165585885e+03 1.0000000000e+00 
1.1126912427e-04 3.4250147896e-08 3.8614873150e-09 2.6947351227e+03 1.0000000000e+00 
3.7081730738e-05 1.0961233885e-09 2.5077749978e-10 2.3041132184e+03 1.0000000000e+00 
4.2649387095e-05 1.6057704391e-09 4.2047298884e-10 2.2474269518e+03 1.0000000000e+00 
2.3076895922e-05 2.7678992713e-10 5.2520500023e-11 2.2794438451e+03 1.0000000000e+00 
3.0835898792e-05 7.7454497853e-10 5.3537905583e-11 1.8422611278e+03 1.0000000000e+00 
3.7289039476e-05 1.0978623981e-09 2.6553428298e-10 2.3250065543e+03 1.0000000000e+00 
9.5408848575e-05 2.1910002543e-08 2.2348990660e-09 2.6262436710e+03 1.0000000000e+00 
9.5338912773e-06 2.5409565242e-11 0.0000000000e+00 1.4816622220e+03 1.0000000000e+00 
1.3552712418e-05 5.6825331717e-11 1.0160855103e-11 2.2398017180e+03 1.0000000000e+00 
1.9656375665e-05 1.7159912326e-10 3.2113061536e-11 2.0811359261e+03 1.0000000000e+00 
6.2312926159e-05 4.7598599002e-09 1.4674808104e-09 2.1030732068e+03 1.0000000000e+00 
2.0139955904e-05 2.3953125799e-10 0.0000000000e+00 1.5673183848e+03 1.0000000000e+00 
3.8567382280e-05 1.1844788397e-09 3.1277906515e-10 2.2813835366e+03 1.0000000000e+00 
6.8248922934e-05 5.6687515249e-09 2.2958548237e-09 2.3222166672e+03 1.0000000000e+00 
1.3063588699e-05 5.2313379617e-11 8.2066078585e-12 2.2094103846e+03 1.0000000000e+00 
7.2624269131e-05 9.2628561016e-09 1.2373392246e-09 2.5499857271e+03 1.0000000000e+00 
1.3689415216e-04 6.3994168706e-08 7.0571087789e-09 2.6391106488e+03 1.0000000000e+00 
4.7884228278e-05 3.2193198466e-09 0.0000000000e+00 1.2040254275e+03 1.0000000000e+00 
4.1783040827e-05 1.3844667217e-09 4.7420374519e-10 2.4017437033e+03 1.0000000000e+00 
3.2815967536e-05 7.5920559646e-10 1.7410882060e-10 2.3273150415e+03 1.0000000000e+00 
9.1751262401e-06 2.2647631736e-11 0.0000000000e+00 1.6784487399e+03 1.0000000000e+00 
9.0812176751e-05 1.8786828353e-08 1.9941382145e-09 2.6567982164e+03 1.0000000000e+00 
7.2546336362e-06 1.1195232177e-11 0.0000000000e+00 1.4121936458e+03 1.0000000000e+00 
3.3384012766e-05 1.0909435090e-09 0.0000000000e+00 1.7736371464e+03 1.0000000000e+00 
1.4618435581e-04 6.3114046388e-08 1.7904643939e-08 2.1072962963e+03 1.0000000000e+00 
4.1376848309e-05 1.3990834204e-09 4.2618625483e-10 2.1675808827e+03 1.0000000000e+00 
1.0739677833e-04 3.6321218550e-08 0.0000000000e+00 1.7794436594e+03 1.0000000000e+00 
7.0459776829e-05 8.7611920024e-09 9.4007495996e-10 2.7525019432e+03 1.0000000000e+00 
8.2622687312e-06 1.6538061338e-11 0.0000000000e+00 1.5600600812e+03 1.0000000000e+00 
2.2693783030e-05 2.7189647019e-10 4.4501722917e-11 2.1046296495e+03 1.0000000000e+00 
1.8998030873e-05 2.0105386052e-10 0.0000000000e+00 1.7138177486e+03 1.0000000000e+00 
2.6099365931e-05 5.2128654919e-10 0.0000000000e+00 1.8022906583e+03 1.0000000000e+00 
1.0583903680e-04 2.9584832455e-08 3.2552022527e-09 2.6797189768e+03 1.0000000000e+00 
7.6285876579e-06 1.3017244799e-11 0.0000000000e+00 1.1561613037e+03 1.0000000000e+00 
3.0975245447e-05 6.1133111987e-10 1.6348872123e-10 2.1691930272e+03 1.0000000000e+00 
4.8301914190e-05 2.8627014479e-09 2.7757721354e-10 2.5454141449e+03 1.0000000000e+00 
3.7650782038e-05 1.0608689516e-09 3.1686948796e-10 2.1790970685e+03 1.0000000000e+00 
8.8286438931e-05 1.7366225771e-08 1.7671244052e-09 2.5792898184e+03 1.0000000000e+00 
4.6952902191e-05 2.6328979849e-09 2.5281695190e-10 2.6132288329e+03 1.0000000000e+00 
1.3448380013e-05 5.8316286326e-11 8.1722385286e-12 2.2091315849e+03 1.0000000000e+00 
5.5702636269e-05 4.3919907354e-09 4.2475355035e-10 2.5629495758e+03 1.0000000000e+00 
1.2730084120e-05 4.7575064903e-11 8.1176865106e-12 2.2909009445e+03 1.0000000000e+00 
2.1239580253e-05 2.1877553232e-10 3.9079224355e-11 2.3385497058e+03 1.0000000000e+00 
7.7496438845e-06 1.1656439490e-11 1.2511046985e-12 2.1863158601e+03 1.0000000000e+00 
6.9455088999e-06 7.9618119347e-12 1.1706676804e-12 2.4787142214e+03 1.0000000000e+00 
2.6621332789e-05 4.2625358872e-10 7.9789972153e-11 2.2782303272e+03 1.0000000000e+00 
3.0819954290e-05 5.8602296741e-10 1.7119961343e-10 2.0952904726e+03 1.0000000000e+00 
1.3010025858e-04 5.4775411120e-08 6.1556961659e-09 2.6518846478e+03 1.0000000000e+00 
7.4471108383e-05 8.2973587806e-09 2.3966217869e-09 2.0508845681e+03 1.0000000000e+00 
1.1920848461e-05 4.9671600165e-11 0.0000000000e+00 1.7404061745e+03 1.0000000000e+00 
4.4934282384e-05 1.8794479090e-09 4.9078075372e-10 2.3077807862e+03 1.0000000000e+00 
7.5836328782e-07 1.1062655685e-14 1.0847968762e-15 2.4702487682e+03 1.0000000000e+00 
6.8613113064e-05 8.2099354232e-09 7.9283620079e-10 2.5397672109e+03 1.0000000000e+00 
1.0166997053e-05 2.7587336529e-11 2.0289316728e-12 1.9109299159e+03 1.0000000000e+00 
1.7860226848e-05 1.3521528107e-10 2.0010656209e-11 2.1861671541e+03 1.0000000000e+00 
3.4501728221e-05 8.0697717223e-10 2.4970135301e-10 2.0849523235e+03 1.0000000000e+00 
2.4904548097e-06 3.9132787072e-13 3.8715805064e-14 2.3597396791e+03 1.0000000000e+00 
5.4730372654e-05 3.3204321418e-09 9.3439837863e-10 2.1954115784e+03 1.0000000000e+00 
2.6733095117e-05 3.8915489225e-10 1.0750699414e-10 2.1599722486e+03 1.0000000000e+00 
6.0468688330e-05 6.4830339166e-09 0.0000000000e+00 4.5722766961e+02 1.0000000000e+00 
4.8600490189e-05 2.5195013687e-09 5.3205799390e-10 2.4692127367e+03 1.0000000000e+00 
4.9640710605e-05 2.4078237093e-09 7.4103684780e-10 2.2672821320e+03 1.0000000000e+00 
3.4956255840e-05 1.0891653472e-09 1.0263784377e-10 2.5388423442e+03 1.0000000000e+00 
1.8266300641e-05 1.6963590818e-10 5.7010244992e-12 1.8402366533e+03 1.0000000000e+00 
1.0876031845e-04 2.7284973166e-08 6.5605997781e-09 2.2802261154e+03 1.0000000000e+00 
1.1041717771e-05 3.6227700337e-11 2.0396993509e-12 2.0926534468e+03 1.0000000000e+00 
2.3553183193e-04 2.8417724744e-07 6.2192950631e-08 2.2229227695e+03 1.0000000000e+00 
1.3189743871e-05 6.7281510930e-11 0.0000000000e+00 1.6999491649e+03 1.0000000000e+00 
2.0892160761e-05 2.1288714696e-10 3.4255671863e-11 2.3694059534e+03 1.0000000000e+00 
6.9374772839e-06 9.7901956634e-12 0.0000000000e+00 1.5343017597e+03 1.0000000000e+00 
1.7841613984e-05 1.3298248205e-10 2.1086187905e-11 1.9542180150e+03 1.0000000000e+00 
3.1466149889e-05 6.2576246516e-10 1.8087538553e-10 2.1703246906e+03 1.0000000000e+00 
2.9254344135e-05 5.7993111070e-10 9.6908839730e-11 1.9895728810e+03 1.0000000000e+00 
3.5614600274e-05 9.9970535543e-10 2.0419288444e-10 2.2662926672e+03 1.0000000000e+00 
1.0818878678e-05 3.7130722623e-11 0.0000000000e+00 1.5683866581e+03 1.0000000000e+00 
4.5369482944e-05 1.8397659185e-09 5.6478140700e-10 2.1646105855e+03 1.0000000000e+00 
1.4983425233e-04 8.2130575618e-08 1.0372627243e-08 1.9750534956e+03 1.0000000000e+00 
1.1945016196e-05 4.1976793308e-11 5.0270156778e-12 2.1986984495e+03 1.0000000000e+00 
6.4262499837e-05 6.7359029137e-09 6.5718937378e-10 2.5895846734e+03 1.0000000000e+00 
8.6391585583e-05 1.2121756560e-08 4.2644179950e-09 2.3004889946e+03 1.0000000000e+00 
2.5356964016e-05 3.6524288330e-10 7.0910852139e-11 2.2972934368e+03 1.0000000000e+00 
4.8721250674e-05 2.9089622022e-09 3.0306460528e-10 2.5646220187e+03 1.0000000000e+00 
2.6690334464e-05 4.1977244606e-10 8.6574692413e-11 2.3203789602e+03 1.0000000000e+00 
1.3049766213e-05 5.8701253456e-11 4.0610819781e-12 1.8779830596e+03 1.0000000000e+00 
1.5582067355e-04 6.7404196956e-08 2.7361142271e-08 2.3410812703e+03 1.0000000000e+00 
2.7854371664e-05 6.3367525421e-10 0.0000000000e+00 1.5662066235e+03 1.0000000000e+00 
8.6576958944e-06 1.9028021356e-11 0.0000000000e+00 1.5716588472e+03 1.0000000000e+00 
4.0037627818e-05 1.3466220338e-09 3.3644714806e-10 2.2543386335e+03 1.0000000000e+00 
1.1510452877e-04 3.8626332312e-08 3.8278516634e-09 2.5485897088e+03 1.0000000000e+00 
9.1106307728e-05 1.6528903324e-08 3.5479596045e-09 2.3667429725e+03 1.0000000000e+00 
7.2035559416e-05 8.0756227876e-09 1.8133051081e-09 2.3464226965e+03 1.0000000000e+00 
1.0780506352e-05 3.6737037257e-11 0.0000000000e+00 1.2251100216e+03 1.0000000000e+00 
3.1188405427e-04 8.8954139449e-07 0.0000000000e+00 4.9643104437e+02 1.0000000000e+00 
2.3604443016e-05 2.9186600239e-10 5.8935755814e-11 2.2068309953e+03 1.0000000000e+00 
1.1812007624e-05 4.8323435802e-11 0.0000000000e+00 1.6728051667e+03 1.0000000000e+00 
1.5209454076e-05 1.0316384659e-10 0.0000000000e+00 1.7609579706e+03 1.0000000000e+00 
1.1944440377e-04 4.2808865762e-08 4.4994561393e-09 2.6464176438e+03 1.0000000000e+00 
9.4209057962e-05 1.7247754080e-08 4.5691446835e-09 2.2979294300e+03 1.0000000000e+00 
7.1628043217e-05 8.2265264010e-09 1.6021882553e-09 2.0667996768e+03 1.0000000000e+00 
4.0842113625e-05 1.4994615417e-09 3.1312354633e-10 2.2852098687e+03 1.0000000000e+00 
6.4495944183e-05 5.1729200946e-09 1.6931337514e-09 2.2384456929e+03 1.0000000000e+00 
2.2021442802e-05 2.5926610635e-10 3.3856978462e-11 1.9045205874e+03 1.0000000000e+00 
4.6269193020e-05 1.8395617863e-09 6.6935208402e-10 2.3661856521e+03 1.0000000000e+00 
4.7350006474e-05 2.2432951864e-09 5.4652587803e-10 2.0064309171e+03 1.0000000000e+00 
1.2591401891e-05 4.8173958703e-11 6.5120855864e-12 2.1801605088e+03 1.0000000000e+00 
5.0763950307e-05 2.4306436305e-09 8.8322407739e-10 2.3468778483e+03 1.0000000000e+00 
6.5068080142e-05 8.0777540930e-09 0.0000000000e+00 1.5100711366e+03 1.0000000000e+00 
6.7521735779e-05 7.8322502566e-09 7.5064588694e-10 2.5282440263e+03 1.0000000000e+00 
1.7533746477e-05 1.5805593839e-10 0.0000000000e+00 1.5176362727e+03 1.0000000000e+00 
6.2719283196e-05 4.6120654769e-09 1.6481925273e-09 2.3489664684e+03 1.0000000000e+00 
9.5422124464e-05 2.1993445751e-08 2.1891319334e-09 2.6032797527e+03 1.0000000000e+00 
5.5090605859e-05 3.0149587241e-09 1.1864665265e-09 2.3408756737e+03 1.0000000000e+00 
3.2844522036e-06 8.5447934436e-13 1.1592417408e-13 2.4280740476e+03 1.0000000000e+00 
2.1655284016e-04 2.5156626845e-07 2.9041207956e-08 2.5602342957e+03 1.0000000000e+00 
5.5006326602e-05 3.2137545585e-09 1.0473878746e-09 2.1915472487e+03 1.0000000000e+00 
1.4347349998e-05 8.6596776893e-11 0.0000000000e+00 1.7764219483e+03 1.0000000000e+00 
1.2768901165e-05 5.8774472644e-11 1.4269348338e-12 1.8295170400e+03 1.0000000000e+00 
1.5474431192e-05 8.4026609528e-11 1.5477717184e-11 2.4344728905e+03 1.0000000000e+00 
1.2270692976e-04 4.5884526157e-08 5.2107628422e-09 2.6647863598e+03 1.0000000000e+00 
4.5061617803e-05 1.9716030139e-09 4.4711068205e-10 2.3425904882e+03 1.0000000000e+00 
1.3882020276e-06 7.4620278923e-14 2.4017721780e-15 2.2878014168e+03 1.0000000000e+00 
3.4579809508e-06 1.1477012204e-12 4.0682739486e-14 2.2225397253e+03 1.0000000000e+00 
8.3889322689e-06 1.5154781496e-11 1.3549504260e-12 2.3201133362e+03 1.0000000000e+00 
1.3577679377e-05 6.9887729845e-11 2.2042321817e-12 1.8378053225e+03 1.0000000000e+00 
1.1773453804e-04 3.5026408523e-08 8.0616762141e-09 2.4685762194e+03 1.0000000000e+00 
7.9944293508e-06 1.4981284653e-11 0.0000000000e+00 1.5583125542e+03 1.0000000000e+00 
1.5351730738e-04 8.1553534252e-08 1.5420500429e-08 2.5022270562e+03 1.0000000000e+00 
4.0653644720e-05 1.3213602061e-09 4.0777029059e-10 2.1494440938e+03 1.0000000000e+00 
4.5630021182e-05 2.7857276859e-09 0.0000000000e+00 1.7022324791e+03 1.0000000000e+00 
1.3652959891e-04 5.8132092438e-08 1.0365107193e-08 2.5134052251e+03 1.0000000000e+00 
6.5176272161e-06 8.1181150111e-12 0.0000000000e+00 1.4674724057e+03 1.0000000000e+00 
9.6916071315e-05 1.6095539292e-08 6.6603595347e-09 2.3132040410e+03 1.0000000000e+00 
5.7096376351e-05 3.4047059879e-09 1.2904741455e-09 2.3420126881e+03 1.0000000000e+00 
2.2365371071e-04 2.7819631094e-07 3.1324702385e-08 1.8808717911e+03 1.0000000000e+00 
1.0785424774e-05 3.6787342137e-11 0.0000000000e+00 1.5351997996e+03 1.0000000000e+00 
3.9091369550e-05 1.2369359288e-09 3.2348885988e-10 2.2893994606e+03 1.0000000000e+00 
1.0070759496e-05 2.3546446179e-11 4.0240721634e-12 2.4471995904e+03 1.0000000000e+00 
3.4232533335e-05 8.6088468643e-10 1.9823666032e-10 2.1946095362e+03 1.0000000000e+00 
4.4299193701e-05 1.6948675850e-09 5.3689901754e-10 2.2163690957e+03 1.0000000000e+00 
6.2748379411e-07 6.0208335405e-15 7.6901261539e-16 2.5410577333e+03 1.0000000000e+00 
1.4071684929e-04 7.0575598344e-08 6.9928240004e-09 2.5406919526e+03 1.0000000000e+00 
2.7148283434e-05 4.1206423001e-10 1.0976908975e-10 2.0406302598e+03 1.0000000000e+00 
1.1857497791e-05 4.4311263900e-11 2.8742255419e-12 1.8983998648e+03 1.0000000000e+00 
1.7034996382e-04 1.2245538736e-07 1.4138330931e-08 2.6516216944e+03 1.0000000000e+00 
9.4494531655e-05 2.1174269815e-08 2.2415662177e-09 2.5993325006e+03 1.0000000000e+00 
5.9287691323e-05 3.9645509503e-09 1.3489133759e-09 2.3422122703e+03 1.0000000000e+00 
3.0723369791e-05 8.5034114524e-10 0.0000000000e+00 1.5732734131e+03 1.0000000000e+00 
6.0809209641e-05 4.8154828094e-09 1.1174076880e-09 2.2297748027e+03 1.0000000000e+00 
4.2474907623e-05 1.5024030398e-09 4.6797027922e-10 2.2319554973e+03 1.0000000000e+00 
1.4483561786e-04 7.7022355122e-08 7.5832904424e-09 2.6085908027e+03 1.0000000000e+00 
4.7092647584e-05 2.1279946967e-09 5.8726980719e-10 2.2034643387e+03 1.0000000000e+00 
8.1973515145e-06 1.4073984696e-11 1.3057373402e-12 2.8734884934e+03 1.0000000000e+00 
1.9382718292e-05 1.6573511210e-10 3.0033786224e-11 2.2046688109e+03 1.0000000000e+00 
3.6924831886e-05 1.0868520507e-09 2.4472664773e-10 2.2866414450e+03 1.0000000000e+00 
1.0672640843e-05 3.5645304868e-11 0.0000000000e+00 1.4495704225e+03 1.0000000000e+00 
1.1696891752e-05 3.6548473032e-11 6.5219659651e-12 2.4784264653e+03 1.0000000000e+00 
7.8389539161e-06 1.4124106488e-11 0.0000000000e+00 2.8952345108e+02 1.0000000000e+00 
4.0129980116e-06 1.7797459743e-12 7.2402241857e-14 2.1860605004e+03 1.0000000000e+00 
1.5099321633e-05 7.8955643154e-11 1.3818104178e-11 2.2037742643e+03 1.0000000000e+00 
1.3457576309e-05 5.6171685030e-11 9.6123000189e-12 2.4488169381e+03 1.0000000000e+00 
1.9779305408e-06 1.9267409014e-13 2.1508589330e-14 2.4133315754e+03 1.0000000000e+00 
3.4990356957e-05 8.4360694249e-10 2.5929508137e-10 2.1139344809e+03 1.0000000000e+00 
3.9459968299e-06 1.6820619290e-12 7.5134232209e-14 2.1426560624e+03 1.0000000000e+00 
5.0333362564e-05 2.6416248946e-09 6.8977332628e-10 2.0602451021e+03 1.0000000000e+00 
1.3177529876e-05 6.4760748695e-11 1.4671000174e-12 1.8291621104e+03 1.0000000000e+00 
4.7137977399e-05 2.1944270198e-09 5.5107613623e-10 2.2366713573e+03 1.0000000000e+00 
4.5945184670e-05 2.1643536348e-09 4.2711186948e-10 2.3076772741e+03 1.0000000000e+00 
8.9666304184e-06 2.1138514207e-11 0.0000000000e+00 1.5465313187e+03 1.0000000000e+00 
8.7767867897e-05 1.7103129060e-08 1.7103192733e-09 2.5634640868e+03 1.0000000000e+00 
5.0417133934e-05 3.5599556513e-09 1.2429103929e-10 1.8420844183e+03 1.0000000000e+00 
4.4383462733e-05 1.7054405117e-09 5.3941428739e-10 2.1051914329e+03 1.0000000000e+00 
2.2083294354e-04 2.6855829968e-07 2.9679292466e-08 2.6464731193e+03 1.0000000000e+00 
5.1036748492e-06 3.6437308492e-12 1.5979139406e-13 2.1534395531e+03 1.0000000000e+00 
3.1390835108e-05 6.8005537272e-10 1.4263511808e-10 2.3172653210e+03 1.0000000000e+00 
1.4881598583e-05 9.6635212573e-11 0.0000000000e+00 1.5697319856e+03 1.0000000000e+00 
9.2811973311e-05 2.0175624947e-08 2.0532859900e-09 2.5618959084e+03 1.0000000000e+00 
2.2476228404e-05 2.5753016925e-10 4.7396120670e-11 2.2961090121e+03 1.0000000000e+00 
1.4052902058e-05 6.4923728486e-11 1.0340057961e-11 2.3841946518e+03 1.0000000000e+00 
9.5980012784e-05 2.2347107973e-08 2.2493469832e-09 2.5713058527e+03 1.0000000000e+00 
1.3780401497e-05 6.1283080662e-11 9.7102766937e-12 2.1041388939e+03 1.0000000000e+00 
6.5182872181e-06 8.1205814831e-12 0.0000000000e+00 1.5754367284e+03 1.0000000000e+00 
6.1145941456e-05 4.4148841025e-09 1.4384415963e-09 2.2018063073e+03 1.0000000000e+00 
1.3923913250e-05 7.9153582497e-11 0.0000000000e+00 1.6421898087e+03 1.0000000000e+00 
6.8424472304e-05 7.0633424714e-09 1.4645831627e-09 2.3816291429e+03 1.0000000000e+00 
