8.1494883448e-09 2.0113511834e+04 4.6229315251e-01 3.0000000000e-01 
6.0108849719e-06 1.1247770401e+04 4.6401498733e-01 3.0000000000e-01 
4.9906238068e-09 1.1850530700e+04 3.7844889101e-01 3.0000000000e-01 
2.5419153803e-07 1.2077327766e+04 6.0475063592e-01 3.0000000000e-01 
5.6929344571e-09 1.3469027359e+04 9.9141249855e-01 3.0000000000e-01 
7.2662155941e-10 1.1896586494e+04 8.9067333497e-01 3.0000000000e-01 
2.6494730591e-10 1.2057097529e+04 9.9667291054e-01 3.0000000000e-01 
9.5388372175e-06 1.2571657514e+04 8.4787138495e-01 3.0000000000e-01 
3.6767002409e-12 1.1423769853e+04 6.3675894872e-01 3.0000000000e-01 
1.0664400553e-06 1.4944375383e+04 2.3309151361e-01 3.0000000000e-01 
4.1068010223e-07 1.6404905906e+04 2.0993509381e-01 3.0000000000e-01 
2.1165997781e-10 1.3912499818e+04 4.5065380979e-01 3.0000000000e-01 
1.7479132454e-08 1.3500634762e+04 5.0056899134e-01 3.0000000000e-01 
3.2908472190e-10 1.3890953882e+04 1.0808206240e+00 3.0000000000e-01 
3.5572926438e-08 1.3186607322e+04 7.1161329004e-01 3.0000000000e-01 
1.5423471957e-08 1.1295392974e+04 5.6427131478e-01 3.0000000000e-01 
9.4370557736e-08 1.1508041706e+04 4.7248968482e-01 3.0000000000e-01 
2.3325169273e-08 1.2109496748e+04 7.7084620803e-01 3.0000000000e-01 
4.6807879307e-08 1.7005869295e+04 1.2030151037e+00 3.0000000000e-01 
5.9039478446e-08 1.1724394693e+04 5.9552140813e-01 3.0000000000e-01 
1.2255833415e-09 1.2231958544e+04 7.2234642964e-01 3.0000000000e-01 
1.5678771245e-09 1.3986545978e+04 3.5098224927e-01 3.0000000000e-01 
3.4605979997e-07 1.7773946517e+04 1.2013501151e+00 3.0000000000e-01 
5.7752755542e-08 1.2266530055e+04 1.4938476029e+00 3.0000000000e-01 
5.5184494517e-08 1.2504354562e+04 4.6134863311e-01 3.0000000000e-01 
2.4556067791e-05 1.2587797515e+04 1.3584505528e+00 3.0000000000e-01 
1.2100844193e-07 1.3743438977e+04 4.3176915483e-01 3.0000000000e-01 
2.0127511452e-08 1.1728212677e+04 1.1323967144e+00 3.0000000000e-01 
6.4205217239e-06 1.2322239756e+04 8.5355897242e-01 3.0000000000e-01 
3.7396283803e-06 1.6831656422e+04 4.9700489221e-01 3.0000000000e-01 
5.9464509737e-09 1.1535758954e+04 9.8633843548e-01 3.0000000000e-01 
3.8997774627e-08 1.1510417669e+04 1.0376845905e+00 3.0000000000e-01 
2.1686068501e-08 1.2040385413e+04 8.1597660041e-01 3.0000000000e-01 
6.2238366088e-08 1.1488996505e+04 4.2931516507e-01 3.0000000000e-01 
8.0175579968e-10 1.2985408627e+04 5.9820106046e-01 3.0000000000e-01 
6.3386288937e-10 1.4381016065e+04 9.3944376932e-01 3.0000000000e-01 
1.3236960245e-09 1.2777183065e+04 9.1922990559e-01 3.0000000000e-01 
1.5940109008e-08 1.2533345841e+04 5.3271817790e-01 3.0000000000e-01 
8.9682862485e-10 1.4221834032e+04 4.9303715421e-01 3.0000000000e-01 
7.2410521220e-10 1.2526346481e+04 8.9449398871e-01 3.0000000000e-01 
6.6996492657e-11 1.2731104202e+04 5.3441434691e-01 3.0000000000e-01 
1.3835603199e-10 1.6397116459e+04 1.2309634162e+00 3.0000000000e-01 
9.2706264142e-07 2.5000000000e+04 5.7062921756e-01 3.0000000000e-01 
3.2154493503e-07 1.5445557032e+04 5.9847329065e-01 3.0000000000e-01 
6.2527898699e-06 1.6674944924e+04 1.0304934208e+00 3.0000000000e-01 
4.0016319914e-08 1.2678903723e+04 9.1561139635e-01 3.0000000000e-01 
3.6800305293e-07 1.6965416626e+04 1.1553646767e+00 3.0000000000e-01 
9.4486878248e-10 1.2628797751e+04 1.1315408457e+00 3.0000000000e-01 
2.3854793261e-11 1.1360451935e+04 1.1543646542e+00 3.0000000000e-01 
8.2209643702e-09 1.3932530807e+04 1.2816195423e+00 3.0000000000e-01 
1.7441063611e-08 1.1402198672e+04 6.8046060452e-01 3.0000000000e-01 
6.4194296997e-08 1.3234155956e+04 8.5463443110e-01 3.0000000000e-01 
5.3229912126e-06 1.2564523267e+04 3.0153919875e-01 3.0000000000e-01 
1.3319842555e-10 1.2546569582e+04 1.2137161028e+00 3.0000000000e-01 
3.3646742029e-06 1.2690103501e+04 6.9812898473e-01 3.0000000000e-01 
7.9804862068e-12 1.1242142811e+04 2.3350309872e-01 3.0000000000e-01 
1.9518505477e-10 1.7205320427e+04 6.8007918674e-01 3.0000000000e-01 
4.0507431859e-09 1.3114160589e+04 9.2929583749e-01 3.0000000000e-01 
4.0288642273e-07 1.5342718866e+04 7.5051222496e-01 3.0000000000e-01 
1.0645080369e-11 1.5436742711e+04 1.1187241424e+00 3.0000000000e-01 
6.5701335609e-10 1.2485789549e+04 5.1111219166e-01 3.0000000000e-01 
2.9953138659e-09 1.3770584207e+04 4.7180318586e-01 3.0000000000e-01 
1.6997190558e-08 1.2754246637e+04 5.5994566629e-01 3.0000000000e-01 
4.0330790361e-09 1.1325636282e+04 8.3393263738e-01 3.0000000000e-01 
1.7114197566e-08 1.1912092326e+04 9.8314723065e-01 3.0000000000e-01 
2.0247325836e-09 1.6547116897e+04 1.6518403431e-01 3.0000000000e-01 
9.2623048130e-06 1.2279350492e+04 9.6281750164e-01 3.0000000000e-01 
3.0938273831e-10 1.1331229294e+04 1.1225687623e+00 3.0000000000e-01 
9.5439290034e-09 1.1603754434e+04 5.4839622110e-01 3.0000000000e-01 
9.9314830599e-10 1.3792242253e+04 1.1904274716e+00 3.0000000000e-01 
1.7955225332e-06 1.2078035372e+04 8.2576704015e-01 3.0000000000e-01 
1.3533368986e-08 1.4567318141e+04 1.0785212847e+00 3.0000000000e-01 
9.4747346183e-07 2.1311737810e+04 3.6993342933e-01 3.0000000000e-01 
2.1030709715e-08 1.1488312196e+04 5.9522757239e-01 3.0000000000e-01 
3.0925956195e-09 1.3780520840e+04 1.4416348373e-01 3.0000000000e-01 
1.0741154299e-08 1.3202960996e+04 1.1628535431e+00 3.0000000000e-01 
2.8649937626e-08 2.0259633134e+04 6.9180059924e-01 3.0000000000e-01 
3.7297563623e-09 1.2287241438e+04 5.2841761623e-01 3.0000000000e-01 
1.7690498547e-10 1.7309635561e+04 9.3084502459e-01 3.0000000000e-01 
4.6903139365e-10 1.5832940291e+04 4.0488111865e-01 3.0000000000e-01 
2.0440728542e-10 1.1781351966e+04 3.8311569490e-01 3.0000000000e-01 
9.2962451877e-09 1.5062628085e+04 1.9503059965e-01 3.0000000000e-01 
3.1952743177e-09 1.2229920899e+04 6.6782401723e-01 3.0000000000e-01 
6.9845925549e-09 1.2941006053e+04 5.7469997039e-01 3.0000000000e-01 
8.4939929428e-10 1.7352527617e+04 1.1207388093e+00 3.0000000000e-01 
3.4625556332e-08 1.7089490335e+04 7.7639700305e-01 3.0000000000e-01 
1.6263656607e-08 1.3191306438e+04 1.0237842377e+00 3.0000000000e-01 
1.4566583723e-09 1.7142988060e+04 6.1492550199e-01 3.0000000000e-01 
3.1147721977e-08 2.5000000000e+04 1.3822677507e+00 3.0000000000e-01 
1.0748535454e-09 1.2850385124e+04 8.8669983342e-01 3.0000000000e-01 
1.5914973189e-09 1.3928150626e+04 6.0025123498e-01 3.0000000000e-01 
3.2987472551e-07 1.3557951102e+04 6.8779869281e-01 3.0000000000e-01 
2.3946629098e-08 1.3627978547e+04 1.1536388153e+00 3.0000000000e-01 
2.2946642753e-08 1.4263445257e+04 1.0292236922e+00 3.0000000000e-01 
9.1930626289e-07 1.1767013473e+04 1.1069083762e+00 3.0000000000e-01 
7.6827723203e-10 1.6155210731e+04 9.8595212015e-01 3.0000000000e-01 
2.5657237181e-10 1.3241840276e+04 9.3979799178e-01 3.0000000000e-01 
1.6015768466e-07 1.1986827207e+04 9.7696665115e-01 3.0000000000e-01 
5.9268766386e-10 2.2759984926e+04 7.5166076888e-01 3.0000000000e-01 
4.9359108917e-09 1.2319046133e+04 7.8385694820e-01 3.0000000000e-01 
7.9730480661e-08 1.1944249740e+04 1.3238036855e+00 3.0000000000e-01 
3.8429433160e-09 1.3077956640e+04 1.7276774337e-01 3.0000000000e-01 
1.2970559556e-09 1.3167386514e+04 6.4830062222e-01 3.0000000000e-01 
5.8301958875e-12 1.4500449371e+04 1.5249820530e-01 3.0000000000e-01 
4.5563591828e-06 1.2798492764e+04 9.1797889918e-01 3.0000000000e-01 
1.4823292319e-11 1.2051779807e+04 1.8473236302e-01 3.0000000000e-01 
8.1790176665e-07 1.5636605215e+04 7.9138023783e-01 3.0000000000e-01 
5.4718021302e-08 1.3482861275e+04 1.3652206085e+00 3.0000000000e-01 
6.4139983431e-10 1.5325739591e+04 3.2136934040e-01 3.0000000000e-01 
2.7462416543e-11 2.0967848768e+04 4.3232634110e-01 3.0000000000e-01 
9.1975622301e-09 1.4400945723e+04 6.5562271527e-01 3.0000000000e-01 
1.9614963655e-10 1.2856545884e+04 6.4977508603e-01 3.0000000000e-01 
5.7853400156e-09 1.8933841794e+04 3.4828982138e-01 3.0000000000e-01 
7.6090358850e-08 1.4607091982e+04 7.0667484649e-01 3.0000000000e-01 
4.0240570120e-06 1.3046043236e+04 4.7270314341e-01 3.0000000000e-01 
3.7642502659e-09 1.1255780943e+04 5.8955242916e-01 3.0000000000e-01 
1.0771735870e-09 1.8455463126e+04 7.9688682548e-01 3.0000000000e-01 
4.7747240608e-08 1.1536085251e+04 1.5098616223e+00 3.0000000000e-01 
3.7488367668e-08 1.4961366246e+04 7.2913903832e-01 3.0000000000e-01 
4.2367847340e-11 2.5000000000e+04 9.5069370914e-01 3.0000000000e-01 
1.6110915775e-11 2.1208847120e+04 1.5180953729e+00 3.0000000000e-01 
3.0442894769e-09 1.5407511168e+04 1.1378811852e+00 3.0000000000e-01 
2.1274568809e-10 1.2455018749e+04 1.1201073709e+00 3.0000000000e-01 
4.2906817194e-09 1.3091669809e+04 3.8646691755e-01 3.0000000000e-01 
4.6896475766e-10 1.3694176401e+04 7.3372223478e-01 3.0000000000e-01 
5.7334392395e-07 1.2483065569e+04 4.6902902553e-01 3.0000000000e-01 
1.5561098585e-07 1.1548750742e+04 1.1048545499e+00 3.0000000000e-01 
5.6453596031e-09 1.7121534644e+04 8.0393459052e-01 3.0000000000e-01 
4.0898557655e-09 1.5097745175e+04 8.1276614102e-01 3.0000000000e-01 
3.6644080552e-08 1.4560137233e+04 9.4124257853e-01 3.0000000000e-01 
4.1196766766e-08 1.5694223666e+04 1.0574115523e+00 3.0000000000e-01 
4.2216329382e-10 1.4067480175e+04 6.5357374097e-01 3.0000000000e-01 
9.9236816066e-07 1.1906129993e+04 7.6013907099e-01 3.0000000000e-01 
1.4045612891e-09 1.1572437004e+04 3.0738070020e-01 3.0000000000e-01 
6.2083290224e-09 1.1814246304e+04 1.2986685662e+00 3.0000000000e-01 
1.8054896468e-08 1.8681252558e+04 6.6342710497e-01 3.0000000000e-01 
2.6121656840e-08 1.1871367522e+04 5.0977275118e-01 3.0000000000e-01 
4.8076785971e-09 2.1516456800e+04 6.1303661397e-01 3.0000000000e-01 
2.2685912286e-08 1.2027878604e+04 9.4386376192e-01 3.0000000000e-01 
1.7626692510e-09 1.1528175492e+04 1.1255409026e+00 3.0000000000e-01 
5.6719050706e-09 1.1759999603e+04 9.1880567101e-02 3.0000000000e-01 
2.1924069101e-10 1.2370723032e+04 9.0767461361e-01 3.0000000000e-01 
1.6818511700e-09 1.1331491767e+04 9.8993973722e-01 3.0000000000e-01 
1.2839150863e-08 1.3408119166e+04 5.1816970482e-01 3.0000000000e-01 
7.0307688201e-12 2.1375882737e+04 5.8146194624e-01 3.0000000000e-01 
3.1983568890e-08 1.2514037911e+04 1.3217651119e+00 3.0000000000e-01 
6.1921964487e-10 1.5705955697e+04 7.8384348542e-01 3.0000000000e-01 
7.8267191319e-12 1.3290121611e+04 4.3862715987e-01 3.0000000000e-01 
1.0141581294e-08 1.2697661826e+04 1.0079277041e+00 3.0000000000e-01 
1.0648211586e-07 1.2075289087e+04 5.6144753299e-01 3.0000000000e-01 
3.1857009734e-09 1.4118983171e+04 1.0362687681e+00 3.0000000000e-01 
1.5708141510e-09 1.1326654597e+04 9.7592288096e-01 3.0000000000e-01 
1.1702740898e-10 2.5000000000e+04 1.0711827576e+00 3.0000000000e-01 
2.3989087744e-09 1.4735196699e+04 1.3077017692e+00 3.0000000000e-01 
2.9307067485e-08 1.5270618803e+04 2.8391364712e-01 3.0000000000e-01 
1.2668418247e-08 1.4596449880e+04 5.0982228015e-01 3.0000000000e-01 
3.2895137649e-09 1.9379633006e+04 1.4107411540e+00 3.0000000000e-01 
2.3833405800e-09 1.1814314165e+04 5.3765214332e-01 3.0000000000e-01 
1.1816382094e-11 1.7335914838e+04 9.9616761845e-01 3.0000000000e-01 
1.2185650439e-09 1.5391103644e+04 3.8858378360e-01 3.0000000000e-01 
8.9891882276e-10 1.2580136415e+04 3.4308584663e-01 3.0000000000e-01 
1.3592834597e-11 1.4327053914e+04 1.2377419140e+00 3.0000000000e-01 
1.9329848067e-10 1.2748195219e+04 1.3618828716e+00 3.0000000000e-01 
3.2473898812e-08 1.1304148568e+04 7.7526385566e-01 3.0000000000e-01 
2.3187803079e-08 1.7323997619e+04 1.3579454405e+00 3.0000000000e-01 
1.9230432660e-08 1.1438916626e+04 8.1637768016e-01 3.0000000000e-01 
1.3786294296e-05 1.1313408155e+04 2.8611045623e-01 3.0000000000e-01 
7.7161013483e-08 1.1217042797e+04 5.7682992998e-01 3.0000000000e-01 
1.6520407768e-10 1.5157385652e+04 1.3272974877e+00 3.0000000000e-01 
2.1570416029e-06 1.4822778924e+04 7.5079603016e-01 3.0000000000e-01 
1.1758779557e-07 1.1547574660e+04 5.1699282767e-01 3.0000000000e-01 
1.0851497132e-07 1.2226101225e+04 9.9781125442e-01 3.0000000000e-01 
2.1496984749e-10 1.5175064882e+04 1.8057711319e-01 3.0000000000e-01 
1.9071468473e-09 1.7483892640e+04 5.7940305172e-01 3.0000000000e-01 
5.4156711570e-11 1.1451758323e+04 5.2697466690e-01 3.0000000000e-01 
3.8541005689e-10 1.4628456134e+04 9.0236376779e-01 3.0000000000e-01 
2.2974306777e-09 1.1819753658e+04 6.1538329041e-01 3.0000000000e-01 
1.3268716370e-10 1.3992903784e+04 4.5620239966e-01 3.0000000000e-01 
5.2232929750e-09 1.1930837368e+04 9.2391565654e-01 3.0000000000e-01 
6.4327205170e-10 2.1858224173e+04 3.8170194379e-01 3.0000000000e-01 
5.9973535715e-10 1.1354359920e+04 1.0160969255e+00 3.0000000000e-01 
9.8466659454e-07 1.7061375844e+04 6.8282964868e-01 3.0000000000e-01 
1.1887433839e-09 1.2057595801e+04 1.2217542832e+00 3.0000000000e-01 
9.6359797134e-07 1.2464084778e+04 1.0391680487e+00 3.0000000000e-01 
2.2838546903e-11 2.5000000000e+04 5.8638052220e-01 3.0000000000e-01 
1.9071651714e-08 1.1267105815e+04 8.6663541623e-01 3.0000000000e-01 
6.8012299364e-08 1.2788557823e+04 1.0729257287e+00 3.0000000000e-01 
2.8946146551e-10 1.3251550507e+04 6.0475869560e-02 3.0000000000e-01 
3.3757641138e-08 1.1497142543e+04 6.9443753752e-01 3.0000000000e-01 
6.3396185802e-11 1.3413544262e+04 1.5156945012e+00 3.0000000000e-01 
2.0535751689e-09 1.7526460394e+04 1.0397529315e+00 3.0000000000e-01 
4.6231261770e-11 1.3556685698e+04 9.2270532549e-01 3.0000000000e-01 
4.9271912125e-11 1.1414683998e+04 4.9780533625e-01 3.0000000000e-01 
2.2458044840e-08 1.8438317179e+04 7.0281632014e-01 3.0000000000e-01 
4.6665632063e-09 1.9628120751e+04 8.0329981388e-01 3.0000000000e-01 
8.7348550388e-10 1.1517623735e+04 8.7711516554e-01 3.0000000000e-01 
1.9851230093e-07 1.1280414267e+04 1.1918823877e+00 3.0000000000e-01 
2.4470317070e-06 1.9924771789e+04 8.7168182867e-01 3.0000000000e-01 
2.0307535667e-08 1.3551841761e+04 8.4063209747e-01 3.0000000000e-01 
4.1798736285e-07 1.3384471788e+04 1.3849437439e+00 3.0000000000e-01 
1.9611531169e-10 1.3683602059e+04 1.2144971959e+00 3.0000000000e-01 
2.4421566220e-09 1.1608920076e+04 3.2398460859e-01 3.0000000000e-01 
6.1655758622e-08 2.4711981769e+04 1.3947964360e-01 3.0000000000e-01 
1.7688129088e-07 1.1800004760e+04 3.6863311925e-01 3.0000000000e-01 
2.6160810842e-10 1.1486073924e+04 8.4546827057e-01 3.0000000000e-01 
3.1282388453e-08 1.1436141280e+04 3.8242719706e-01 3.0000000000e-01 
1.2148186753e-10 1.1971137515e+04 5.3061018925e-01 3.0000000000e-01 
9.3498610718e-10 1.4236647240e+04 1.3716829660e+00 3.0000000000e-01 
6.6116435796e-09 2.5000000000e+04 9.4775589091e-01 3.0000000000e-01 
1.0850269951e-10 1.1918436955e+04 1.2314888644e+00 3.0000000000e-01 
1.1276836670e-08 1.6747278212e+04 7.8040746334e-01 3.0000000000e-01 
8.5746558298e-09 1.2308466198e+04 3.8796480042e-01 3.0000000000e-01 
5.6503565254e-11 1.4923584737e+04 3.8449400707e-01 3.0000000000e-01 
5.9290197285e-08 1.4236864380e+04 1.0354443422e+00 3.0000000000e-01 
3.8834791847e-10 1.3812854487e+04 2.7737299699e-01 3.0000000000e-01 
2.5308949034e-06 1.2663697950e+04 1.0745411272e+00 3.0000000000e-01 
1.1069857756e-08 1.3424871056e+04 6.8552417703e-01 3.0000000000e-01 
7.4800044054e-08 1.7210879341e+04 4.0807339135e-01 3.0000000000e-01 
1.3623537369e-08 1.6122145405e+04 4.9759274234e-01 3.0000000000e-01 
7.0118906075e-08 1.1425093867e+04 5.8913422526e-01 3.0000000000e-01 
1.8047461660e-11 1.9968014191e+04 4.9393323158e-01 3.0000000000e-01 
2.6287678021e-09 1.6984635536e+04 1.2038848868e-01 3.0000000000e-01 
1.5694723930e-10 1.1482253454e+04 9.3319851140e-01 3.0000000000e-01 
4.2258234063e-10 1.1546574177e+04 7.5598178675e-01 3.0000000000e-01 
7.3674441719e-10 1.2004636453e+04 4.6093368987e-01 3.0000000000e-01 
3.4964914843e-08 2.5000000000e+04 9.1655146835e-01 3.0000000000e-01 
2.1784015204e-10 1.2094956143e+04 9.0251444530e-01 3.0000000000e-01 
7.3229953622e-10 1.4858563713e+04 5.9171193759e-01 3.0000000000e-01 
5.9777392962e-10 1.2489398107e+04 7.7429198454e-01 3.0000000000e-01 
6.5451276947e-08 1.9821896256e+04 5.8793738010e-01 3.0000000000e-01 
1.2811534671e-07 1.2986757053e+04 9.3431937435e-01 3.0000000000e-01 
1.0035724163e-09 1.2247978896e+04 9.5685732486e-01 3.0000000000e-01 
2.1298527364e-10 1.3647810404e+04 1.0128907451e+00 3.0000000000e-01 
4.8369393801e-08 1.1554661049e+04 4.5649267387e-01 3.0000000000e-01 
7.1958568880e-12 1.7418354002e+04 5.6428894554e-01 3.0000000000e-01 
7.8371949754e-08 1.5002782083e+04 4.4383864847e-01 3.0000000000e-01 
2.7740241103e-06 1.2171197266e+04 8.0303454351e-01 3.0000000000e-01 
1.7997792004e-07 1.3350077281e+04 4.6212016944e-01 3.0000000000e-01 
1.4612894958e-09 1.7495545541e+04 6.1032246369e-01 3.0000000000e-01 
3.2385880456e-07 1.2239340490e+04 1.0025450718e+00 3.0000000000e-01 
2.3448197236e-11 1.4965988653e+04 1.1820268613e+00 3.0000000000e-01 
9.7772865753e-09 1.6633424152e+04 1.5489078918e+00 3.0000000000e-01 
6.5220102098e-10 1.2841598232e+04 8.3976839494e-01 3.0000000000e-01 
8.9709285492e-08 1.5646619277e+04 1.0446869808e+00 3.0000000000e-01 
1.4162490186e-07 1.1708440996e+04 5.6964704620e-01 3.0000000000e-01 
1.3057316467e-09 1.1259581862e+04 8.8146107932e-01 3.0000000000e-01 
3.9481649193e-06 2.1511924838e+04 1.0970811499e+00 3.0000000000e-01 
8.9144478261e-10 1.4753790918e+04 4.3406602476e-01 3.0000000000e-01 
7.0812590876e-08 1.2306764132e+04 7.7434704830e-01 3.0000000000e-01 
3.2509977348e-08 1.9792675641e+04 1.1568318572e+00 3.0000000000e-01 
7.0980927102e-10 1.2296342703e+04 1.1053963401e+00 3.0000000000e-01 
6.2136475267e-10 2.5000000000e+04 1.1345564204e+00 3.0000000000e-01 
1.4512744663e-11 1.1349753639e+04 3.8629315024e-01 3.0000000000e-01 
3.7415343048e-08 1.3558138790e+04 1.1662108134e+00 3.0000000000e-01 
9.1820217773e-10 1.1403315295e+04 1.0460147996e+00 3.0000000000e-01 
7.2498934032e-10 1.1733853182e+04 4.4532084466e-01 3.0000000000e-01 
4.4515106262e-11 2.2783471816e+04 8.6389066442e-01 3.0000000000e-01 
1.4269864195e-10 1.5212625834e+04 9.0680555532e-01 3.0000000000e-01 
3.5480569531e-09 1.1346660658e+04 1.1135003285e+00 3.0000000000e-01 
4.4283450407e-11 1.1443136405e+04 1.5341930167e-01 3.0000000000e-01 
1.9118791606e-09 1.3694626621e+04 1.0827502658e+00 3.0000000000e-01 
7.8049780272e-09 1.1263392908e+04 1.1061783186e+00 3.0000000000e-01 
5.4602026085e-11 1.3578583439e+04 5.3952026738e-01 3.0000000000e-01 
2.4861458304e-08 1.1840191902e+04 1.1984368122e-01 3.0000000000e-01 
7.3940022189e-11 1.3414420263e+04 3.4187334002e-01 3.0000000000e-01 
2.4407222591e-07 1.2307907448e+04 6.1425003694e-01 3.0000000000e-01 
1.2376506122e-07 1.1665144230e+04 7.6837433807e-01 3.0000000000e-01 
4.1166213422e-08 1.3202111935e+04 2.2138584677e-01 3.0000000000e-01 
8.2531339560e-09 1.3388002959e+04 1.1006611048e+00 3.0000000000e-01 
4.8323136805e-12 1.4801771649e+04 8.1529015304e-01 3.0000000000e-01 
7.0474037207e-11 1.6649951841e+04 4.9265844157e-01 3.0000000000e-01 
1.7670151397e-05 1.9253390846e+04 1.0549663968e+00 3.0000000000e-01 
3.0578852961e-08 1.2149678198e+04 6.6998076609e-01 3.0000000000e-01 
1.1633462259e-11 2.5000000000e+04 9.2519025472e-01 3.0000000000e-01 
3.8901643955e-10 2.5000000000e+04 8.9320005895e-01 3.0000000000e-01 
2.1144593732e-09 1.6167864900e+04 7.7029213734e-01 3.0000000000e-01 
2.0083333009e-09 1.1509061682e+04 2.8157838890e-01 3.0000000000e-01 
1.6411461707e-08 1.3354907044e+04 7.7740728275e-01 3.0000000000e-01 
1.2101064301e-09 1.1203304062e+04 8.9568223847e-01 3.0000000000e-01 
7.9994099205e-08 1.2864793929e+04 6.1428824555e-01 3.0000000000e-01 
4.6904393029e-11 1.1357881089e+04 5.7038042205e-01 3.0000000000e-01 
5.8062972748e-10 1.1381976304e+04 1.0349377274e+00 3.0000000000e-01 
4.8419889460e-07 1.4547177964e+04 2.6514987629e-01 3.0000000000e-01 
9.4241637622e-10 1.1934134645e+04 2.8799300719e-01 3.0000000000e-01 
3.8049184122e-08 1.4233154590e+04 1.2712994967e+00 3.0000000000e-01 
1.5770485385e-09 1.5886268077e+04 5.2217273898e-01 3.0000000000e-01 
1.8083001672e-09 1.2508191841e+04 5.0814435394e-01 3.0000000000e-01 
7.4465153238e-10 1.3551799206e+04 1.4717464148e+00 3.0000000000e-01 
7.8111578658e-11 1.1846732073e+04 5.4961484862e-01 3.0000000000e-01 
4.1872736280e-09 1.6969303667e+04 1.2384595580e+00 3.0000000000e-01 
1.9072227858e-08 1.4403391190e+04 3.5274795502e-01 3.0000000000e-01 
2.9457040088e-09 1.4211446899e+04 5.0768456103e-01 3.0000000000e-01 
1.0175781087e-07 1.5425515535e+04 3.3050124118e-01 3.0000000000e-01 
2.4699529891e-09 1.1758535141e+04 1.2320125237e+00 3.0000000000e-01 
1.7164555459e-10 1.2307024469e+04 1.0291175670e-01 3.0000000000e-01 
2.4734186992e-11 1.1333824032e+04 6.8559057999e-01 3.0000000000e-01 
3.8975917112e-10 1.2965792312e+04 5.0885942485e-01 3.0000000000e-01 
1.9268383276e-11 1.3711764367e+04 9.7349509544e-01 3.0000000000e-01 
1.3380113812e-09 1.3481305024e+04 1.0067362950e+00 3.0000000000e-01 
8.8682617608e-09 1.2587721791e+04 4.2769090472e-01 3.0000000000e-01 
