4.9998018260e-06 9.9884090397e-01 
1.6587422199e-04 4.8543141504e-01 
4.3472962268e-05 5.3790575795e-01 
6.4580450744e-05 5.2571396846e-01 
3.4612181642e-05 5.4464540874e-01 
3.1862125451e-05 4.4038088098e-01 
2.2769385071e-05 5.0032396246e-01 
1.0332815082e-04 5.0431211647e-01 
5.0045466770e-06 1.0000000000e+00 
3.9052720355e-05 5.5729701388e-01 
1.9670426337e-05 5.8354702302e-01 
1.8702971581e-05 5.5111161275e-01 
2.9300401836e-05 5.5463233843e-01 
2.4351019981e-05 4.5546826351e-01 
3.4224535600e-05 5.4748491453e-01 
5.6325038637e-05 5.2259073134e-01 
7.0089964217e-05 5.2412597034e-01 
4.8253586893e-05 5.3176943687e-01 
1.9092851257e-05 5.8902516755e-01 
5.9207153856e-05 5.2680319630e-01 
3.3371235527e-05 5.2653136604e-01 
2.2027259458e-05 5.7092284381e-01 
1.4880667665e-05 5.9440713276e-01 
1.3702844923e-04 4.8282172617e-01 
4.7573253406e-05 5.3868217847e-01 
2.7988422005e-04 4.9817874978e-01 
3.4922121497e-05 5.5078537904e-01 
7.8022845242e-05 5.0885882652e-01 
1.0634487874e-04 5.0465909343e-01 
1.3210446556e-05 5.5884122864e-01 
5.7425320849e-05 5.0780194428e-01 
7.8513508274e-05 5.1204788889e-01 
5.0218222549e-05 5.2917964938e-01 
6.7408937450e-05 5.2595178971e-01 
2.5855171674e-05 5.4290853250e-01 
2.2198195776e-05 5.4940878584e-01 
3.3995380930e-05 5.2710232645e-01 
3.9401428817e-05 5.4151651930e-01 
1.8695704731e-05 5.6650411497e-01 
3.0800419431e-05 4.6277526428e-01 
1.4386777549e-05 4.9655471145e-01 
1.8215425119e-05 4.8051547696e-01 
4.9992047550e-06 9.9876757774e-01 
1.7167751243e-05 5.6663690081e-01 
1.8594628859e-05 5.6151132629e-01 
4.7571254028e-05 5.3588852554e-01 
1.7885081618e-05 5.8403481339e-01 
3.4986812821e-05 4.5245309516e-01 
9.3344884842e-06 1.0000000000e+00 
5.7961340627e-05 5.3772161377e-01 
5.5967283182e-05 5.2193616755e-01 
3.8689683920e-05 5.4517318855e-01 
1.1805672297e-04 5.0608101703e-01 
1.6420411232e-05 1.0000000000e+00 
7.7448061865e-05 5.1486328290e-01 
6.4783234811e-06 1.0000000000e+00 
7.3442171469e-06 5.9511888226e-01 
3.4485559156e-05 5.4088156166e-01 
1.8158963579e-05 5.6539955193e-01 
7.0451147585e-06 1.0000000000e+00 
2.8271192743e-05 5.3210357272e-01 
2.3285573855e-05 5.6263699110e-01 
3.6737516965e-05 5.4400496978e-01 
5.0390438115e-05 5.0961211955e-01 
5.9404240716e-05 5.2038420346e-01 
1.1898298730e-05 6.2363370164e-01 
1.2723619568e-04 4.9988087561e-01 
2.1479837518e-05 1.0000000000e+00 
4.8625840580e-05 5.2748891876e-01 
3.4901123819e-05 4.5947852136e-01 
9.1390204725e-05 5.1269692441e-01 
3.0205234626e-05 5.5928196324e-01 
4.9899593555e-06 9.9417737318e-01 
5.5500438667e-05 5.2517517592e-01 
2.7679556477e-05 5.9794034420e-01 
5.3449975914e-05 5.3274386447e-01 
4.9982068733e-06 9.9791784038e-01 
3.6124360334e-05 5.3840742573e-01 
9.5616035830e-06 5.8335461915e-01 
1.1712919885e-05 5.8798882489e-01 
2.0888880604e-05 4.9171532563e-01 
2.0830715882e-05 5.9817863470e-01 
3.6338819347e-05 5.3388073154e-01 
3.1575240557e-05 5.4773488553e-01 
1.3712511022e-05 5.8363006625e-01 
7.0540229587e-06 5.9758124528e-01 
4.2925184335e-05 5.3934529823e-01 
6.7194862549e-06 6.0270926986e-01 
4.9996393450e-06 9.9838938530e-01 
3.1752694926e-05 5.2931741290e-01 
2.0749687958e-05 5.6168797330e-01 
3.7921759517e-05 5.4414490085e-01 
4.9797928225e-05 5.4053212014e-01 
3.1248948020e-05 5.5697258832e-01 
1.2457849822e-04 5.0757601655e-01 
1.4234600307e-05 5.7583357824e-01 
2.2462040395e-05 4.4992359239e-01 
7.5340702119e-05 5.2122819261e-01 
4.9917954240e-06 9.9567059943e-01 
3.8821759056e-05 5.3298942562e-01 
1.2783371190e-04 5.1110771525e-01 
3.3568235852e-05 5.8301377669e-01 
2.5793043417e-05 5.4787267240e-01 
5.7240234752e-06 1.0000000000e+00 
8.6683892960e-05 5.1443415975e-01 
7.9321024920e-06 1.0000000000e+00 
1.7373270396e-05 5.6487940720e-01 
9.7407202896e-05 5.3747860578e-01 
1.4483304615e-05 5.8840321962e-01 
4.9991995815e-06 9.9872108196e-01 
1.9548373514e-05 5.6839906089e-01 
2.0373943257e-05 4.5715824258e-01 
4.9997908955e-06 9.9929988885e-01 
2.1213127432e-05 5.6428856511e-01 
7.7444248702e-05 5.1431096314e-01 
4.6805499818e-05 5.1727789724e-01 
4.9988194585e-06 9.9467634954e-01 
1.2765704978e-04 5.2938469949e-01 
1.7473480712e-05 5.7259977236e-01 
4.9988940695e-06 9.9844820924e-01 
8.1902801375e-06 1.0000000000e+00 
2.5459429260e-05 5.6268827779e-01 
2.0598496719e-05 5.8114357238e-01 
3.0588996285e-05 5.5603464551e-01 
2.1661678451e-05 5.4575148244e-01 
6.7597181593e-05 5.2481164418e-01 
1.0267394790e-04 5.1017988602e-01 
7.1328018411e-06 6.0131703753e-01 
1.5814944515e-05 5.7599818026e-01 
2.4943229080e-05 5.6361998341e-01 
2.0292821111e-05 5.7562179060e-01 
1.8881246327e-05 5.5463333898e-01 
8.5863902590e-05 5.1446322066e-01 
3.7618515907e-05 5.1031881125e-01 
6.5615686866e-05 4.6723891307e-01 
4.9997913940e-06 9.9921507946e-01 
5.1630683783e-05 5.3196891148e-01 
4.9995138910e-06 9.9898711691e-01 
5.6703708583e-05 5.2437397933e-01 
4.3304847734e-05 4.5495517763e-01 
4.8828713423e-05 5.8389668351e-01 
2.1529550887e-05 4.6778470389e-01 
4.2440931871e-05 4.3471834378e-01 
2.9118254762e-05 5.5445627867e-01 
4.9998248177e-06 9.9905496560e-01 
9.9873256999e-05 5.1764726052e-01 
1.2380225095e-05 5.7756889273e-01 
6.3516931481e-06 1.0000000000e+00 
4.6570733834e-05 5.3194560488e-01 
5.7584734210e-05 5.3022687974e-01 
2.9755657156e-05 5.5137115012e-01 
4.1484719880e-05 4.3491827416e-01 
4.9979015063e-06 9.9725009323e-01 
4.5263449130e-05 4.9621776218e-01 
1.9912088023e-05 5.8273689025e-01 
1.9245332673e-05 5.7132070513e-01 
2.7019059529e-05 6.0233364752e-01 
3.8605680559e-05 5.2875907513e-01 
8.0025628602e-06 4.9199648445e-01 
1.3919523361e-05 5.8555787699e-01 
2.9579645211e-05 5.4952931752e-01 
7.7345457552e-06 1.0000000000e+00 
1.8729674522e-05 1.0000000000e+00 
6.4436977462e-05 5.1845418714e-01 
3.2659981557e-05 5.9050032899e-01 
5.9268572509e-05 5.1902946443e-01 
2.2779174546e-04 4.7793556226e-01 
7.2241587561e-05 5.1932631747e-01 
1.7158545520e-05 1.0000000000e+00 
2.8338710043e-05 5.4743615902e-01 
7.0389888226e-05 5.2340295076e-01 
6.8170237529e-05 5.2499297608e-01 
1.5310750514e-05 6.0199997563e-01 
5.8720527332e-06 6.0745347907e-01 
1.1930123672e-05 1.0000000000e+00 
1.9506652784e-05 5.5042360664e-01 
3.8507043531e-05 5.2660816145e-01 
1.7040450886e-05 5.1303231101e-01 
4.8419814260e-05 5.1998687624e-01 
5.0000566146e-06 9.9504748626e-01 
3.0045023628e-05 4.8700187244e-01 
8.4560854495e-06 5.7692132169e-01 
3.7466149237e-05 5.0955606059e-01 
8.9101079913e-05 5.1871306705e-01 
4.9989768574e-06 9.9849920849e-01 
6.4283579193e-05 5.1410695490e-01 
6.0584584384e-05 5.3128578986e-01 
2.2231125715e-05 5.5829731752e-01 
5.9413306719e-05 5.2283235327e-01 
1.2930797805e-05 1.0000000000e+00 
9.7953298168e-06 5.9682064482e-01 
1.2560974890e-05 5.3305669647e-01 
1.1619016555e-05 1.0000000000e+00 
4.9996571895e-06 9.9874303375e-01 
4.9997785724e-06 9.9901022377e-01 
3.4050318098e-05 4.3796200154e-01 
1.3193235797e-04 5.0296595147e-01 
5.0000241068e-06 9.9428924917e-01 
3.0760449283e-05 5.5175787370e-01 
1.3226626996e-04 5.3547586955e-01 
2.0031294120e-05 5.7953271321e-01 
4.1821700810e-05 5.3800262162e-01 
4.9934576926e-06 9.9618606003e-01 
7.4886383506e-05 5.2663086456e-01 
2.2762877347e-05 4.8864900044e-01 
6.2939584824e-05 5.2955171088e-01 
1.7577315497e-05 4.9451804644e-01 
3.3961577067e-05 5.5924432403e-01 
4.9979259762e-06 9.9867015575e-01 
1.5441529891e-05 1.0000000000e+00 
8.1246498306e-06 5.9657164246e-01 
4.1271999970e-05 5.4347922342e-01 
1.2987082523e-05 5.1096497247e-01 
3.4180798036e-05 5.5429044075e-01 
2.1062991426e-05 5.7163656197e-01 
1.0167380796e-04 5.1492030481e-01 
2.8152270727e-05 5.5329678895e-01 
8.3596819030e-06 5.9441522119e-01 
1.0821947507e-05 5.8946909420e-01 
6.6702551713e-05 5.2209966167e-01 
4.9999190350e-06 9.9871296907e-01 
1.0869432661e-05 6.3626654561e-01 
1.8615063195e-05 5.8410862676e-01 
2.6848887393e-05 4.4860791299e-01 
3.0552997818e-05 4.8973819353e-01 
4.9871969539e-06 9.9552906683e-01 
2.1444368175e-05 4.8014071105e-01 
1.5071415195e-05 5.7185469192e-01 
2.8509298800e-05 4.7713468648e-01 
4.9989128338e-06 9.9758619154e-01 
4.9424450666e-05 5.3796948437e-01 
3.4854986442e-05 4.4943484439e-01 
2.1199030049e-05 4.5529869142e-01 
6.2946888328e-05 5.2686198601e-01 
6.6745084350e-06 4.8954373690e-01 
2.0324995428e-05 5.6871094573e-01 
9.4121424726e-05 5.1008299419e-01 
4.1506196394e-05 5.4374663944e-01 
5.8581750166e-06 6.0667258128e-01 
7.8493274471e-05 5.2215805332e-01 
9.1637668910e-06 1.0000000000e+00 
7.4776903715e-05 5.1399037321e-01 
2.8640988576e-05 5.0248429307e-01 
2.0935509598e-05 5.7322715170e-01 
6.7654639971e-05 5.2413942639e-01 
3.8842187105e-05 4.3446425939e-01 
4.9903397895e-06 9.9184411171e-01 
1.6309163381e-05 5.7537666264e-01 
5.1433345691e-05 5.3266429725e-01 
4.9999145179e-06 9.9856065696e-01 
3.1874430715e-05 4.6482284394e-01 
4.9954753049e-06 9.9472312442e-01 
7.8931089970e-06 1.0000000000e+00 
5.4319529110e-05 5.3920434606e-01 
3.4794263674e-05 4.6670815226e-01 
3.1038558495e-05 4.7189673388e-01 
4.9989342986e-06 9.9819740998e-01 
1.6616124861e-05 5.4560224870e-01 
5.4405197400e-05 4.3525011901e-01 
1.1349070041e-05 1.0000000000e+00 
3.5267726417e-05 5.3615806625e-01 
6.8467920859e-05 4.4674234513e-01 
1.3437821083e-05 4.7670461932e-01 
6.1027834030e-05 5.7527367242e-01 
1.4776289953e-05 4.9520467421e-01 
5.9016241456e-05 5.2937759747e-01 
6.8441719076e-05 5.2258514144e-01 
4.3409170364e-05 5.6567244264e-01 
4.3930973220e-05 5.3869854243e-01 
5.3713059710e-06 1.0000000000e+00 
9.0864202421e-06 5.8240405834e-01 
5.4653087462e-06 5.7587859778e-01 
4.7570715942e-05 5.3352179815e-01 
4.9998890893e-06 9.9875996604e-01 
4.9891421933e-06 9.9439193859e-01 
1.0232500464e-05 5.8982131535e-01 
4.1416280463e-05 5.3763914660e-01 
3.0924756369e-05 5.5043990199e-01 
3.8062272082e-05 4.3516468275e-01 
4.1679636538e-05 5.4108205077e-01 
1.1465229232e-05 1.0000000000e+00 
2.9643298905e-05 4.9630882528e-01 
3.8048521567e-05 5.5689781179e-01 
3.2996741902e-05 5.1408365558e-01 
5.8706706116e-05 5.4778534824e-01 
1.0975672989e-05 5.8822501087e-01 
3.1589311280e-05 5.4176317622e-01 
2.9334032494e-05 1.0000000000e+00 
1.4963373254e-05 5.4183025523e-01 
2.1938333952e-05 5.8094449916e-01 
2.4059231712e-05 5.7019468788e-01 
1.9948041558e-05 5.6823706651e-01 
2.0243951426e-05 5.7448180652e-01 
4.8224800550e-05 4.7849186844e-01 
1.9397929126e-05 5.4172331349e-01 
9.3958113373e-06 1.0000000000e+00 
2.3921456043e-05 5.2678246598e-01 
8.5044410283e-06 1.0000000000e+00 
3.2028507887e-05 5.3483056674e-01 
3.7626207889e-05 5.4550924121e-01 
