2.0987541274e-08 1.3537811910e+04 5.9834507036e-01 3.6000000000e-01 
8.1711542794e-09 1.7966018953e+04 1.1093435413e+00 3.6000000000e-01 
1.4956207146e-09 1.1999159198e+04 1.9672990451e-02 3.6000000000e-01 
2.2731797358e-09 1.2073314433e+04 1.0159433743e+00 3.6000000000e-01 
1.5924003099e-10 1.1429441330e+04 4.0006860018e-01 3.6000000000e-01 
4.2658053228e-08 1.2098983127e+04 1.2158325709e+00 3.6000000000e-01 
5.4046288248e-11 1.2989488774e+04 5.0905231575e-01 3.6000000000e-01 
4.5884065035e-10 1.3219831964e+04 3.4545655812e-01 3.6000000000e-01 
3.9900794401e-09 1.4280652543e+04 5.8516194413e-01 3.6000000000e-01 
2.0136455281e-11 1.5218642806e+04 9.3990813578e-01 3.6000000000e-01 
8.3958393052e-08 1.1357259230e+04 1.5197768111e+00 3.6000000000e-01 
6.9222462632e-09 1.8340905672e+04 5.3805008988e-01 3.6000000000e-01 
2.4045741636e-06 1.2208731359e+04 6.1997299706e-01 3.6000000000e-01 
4.5738403073e-10 1.1457346125e+04 7.5685980796e-01 3.6000000000e-01 
9.9300781513e-09 1.4991934112e+04 1.3053230688e+00 3.6000000000e-01 
1.1141526585e-11 2.5000000000e+04 2.5573096485e-01 3.6000000000e-01 
4.5030573299e-08 1.1926918581e+04 1.3718280356e+00 3.6000000000e-01 
3.5075663308e-11 1.2596544932e+04 1.7199470356e-01 3.6000000000e-01 
7.6977259316e-10 1.1433675236e+04 1.0220377522e+00 3.6000000000e-01 
5.0003803847e-11 1.1863745003e+04 1.0788956317e+00 3.6000000000e-01 
4.7408779120e-09 2.4061655849e+04 1.3461343792e+00 3.6000000000e-01 
2.3254255302e-08 1.4486342614e+04 1.2126986880e+00 3.6000000000e-01 
3.3670929953e-11 1.2439549224e+04 2.6100169117e-01 3.6000000000e-01 
3.5331609893e-09 1.2738539161e+04 3.3650044659e-01 3.6000000000e-01 
1.0940702652e-08 1.3910210589e+04 1.1076694816e+00 3.6000000000e-01 
1.7832122528e-08 1.1870677852e+04 2.6271193262e-01 3.6000000000e-01 
4.0432820414e-07 1.5500087554e+04 4.6782296027e-02 3.6000000000e-01 
5.4448140607e-07 1.3806601262e+04 5.4825608829e-01 3.6000000000e-01 
5.8090097066e-11 1.1966620016e+04 4.5980415144e-01 3.6000000000e-01 
3.3427170014e-10 1.3651992165e+04 1.2373700595e+00 3.6000000000e-01 
4.5901604882e-12 1.1663561741e+04 8.3848799525e-01 3.6000000000e-01 
8.8186173601e-10 1.3686937417e+04 4.1169712892e-01 3.6000000000e-01 
1.7298772118e-05 1.1771912226e+04 7.4705205797e-01 3.6000000000e-01 
1.2843664390e-08 1.2286798168e+04 7.2437899482e-01 3.6000000000e-01 
1.2778440098e-05 1.1805530695e+04 5.6764122145e-01 3.6000000000e-01 
9.1598201507e-09 1.4144080229e+04 5.7197814563e-01 3.6000000000e-01 
3.7315111954e-07 1.3524724598e+04 3.4976344589e-01 3.6000000000e-01 
5.7284988785e-09 1.4584419816e+04 7.7132265083e-01 3.6000000000e-01 
3.0481096358e-08 1.7577470333e+04 5.4146278825e-01 3.6000000000e-01 
5.0444721807e-11 1.1661074066e+04 1.1958793787e+00 3.6000000000e-01 
3.7527999119e-09 1.2753741453e+04 9.0978115098e-02 3.6000000000e-01 
5.9399368702e-08 1.3962174391e+04 9.5544373268e-01 3.6000000000e-01 
1.0677526278e-06 1.6584888781e+04 1.2561542758e+00 3.6000000000e-01 
1.1341659955e-10 1.2087375105e+04 2.5360749774e-01 3.6000000000e-01 
1.2102953630e-09 1.3695476271e+04 1.0687094903e+00 3.6000000000e-01 
4.3456101108e-09 1.2866790276e+04 3.0595402590e-01 3.6000000000e-01 
7.8185646976e-08 1.8035389505e+04 6.8228798182e-01 3.6000000000e-01 
1.2408505598e-08 1.1685354436e+04 9.4973049961e-01 3.6000000000e-01 
1.1491354511e-11 2.0860813940e+04 5.6725693417e-01 3.6000000000e-01 
6.7294754874e-09 2.2115926367e+04 3.8508717791e-01 3.6000000000e-01 
1.0881601194e-07 2.5000000000e+04 7.0441621240e-01 3.6000000000e-01 
1.1917973256e-09 1.6316360187e+04 9.4358005268e-01 3.6000000000e-01 
5.7416646324e-11 1.3715886104e+04 6.4277055516e-01 3.6000000000e-01 
4.4927459446e-10 1.1350720028e+04 1.2496950661e+00 3.6000000000e-01 
3.5739999229e-07 1.3626269996e+04 1.3129158020e+00 3.6000000000e-01 
7.3414091112e-09 1.1873624102e+04 1.3901678911e+00 3.6000000000e-01 
8.1012528322e-09 1.6157875284e+04 1.1489525986e+00 3.6000000000e-01 
1.6953202281e-11 1.2286743287e+04 6.9194034762e-01 3.6000000000e-01 
7.8808415934e-10 1.2315268588e+04 1.1039811608e-01 3.6000000000e-01 
1.7093029726e-11 1.3760372233e+04 1.0783791326e+00 3.6000000000e-01 
1.3645983769e-11 1.3451726850e+04 2.1981157627e-01 3.6000000000e-01 
4.0010525056e-09 1.1347388416e+04 6.2908172333e-01 3.6000000000e-01 
1.7014660839e-08 1.2386647299e+04 3.9836932412e-01 3.6000000000e-01 
6.7881227182e-09 1.3734573630e+04 2.4729974017e-01 3.6000000000e-01 
3.3636543034e-09 1.1600886570e+04 1.3279212539e+00 3.6000000000e-01 
1.0863124669e-05 1.4737837279e+04 1.2760167166e+00 3.6000000000e-01 
8.4303864791e-10 1.9671812677e+04 1.2602234206e+00 3.6000000000e-01 
1.2011517007e-09 1.6550014099e+04 3.0657122232e-01 3.6000000000e-01 
5.0558994531e-12 1.4216853524e+04 1.1809384399e+00 3.6000000000e-01 
1.0294349158e-09 1.2100869526e+04 6.1654312287e-01 3.6000000000e-01 
7.9846840867e-10 1.1597241397e+04 8.0081716452e-01 3.6000000000e-01 
9.6872018159e-07 1.7257529317e+04 8.4462960299e-01 3.6000000000e-01 
3.9141486376e-11 1.1931531000e+04 6.0240321089e-01 3.6000000000e-01 
2.1309623028e-08 1.3963417097e+04 6.0327650073e-01 3.6000000000e-01 
1.1775731954e-08 1.3741640506e+04 6.8529103311e-01 3.6000000000e-01 
4.5006206105e-09 1.2333654870e+04 8.6601438448e-01 3.6000000000e-01 
7.0354262815e-10 2.0056807897e+04 4.5779322219e-01 3.6000000000e-01 
2.2375483342e-05 1.6906229978e+04 7.1771568131e-02 3.6000000000e-01 
2.9331018075e-09 1.2951601495e+04 1.1842423702e+00 3.6000000000e-01 
1.9923072045e-07 2.5000000000e+04 2.8526197733e-01 3.6000000000e-01 
3.2675283775e-07 1.9533333198e+04 1.2554882106e-01 3.6000000000e-01 
4.4677979056e-09 2.0056548946e+04 1.5189388553e-01 3.6000000000e-01 
4.0510571412e-11 1.1706641458e+04 6.8081885100e-01 3.6000000000e-01 
1.3148656280e-07 1.1975993829e+04 9.4118554810e-01 3.6000000000e-01 
4.4730696884e-08 1.4193784181e+04 1.1467172425e+00 3.6000000000e-01 
4.1870716226e-09 1.2308581245e+04 6.5505888092e-01 3.6000000000e-01 
3.9998899939e-09 1.1637489837e+04 1.1620699581e+00 3.6000000000e-01 
2.8409871997e-08 1.1897895426e+04 5.0041165310e-01 3.6000000000e-01 
4.0936399907e-11 1.2988388861e+04 1.0394947152e+00 3.6000000000e-01 
4.6662440648e-11 1.3708233360e+04 8.3023162642e-01 3.6000000000e-01 
1.4302109549e-07 1.1405166234e+04 9.5924592975e-01 3.6000000000e-01 
3.3009803782e-09 1.3005171875e+04 5.2302345072e-01 3.6000000000e-01 
3.4127440189e-07 1.1883530798e+04 5.7035274064e-01 3.6000000000e-01 
1.8091189026e-09 1.2031229153e+04 1.0617150436e+00 3.6000000000e-01 
9.0308999702e-09 1.8846439786e+04 1.2477794434e+00 3.6000000000e-01 
9.3084841791e-06 1.8753466542e+04 9.6379042346e-01 3.6000000000e-01 
6.7238074445e-11 1.2720700313e+04 9.5563419322e-01 3.6000000000e-01 
1.4081244841e-09 1.2390839469e+04 3.8817956572e-01 3.6000000000e-01 
1.0674793737e-05 1.1801315158e+04 5.8288026433e-01 3.6000000000e-01 
2.8055030874e-10 1.4386034617e+04 4.1684208582e-01 3.6000000000e-01 
2.8304630601e-10 1.3508232921e+04 1.8394965838e-01 3.6000000000e-01 
1.3087338951e-10 1.1592896160e+04 7.5738796847e-01 3.6000000000e-01 
7.5085227486e-08 1.1477611453e+04 8.4944855019e-01 3.6000000000e-01 
3.5193417820e-10 1.2172301436e+04 1.2187411450e+00 3.6000000000e-01 
1.2806427309e-08 1.6824417412e+04 1.3746785094e+00 3.6000000000e-01 
2.2798206100e-06 1.3441287520e+04 9.3870301775e-01 3.6000000000e-01 
2.7474518217e-07 1.3765294533e+04 2.7372979632e-01 3.6000000000e-01 
2.1445623628e-08 1.2666314202e+04 5.8254562820e-01 3.6000000000e-01 
2.3628748596e-08 1.2307428244e+04 3.4195552874e-01 3.6000000000e-01 
1.0782084811e-10 1.4489290204e+04 1.5573661579e-01 3.6000000000e-01 
4.0504074290e-10 1.1213968801e+04 6.9051330836e-01 3.6000000000e-01 
6.5654068778e-09 1.1904215252e+04 8.2784400615e-01 3.6000000000e-01 
4.6294505755e-08 1.1656880053e+04 1.3142555419e+00 3.6000000000e-01 
1.0031260093e-11 1.2069115485e+04 6.4622535179e-01 3.6000000000e-01 
7.2613106279e-10 1.3072238141e+04 3.9108748262e-01 3.6000000000e-01 
1.7494634347e-09 1.9568074054e+04 1.3357615582e+00 3.6000000000e-01 
3.0956228419e-08 1.3261367545e+04 9.4832464442e-01 3.6000000000e-01 
1.4068219888e-10 1.5094405981e+04 1.0759828861e+00 3.6000000000e-01 
4.3578638176e-11 1.2786244615e+04 1.1075512135e+00 3.6000000000e-01 
2.5259306578e-09 1.2372112197e+04 3.8142888221e-01 3.6000000000e-01 
3.6393838626e-08 1.8316207853e+04 1.1300547416e+00 3.6000000000e-01 
5.7359995068e-07 1.4642298008e+04 2.2108973940e-01 3.6000000000e-01 
8.9959153788e-10 1.5859666620e+04 8.6692332100e-01 3.6000000000e-01 
1.2483121881e-07 2.2275356672e+04 1.0777804514e+00 3.6000000000e-01 
3.3755789618e-07 1.1837910775e+04 6.3369103044e-01 3.6000000000e-01 
7.9412381574e-10 1.3108140691e+04 7.8701748522e-01 3.6000000000e-01 
7.1314384322e-08 1.7695982431e+04 1.1868043906e+00 3.6000000000e-01 
6.6171606446e-09 1.3607009885e+04 1.3453231354e+00 3.6000000000e-01 
2.4244631319e-10 1.6600977002e+04 1.2299142607e-01 3.6000000000e-01 
4.2342634318e-11 1.7169667731e+04 7.8805863104e-01 3.6000000000e-01 
1.2415631327e-06 1.1875323182e+04 1.0233536288e+00 3.6000000000e-01 
1.2672842492e-11 1.1418976194e+04 6.1976915571e-01 3.6000000000e-01 
2.6685584268e-10 1.1260279237e+04 6.0986664528e-01 3.6000000000e-01 
2.5073874729e-05 1.3044947762e+04 4.1366626633e-01 3.6000000000e-01 
3.4270778602e-07 1.3650688403e+04 5.4223331186e-01 3.6000000000e-01 
4.6698208740e-09 1.4159941277e+04 9.9315824922e-01 3.6000000000e-01 
3.8487105967e-09 1.3055007653e+04 1.0912589079e+00 3.6000000000e-01 
1.8931930354e-05 1.4622855235e+04 2.2310181635e-01 3.6000000000e-01 
5.0858399335e-08 1.3288159015e+04 1.0733198819e+00 3.6000000000e-01 
1.3206285591e-08 2.1319689290e+04 3.6912238666e-01 3.6000000000e-01 
2.7193900424e-10 1.2407397426e+04 3.4155234664e-01 3.6000000000e-01 
1.5574337807e-09 1.7795568168e+04 9.3236270445e-01 3.6000000000e-01 
1.3175172049e-10 1.9902515740e+04 7.4427937381e-01 3.6000000000e-01 
9.4017015774e-09 1.1761695473e+04 3.5795887394e-01 3.6000000000e-01 
1.3844639230e-09 1.1296510494e+04 8.8477542637e-01 3.6000000000e-01 
4.2643757196e-11 1.1365711793e+04 1.2025401862e+00 3.6000000000e-01 
8.0928351757e-08 1.3863425289e+04 3.0635738513e-01 3.6000000000e-01 
1.6403775192e-10 1.3606360710e+04 4.0532176032e-01 3.6000000000e-01 
1.9835755328e-06 1.2578188116e+04 6.7841045661e-01 3.6000000000e-01 
2.1215767151e-10 1.2638617436e+04 5.4791010218e-01 3.6000000000e-01 
2.4268538276e-07 1.8112182741e+04 7.7451727074e-01 3.6000000000e-01 
1.4105048168e-06 2.1258452220e+04 4.4749184681e-01 3.6000000000e-01 
1.1914312804e-08 2.5000000000e+04 8.1397397711e-01 3.6000000000e-01 
4.3690900102e-11 1.1610172621e+04 3.2447045384e-01 3.6000000000e-01 
2.5140952566e-08 1.5316080508e+04 6.1052954763e-01 3.6000000000e-01 
1.7159436916e-06 2.1377045684e+04 8.4058656279e-01 3.6000000000e-01 
4.6633018469e-12 1.3317182714e+04 1.2040875276e+00 3.6000000000e-01 
2.8806687643e-06 1.5494574049e+04 5.1830402162e-01 3.6000000000e-01 
9.9346962285e-11 1.1445400733e+04 5.9722428286e-01 3.6000000000e-01 
2.4566352902e-07 1.3810548556e+04 3.5154371529e-01 3.6000000000e-01 
4.8445646473e-09 1.3897968372e+04 1.3865843979e+00 3.6000000000e-01 
3.2347201429e-10 1.7538673251e+04 8.7090422880e-01 3.6000000000e-01 
2.8523178531e-09 1.1808411702e+04 7.6899137498e-01 3.6000000000e-01 
2.0134428581e-09 1.4604475223e+04 4.2886713748e-01 3.6000000000e-01 
4.1944377812e-07 1.1549071843e+04 9.7996168925e-01 3.6000000000e-01 
6.2412707025e-10 1.3399017826e+04 5.2688812775e-02 3.6000000000e-01 
3.8174544213e-10 1.2002919209e+04 1.1708728653e+00 3.6000000000e-01 
1.6662349517e-08 1.2795958369e+04 5.3700291732e-01 3.6000000000e-01 
1.2040595976e-05 1.1814561249e+04 1.2421806172e+00 3.6000000000e-01 
1.7875498115e-07 1.3850368480e+04 1.0094606869e+00 3.6000000000e-01 
7.8797569750e-09 1.3587958927e+04 7.6563654460e-01 3.6000000000e-01 
3.2700139374e-08 1.3944402929e+04 8.1613311089e-01 3.6000000000e-01 
6.4554503744e-09 1.1371200179e+04 1.1116837602e+00 3.6000000000e-01 
1.4540173073e-09 1.3612143405e+04 6.0866142768e-01 3.6000000000e-01 
5.5885459065e-10 1.1425344243e+04 7.4145655395e-01 3.6000000000e-01 
4.2958812950e-06 1.2037364195e+04 7.8656951235e-01 3.6000000000e-01 
4.7604019158e-08 1.4419266496e+04 8.6055219200e-01 3.6000000000e-01 
2.5652508746e-10 1.4689941878e+04 1.4425195594e+00 3.6000000000e-01 
1.8073878610e-09 1.1507872376e+04 6.0503768338e-01 3.6000000000e-01 
6.5639921784e-09 1.2469596665e+04 1.1986124616e-01 3.6000000000e-01 
5.3964994606e-08 2.3421923937e+04 1.3032786275e+00 3.6000000000e-01 
3.3023679748e-10 1.3940303785e+04 1.1074703589e+00 3.6000000000e-01 
1.3037477711e-06 1.5403952774e+04 6.6274557765e-01 3.6000000000e-01 
1.3818976688e-09 1.3477740990e+04 4.7287643638e-01 3.6000000000e-01 
2.2221429308e-10 1.5470935914e+04 9.2167371228e-01 3.6000000000e-01 
9.7244313284e-09 1.2661511991e+04 1.1310187815e+00 3.6000000000e-01 
3.4719599052e-07 1.5474836052e+04 1.2388698975e+00 3.6000000000e-01 
3.0076360675e-09 2.5000000000e+04 1.2802309100e+00 3.6000000000e-01 
5.4910424250e-09 1.1720733732e+04 8.1263327749e-01 3.6000000000e-01 
1.0435832278e-08 1.5916462445e+04 3.9810240336e-01 3.6000000000e-01 
3.1442974149e-09 1.5908763972e+04 4.9234550836e-01 3.6000000000e-01 
7.0619572310e-11 1.3753291859e+04 1.0178353841e+00 3.6000000000e-01 
1.6525554777e-10 1.2699354953e+04 5.3555250241e-01 3.6000000000e-01 
1.2249697433e-05 1.5051724065e+04 5.2979804085e-01 3.6000000000e-01 
3.8118697620e-09 1.1621894376e+04 1.1044898430e+00 3.6000000000e-01 
3.6523213122e-08 1.2299473718e+04 1.1166247127e+00 3.6000000000e-01 
1.2195932689e-09 1.5413895454e+04 1.3529121346e-01 3.6000000000e-01 
8.5294216503e-11 1.2288761445e+04 7.5941876819e-01 3.6000000000e-01 
2.2565433412e-08 1.9317020682e+04 1.2983340342e+00 3.6000000000e-01 
1.8493804467e-10 1.7775128540e+04 3.4773622644e-01 3.6000000000e-01 
7.7931487252e-07 1.7141659544e+04 9.8216752321e-01 3.6000000000e-01 
2.9415152098e-08 1.4047992706e+04 9.2169254552e-01 3.6000000000e-01 
1.3906614297e-08 2.5000000000e+04 8.1941260305e-01 3.6000000000e-01 
5.9744668451e-10 1.5686889787e+04 2.9467628042e-01 3.6000000000e-01 
1.2303435816e-07 1.2223788493e+04 8.2740824929e-01 3.6000000000e-01 
5.2053260996e-08 1.3324670896e+04 8.1667628931e-01 3.6000000000e-01 
8.6983447318e-09 1.2969215113e+04 4.7913365668e-01 3.6000000000e-01 
6.5905277735e-09 1.7477112009e+04 2.7530082483e-01 3.6000000000e-01 
2.4904578289e-11 1.1243692976e+04 8.4097834734e-01 3.6000000000e-01 
1.2219497621e-07 1.1762235251e+04 9.6450578746e-01 3.6000000000e-01 
4.9659280792e-11 1.1407728407e+04 5.3511559621e-01 3.6000000000e-01 
8.2125813806e-07 1.4252078017e+04 2.1365444274e-01 3.6000000000e-01 
3.8768639054e-10 1.4675569373e+04 1.1847370667e+00 3.6000000000e-01 
2.0309717363e-07 1.4097840387e+04 1.3790477277e+00 3.6000000000e-01 
3.5175142979e-10 1.2162998671e+04 6.1476596585e-01 3.6000000000e-01 
3.1862678929e-11 1.2143814179e+04 1.0932849660e+00 3.6000000000e-01 
3.7618064945e-11 2.0860240787e+04 7.3933297091e-01 3.6000000000e-01 
3.2300644001e-09 1.2398576742e+04 1.0227278706e+00 3.6000000000e-01 
1.3349458547e-09 1.6010412916e+04 4.8229620683e-01 3.6000000000e-01 
9.5537860683e-10 1.9263166035e+04 8.5071016775e-01 3.6000000000e-01 
1.5803335754e-10 1.2624101467e+04 8.8904185153e-01 3.6000000000e-01 
1.0296143006e-05 1.8152738319e+04 5.0404160331e-01 3.6000000000e-01 
4.0136088271e-09 1.1473376962e+04 6.9953806468e-01 3.6000000000e-01 
6.5318990274e-10 1.2043835119e+04 8.4012592553e-01 3.6000000000e-01 
2.6625968664e-09 1.1391536129e+04 1.0438563611e+00 3.6000000000e-01 
4.1904685448e-09 1.2409775432e+04 1.0934728739e+00 3.6000000000e-01 
6.7025019864e-11 1.8429143030e+04 8.8580237245e-01 3.6000000000e-01 
5.6689618200e-07 1.1867314518e+04 3.6621564207e-01 3.6000000000e-01 
7.9567948420e-11 1.2385955849e+04 9.0808926435e-01 3.6000000000e-01 
1.8437821120e-08 1.3894883397e+04 4.5787389956e-01 3.6000000000e-01 
1.0069389354e-08 1.2573998419e+04 1.2727709098e+00 3.6000000000e-01 
4.4105221236e-09 1.4929943061e+04 1.2701093784e+00 3.6000000000e-01 
6.9850893942e-10 2.5000000000e+04 1.0467706509e+00 3.6000000000e-01 
4.8085337570e-10 1.3624436802e+04 3.2572953842e-01 3.6000000000e-01 
4.6914523503e-09 1.2728156323e+04 1.9669628790e-01 3.6000000000e-01 
2.3400740194e-07 1.1345271866e+04 9.0213540586e-01 3.6000000000e-01 
6.4358950222e-09 1.1353620209e+04 9.5883392333e-01 3.6000000000e-01 
9.8103820396e-10 1.3011784972e+04 1.8188900858e-01 3.6000000000e-01 
7.2405106809e-11 1.2646683276e+04 7.7864701001e-01 3.6000000000e-01 
1.8627347642e-10 1.4465900616e+04 1.2822075151e+00 3.6000000000e-01 
1.4422651398e-11 1.3856144498e+04 1.0434406924e+00 3.6000000000e-01 
1.0964868814e-09 1.3790493624e+04 1.7539560946e-01 3.6000000000e-01 
4.4684017620e-09 1.5517648832e+04 6.4181202237e-01 3.6000000000e-01 
4.2834367166e-11 1.9337635456e+04 9.7837416681e-01 3.6000000000e-01 
2.7271749810e-11 1.5887138942e+04 3.0442587495e-01 3.6000000000e-01 
4.9454092734e-11 1.1447872873e+04 7.2792780339e-01 3.6000000000e-01 
7.4201199178e-07 1.3762535719e+04 9.8908905362e-01 3.6000000000e-01 
2.1021320710e-09 1.1734360618e+04 1.5121194934e-01 3.6000000000e-01 
1.0171701383e-08 2.5000000000e+04 6.8724094172e-01 3.6000000000e-01 
9.4082264686e-10 1.1606904770e+04 2.8783302118e-01 3.6000000000e-01 
1.1326736398e-09 1.3584368287e+04 1.0785183907e+00 3.6000000000e-01 
9.2360977272e-12 1.2270128364e+04 1.0197519573e+00 3.6000000000e-01 
1.3027336410e-06 1.3790117710e+04 8.4684373867e-01 3.6000000000e-01 
3.1316401648e-08 1.1443062650e+04 1.0636623791e+00 3.6000000000e-01 
3.4703890621e-10 1.1991401604e+04 6.1772336634e-01 3.6000000000e-01 
8.1997479807e-09 1.1609095335e+04 7.8690425100e-01 3.6000000000e-01 
1.3118675188e-05 1.6555446126e+04 4.7992972252e-01 3.6000000000e-01 
4.5398585908e-09 1.5537699970e+04 1.3263039817e+00 3.6000000000e-01 
2.6274263610e-05 1.7029038129e+04 4.3525336686e-01 3.6000000000e-01 
2.3011513333e-06 1.4103547490e+04 8.2728301476e-01 3.6000000000e-01 
1.7597156866e-05 1.3242579633e+04 9.2194787664e-01 3.6000000000e-01 
5.6151638262e-08 1.5654207717e+04 3.5970264381e-01 3.6000000000e-01 
1.6326701420e-09 1.1225824329e+04 6.2067470349e-01 3.6000000000e-01 
3.2869344825e-10 1.4652187183e+04 9.3161267709e-01 3.6000000000e-01 
9.7357688571e-11 1.9310386234e+04 5.5283986314e-01 3.6000000000e-01 
2.2504540836e-07 1.2249799062e+04 8.7136016930e-01 3.6000000000e-01 
1.0814811571e-07 1.5193428360e+04 3.6712205881e-01 3.6000000000e-01 
7.4940553985e-09 1.1747137736e+04 8.5058457656e-01 3.6000000000e-01 
2.0933473473e-10 1.3128147897e+04 1.1666972034e+00 3.6000000000e-01 
1.2047204678e-06 1.2331886902e+04 9.4470164617e-01 3.6000000000e-01 
5.6479117009e-07 1.3864774954e+04 1.9351716462e-01 3.6000000000e-01 
6.8130857367e-08 1.2300572099e+04 5.5688715873e-01 3.6000000000e-01 
2.8981793284e-11 1.2442842148e+04 1.3583387206e+00 3.6000000000e-01 
7.2593067160e-10 2.1790959647e+04 6.7675955363e-01 3.6000000000e-01 
2.3326759062e-09 1.7355162331e+04 8.1493438965e-01 3.6000000000e-01 
1.2925727305e-07 1.3578741900e+04 1.1116735473e+00 3.6000000000e-01 
1.2545627132e-09 1.1711894401e+04 9.4886205060e-01 3.6000000000e-01 
7.7068124429e-10 1.3313143957e+04 9.2122594962e-01 3.6000000000e-01 
1.8313835754e-08 1.5287261800e+04 7.0876306253e-01 3.6000000000e-01 
1.0325510515e-06 1.3479775280e+04 1.2890424524e+00 3.6000000000e-01 
1.1803419955e-10 1.1376384298e+04 6.4737164292e-01 3.6000000000e-01 
5.3643309129e-06 1.1671057127e+04 1.2348618513e+00 3.6000000000e-01 
1.0813914427e-08 1.3761949526e+04 8.7563282319e-01 3.6000000000e-01 
1.3210337040e-09 1.3077140621e+04 8.7874510178e-01 3.6000000000e-01 
3.8586139788e-09 1.3091307469e+04 9.0401331313e-01 3.6000000000e-01 
1.3030817342e-07 1.3885358733e+04 3.7795530998e-01 3.6000000000e-01 
2.3917157476e-06 1.1898410641e+04 3.2436787880e-01 3.6000000000e-01 
3.4156966021e-11 1.3674560444e+04 8.6608239482e-01 3.6000000000e-01 
7.5548688710e-10 1.6632815878e+04 1.2510339427e+00 3.6000000000e-01 
1.7284636906e-10 1.4088654616e+04 6.2981408513e-01 3.6000000000e-01 
9.0872180538e-08 1.4579182344e+04 3.5476268067e-01 3.6000000000e-01 
6.0619492277e-09 1.5778846544e+04 8.2591009194e-01 3.6000000000e-01 
1.4110828508e-08 1.1806020191e+04 7.7768358664e-01 3.6000000000e-01 
5.1656148290e-11 1.2242508022e+04 5.8019527048e-01 3.6000000000e-01 
6.4795034173e-07 1.8256659581e+04 8.1369913543e-01 3.6000000000e-01 
1.4411741887e-09 1.2692726918e+04 3.5561244157e-01 3.6000000000e-01 
4.5783691381e-07 1.2243927511e+04 7.9476846477e-01 3.6000000000e-01 
8.1358113118e-07 1.1394784345e+04 1.2648397493e+00 3.6000000000e-01 
1.6682677773e-09 1.3913166539e+04 7.2691225209e-01 3.6000000000e-01 
2.9943803441e-07 1.9343985043e+04 1.2885633891e+00 3.6000000000e-01 
1.9586188176e-08 2.2690306061e+04 1.3694989513e+00 3.6000000000e-01 
3.9713718421e-09 2.5000000000e+04 9.0353349144e-01 3.6000000000e-01 
3.5748383715e-08 1.1346086175e+04 3.8311000206e-01 3.6000000000e-01 
2.4323852066e-11 1.9959032894e+04 1.0401815924e+00 3.6000000000e-01 
1.7514206616e-08 1.1824616455e+04 7.2058082809e-01 3.6000000000e-01 
3.2150520430e-08 1.6315809241e+04 5.8667698100e-01 3.6000000000e-01 
1.6077600068e-08 1.3386837161e+04 8.5118759587e-01 3.6000000000e-01 
1.3715028098e-09 1.2521119546e+04 6.8611776740e-01 3.6000000000e-01 
2.4349813954e-09 1.1616035458e+04 3.9534563355e-01 3.6000000000e-01 
3.0090230176e-06 1.3512272451e+04 8.3855667023e-01 3.6000000000e-01 
1.4112749956e-10 1.2332027578e+04 6.8337027478e-01 3.6000000000e-01 
9.1299420829e-10 1.5222333692e+04 9.0629751220e-01 3.6000000000e-01 
1.4497388411e-08 1.1219620103e+04 2.3316796165e-01 3.6000000000e-01 
8.6214023019e-08 1.1754609294e+04 8.4544504781e-01 3.6000000000e-01 
3.2590195717e-08 1.2458155454e+04 8.4660205470e-01 3.6000000000e-01 
3.1231770500e-09 2.1149217365e+04 4.4066213512e-01 3.6000000000e-01 
4.9000439935e-09 1.2279476330e+04 2.7073999542e-01 3.6000000000e-01 
8.1335583861e-09 1.1427018236e+04 1.1946364233e+00 3.6000000000e-01 
3.1286558820e-09 1.7489361508e+04 1.1733410272e+00 3.6000000000e-01 
5.6592328833e-10 1.3128101781e+04 4.8868444384e-01 3.6000000000e-01 
7.1807225103e-10 2.3062434806e+04 5.4219100633e-01 3.6000000000e-01 
5.4432300923e-10 1.1511891290e+04 1.1480591857e+00 3.6000000000e-01 
7.8732802376e-10 1.1802471860e+04 1.8015132496e-01 3.6000000000e-01 
2.8557943547e-09 2.0036819445e+04 6.0205259982e-01 3.6000000000e-01 
5.5393040541e-10 1.6768191222e+04 1.1142601472e+00 3.6000000000e-01 
2.3718120598e-09 1.1276427323e+04 2.7349939113e-01 3.6000000000e-01 
7.6227538914e-09 1.4076770400e+04 1.3671727802e+00 3.6000000000e-01 
3.9098379102e-09 1.4719047309e+04 1.2277844033e+00 3.6000000000e-01 
2.8269649957e-10 1.3435552111e+04 9.9075148062e-01 3.6000000000e-01 
9.0611020275e-06 1.1507919234e+04 4.2485645233e-01 3.6000000000e-01 
8.2995900390e-10 1.3116694899e+04 7.5546696384e-01 3.6000000000e-01 
8.1545564005e-09 1.1753500331e+04 1.0365660874e+00 3.6000000000e-01 
4.7807359828e-09 1.2357458297e+04 1.1062661646e-01 3.6000000000e-01 
6.8018105083e-06 1.3711231284e+04 1.3918909238e+00 3.6000000000e-01 
9.1754361207e-10 1.7073616203e+04 8.8342991079e-01 3.6000000000e-01 
2.0780229039e-09 1.7370335119e+04 2.7867498049e-01 3.6000000000e-01 
4.2554927760e-10 1.2730989847e+04 6.2898479325e-01 3.6000000000e-01 
7.2041627178e-09 1.1602328327e+04 1.1709195043e+00 3.6000000000e-01 
1.3260992748e-09 1.4602706122e+04 9.6408693878e-01 3.6000000000e-01 
2.2300948533e-10 1.1710836770e+04 1.1875612238e+00 3.6000000000e-01 
7.5655375343e-11 1.2833298741e+04 1.0077552416e+00 3.6000000000e-01 
2.3403779237e-08 1.3020901016e+04 1.0947151021e+00 3.6000000000e-01 
1.9310451416e-09 1.3180921037e+04 3.8005723455e-01 3.6000000000e-01 
1.0942364218e-08 1.1487693516e+04 3.5761941395e-01 3.6000000000e-01 
7.9062358884e-10 1.2256878452e+04 1.1228214681e+00 3.6000000000e-01 
6.6692211532e-07 1.6317451116e+04 1.2478598701e+00 3.6000000000e-01 
6.0254044110e-08 1.2397267434e+04 1.1199213240e+00 3.6000000000e-01 
2.1872060377e-08 1.1356282532e+04 2.6381553522e-01 3.6000000000e-01 
1.8266326657e-10 1.1221609363e+04 9.7013250103e-01 3.6000000000e-01 
5.9822157605e-08 2.4911146195e+04 6.8533507496e-01 3.6000000000e-01 
6.8238076955e-10 1.3379288537e+04 6.9262871172e-01 3.6000000000e-01 
8.3302195093e-09 1.4637788481e+04 4.2312189390e-01 3.6000000000e-01 
8.3639998652e-10 1.5097985064e+04 2.2452058761e-01 3.6000000000e-01 
1.3002333572e-08 1.3959007286e+04 3.3603930708e-01 3.6000000000e-01 
2.9722131662e-11 1.1683625132e+04 7.3934547800e-01 3.6000000000e-01 
9.1905196712e-09 1.3514881711e+04 1.0902308462e+00 3.6000000000e-01 
1.5025927303e-08 1.2134000891e+04 1.4003462129e+00 3.6000000000e-01 
8.3033608724e-10 1.4885615069e+04 4.7577249903e-01 3.6000000000e-01 
8.4793147868e-12 1.1882774574e+04 2.8702211438e-01 3.6000000000e-01 
9.3475182313e-12 1.4648380816e+04 3.9385766458e-01 3.6000000000e-01 
7.2186158695e-08 1.1523061891e+04 1.1844739058e+00 3.6000000000e-01 
2.1820313082e-09 1.7047574391e+04 7.4835924790e-01 3.6000000000e-01 
1.8929004347e-05 1.3395114322e+04 7.5771668178e-01 3.6000000000e-01 
7.7070823862e-08 1.1849525024e+04 7.5472597189e-01 3.6000000000e-01 
4.4100041898e-10 1.2641674486e+04 9.1371000202e-01 3.6000000000e-01 
3.8564361538e-07 1.3447808668e+04 5.8620476177e-01 3.6000000000e-01 
2.2298357817e-07 1.2354011499e+04 1.3067890532e+00 3.6000000000e-01 
2.2995656032e-08 1.4741195151e+04 4.4494216047e-01 3.6000000000e-01 
4.3756005843e-08 1.2841891675e+04 7.5178733292e-01 3.6000000000e-01 
2.2543297775e-07 1.5549332880e+04 7.5324535947e-01 3.6000000000e-01 
2.4984635456e-08 1.1296476223e+04 1.1436330229e+00 3.6000000000e-01 
3.2753428399e-10 1.3159771662e+04 7.0386189603e-01 3.6000000000e-01 
2.9067060673e-09 1.5240267462e+04 7.3138763549e-01 3.6000000000e-01 
1.6022837620e-10 2.1532754106e+04 1.0207948031e+00 3.6000000000e-01 
3.8425332363e-09 2.5000000000e+04 8.1288260468e-01 3.6000000000e-01 
9.0328963883e-06 1.3718951668e+04 1.0554255335e+00 3.6000000000e-01 
1.5787050040e-09 1.5973423275e+04 1.1712126350e+00 3.6000000000e-01 
6.0863941113e-09 1.1760001097e+04 1.4680893838e+00 3.6000000000e-01 
6.6127942394e-08 1.2733750981e+04 7.9283513822e-01 3.6000000000e-01 
2.7039826005e-08 1.7476623417e+04 1.0177877262e+00 3.6000000000e-01 
2.5763727512e-10 1.1541726356e+04 5.9131925905e-01 3.6000000000e-01 
6.0110816076e-09 1.1474926954e+04 7.5695257434e-01 3.6000000000e-01 
2.7133813577e-10 1.2557385331e+04 1.1384422277e+00 3.6000000000e-01 
6.8872808216e-08 1.3389508856e+04 3.0351964143e-01 3.6000000000e-01 
8.6933451742e-09 1.2468741245e+04 1.1326378918e+00 3.6000000000e-01 
2.5045578846e-10 2.5000000000e+04 4.3107012732e-01 3.6000000000e-01 
2.2959824801e-09 1.4408721930e+04 1.8333977776e-01 3.6000000000e-01 
8.8551617512e-11 1.3159539844e+04 3.9062358096e-01 3.6000000000e-01 
1.3692785932e-09 1.5830211180e+04 5.3498703442e-01 3.6000000000e-01 
3.4408396339e-10 1.1505916291e+04 8.6355615206e-01 3.6000000000e-01 
3.1780141255e-10 1.3011366075e+04 7.3599246218e-01 3.6000000000e-01 
1.1982356106e-05 1.3186117673e+04 8.3095673620e-01 3.6000000000e-01 
3.8495534423e-09 1.4600709024e+04 9.0984644104e-01 3.6000000000e-01 
4.9553803758e-09 2.5000000000e+04 1.1655981962e+00 3.6000000000e-01 
2.9193386927e-07 2.0181876063e+04 5.0031680611e-01 3.6000000000e-01 
2.2869853099e-07 1.2869175707e+04 9.2292186713e-01 3.6000000000e-01 
1.8279208766e-09 2.5000000000e+04 1.3527744961e+00 3.6000000000e-01 
4.3054130790e-08 1.1218635860e+04 8.6803892282e-01 3.6000000000e-01 
1.9430212771e-05 1.5283831897e+04 3.4420098742e-01 3.6000000000e-01 
4.2161535483e-07 1.1340718162e+04 1.2953151810e-01 3.6000000000e-01 
3.1143559725e-09 1.2574249715e+04 6.0353886126e-01 3.6000000000e-01 
8.5652822599e-10 1.6088777544e+04 9.7382105104e-01 3.6000000000e-01 
4.0415627851e-07 1.1695021274e+04 3.7912410332e-01 3.6000000000e-01 
4.2963618731e-09 1.2324436491e+04 1.1026260976e+00 3.6000000000e-01 
2.7689277806e-10 1.6031054173e+04 1.0351881999e+00 3.6000000000e-01 
9.3788829680e-08 2.0642730073e+04 1.1532059394e+00 3.6000000000e-01 
1.5655506477e-07 1.7200157625e+04 1.3523403678e+00 3.6000000000e-01 
2.7600920193e-10 1.2266851487e+04 4.3103237317e-01 3.6000000000e-01 
1.5725082577e-05 1.1654752719e+04 1.8286926083e-01 3.6000000000e-01 
2.4847578164e-09 2.5000000000e+04 8.9635651670e-01 3.6000000000e-01 
2.5287665203e-10 1.1543750439e+04 1.2022544631e+00 3.6000000000e-01 
4.2983340745e-08 1.1461624001e+04 3.2549419981e-01 3.6000000000e-01 
1.5096251151e-09 1.8765352053e+04 8.3015501977e-01 3.6000000000e-01 
1.0563487511e-08 1.4241138703e+04 3.4604143731e-01 3.6000000000e-01 
2.0466233129e-09 2.5000000000e+04 6.3150017734e-01 3.6000000000e-01 
3.5242201213e-10 1.2101184339e+04 1.0157299076e+00 3.6000000000e-01 
2.4140725002e-08 1.4269967317e+04 1.2016519942e+00 3.6000000000e-01 
1.2997791766e-06 1.3930404111e+04 5.8219675058e-01 3.6000000000e-01 
5.9503918264e-10 1.2041862319e+04 3.5976582011e-01 3.6000000000e-01 
9.8696041163e-09 1.7017465131e+04 6.0594161228e-01 3.6000000000e-01 
4.5927238601e-09 1.1945219865e+04 8.6448225165e-01 3.6000000000e-01 
1.3332145523e-08 1.1881417593e+04 6.5297770424e-01 3.6000000000e-01 
5.1191844181e-11 1.1543672934e+04 7.8786351358e-01 3.6000000000e-01 
5.2454251355e-11 1.5370065098e+04 1.4452107448e+00 3.6000000000e-01 
1.6346919575e-08 1.3709769193e+04 5.4127591982e-01 3.6000000000e-01 
4.2199665611e-10 1.2205628322e+04 1.1669571960e+00 3.6000000000e-01 
1.6945000427e-09 1.1905778876e+04 4.9013585408e-01 3.6000000000e-01 
5.0695211896e-11 2.5000000000e+04 4.0372116663e-01 3.6000000000e-01 
7.7154517999e-12 1.1684327843e+04 1.1009080210e+00 3.6000000000e-01 
3.4553759088e-09 2.2725817176e+04 8.9580662777e-01 3.6000000000e-01 
2.7831430346e-07 2.1595367317e+04 9.2985649208e-01 3.6000000000e-01 
5.5415484337e-07 1.1823345680e+04 1.1371694775e+00 3.6000000000e-01 
4.2293514562e-10 1.1522705728e+04 9.2620778781e-01 3.6000000000e-01 
4.6317921106e-09 1.8076708918e+04 1.2038578602e+00 3.6000000000e-01 
6.2108826331e-09 1.3828952303e+04 8.2500668775e-01 3.6000000000e-01 
6.6494847541e-10 1.2577420825e+04 8.9331246166e-01 3.6000000000e-01 
1.2124479609e-10 1.6675117146e+04 1.1646478202e+00 3.6000000000e-01 
4.6820772237e-08 1.1355319697e+04 2.8931795251e-01 3.6000000000e-01 
5.0080071450e-10 1.3319493719e+04 3.9140158195e-01 3.6000000000e-01 
1.6887975775e-09 1.1681621988e+04 1.1561638271e-01 3.6000000000e-01 
1.3176649064e-08 1.1297193024e+04 8.9402242874e-01 3.6000000000e-01 
5.1543973368e-11 1.1299372354e+04 9.3973747000e-01 3.6000000000e-01 
9.7010021245e-09 1.2367119410e+04 7.9018977880e-01 3.6000000000e-01 
2.4657848780e-08 1.8334494844e+04 6.6969668998e-01 3.6000000000e-01 
4.9243843497e-10 1.5293379918e+04 4.7395165529e-01 3.6000000000e-01 
2.8451903544e-07 1.1594788032e+04 8.0541104134e-01 3.6000000000e-01 
1.1439365589e-09 1.1349273259e+04 9.8784073032e-01 3.6000000000e-01 
1.0492370437e-10 1.2597778317e+04 1.0044316924e+00 3.6000000000e-01 
2.6227950178e-08 1.1768808088e+04 5.3822179044e-01 3.6000000000e-01 
1.0410854441e-07 1.2274703318e+04 6.4728397647e-01 3.6000000000e-01 
8.4919189703e-06 1.2638963405e+04 1.4081954653e+00 3.6000000000e-01 
1.7215689180e-08 1.3623381081e+04 2.1106139274e-01 3.6000000000e-01 
1.4002476862e-05 1.1446603505e+04 1.1976762852e+00 3.6000000000e-01 
8.1404642620e-11 1.3210817629e+04 5.3538759519e-01 3.6000000000e-01 
1.9984452424e-08 1.3838190658e+04 8.9129957992e-01 3.6000000000e-01 
4.4171252974e-07 1.2754149351e+04 1.1904720857e+00 3.6000000000e-01 
1.6313364038e-11 1.6338739224e+04 9.1554244431e-02 3.6000000000e-01 
8.9441450121e-10 1.1526201669e+04 7.2240413096e-01 3.6000000000e-01 
1.8642404882e-06 1.7075605956e+04 7.8705907714e-01 3.6000000000e-01 
1.1717152450e-08 1.8170739218e+04 1.3953554547e+00 3.6000000000e-01 
5.9922618359e-09 1.1931202063e+04 8.6196480633e-01 3.6000000000e-01 
2.3027552471e-08 1.7976125291e+04 2.5945162542e-01 3.6000000000e-01 
1.2223854364e-08 1.1485878049e+04 8.5593223823e-01 3.6000000000e-01 
2.9800467849e-09 1.1315623383e+04 9.3582817906e-01 3.6000000000e-01 
6.2598560836e-08 1.5365863359e+04 6.1129819530e-01 3.6000000000e-01 
1.6820795040e-07 1.2277554673e+04 5.4827553253e-01 3.6000000000e-01 
2.0587386831e-06 1.1500040868e+04 6.6240238056e-01 3.6000000000e-01 
2.9988353084e-09 1.3218607857e+04 8.5713462657e-01 3.6000000000e-01 
5.6000163067e-12 1.4501825233e+04 3.9395660792e-01 3.6000000000e-01 
3.2605678117e-07 1.8833717325e+04 7.9120561817e-01 3.6000000000e-01 
3.5968995683e-10 1.1486556987e+04 1.3080559469e+00 3.6000000000e-01 
2.7277296573e-06 1.3302873017e+04 1.0629426647e+00 3.6000000000e-01 
3.0648705224e-11 1.2777798064e+04 1.3843861697e+00 3.6000000000e-01 
5.3671674105e-11 2.5000000000e+04 5.6888492964e-01 3.6000000000e-01 
9.4654397536e-08 1.3938751026e+04 1.2315706295e+00 3.6000000000e-01 
4.9915633016e-09 2.0178717273e+04 8.6013245254e-01 3.6000000000e-01 
2.1543055034e-10 1.5608146791e+04 6.4254886552e-01 3.6000000000e-01 
2.2682092379e-11 1.3182862044e+04 1.0241015290e+00 3.6000000000e-01 
1.2686619935e-09 1.4368789341e+04 1.4660672544e+00 3.6000000000e-01 
3.1630428570e-08 1.4561127551e+04 7.9907067631e-01 3.6000000000e-01 
5.3895537419e-10 1.5642172422e+04 4.9784488066e-01 3.6000000000e-01 
1.7500933926e-08 1.7768066759e+04 1.3502145336e+00 3.6000000000e-01 
1.1754282113e-10 1.5205762663e+04 5.6885093098e-01 3.6000000000e-01 
1.2554665601e-09 1.2711279105e+04 1.2149688558e+00 3.6000000000e-01 
9.0747292659e-11 1.1268886659e+04 1.2956172839e+00 3.6000000000e-01 
8.0794587096e-09 1.1423691897e+04 1.5256061252e+00 3.6000000000e-01 
5.0329731264e-10 2.0920867786e+04 8.2009365658e-01 3.6000000000e-01 
1.1123425951e-07 1.4332626984e+04 9.4104820975e-01 3.6000000000e-01 
4.3749684233e-08 1.2930488958e+04 5.4589398488e-01 3.6000000000e-01 
1.4545192215e-08 1.2680276851e+04 5.2704605332e-01 3.6000000000e-01 
7.0658919284e-10 1.1207780287e+04 7.5159434764e-01 3.6000000000e-01 
2.0432494281e-08 1.3484939987e+04 4.9791465785e-01 3.6000000000e-01 
2.3498979807e-08 1.2558441830e+04 7.3090258123e-01 3.6000000000e-01 
3.7026650183e-09 2.5000000000e+04 6.1187466650e-01 3.6000000000e-01 
6.0695992503e-10 1.6461413979e+04 1.2689977692e+00 3.6000000000e-01 
4.8836263907e-11 1.1891075144e+04 1.2016743284e+00 3.6000000000e-01 
2.1499225817e-08 1.2775138918e+04 6.4001820804e-01 3.6000000000e-01 
5.2492936213e-09 1.3877501333e+04 5.4694045462e-01 3.6000000000e-01 
1.3195362471e-09 1.3047238744e+04 5.1660472235e-01 3.6000000000e-01 
1.2366584910e-08 2.5000000000e+04 1.0007354663e+00 3.6000000000e-01 
