1.1257752922e-04 1.0000000000e+00 
6.2991685490e-05 7.0035531626e-01 
5.3873939936e-05 7.0304766667e-01 
4.6827269096e-05 7.0909405092e-01 
4.5807451500e-05 1.0000000000e+00 
7.4269096348e-05 6.9616311866e-01 
2.0588309164e-05 7.3015721038e-01 
3.7029373298e-05 7.0786403761e-01 
1.2859696811e-04 9.9655800913e-01 
7.8191509322e-06 7.4037735819e-01 
1.8967194733e-05 6.7081245378e-01 
7.5350086392e-05 6.9783625580e-01 
2.3069219456e-05 6.6005822645e-01 
1.6180572814e-05 6.6734706837e-01 
1.7240455432e-05 1.0000000000e+00 
4.5912235677e-05 6.9935275428e-01 
3.8885492808e-05 6.9990232335e-01 
1.5465688407e-04 1.0000000000e+00 
6.3424482896e-05 6.9736988171e-01 
2.0593333543e-05 7.3642039811e-01 
8.3564337906e-05 6.8978039105e-01 
9.2854185334e-06 1.0000000000e+00 
1.7319052731e-04 9.9569463395e-01 
2.8070347678e-05 6.5920752936e-01 
7.7589582091e-05 6.9077726524e-01 
5.9435191897e-05 7.0333253717e-01 
1.3891167993e-05 6.9499349737e-01 
4.4916055529e-05 7.0976585885e-01 
1.7245385823e-05 7.3132328388e-01 
9.0298247299e-06 1.0000000000e+00 
3.1511729394e-05 7.1731457741e-01 
1.7847780068e-04 6.6832236784e-01 
3.8349028375e-05 6.5695434620e-01 
2.0145919684e-05 1.0000000000e+00 
4.1997226671e-05 6.9392178321e-01 
1.0588902683e-04 6.9196051502e-01 
3.7529871401e-04 6.3675786298e-01 
2.2543128475e-04 6.7661536046e-01 
3.0066516378e-04 6.4069353987e-01 
6.9894793268e-04 6.0392809438e-01 
2.5815235811e-04 6.5387092456e-01 
6.0648697575e-06 1.0000000000e+00 
2.0832620107e-04 6.6407529396e-01 
3.8108671569e-05 7.1318265841e-01 
7.8552289138e-05 6.9614119093e-01 
2.1648767590e-05 6.8535629115e-01 
2.6627372614e-05 7.1939434357e-01 
7.6394210003e-05 6.8961572920e-01 
2.6712927648e-05 1.0000000000e+00 
6.2084114264e-05 7.1135802641e-01 
2.0325250804e-04 6.6769677951e-01 
2.1691113862e-05 7.2978283650e-01 
1.6500357972e-04 6.7309947327e-01 
6.5071335042e-05 6.9876748968e-01 
4.0139690533e-05 7.0108173633e-01 
9.0624176058e-05 6.9057704672e-01 
1.4117136165e-05 1.0000000000e+00 
1.4280772012e-05 6.9512173092e-01 
1.8464245935e-04 6.9920706768e-01 
7.2870938701e-05 7.7535266621e-01 
1.1774901779e-05 7.4591121154e-01 
2.2558386830e-05 7.2472357144e-01 
1.0715298065e-04 6.8421618608e-01 
3.6831427468e-05 6.8281603455e-01 
2.1183199364e-05 7.2320349731e-01 
9.1943345161e-05 6.8753260645e-01 
2.0193108349e-05 6.8486620405e-01 
9.0162539764e-05 6.9000191272e-01 
1.8962389918e-05 7.0121102689e-01 
2.9053875043e-05 6.7895340881e-01 
3.7732119129e-05 7.0973190588e-01 
1.1116439205e-04 6.8446469944e-01 
1.6553376123e-05 7.0580578919e-01 
3.1872201961e-05 6.7002712155e-01 
4.0800396097e-05 7.3172194899e-01 
4.0067323498e-05 6.8391260235e-01 
4.8222840474e-05 7.1080300703e-01 
1.4831095781e-04 1.0000000000e+00 
1.0739651038e-04 6.8530756588e-01 
1.2874003763e-04 6.7977693435e-01 
6.5431599858e-05 7.0119115504e-01 
2.6192139951e-04 6.5121201608e-01 
5.6615549042e-04 1.0000000000e+00 
9.0509239696e-05 6.9068649064e-01 
2.6230466841e-05 7.1829017315e-01 
2.0777215893e-04 1.0000000000e+00 
2.4087855424e-05 7.2571310189e-01 
1.7957364816e-04 6.6754100198e-01 
4.6354258207e-05 6.5462127068e-01 
4.7753330987e-05 7.0461821838e-01 
1.7006545854e-04 6.6956261132e-01 
1.3010577777e-04 1.0000000000e+00 
3.2999750256e-05 7.0658435554e-01 
6.0704265341e-05 7.7294736691e-01 
9.2069614537e-05 6.9398612212e-01 
5.0705049120e-05 6.9580573656e-01 
1.5318055194e-05 6.8122685879e-01 
2.9395988540e-05 7.0598624173e-01 
3.8941628401e-05 1.0000000000e+00 
3.4566607028e-05 7.1769379243e-01 
2.7945361407e-04 6.5274644895e-01 
1.5230575185e-04 6.7273551447e-01 
1.0961632552e-04 6.8339497451e-01 
1.2005079669e-04 6.8101760180e-01 
2.0504561452e-04 6.6380514538e-01 
8.1813094666e-05 1.0000000000e+00 
2.9494172658e-05 1.0000000000e+00 
9.9587798307e-06 1.0000000000e+00 
1.9732697808e-05 7.3316146082e-01 
8.4655919371e-06 1.0000000000e+00 
1.3278008730e-05 7.3315464119e-01 
2.9721152009e-05 6.8897226326e-01 
1.0579864671e-05 7.0130736033e-01 
5.5011130824e-05 7.4509466111e-01 
1.8257822065e-05 6.8404420464e-01 
6.9955646050e-05 6.9701768707e-01 
7.0300220503e-06 1.0000000000e+00 
2.3342728825e-05 6.7511931107e-01 
3.6795703734e-05 7.3745045580e-01 
5.7475285180e-05 6.9877401867e-01 
1.4010897973e-05 7.2445072973e-01 
2.2412338981e-05 1.0000000000e+00 
3.4293875037e-05 7.1400551480e-01 
5.2516418957e-05 7.0428181902e-01 
1.3540690524e-05 1.0000000000e+00 
2.0572351626e-05 7.2221040025e-01 
2.3057966513e-05 7.2649033751e-01 
7.9492017395e-05 6.9401527473e-01 
1.0621587389e-04 6.8719688277e-01 
1.8533564322e-05 7.2489808156e-01 
1.6994240042e-04 6.7018934780e-01 
1.1238632923e-04 6.8367274070e-01 
2.0291873186e-05 7.3081925678e-01 
5.9308880188e-05 7.0298530391e-01 
8.8487245895e-05 6.9512076844e-01 
6.6625614403e-05 6.9837863863e-01 
3.3297448309e-05 6.4895526787e-01 
2.5800403311e-04 1.0000000000e+00 
7.8728509773e-06 1.0000000000e+00 
2.0768571104e-05 7.3171296292e-01 
1.4132049200e-05 7.3688488050e-01 
1.8509932167e-05 6.6252924753e-01 
2.6745345286e-05 6.5126705111e-01 
8.2769504963e-05 6.9176868034e-01 
1.6645680704e-04 1.0000000000e+00 
5.3433488059e-05 6.9936713420e-01 
7.3436531769e-04 6.0635243474e-01 
3.5098585153e-04 6.4097854905e-01 
4.6592148804e-04 6.2802795804e-01 
3.8286236200e-05 7.1190188185e-01 
7.7000559744e-05 1.0000000000e+00 
7.8692581836e-05 1.0000000000e+00 
4.3755012278e-04 6.3177472585e-01 
1.5418504233e-04 6.7687406018e-01 
2.3897787471e-04 6.5766985772e-01 
1.5200561505e-04 7.5247344375e-01 
1.8476749554e-04 6.6901190925e-01 
3.9839222856e-05 6.6160795458e-01 
1.7666840860e-05 6.6317657599e-01 
6.6117270987e-05 7.0124732728e-01 
1.7488916230e-04 9.7961323753e-01 
3.4290851335e-05 7.0264109988e-01 
1.9895219512e-05 7.3241069082e-01 
1.1797364605e-04 6.8171112794e-01 
9.9025311488e-06 7.5693337741e-01 
8.8182758052e-05 1.0000000000e+00 
4.0862355731e-05 6.9814655909e-01 
2.4299923641e-05 7.1875111607e-01 
1.8797549789e-05 7.4691405093e-01 
8.9118014238e-06 6.9863235145e-01 
2.8968577443e-04 6.4830988310e-01 
1.5786778794e-04 6.7195398080e-01 
2.4249271168e-05 7.3117190094e-01 
2.5702906829e-04 6.9943748470e-01 
2.9214473042e-05 6.5072953707e-01 
7.1173871849e-05 7.0039500692e-01 
2.4799991194e-05 7.1859246733e-01 
6.3225622760e-05 7.0260715709e-01 
3.9625963686e-04 1.0000000000e+00 
1.6224572134e-04 6.7489447045e-01 
4.7633332103e-05 6.9205002289e-01 
1.6764276794e-05 1.0000000000e+00 
4.8849748870e-05 7.0251318279e-01 
4.0418368932e-05 7.2059382471e-01 
9.6965048969e-05 6.9042282047e-01 
8.2334884546e-06 1.0000000000e+00 
6.8144954204e-06 1.0000000000e+00 
8.6978083250e-05 6.9179048958e-01 
2.8405658872e-05 1.0000000000e+00 
3.6289308383e-05 7.0484530214e-01 
8.2340009359e-05 6.9796261716e-01 
1.8380433653e-04 6.7024420105e-01 
3.6967019826e-05 7.0710788050e-01 
6.4042870372e-05 7.3866189770e-01 
7.8676813971e-06 1.0000000000e+00 
1.3174937835e-05 7.4155416094e-01 
6.9628291221e-05 6.9766460174e-01 
6.6855658778e-04 6.0560604051e-01 
2.6865421413e-05 9.1359530670e-01 
5.4428694969e-05 7.0164458789e-01 
9.9750531455e-06 6.7897018679e-01 
6.4662548817e-05 1.0000000000e+00 
7.5254991722e-04 5.8867759783e-01 
2.8791851217e-05 6.4904788868e-01 
6.7092964250e-04 6.5186676950e-01 
5.2284535452e-05 7.0617091458e-01 
1.2956229312e-05 7.8237829195e-01 
5.8784198760e-06 7.5673729587e-01 
1.6914023815e-05 6.9422846177e-01 
2.8491015455e-05 7.3306885102e-01 
6.0945274738e-05 7.0437813017e-01 
2.8857401106e-04 6.4869701102e-01 
1.0004104765e-04 6.8572430594e-01 
2.1545046067e-05 7.1961303687e-01 
9.3780366225e-05 6.9346676434e-01 
8.6504641823e-05 6.8960720688e-01 
3.9039166651e-05 7.0550946857e-01 
3.2936305464e-05 7.1187775254e-01 
9.6328436039e-05 6.8921746765e-01 
1.1117896831e-04 6.8342446579e-01 
3.5063451005e-05 7.1677488544e-01 
4.3516128451e-04 6.2959016333e-01 
2.3669111743e-05 6.5374469732e-01 
1.8785986739e-05 7.0347582773e-01 
1.5446576709e-05 7.0974193964e-01 
7.3563546153e-04 1.0000000000e+00 
4.7745615888e-05 7.0580378279e-01 
6.4245712485e-05 1.0000000000e+00 
1.1379383602e-05 1.0000000000e+00 
6.7018026674e-05 6.9879493917e-01 
5.6137245246e-05 7.3443569078e-01 
3.3643081498e-05 7.0225001377e-01 
1.1453859230e-04 6.8956177494e-01 
1.7786201742e-05 1.0000000000e+00 
3.1508363247e-04 6.4433676004e-01 
8.7181708255e-05 6.8998206375e-01 
8.9742201748e-04 7.8173030066e-01 
1.2118597790e-04 6.8440616781e-01 
2.7436883433e-05 7.1332613089e-01 
1.2967612641e-05 7.0495373939e-01 
7.1705507303e-05 1.0000000000e+00 
7.2415943593e-05 1.0000000000e+00 
2.7057590004e-05 7.1147180083e-01 
3.8771403434e-05 7.1412715980e-01 
1.4940534234e-04 6.7547420579e-01 
1.3388810248e-04 6.7832183943e-01 
4.6334440103e-05 7.0582602918e-01 
1.9623205008e-05 6.8127167819e-01 
1.8855004000e-04 6.6420912839e-01 
8.5660083723e-05 6.8925480173e-01 
3.1088783660e-05 7.0810803356e-01 
2.2341882134e-04 6.6163547916e-01 
6.3593368603e-05 7.0182889461e-01 
7.6167489370e-05 6.8998418099e-01 
6.5234218692e-04 6.0616619926e-01 
3.9857824614e-05 1.0000000000e+00 
2.6190676759e-05 6.8328813692e-01 
1.4296010008e-05 7.7119855415e-01 
2.2778212521e-05 6.8219650929e-01 
5.3638080417e-05 7.0057054959e-01 
1.4417823509e-05 7.3102381700e-01 
2.7719778249e-05 6.6385570630e-01 
1.3273291769e-04 6.7682736740e-01 
5.6126814584e-05 7.0420068852e-01 
5.3172322644e-05 6.9852984175e-01 
4.1291667210e-05 7.0058964472e-01 
1.9514424046e-05 6.8448338330e-01 
4.6317874926e-05 7.0806900033e-01 
1.2003157492e-05 7.4567170647e-01 
3.9968205879e-05 7.1823359167e-01 
1.4887806373e-05 7.0278918772e-01 
2.0974535711e-05 1.0000000000e+00 
7.5379313260e-05 6.9584455899e-01 
5.7314305440e-06 1.0000000000e+00 
1.1317446288e-04 6.8417643426e-01 
1.8006148545e-05 7.1514232301e-01 
1.8813300203e-05 6.8004725908e-01 
2.1999179280e-04 1.0000000000e+00 
4.9822955282e-05 7.1044620407e-01 
1.1063420558e-04 6.8476278139e-01 
3.0127653931e-05 7.1650254472e-01 
8.3504439180e-05 6.9406338302e-01 
1.5122612390e-04 6.7457328223e-01 
2.8006334761e-04 6.5100619483e-01 
2.5417845354e-04 6.5460594526e-01 
1.6676548170e-04 1.0000000000e+00 
1.0513453601e-04 6.8484613127e-01 
1.1513523358e-05 1.0000000000e+00 
1.4366369358e-05 7.2394449225e-01 
7.9383548055e-06 7.1667368130e-01 
9.1075024316e-05 6.8824715849e-01 
9.1565476737e-05 6.9062008674e-01 
8.3125258706e-05 6.8949770649e-01 
2.4531289644e-04 6.6022276297e-01 
1.3829877772e-05 7.4610563868e-01 
2.8353339159e-05 7.1458950231e-01 
1.8332006195e-05 1.0000000000e+00 
4.3198860620e-05 7.0565216644e-01 
3.3069733651e-04 6.4045255352e-01 
8.6244997315e-05 6.9065512493e-01 
1.4419915148e-04 8.1692755618e-01 
3.7402573346e-05 7.1761357134e-01 
1.0169734528e-04 6.8389663477e-01 
4.6151694296e-05 7.0828104336e-01 
4.1025231612e-05 7.0957364706e-01 
1.1672027674e-04 6.8120507842e-01 
2.4585660439e-05 7.1502113921e-01 
2.1504897726e-05 7.4746009119e-01 
1.1013374384e-05 7.5289246481e-01 
8.9367323342e-05 6.8907865093e-01 
5.7689818372e-05 7.0236270419e-01 
1.8103545794e-04 6.6922777697e-01 
3.3548564367e-05 6.6807646373e-01 
1.6038065181e-04 7.0033967702e-01 
5.8829621044e-05 6.9330082332e-01 
5.0770524187e-05 7.0679913238e-01 
3.9964039027e-05 7.1370618596e-01 
4.5712195665e-05 6.9900835581e-01 
1.0347254004e-04 7.0062535209e-01 
2.4991277152e-05 6.8488562488e-01 
5.8752463856e-06 1.0000000000e+00 
7.4930889631e-05 7.0399206147e-01 
2.0065454728e-04 7.0690316844e-01 
1.7971230151e-05 6.9255909596e-01 
1.9167356768e-05 7.3582719242e-01 
3.0102338998e-05 6.6128500003e-01 
7.9829897366e-05 6.9336043468e-01 
2.3650825826e-05 7.2603235010e-01 
1.4930153120e-04 6.9354167612e-01 
8.9307070955e-05 6.9070475767e-01 
6.1892360610e-04 6.0964194578e-01 
2.1391690890e-05 6.7023747852e-01 
5.4972769529e-05 6.9718258296e-01 
4.1948121147e-04 6.3262281161e-01 
1.5931078949e-04 6.7185274619e-01 
1.5155705927e-04 6.7387042120e-01 
3.1611543320e-05 7.0903967139e-01 
1.7167485639e-04 6.6909953037e-01 
2.5978477303e-05 7.0958419153e-01 
8.1537659101e-05 6.9495909042e-01 
1.1456357354e-04 6.8272921224e-01 
8.5991095147e-04 5.8745380601e-01 
1.7105415178e-04 6.7278965705e-01 
2.4177196259e-04 6.5601723033e-01 
2.8227304775e-05 7.1624808816e-01 
7.3818747464e-05 6.9361554377e-01 
2.2089844636e-04 6.6050921324e-01 
1.7363310776e-05 7.2399835107e-01 
1.4628225800e-04 1.0000000000e+00 
8.0380449115e-05 6.9361024309e-01 
3.8985739779e-05 9.9322954594e-01 
1.2277631203e-04 6.8070331089e-01 
1.8576750400e-04 1.0000000000e+00 
2.5842349863e-05 7.2081247700e-01 
9.0848344528e-05 6.8940821483e-01 
4.0970657614e-05 7.0855805337e-01 
3.5957689005e-05 1.0000000000e+00 
4.2186626848e-05 7.1664300295e-01 
1.0534164647e-04 6.8299701940e-01 
4.9673766130e-05 6.9346179455e-01 
7.9758463938e-05 6.9404512694e-01 
4.8646549037e-05 7.0818124049e-01 
1.4428563821e-04 6.8926385416e-01 
1.4531348963e-05 7.4002267635e-01 
2.8423507046e-04 6.4998531398e-01 
1.2344419724e-05 1.0000000000e+00 
1.6652075016e-04 6.7083385690e-01 
3.6591676955e-05 7.0287314010e-01 
2.1934074662e-05 7.2528505989e-01 
9.6114797299e-05 1.0000000000e+00 
3.2866780142e-05 7.4044698890e-01 
2.1550811349e-04 1.0000000000e+00 
1.9379226391e-05 6.8964210773e-01 
3.6543057811e-05 7.0677193300e-01 
1.6535892419e-04 1.0000000000e+00 
2.7393869256e-05 7.1887028335e-01 
6.7716759635e-05 6.9723952106e-01 
6.5660675258e-05 6.9995264565e-01 
2.4921312856e-05 7.2918786328e-01 
9.8183914427e-05 6.8758787540e-01 
1.6045511007e-04 6.7751804705e-01 
5.7938008358e-05 6.9995851121e-01 
8.1951160599e-06 1.0000000000e+00 
2.9860101476e-04 6.5228247176e-01 
8.4651240016e-05 6.9539450412e-01 
1.9701463817e-05 6.6250606865e-01 
1.7119148850e-05 7.3431917938e-01 
1.7267334958e-05 7.3013118527e-01 
1.8355236968e-05 7.2672223968e-01 
1.4961898798e-04 1.0000000000e+00 
2.4989491346e-05 7.0648365698e-01 
7.0983664940e-05 7.0216961012e-01 
5.0875495347e-05 7.0056721478e-01 
3.0146175055e-04 9.9338138160e-01 
1.5180421539e-05 7.0432181642e-01 
5.6027733341e-05 1.0000000000e+00 
1.2165398986e-05 1.0000000000e+00 
2.7245830973e-05 7.3438193668e-01 
2.1012020136e-04 6.6132985061e-01 
5.6009401218e-04 6.2170762850e-01 
1.5929790601e-04 6.6940440772e-01 
1.7059366545e-05 6.7058033062e-01 
4.4090961868e-05 7.0054501769e-01 
1.5217237256e-04 6.7257896047e-01 
3.0136055828e-05 6.5276180448e-01 
5.5430739872e-05 1.0000000000e+00 
3.4783466446e-05 7.0909880226e-01 
1.3183656583e-04 6.8302945266e-01 
4.0669741070e-05 7.0853776251e-01 
2.2606538566e-05 6.8847351189e-01 
3.1429308340e-05 7.1904118070e-01 
1.9462322423e-04 6.6069169079e-01 
9.1704691770e-05 6.8889636250e-01 
7.2349193478e-05 6.9554644088e-01 
3.3236168690e-05 7.1934119855e-01 
1.2346711266e-05 7.4717718451e-01 
4.3021237589e-05 8.1360563139e-01 
5.4546898401e-05 7.0357344717e-01 
8.3996891079e-05 6.9140125023e-01 
7.6646430803e-05 1.0000000000e+00 
7.0759274183e-06 1.0000000000e+00 
1.7773034643e-04 6.6999077315e-01 
8.2404268759e-05 6.9224002893e-01 
7.3881552976e-05 6.9548704892e-01 
1.0613967188e-04 1.0000000000e+00 
5.9721021580e-04 6.1719215384e-01 
4.8982916758e-05 7.0380457679e-01 
1.6925457787e-04 6.7134906416e-01 
1.8224126328e-04 6.6852641016e-01 
4.2271563066e-04 6.2799237924e-01 
8.6690668077e-05 6.8828218177e-01 
9.5796998834e-06 7.1657034017e-01 
1.8135042911e-04 6.6597820688e-01 
4.4817374185e-05 7.2488412616e-01 
1.2560927752e-05 7.3099894540e-01 
4.2135292673e-05 7.0797549333e-01 
4.5355979444e-05 7.1103467092e-01 
7.0175456499e-05 6.9739570129e-01 
9.4161847589e-05 6.8869648691e-01 
4.7069902222e-05 7.1083543732e-01 
2.1313410813e-05 7.2982171907e-01 
4.7782882030e-05 7.0658343907e-01 
4.4549310365e-05 7.0548026083e-01 
4.6207462398e-05 7.0541336866e-01 
3.5679426033e-04 6.6181889483e-01 
2.0689206895e-05 1.0000000000e+00 
1.9928121921e-05 7.1325727010e-01 
9.0693018832e-05 6.8972718817e-01 
6.7532874044e-05 6.9937497576e-01 
9.3226029221e-05 6.9745526324e-01 
1.8082097703e-05 6.5487479030e-01 
4.2808644913e-05 1.0000000000e+00 
3.2356872766e-05 7.0479447478e-01 
7.7449692783e-06 1.0000000000e+00 
1.0434997987e-05 1.0000000000e+00 
1.2254568229e-04 6.8047714927e-01 
6.8491714648e-05 6.9820569684e-01 
1.5971421234e-05 6.6147552679e-01 
2.8291137083e-04 6.4689228313e-01 
8.6912686540e-05 6.9145148896e-01 
2.4826163146e-05 7.1192979735e-01 
7.9725671290e-04 9.8117371877e-01 
2.6492536613e-04 6.5200534214e-01 
1.1587448451e-05 6.9644830537e-01 
4.3191841843e-05 6.9856075379e-01 
1.7997660243e-04 6.7328588464e-01 
3.7496748437e-05 7.1252137999e-01 
2.3971175650e-05 6.5608626757e-01 
7.5932883075e-04 1.0000000000e+00 
2.6221295003e-05 7.2472860096e-01 
3.1419162139e-04 6.4395590604e-01 
9.6316268626e-06 6.6890625770e-01 
4.5062972849e-05 7.0608375925e-01 
8.2748351718e-05 6.9211269612e-01 
2.7083545267e-04 6.5353673962e-01 
2.6339647923e-05 7.1265859710e-01 
1.7114685550e-05 6.7434877970e-01 
1.9619535088e-05 7.3492285702e-01 
3.3263345431e-05 6.5353690393e-01 
1.4937863750e-04 6.7445552097e-01 
6.5988275071e-05 7.0015583219e-01 
8.1861376649e-04 1.0000000000e+00 
1.1719570502e-04 6.8460357220e-01 
4.6717158525e-04 6.2963690584e-01 
3.1436234555e-05 7.1138991233e-01 
1.5700874035e-05 1.0000000000e+00 
1.1687589385e-04 1.0000000000e+00 
5.5143776239e-06 1.0000000000e+00 
7.0990762029e-06 1.0000000000e+00 
7.4235054504e-04 6.0097318880e-01 
1.7437232936e-04 6.6829895497e-01 
4.1144105953e-05 7.1350333770e-01 
8.3598475278e-04 8.5720779399e-01 
2.2147022995e-05 1.0000000000e+00 
4.7179827743e-05 1.0000000000e+00 
5.4492341232e-05 7.0503708546e-01 
6.7021065334e-04 6.0859669901e-01 
2.5193519085e-05 6.6541894135e-01 
4.9436028670e-05 6.9946310885e-01 
4.9618659145e-04 6.2430291494e-01 
1.2606591772e-05 1.0000000000e+00 
2.4301195859e-04 6.5879238741e-01 
2.8413400247e-05 7.1104644270e-01 
8.5837569425e-04 5.8565281599e-01 
3.2074412727e-05 6.5319295023e-01 
4.3016080744e-05 7.0727822213e-01 
5.8578205137e-04 6.3072196900e-01 
2.9273397311e-05 6.6965368565e-01 
4.2948910994e-04 6.2993193847e-01 
4.3129247699e-05 7.1781057645e-01 
9.2771047177e-06 1.0000000000e+00 
6.6214162963e-04 6.0929922578e-01 
2.3518885141e-05 7.1011708861e-01 
3.7609681814e-04 6.3708634304e-01 
3.1358992980e-05 7.2579215493e-01 
2.5850466850e-05 7.2823886718e-01 
5.7343099630e-05 7.0318229272e-01 
1.8018461498e-05 7.2314193416e-01 
1.9932913103e-04 6.6492720939e-01 
9.4295306814e-05 6.9848663873e-01 
2.6773599465e-04 6.5206473470e-01 
5.0739327999e-05 7.0241641566e-01 
1.8099944108e-05 6.6212194353e-01 
1.3731313587e-05 6.7236612173e-01 
1.3291497227e-05 7.2977984117e-01 
1.9074073009e-05 6.7406142996e-01 
9.7552951015e-05 6.8930844784e-01 
3.5948005996e-05 7.1175806184e-01 
1.1312468847e-04 6.8206504703e-01 
3.3697775486e-05 7.1569732272e-01 
1.2638403438e-05 7.6428298293e-01 
7.3374768436e-05 6.9365825596e-01 
1.3093738663e-04 6.7740923249e-01 
1.5245148708e-05 7.5562520511e-01 
7.4277340147e-05 6.9572946510e-01 
6.9568849674e-04 1.0000000000e+00 
1.9149871904e-05 1.0000000000e+00 
5.2347018247e-05 7.1068133516e-01 
1.2058607659e-04 6.8246621740e-01 
1.8464183065e-05 6.6426089011e-01 
3.4677939568e-04 1.0000000000e+00 
1.2387003626e-04 1.0000000000e+00 
2.8181123479e-04 6.5103655814e-01 
2.9463169853e-04 1.0000000000e+00 
1.8413240826e-05 6.6059024520e-01 
8.0011535836e-05 6.9379350530e-01 
3.3810542786e-05 7.2392599333e-01 
2.5059882034e-04 1.0000000000e+00 
8.4328639826e-05 6.9271539848e-01 
3.0438937065e-05 1.0000000000e+00 
1.0072360335e-04 6.8751574779e-01 
1.3473904048e-04 6.7702961134e-01 
6.5346104606e-05 6.9934002620e-01 
1.9138412905e-05 7.3322657632e-01 
1.1309710701e-04 6.8282537594e-01 
3.5882797695e-05 1.0000000000e+00 
2.5091998777e-05 7.3204612517e-01 
6.1567936015e-04 6.1270398186e-01 
9.0076636702e-06 7.4336022138e-01 
5.6669304512e-05 6.9580724236e-01 
5.2891751390e-04 6.2126605450e-01 
2.5330104995e-05 7.2527398750e-01 
1.1656690823e-05 1.0000000000e+00 
1.6318004442e-05 6.8547391848e-01 
5.7592957572e-05 7.1672973081e-01 
5.2630332829e-05 7.1031590272e-01 
5.0458188905e-05 7.1004521543e-01 
3.8248304351e-04 6.3750262605e-01 
1.9602392336e-05 7.3033330332e-01 
1.7661537776e-05 1.0000000000e+00 
6.5598663062e-05 7.0321270375e-01 
5.9046408560e-05 1.0000000000e+00 
2.7314610592e-05 6.9826372440e-01 
6.2806339246e-05 7.0212991153e-01 
7.4032421088e-06 1.0000000000e+00 
7.3213502155e-05 6.9649440913e-01 
5.7893282845e-05 7.0169245622e-01 
2.4973077226e-04 7.2457228903e-01 
4.1643754508e-05 7.0009662975e-01 
2.9514567817e-04 1.0000000000e+00 
2.6174106481e-04 6.6062083331e-01 
5.0111081922e-05 7.0762218528e-01 
7.9500214482e-05 6.9077697346e-01 
4.4526150095e-05 6.7762609181e-01 
3.4103931841e-05 6.6211622773e-01 
1.4663587451e-04 6.7433372956e-01 
9.9195360918e-05 6.8506640301e-01 
1.3930258001e-04 6.7379326429e-01 
4.9707558262e-05 7.0108254730e-01 
4.2851103734e-05 7.0465273243e-01 
1.5103584104e-05 1.0000000000e+00 
2.3558775810e-05 6.5041137168e-01 
1.0070225430e-04 6.8945110599e-01 
6.5699753762e-05 7.0200842622e-01 
1.3707967153e-04 6.7554885484e-01 
8.7146017624e-04 6.0339293240e-01 
8.1703770849e-05 6.9344276855e-01 
2.5468758383e-05 1.0000000000e+00 
2.8821475566e-05 7.1458042114e-01 
2.2540952444e-04 6.6144422975e-01 
1.2515651606e-04 6.8410656249e-01 
2.1054840450e-05 1.0000000000e+00 
5.7782456406e-04 6.1434922849e-01 
1.3563697558e-04 7.1173343009e-01 
4.5184924184e-04 6.3514210854e-01 
6.4538423004e-05 6.9366307640e-01 
3.7147923471e-05 7.1818522784e-01 
8.6490306896e-05 7.2518186580e-01 
5.8459128715e-05 7.0020029363e-01 
7.6494538848e-04 6.0267020296e-01 
1.3555162306e-05 7.4967040921e-01 
6.0666493275e-06 6.8434593195e-01 
3.1399448619e-05 6.5924421475e-01 
4.4701026250e-05 1.0000000000e+00 
8.3810084936e-05 6.8979553585e-01 
1.8525704423e-05 6.5869620719e-01 
2.5018665793e-04 6.5619239176e-01 
8.1123187925e-06 1.0000000000e+00 
6.4816133322e-05 6.9836462822e-01 
8.8024927260e-05 6.9560893146e-01 
1.7061476015e-04 6.7003459849e-01 
1.4323909036e-04 6.7518359047e-01 
2.3481992378e-04 1.0000000000e+00 
1.5843539169e-05 1.0000000000e+00 
9.7859443341e-05 6.9050245965e-01 
5.4163796321e-04 9.9768864914e-01 
8.8406613174e-06 1.0000000000e+00 
1.1885325882e-04 6.7874696133e-01 
1.4982508943e-04 6.8062728301e-01 
1.1918290714e-05 7.4557710140e-01 
2.0677532438e-04 6.6436356960e-01 
1.9829692928e-04 6.6738495066e-01 
2.7454014915e-05 1.0000000000e+00 
2.9806926127e-05 1.0000000000e+00 
1.2136094262e-04 6.8044346142e-01 
1.0350391044e-05 7.5871861528e-01 
2.7335441436e-04 6.5574320746e-01 
5.2362929555e-05 7.2843829729e-01 
2.6439259160e-05 7.1429596152e-01 
1.4792500112e-05 1.0000000000e+00 
5.9497804077e-05 7.0666683721e-01 
4.2652039269e-05 7.0924279137e-01 
1.3123329539e-04 6.7824106750e-01 
7.5884581733e-05 6.9470665136e-01 
2.1495098849e-04 6.6137645153e-01 
5.3340789087e-05 7.0468600727e-01 
1.2770633537e-05 6.6544539626e-01 
9.9201771013e-05 1.0000000000e+00 
1.6803337080e-05 7.2799931454e-01 
1.2888366907e-05 1.0000000000e+00 
2.0191602157e-05 6.7168725515e-01 
3.4223596865e-05 7.0540333431e-01 
2.0295999159e-05 7.2921879148e-01 
1.6619659255e-04 6.7451486778e-01 
4.0841598073e-05 6.5421097098e-01 
1.8722012296e-05 6.6303048325e-01 
1.9376577561e-04 6.6466618806e-01 
4.1308044664e-05 7.1289646343e-01 
5.0804520078e-06 1.0000000000e+00 
2.0385810591e-04 6.6500344336e-01 
3.5741518955e-05 6.4609223248e-01 
2.2303166411e-05 7.2913113761e-01 
3.2580398189e-05 7.0437153926e-01 
1.5852772179e-05 1.0000000000e+00 
1.3942053851e-05 1.0000000000e+00 
1.0148511392e-05 7.3566655527e-01 
3.9778091732e-05 7.0977695032e-01 
3.9660647319e-05 7.1298960474e-01 
2.1944264918e-05 7.2132916208e-01 
1.3026242310e-04 6.7940781911e-01 
3.0915653972e-04 6.4144564501e-01 
1.0533133954e-05 6.6463991437e-01 
4.6898706283e-05 1.0000000000e+00 
2.7906922169e-05 7.1348403874e-01 
1.0747164092e-05 6.8748077313e-01 
1.1776212248e-05 7.4248485542e-01 
8.4028958599e-05 6.9195135411e-01 
8.0060221347e-06 1.0000000000e+00 
5.1391549059e-04 1.0000000000e+00 
1.7968067841e-04 6.6697830073e-01 
2.1664758893e-04 1.0000000000e+00 
3.1550890925e-04 6.4580065614e-01 
1.1554538448e-05 1.0000000000e+00 
6.6732649508e-05 6.9931611207e-01 
7.1083259468e-05 6.9314759083e-01 
7.2612655175e-05 6.9163213964e-01 
3.7441123988e-05 6.5241876279e-01 
1.8099311926e-04 1.0000000000e+00 
1.3571792721e-04 6.7714109538e-01 
2.8702973707e-05 6.6556534088e-01 
1.1964443443e-04 6.8004221045e-01 
1.8556100289e-04 6.6733493638e-01 
6.8700091599e-04 1.0000000000e+00 
5.1774913184e-06 1.0000000000e+00 
1.0647390778e-04 6.8442322518e-01 
9.7581731494e-06 7.0032476811e-01 
2.2532735208e-04 6.5961954521e-01 
3.6869838883e-04 6.3880146814e-01 
2.3134683456e-04 6.5927481781e-01 
4.0939174879e-05 7.0702828628e-01 
3.8671629197e-05 7.1699662527e-01 
5.7014231439e-05 7.0255612305e-01 
4.8141135485e-04 6.2717793620e-01 
6.0621202681e-05 6.9881500571e-01 
7.0032569124e-04 6.0559153267e-01 
1.7421388459e-05 6.9730642805e-01 
6.3342557743e-05 6.9798149995e-01 
1.2653374285e-04 1.0000000000e+00 
2.9968918694e-04 6.4771017583e-01 
9.8095204242e-05 6.8503906462e-01 
2.0277361357e-05 7.2859932061e-01 
1.3083894686e-04 1.0000000000e+00 
9.8910422670e-05 6.8865634417e-01 
7.3139837914e-06 6.9802694284e-01 
4.4410932867e-05 1.0000000000e+00 
2.6406395809e-04 6.5158075624e-01 
1.1229541866e-04 6.8488242896e-01 
1.9975932724e-05 7.2931100033e-01 
2.7057606711e-04 1.0000000000e+00 
5.5144590073e-04 6.1508332479e-01 
1.0121088929e-04 6.8740289782e-01 
1.1919672502e-05 1.0000000000e+00 
9.0277059672e-05 6.8953741997e-01 
8.6233346136e-05 6.8564557492e-01 
1.4338476079e-04 6.7693073524e-01 
1.7547902068e-05 1.0000000000e+00 
1.3940821720e-05 7.4229187328e-01 
2.7348784777e-05 7.2140531812e-01 
2.9852671239e-05 7.1969994771e-01 
5.6466990901e-04 6.1395276207e-01 
6.9471395235e-05 7.0238659038e-01 
4.0402282794e-04 6.3884542973e-01 
6.7082872507e-04 6.4876201363e-01 
5.4679207335e-05 8.6671995194e-01 
4.5540497627e-05 7.3122076080e-01 
4.0780634815e-05 7.1104941781e-01 
1.8862748603e-04 6.6710846946e-01 
3.1347136116e-05 7.1435238064e-01 
3.1335998537e-05 6.8292354514e-01 
3.3056943861e-04 6.4173055143e-01 
3.6096610927e-05 7.1787714534e-01 
2.1149783874e-05 1.0000000000e+00 
1.0331123358e-04 6.8417655684e-01 
2.5362426208e-05 7.2304541507e-01 
1.8412792111e-05 6.6248898789e-01 
4.1920081901e-05 1.0000000000e+00 
1.3305451866e-05 6.6996638962e-01 
2.0845776211e-04 6.6384309265e-01 
7.5627017015e-06 1.0000000000e+00 
1.8787582394e-05 6.5845810330e-01 
9.3373641956e-05 6.9500494901e-01 
9.3964198318e-06 1.0000000000e+00 
9.4214880044e-05 6.8732477672e-01 
3.5954568816e-05 7.1262602000e-01 
3.4875907827e-05 7.1876942915e-01 
4.1447779810e-05 7.0959458223e-01 
1.1980665359e-05 7.4759091822e-01 
5.8604089730e-05 1.0000000000e+00 
4.4508724699e-05 7.0849061511e-01 
6.3332324432e-05 7.0348459630e-01 
2.2518789992e-04 9.9904654505e-01 
2.6731102701e-05 6.5782158065e-01 
5.2571250154e-06 1.0000000000e+00 
1.7089712607e-04 6.8715710771e-01 
3.4858865100e-05 6.7196503638e-01 
7.1930739776e-05 6.9804995183e-01 
3.4051366530e-05 1.0000000000e+00 
2.4173132777e-04 1.0000000000e+00 
1.6396240822e-05 6.7296095403e-01 
6.9302075347e-05 6.9398986155e-01 
3.4445889773e-04 1.0000000000e+00 
4.5877532672e-05 6.9800894234e-01 
1.1334466970e-04 6.8592758214e-01 
1.3917785570e-04 7.4989604699e-01 
4.6027264708e-05 7.0694828565e-01 
4.3642153936e-05 7.0704720608e-01 
1.1144751535e-04 1.0000000000e+00 
1.7172488388e-04 6.7606774098e-01 
6.3840932031e-05 7.0239095952e-01 
1.5843210927e-04 6.7341293873e-01 
1.6133520893e-05 7.3729819846e-01 
1.5189237495e-04 1.0000000000e+00 
9.4697841490e-05 6.8881047792e-01 
7.0986217552e-06 1.0000000000e+00 
1.7761820830e-05 7.2509429668e-01 
4.1813934726e-05 7.1319258363e-01 
6.3012928927e-05 6.9331362951e-01 
3.6568606921e-04 6.7870908931e-01 
1.9877669532e-05 6.6885833070e-01 
3.2901137197e-05 1.0000000000e+00 
1.6801340950e-04 1.0000000000e+00 
3.8876575424e-05 7.1517887964e-01 
1.0938080853e-04 6.8405327061e-01 
4.6670624831e-05 7.0621062679e-01 
2.5976781689e-04 6.5388040475e-01 
4.8165992306e-05 6.9963863301e-01 
1.7934129040e-05 7.2202241370e-01 
3.3138543191e-04 6.4014485419e-01 
1.9031629291e-05 1.0000000000e+00 
3.5686739746e-04 6.4539770822e-01 
4.1852773403e-05 7.0775836050e-01 
4.7105617118e-05 7.0479553351e-01 
2.7621043501e-05 6.5249414280e-01 
1.5344621181e-04 6.7039855839e-01 
3.5592089278e-05 7.1310011024e-01 
4.2997273333e-04 6.2883244677e-01 
3.9033968108e-05 7.0369210682e-01 
8.2672191355e-05 6.9495083356e-01 
2.7771696626e-05 1.0000000000e+00 
4.6149228947e-05 7.0673474946e-01 
1.0589832844e-04 1.0000000000e+00 
2.1263940746e-04 6.6151533783e-01 
1.4367919069e-04 6.7961448003e-01 
2.4416748599e-04 6.5680870348e-01 
1.1804810272e-05 7.4769196160e-01 
4.3477269272e-05 1.0000000000e+00 
2.5757719421e-05 7.1173948606e-01 
2.0155016607e-05 6.6506069003e-01 
2.5606247485e-05 6.5147914524e-01 
8.5528462187e-05 6.9327614320e-01 
1.2740967118e-05 7.4928474971e-01 
1.2903774911e-04 1.0000000000e+00 
8.1360262092e-05 6.9345969122e-01 
5.0623648803e-05 7.0699099129e-01 
1.1829656157e-04 6.8145187793e-01 
1.3779295119e-05 7.4354461985e-01 
2.2119843360e-05 7.3946755492e-01 
8.4359997538e-05 6.9179718339e-01 
5.4442327004e-05 7.0316076314e-01 
1.2368456781e-05 1.0000000000e+00 
4.7275334435e-05 9.0597397048e-01 
3.2739954113e-05 7.0207450152e-01 
4.7224915476e-05 7.0671247640e-01 
1.1060765105e-04 6.8245252771e-01 
3.0768906883e-05 7.0409684697e-01 
5.6983442421e-05 6.9674448266e-01 
5.9478530142e-05 6.9595679190e-01 
2.0016396693e-04 6.6391052403e-01 
2.0883299536e-05 7.1029790003e-01 
1.9524412707e-04 1.0000000000e+00 
2.5184971638e-05 7.2268061010e-01 
1.5541365131e-04 1.0000000000e+00 
1.0560337509e-05 1.0000000000e+00 
1.2296735312e-04 6.8103424301e-01 
1.6923485696e-05 1.0000000000e+00 
1.4159886546e-05 7.4226471693e-01 
3.4005322350e-05 7.2414191144e-01 
1.1940049178e-04 1.0000000000e+00 
1.0124422623e-04 6.8824621732e-01 
1.0485844511e-04 9.6828546678e-01 
2.0734999127e-04 1.0000000000e+00 
3.9830369393e-05 7.1186420620e-01 
9.1181024639e-06 7.7526585278e-01 
1.4390130183e-05 1.0000000000e+00 
3.4294035702e-05 7.1412136938e-01 
3.4569783703e-04 6.5925381006e-01 
1.7149876382e-05 7.2398644561e-01 
1.7661476637e-04 6.6904408844e-01 
1.9396562183e-05 1.0000000000e+00 
2.9975623453e-04 6.4913118502e-01 
2.0556170814e-04 6.6331420307e-01 
7.5950331669e-05 6.9465153246e-01 
2.9701229576e-05 7.1933090276e-01 
9.6359703526e-06 7.5134858883e-01 
2.1134413396e-05 7.1771327288e-01 
3.1025474098e-05 1.0000000000e+00 
2.4349392921e-05 7.2563022337e-01 
6.7652956806e-05 6.9676162135e-01 
3.4153302087e-05 7.1054108080e-01 
1.6672061330e-05 6.7169622718e-01 
1.2192755151e-04 1.0000000000e+00 
4.7387742412e-05 7.3797681626e-01 
2.1831014398e-05 7.5826187980e-01 
8.7809148374e-04 1.0000000000e+00 
1.6203731815e-05 6.5743612260e-01 
1.9347908149e-04 6.6816848677e-01 
1.5865029116e-05 7.3800147254e-01 
9.1800955956e-05 6.8951067219e-01 
2.4434922005e-05 7.2610937850e-01 
1.0010054778e-05 1.0000000000e+00 
4.8163795144e-05 7.0131149507e-01 
1.5942093994e-05 7.2114605068e-01 
8.5842923174e-06 1.0000000000e+00 
4.6285098919e-04 6.3306031497e-01 
6.7391711072e-05 6.9653678669e-01 
3.6711491001e-05 7.1149072460e-01 
2.0345231342e-05 6.9368665681e-01 
1.3948190409e-04 6.7627474187e-01 
2.4828385177e-05 6.5905211829e-01 
6.3932712725e-05 6.9783080396e-01 
4.8929447219e-05 7.0347002099e-01 
2.9608854052e-04 6.5023718782e-01 
4.8639381807e-04 6.2630207550e-01 
2.6725928556e-05 7.1835056432e-01 
4.9112272191e-05 7.0836765335e-01 
2.0263496237e-05 7.3371100646e-01 
2.6139652263e-05 1.0000000000e+00 
7.5129342533e-05 6.9636955665e-01 
1.1367369425e-05 7.6819976091e-01 
2.1378972217e-05 6.7013744717e-01 
3.0264800893e-05 7.5802380911e-01 
7.3449547983e-05 6.9033047883e-01 
2.7535520486e-05 7.2442541040e-01 
9.8308250380e-05 6.8690713742e-01 
7.4680296865e-05 6.9639961509e-01 
4.6891885728e-04 6.2869975227e-01 
9.9605776136e-05 6.8661757145e-01 
6.3073949361e-05 7.0210754128e-01 
4.6245048873e-05 7.1407734129e-01 
6.0572511600e-05 1.0000000000e+00 
1.6932533699e-04 6.7456964994e-01 
1.6187875314e-05 7.2332947870e-01 
9.0789984666e-06 7.5981944363e-01 
1.8678933925e-05 6.5664842774e-01 
8.5889517893e-05 6.9285642628e-01 
1.1465577057e-04 9.6486685105e-01 
4.9803535176e-04 6.2415459392e-01 
1.2929691279e-05 1.0000000000e+00 
3.4862489143e-05 7.0332642920e-01 
9.6873773978e-06 7.0197425989e-01 
6.9043859669e-05 6.9765193710e-01 
1.7910066600e-04 1.0000000000e+00 
1.1993922201e-04 6.7999273480e-01 
1.6437384415e-04 6.7122068848e-01 
2.1487273390e-04 1.0000000000e+00 
2.5188127976e-05 7.2835531925e-01 
5.5567931817e-05 7.0433221419e-01 
1.0815238253e-04 6.8459453094e-01 
6.7089452602e-06 1.0000000000e+00 
3.3524972254e-05 7.0807620995e-01 
2.2351561548e-05 7.0053724021e-01 
2.5792016398e-05 7.1804239647e-01 
1.2189761721e-04 6.8094354575e-01 
3.3249366340e-04 6.4447439178e-01 
3.2013885251e-05 1.0000000000e+00 
1.3632731516e-05 6.9170349901e-01 
7.3467146394e-05 6.9561893957e-01 
1.9289768495e-04 6.6672690498e-01 
1.3295797496e-04 6.7877952814e-01 
3.2633583424e-05 7.1855820065e-01 
1.7371784553e-05 7.1501094251e-01 
1.8423206933e-04 6.7145470918e-01 
6.5684923636e-04 6.1227154287e-01 
7.5496614300e-05 6.9476742775e-01 
3.6635555131e-04 6.3951895400e-01 
1.7530761713e-05 7.3330560567e-01 
2.5639357903e-05 7.2573088488e-01 
1.2394005694e-05 1.0000000000e+00 
2.1057193025e-05 7.2569910305e-01 
1.2267793720e-04 6.8152173332e-01 
5.8631901992e-05 6.9667261507e-01 
4.5435739928e-05 7.2466413995e-01 
6.9964969736e-04 6.0304713876e-01 
6.5659654205e-05 7.1488365750e-01 
9.5437472752e-05 6.8812004831e-01 
4.4016929982e-04 6.3399932059e-01 
2.3818291614e-04 6.5824547810e-01 
1.7608951860e-05 6.8099586517e-01 
2.9111039174e-05 1.0000000000e+00 
1.3321529839e-04 6.7786507698e-01 
1.4991819069e-04 6.7381551864e-01 
1.0377052534e-04 6.9367852777e-01 
1.1659551138e-05 7.4476286555e-01 
3.4211788542e-04 6.4211425641e-01 
4.0077713577e-05 6.6258616460e-01 
2.0058812355e-05 7.2951625003e-01 
1.8520084000e-05 1.0000000000e+00 
5.7149396382e-05 7.1060480316e-01 
9.5603489960e-05 6.8716165841e-01 
2.9483422515e-04 1.0000000000e+00 
6.6240348244e-06 1.0000000000e+00 
1.9208427957e-05 6.8382494335e-01 
2.8095304627e-05 6.4780153597e-01 
3.6431776247e-04 6.6624545299e-01 
1.6391761118e-04 6.7459227461e-01 
1.1555012280e-04 6.8872845149e-01 
2.0643774610e-05 6.7117722412e-01 
4.0826437971e-05 7.1300508266e-01 
2.0705881581e-04 6.6275914103e-01 
7.7361873701e-04 6.0717770098e-01 
8.6607256774e-05 6.9129996694e-01 
1.3679331963e-05 7.3844165912e-01 
2.2398056555e-04 6.5452837072e-01 
1.9390499276e-05 6.5757866294e-01 
4.0133244850e-05 7.1063524046e-01 
6.5724983714e-05 7.0152746574e-01 
1.9176131407e-05 7.0452793595e-01 
8.4328183941e-05 6.9111634433e-01 
1.0329736015e-04 6.8542476993e-01 
3.0603026259e-05 7.1299372338e-01 
2.1639399032e-05 7.2726386763e-01 
3.6389457797e-05 7.1556179251e-01 
1.4820071775e-05 7.3153747944e-01 
1.8844234686e-05 7.1963903699e-01 
9.8275229654e-06 1.0000000000e+00 
2.3912300234e-05 1.0000000000e+00 
1.8559587233e-04 6.6554488621e-01 
1.2817367538e-05 1.0000000000e+00 
3.2679016414e-05 7.0007319513e-01 
2.3668337177e-05 6.6579975575e-01 
