2.7176648663e-04 1.6240185185e+04 1.1884625843e+00 
1.4189235542e-04 1.2467517131e+04 6.5027522979e-01 
7.7536361713e-05 1.1319674912e+04 7.8759846377e-01 
8.0025684044e-06 1.5727325851e+04 1.0795698481e+00 
4.2857091636e-04 1.6210885565e+04 1.0162054840e+00 
6.5052506499e-05 1.1275505852e+04 1.0586337235e+00 
1.5790189107e-05 1.1454010606e+04 6.7989810707e-01 
8.5241139249e-05 1.4069461505e+04 1.0974251300e+00 
6.1820958369e-06 1.2208909422e+04 9.3341852964e-01 
2.9272033780e-04 1.2239684005e+04 2.8496792038e-01 
1.8955544468e-05 1.5364171127e+04 6.7796602340e-01 
7.0996044851e-06 1.5820256104e+04 1.0740467447e+00 
1.4542408055e-05 1.5996502081e+04 8.0750067891e-01 
4.7424210278e-05 1.1482122353e+04 1.0688469702e+00 
1.4601079053e-05 1.1856547161e+04 9.9117698291e-01 
1.4248494082e-04 1.6452758262e+04 2.6536544189e-01 
8.3377548656e-05 1.5660821450e+04 4.7065470796e-01 
2.4647300762e-04 1.1513185678e+04 5.8956692563e-01 
1.7984738362e-05 2.0811079465e+04 1.3831385201e+00 
6.0376320382e-04 1.6107287574e+04 1.0159741638e+00 
5.0806122228e-05 1.3715412317e+04 1.0290706451e+00 
2.4427449353e-04 1.6395229317e+04 3.6973226956e-01 
2.0231421430e-04 1.7517657773e+04 1.1075781203e+00 
8.2382182220e-05 1.9184668543e+04 1.6874819877e-01 
4.3358142157e-04 1.1716677949e+04 2.6996103696e-01 
6.6860777900e-05 1.1586110198e+04 7.0678352285e-01 
7.0404466701e-05 1.3282962871e+04 6.2018634440e-01 
1.6944306375e-04 1.2944492884e+04 1.2305384877e-01 
7.8004948030e-05 1.1261127856e+04 8.0893613542e-01 
7.9162426740e-05 1.9458190614e+04 6.4112601637e-01 
3.0986424936e-04 1.8019257668e+04 9.4974704876e-01 
2.0949117349e-05 1.9369268155e+04 5.3022944204e-01 
1.4664846055e-05 1.4065338732e+04 7.1063486745e-01 
1.9118784799e-04 1.4729017171e+04 7.4264377145e-01 
9.8750960634e-05 1.1587163881e+04 9.4536303770e-01 
1.3710412681e-04 1.4290466685e+04 3.1202893623e-01 
8.0270843207e-04 1.8753288453e+04 1.4492369399e+00 
1.6809322090e-05 1.1569389779e+04 9.2224951087e-01 
1.9161760941e-05 1.2951851905e+04 3.4688058940e-01 
7.6887228815e-05 1.1747991638e+04 1.1155378885e+00 
5.2948218949e-04 1.2956266023e+04 1.4029313137e+00 
3.4872523794e-04 1.2534650849e+04 1.1093413524e+00 
9.5664045801e-05 1.5871121157e+04 8.6731644381e-01 
9.7504965324e-06 1.3914919095e+04 8.4421717639e-01 
1.2758770115e-05 2.5000000000e+04 9.8320680185e-01 
8.0472578771e-05 1.2541183857e+04 7.6590413879e-01 
5.4509304912e-05 1.1589690152e+04 1.1042741072e+00 
1.7986146665e-05 1.1980444694e+04 8.3712680625e-01 
5.4341473665e-04 1.1695836691e+04 7.7767811015e-01 
6.4534482785e-05 1.2622507571e+04 3.4117828400e-01 
3.9545462652e-04 1.2478798006e+04 8.7005578683e-01 
4.2829201816e-04 1.6594237343e+04 6.1491060477e-01 
4.1972256926e-05 1.2269389373e+04 1.0619112457e+00 
9.7911321561e-06 1.3632750433e+04 1.3380458775e+00 
3.1529581197e-05 1.1300145753e+04 4.3936351445e-01 
1.2677330229e-04 1.1431087972e+04 6.1501600113e-01 
1.1106123573e-04 1.4000595212e+04 4.2263552317e-01 
7.0536373346e-05 1.5889176070e+04 3.1219454902e-01 
1.3535421871e-05 1.2667326290e+04 1.2037049607e+00 
1.3971848847e-04 1.3882932250e+04 6.3066950882e-01 
2.0119867335e-05 1.2942846685e+04 8.5637223530e-01 
2.0428914037e-04 1.3471078856e+04 4.8042154965e-01 
1.7951733335e-05 1.3192736718e+04 1.1626671701e+00 
1.1645410548e-05 1.2197076340e+04 1.0439405814e+00 
4.2239130755e-05 1.2191939797e+04 6.2871769932e-01 
3.7436009237e-05 2.0081845159e+04 1.1541680336e+00 
3.2752391247e-05 1.2165112361e+04 8.3335745597e-01 
6.5927593738e-05 1.1845417598e+04 1.2741017510e+00 
1.0741703376e-04 1.2443376010e+04 1.0275050420e+00 
2.5221911063e-05 1.2353516859e+04 1.6187475088e-01 
9.7748657938e-05 1.2155482486e+04 1.4083231003e+00 
3.9442944771e-04 1.1320457743e+04 6.4669588437e-01 
8.2141669433e-05 1.3453996184e+04 7.2033565530e-01 
3.3229343172e-04 1.4502204704e+04 5.9632852850e-01 
9.6835689279e-05 1.2694958987e+04 4.0922510649e-01 
5.2340352627e-06 1.6673739578e+04 8.3047885517e-01 
5.3764765781e-05 1.5330967714e+04 8.2094893344e-01 
1.3991655060e-05 1.2734787230e+04 8.0936425944e-01 
1.8273161045e-05 2.2760960233e+04 4.5925185286e-01 
1.8790161144e-04 1.1619017067e+04 6.4744631353e-01 
1.2113850221e-04 1.1461945288e+04 4.2069828798e-01 
1.9003651362e-04 1.1349086037e+04 7.6921776215e-01 
1.5006758730e-05 2.0225634357e+04 9.2614585273e-01 
3.6923097011e-04 1.5185872924e+04 1.3409609305e+00 
9.4640850739e-05 1.3168599674e+04 1.2487328738e+00 
1.4880686458e-04 1.5466778971e+04 6.9669732207e-01 
8.9722809322e-05 1.2287984073e+04 2.8974085938e-01 
4.2235842749e-05 1.1306427698e+04 4.8738151138e-01 
1.3851003990e-05 1.1412827582e+04 9.6396193332e-01 
2.4600539556e-04 1.2348745414e+04 4.5490929810e-01 
2.7254157651e-05 2.5000000000e+04 3.1819825885e-01 
2.4639806131e-04 1.2321552853e+04 4.6501705963e-01 
5.1742302328e-05 1.8146033780e+04 1.3495012698e+00 
8.1228105927e-04 1.1417986113e+04 1.1978411313e+00 
1.4035932749e-05 2.2389023371e+04 7.1955619242e-01 
4.7465558147e-05 2.5000000000e+04 8.2312670049e-01 
2.0299672351e-05 1.1351899343e+04 2.2375502657e-01 
5.3861848849e-05 1.3899823232e+04 2.4848026194e-01 
8.3095969723e-05 1.3311186751e+04 4.4058947585e-01 
3.8501175565e-04 1.6799340962e+04 5.9572603075e-01 
3.6163430210e-05 1.2424666714e+04 9.8607320959e-01 
1.0459801680e-05 1.3692375277e+04 1.2660317661e+00 
2.5037982321e-05 1.1625216030e+04 1.4023479324e+00 
4.6464605125e-05 1.2985833016e+04 2.4163348278e-01 
2.5974927530e-05 1.1633927868e+04 1.2828661121e+00 
5.8385489392e-06 1.4215672409e+04 1.2104851156e+00 
1.7270219777e-05 2.4981999629e+04 6.6782605046e-01 
7.1524849171e-05 1.6121006933e+04 1.0435585942e+00 
4.7146380588e-05 1.2807621653e+04 5.7704650020e-01 
3.0487198943e-04 2.0580010439e+04 1.1856716720e+00 
1.9313945000e-04 1.6005601619e+04 8.1043576581e-01 
8.0098586767e-04 2.2652157466e+04 1.1300396987e+00 
1.4416961013e-04 1.1517572021e+04 6.2031625076e-01 
5.6219940417e-04 1.1730899812e+04 3.5107462039e-01 
4.2829674946e-04 1.3471246397e+04 7.4032252246e-01 
1.1610311639e-04 1.3499826115e+04 5.8160766598e-01 
5.4482698038e-04 1.4347951655e+04 3.5281970740e-01 
7.6108884500e-05 1.3970150622e+04 2.7942689861e-01 
7.0379880396e-05 1.6510042375e+04 9.4705968550e-01 
1.7592906029e-05 1.2699415202e+04 1.0740743955e+00 
2.7239307323e-05 1.2583838947e+04 4.8218319369e-01 
1.6856762671e-04 1.4137549594e+04 1.2910487846e+00 
1.5464178930e-04 1.1532154737e+04 1.0089102064e+00 
5.9667349265e-05 1.5059817786e+04 5.3443339026e-01 
4.4518607619e-05 1.2635556215e+04 5.6525466928e-01 
3.9830403000e-05 1.1940313790e+04 5.6768997906e-01 
2.7518639132e-05 1.1490093446e+04 8.6649339882e-01 
3.4095850005e-05 1.6394094108e+04 9.0292345475e-01 
5.8588084786e-04 1.2116606706e+04 4.8926518978e-01 
8.7984520661e-06 1.2107330417e+04 1.2774411039e+00 
5.3496932320e-05 1.1699977754e+04 1.0135059045e+00 
3.0404154947e-04 1.2503043330e+04 6.9234891401e-01 
8.7694208584e-05 1.4706680011e+04 1.3029254559e+00 
2.5824541011e-05 1.2141463809e+04 3.2198816178e-01 
3.3373701589e-05 1.1450735541e+04 3.3349761035e-01 
2.5185623118e-05 1.1487546965e+04 1.0745593983e+00 
5.0064554944e-05 1.1461870790e+04 3.6752866761e-01 
1.0351345805e-05 1.3008761164e+04 3.5186924573e-01 
5.1947518024e-06 1.2365404829e+04 6.7476351044e-01 
1.5038778361e-04 1.7903534537e+04 7.5095862381e-01 
3.1256968046e-05 1.4493041257e+04 9.7097211538e-01 
6.9502385925e-05 1.2051777359e+04 8.5964059155e-01 
7.2944746568e-05 1.6900969974e+04 5.6103153704e-01 
2.5649757093e-05 1.1696303229e+04 7.5848109482e-01 
5.9308405294e-04 1.2061784366e+04 1.0551571952e+00 
4.1913189960e-05 2.0284055565e+04 4.5182733155e-01 
3.4467926399e-05 1.3554959110e+04 7.6826055013e-01 
2.1277178685e-04 1.9810559634e+04 8.2512081666e-01 
3.2525905727e-05 2.0017829102e+04 2.3728320410e-01 
1.4500926555e-04 2.5000000000e+04 7.4038601196e-01 
8.8141796780e-04 1.2147613963e+04 9.0245771095e-01 
1.0976717742e-04 1.2374942281e+04 4.6534701396e-01 
6.1999764559e-05 1.5888635663e+04 5.3425153998e-01 
6.6420680282e-06 1.6550998141e+04 5.2898548086e-01 
1.0671675019e-04 1.2707395213e+04 5.7733632685e-01 
6.4165306544e-05 1.4895373446e+04 4.2083616490e-01 
1.2420207520e-04 1.1623773108e+04 9.3451471281e-01 
3.2182306073e-05 1.3189066594e+04 4.8013670007e-01 
6.2223972378e-05 1.2130369642e+04 8.4027739839e-01 
7.6079744517e-06 1.8356092890e+04 6.1328663885e-01 
2.2590782429e-05 1.8651704002e+04 1.1540558221e+00 
5.3444234679e-05 1.4523105525e+04 9.7357812053e-01 
2.3338926997e-04 1.2097209870e+04 1.0015793490e+00 
1.3608276373e-04 1.5046797589e+04 4.1781387294e-01 
5.2215565724e-04 1.4830613363e+04 9.2279969230e-01 
2.0644489607e-05 1.1248622802e+04 7.0615485666e-01 
8.8383874797e-05 1.9544127443e+04 4.2769009605e-01 
4.5482133948e-05 1.7532870232e+04 9.6913472208e-01 
5.3965954527e-05 1.3293966896e+04 1.3513885180e+00 
4.8211346055e-05 1.4568146987e+04 1.0270364171e+00 
4.2332210932e-05 1.1818020221e+04 8.1359274047e-01 
6.6855727947e-05 1.1708878379e+04 4.5713141453e-01 
1.4386262133e-05 1.1405872368e+04 6.1286647752e-01 
9.4770177879e-05 1.2377593374e+04 9.1727868895e-01 
2.4044623649e-05 1.2442598725e+04 4.6841078497e-01 
1.3959062825e-05 1.2323140385e+04 2.8710166465e-01 
8.6934839247e-04 1.6340476737e+04 1.2861023842e+00 
2.1891895014e-05 1.9576588550e+04 5.8932785474e-01 
2.4161523605e-05 1.1567157946e+04 5.5781588799e-01 
4.8883676466e-05 1.5478645237e+04 8.4351509013e-01 
3.6344491764e-05 1.3340359656e+04 8.8430551699e-01 
2.2915651169e-04 1.1480709062e+04 1.2675967505e+00 
1.3627301871e-04 1.1385620318e+04 5.7261170597e-01 
4.5064160471e-05 1.5260877520e+04 1.1440651324e+00 
3.5295587111e-04 1.6858015720e+04 1.0678376377e+00 
9.1181805391e-05 1.3607020220e+04 1.6370780353e-01 
5.0694509187e-06 1.2246229841e+04 1.4429003520e+00 
7.2565381048e-05 1.1262312116e+04 8.4373474245e-01 
7.1938294274e-04 1.3221358640e+04 9.3197371762e-01 
2.2703317503e-05 1.3103974282e+04 8.3653400612e-01 
1.1738195862e-05 1.2556444248e+04 1.1940511898e+00 
1.5874937682e-04 1.2475132584e+04 6.4804388587e-01 
1.4529022748e-05 1.1433989488e+04 2.2152065091e-01 
4.8978763191e-05 1.2695774037e+04 4.1110521256e-01 
1.2136778562e-04 1.4384852167e+04 3.5297134409e-02 
2.7907989968e-04 1.9097334179e+04 1.0063389675e+00 
1.2795500766e-05 1.2084112596e+04 7.8087162304e-01 
2.0311635837e-05 1.1890179937e+04 4.1573142952e-01 
6.7189435958e-04 1.3274294524e+04 1.0029978999e+00 
4.9624247784e-04 2.3835760337e+04 1.1727283661e+00 
1.5067306722e-04 1.7712658664e+04 6.0603417858e-01 
1.0582738385e-04 1.3390254319e+04 1.1408346943e+00 
8.6386279308e-05 1.5992859091e+04 4.3422808989e-01 
5.3259586015e-05 1.6879875134e+04 4.9078367445e-01 
1.0474446194e-05 1.3481042834e+04 1.0861976057e+00 
3.7430672675e-05 1.2688811563e+04 1.1414586248e+00 
4.3861134599e-05 1.3790731108e+04 1.9333732467e-01 
9.8014503510e-05 1.1367118928e+04 6.0886655173e-01 
1.6326790996e-04 1.1761870381e+04 1.0882547797e+00 
3.4553108888e-04 1.5025961051e+04 1.0036383757e+00 
1.6220778919e-05 1.2401489259e+04 8.8586304496e-01 
5.2175637671e-05 1.8258102499e+04 8.3866312673e-01 
5.6918765734e-05 1.2459570773e+04 4.3392462023e-01 
1.4553568941e-04 1.1524485423e+04 7.3523777840e-01 
7.1049928616e-05 1.2714768372e+04 7.2085294509e-01 
1.9939672032e-04 1.4613439763e+04 7.3960512244e-01 
2.0196906368e-04 1.3187120622e+04 6.8979057985e-01 
5.1706066498e-06 1.2855712396e+04 9.7321949527e-01 
4.8357839626e-05 1.7689620592e+04 9.6311013350e-01 
3.0633208215e-04 1.2320391851e+04 5.5010644357e-01 
1.7329556327e-04 1.3414665685e+04 8.3305693328e-01 
6.9446680501e-05 1.1401243608e+04 1.3117923610e+00 
1.0143971412e-04 1.1629704194e+04 7.6674012971e-01 
2.9949713861e-04 1.3502228592e+04 9.3196485183e-01 
6.0278717062e-05 1.4200063340e+04 3.9291883167e-01 
9.4262555667e-06 1.2672768641e+04 1.1049603826e+00 
5.6775092520e-05 1.3038613025e+04 6.5836853925e-01 
1.5490183395e-05 1.3144960938e+04 7.4390719950e-01 
4.1883665633e-05 1.1718347558e+04 6.4450089522e-01 
1.9155176886e-04 1.2602526103e+04 6.6551531324e-01 
2.8137471086e-05 1.5572579978e+04 1.3334983612e+00 
3.1839457329e-04 1.2979400008e+04 2.9391170233e-01 
1.7061672310e-05 2.5000000000e+04 1.2992880766e-01 
7.5465540618e-06 1.4847570204e+04 1.1754638816e-01 
1.6497851855e-04 1.5398671563e+04 8.5994893916e-01 
8.8583269895e-05 1.1606067086e+04 3.1805964532e-01 
2.4122512999e-05 2.5000000000e+04 1.4990766035e+00 
7.5799111404e-04 1.2912061358e+04 1.3762092202e+00 
8.3500816799e-06 1.1211892693e+04 4.2744053912e-01 
3.3246674381e-04 1.7126108903e+04 4.6519427124e-02 
2.0491857801e-04 1.3803618632e+04 1.3904136383e+00 
3.2579835695e-05 1.4014588375e+04 5.1607947496e-01 
1.3912440398e-04 1.5732727158e+04 1.4494378306e+00 
6.3310448949e-05 1.1619851013e+04 1.4372963624e+00 
1.1634140352e-05 1.2268958854e+04 6.4298027314e-01 
3.7862276810e-04 1.4135210751e+04 9.7028460983e-01 
2.6780662361e-05 1.1816052840e+04 4.4806672893e-01 
1.6277187659e-04 1.3259358014e+04 3.6559721603e-02 
1.9039412607e-05 1.1979793578e+04 1.3268534973e+00 
1.0295763844e-05 1.1442574159e+04 7.8357912952e-01 
1.7695556180e-04 1.8406648262e+04 6.1125874340e-01 
4.8358119782e-05 2.3798279235e+04 1.2341421688e+00 
3.0938885033e-05 1.1308779089e+04 7.8514838347e-01 
1.0164156210e-04 1.2169906680e+04 5.9162927762e-01 
5.9833311592e-05 1.1744835563e+04 8.7903948171e-01 
8.3077055795e-04 1.9716869909e+04 8.3024302530e-01 
3.7408718817e-05 1.1315634338e+04 8.6254657219e-01 
3.8735320232e-05 1.4501340424e+04 6.8492301958e-01 
1.4204572990e-05 1.3637041741e+04 1.7812930343e-01 
1.0368449343e-04 1.4492946168e+04 2.9865288326e-01 
3.8699146671e-05 1.5567874585e+04 6.5797417523e-01 
3.1153104673e-04 1.2160264235e+04 1.0655117694e+00 
7.5654642672e-06 1.1307822788e+04 4.7476813682e-01 
3.3760191471e-05 1.2401435091e+04 4.7678336182e-01 
1.8682671998e-05 1.3439909472e+04 9.5676573025e-01 
9.7005524546e-06 1.3298191150e+04 1.3321521153e+00 
1.8668142556e-05 1.2171263577e+04 2.9683890809e-01 
3.5271774438e-05 1.3534375200e+04 8.1220913181e-01 
9.2294975319e-06 1.2049560925e+04 2.7381135497e-01 
2.4818955772e-05 1.1204115218e+04 3.7755833809e-01 
2.9929041734e-05 1.4833907251e+04 1.2556712967e+00 
2.9580159193e-05 1.6703011916e+04 8.2568340399e-01 
2.9017273099e-04 1.6668272164e+04 3.8648196398e-01 
2.3313259749e-05 1.4279632942e+04 6.4155293392e-01 
1.1094061746e-04 1.5106618636e+04 1.3941087528e+00 
1.8069845462e-04 1.2844183038e+04 1.1484962401e+00 
7.2781133203e-05 1.2756119808e+04 3.9290338748e-01 
8.1452902643e-05 1.1929596747e+04 4.9129445937e-01 
6.2953055959e-05 2.5000000000e+04 4.6523211649e-01 
2.9240615651e-05 2.0645800870e+04 5.2600994151e-01 
6.8810550186e-05 1.3085971856e+04 7.6659505986e-01 
7.8384277766e-05 1.1471509957e+04 1.0194906229e+00 
1.1168085596e-04 1.2683462119e+04 1.1513320865e+00 
4.6002303064e-05 1.1313186018e+04 1.0646819241e+00 
1.8623215206e-05 1.1432898332e+04 1.4855548350e+00 
4.7786521791e-05 1.6040909460e+04 3.8777441184e-01 
2.3561170945e-05 1.1883659703e+04 1.1047069156e+00 
1.2594677315e-04 1.2157426191e+04 3.4951105259e-01 
5.5597033405e-05 1.4707655581e+04 1.3456433253e+00 
1.7590498096e-05 1.2903288709e+04 9.6693164784e-01 
6.3887329637e-05 1.2078668370e+04 4.8038480487e-01 
2.3194594166e-04 1.4086689251e+04 8.5707395511e-01 
1.1803317586e-05 1.8064099698e+04 1.4754929780e+00 
1.2604825115e-05 1.5383416029e+04 7.8309270299e-01 
3.6841415046e-05 1.4197052649e+04 5.5932042976e-01 
1.9063504316e-04 1.9363738844e+04 1.0055940355e+00 
6.2952443422e-05 1.1550812976e+04 1.3159442036e+00 
3.1782615226e-05 1.2242024027e+04 8.7053515051e-01 
1.6726501597e-04 1.3181138531e+04 2.0727618517e-01 
4.1438146051e-05 2.0918350697e+04 9.7556132664e-01 
2.7758686932e-05 2.1014439271e+04 9.6559013229e-01 
2.8066818790e-05 1.1709968323e+04 1.2173215063e+00 
2.4476271006e-04 1.2638251370e+04 1.0927661695e+00 
8.4068169303e-05 1.1519445902e+04 9.2678498837e-01 
2.3233777670e-05 1.6360771070e+04 1.3327404710e+00 
7.9564456225e-04 1.2302334996e+04 1.1538544336e+00 
1.6397521980e-04 1.4745917520e+04 7.9840993725e-01 
7.3176011596e-05 1.9779185780e+04 6.9856818623e-01 
5.2941190020e-05 1.3572013490e+04 7.8299911491e-01 
3.0928306378e-05 1.2159472027e+04 1.1366275760e+00 
4.8821999442e-04 1.1200637467e+04 5.5212478876e-01 
1.4682243653e-05 1.3029495201e+04 1.1641546905e+00 
6.4649950889e-04 1.1326540554e+04 1.1668845150e+00 
3.2247998272e-05 1.1400182770e+04 4.4603504961e-01 
4.1334376898e-05 1.1949707784e+04 8.9743566001e-01 
5.7309156095e-06 1.6752804432e+04 4.6948030208e-01 
5.7828104523e-04 1.4482530135e+04 8.3669348620e-01 
7.9219569614e-06 1.3958068340e+04 3.9329624758e-01 
1.0950030503e-05 2.4759590961e+04 5.5195224448e-01 
7.7170200538e-06 1.4084587602e+04 1.4796366063e+00 
6.0430598909e-04 2.2160193025e+04 1.1956069175e+00 
3.0943912075e-05 1.5458344966e+04 6.7908022426e-01 
5.0227640296e-05 1.3161419164e+04 5.9367293270e-01 
4.3228838451e-05 1.1268564137e+04 7.6166044813e-01 
1.3782197058e-04 1.5573628050e+04 1.1858936364e+00 
6.3433102247e-05 1.7587562830e+04 8.4219079635e-01 
2.3399754106e-04 1.6885285666e+04 8.2955175397e-01 
1.9350962903e-05 1.2365924823e+04 6.2365093239e-01 
8.7550216155e-05 2.1244934193e+04 6.4386849565e-01 
1.8236292555e-05 1.1660888776e+04 7.2864329321e-01 
1.0077922398e-05 1.3295730963e+04 1.3818384195e+00 
5.1973622835e-04 1.2119221464e+04 1.3821856426e+00 
1.1866441725e-05 2.0451898479e+04 7.6430779549e-01 
1.8514775683e-05 1.2020820614e+04 8.2051357541e-01 
2.1305313507e-05 2.2030604089e+04 1.0539381281e+00 
2.0084166729e-04 1.3762115325e+04 2.9010486703e-01 
8.4169420906e-06 1.2218595729e+04 9.4479897846e-01 
4.2921112672e-05 1.1706749283e+04 2.3863833806e-01 
7.0319930801e-05 1.6110881837e+04 8.3825772360e-01 
2.6303981155e-04 1.2218539496e+04 1.0071805810e+00 
1.6533801351e-05 2.2454189854e+04 1.1910390893e+00 
7.1389832776e-05 1.2707051834e+04 1.1110810438e+00 
5.2039679591e-04 1.5796885468e+04 5.3673961812e-01 
2.9053501818e-04 1.1529591746e+04 6.5979923360e-01 
3.7418861105e-05 1.3283762230e+04 1.0914150795e+00 
2.6972899503e-05 1.2416091678e+04 1.2692792826e+00 
5.2279366218e-05 1.3538358795e+04 7.9563486803e-01 
1.0830885725e-05 1.1921598954e+04 4.6984491586e-01 
1.5705937080e-05 2.1437960204e+04 3.4997259005e-01 
1.2810159351e-05 1.2459221206e+04 9.9950510225e-01 
3.9734401857e-05 1.3323505815e+04 1.2578005824e+00 
4.3692832777e-05 1.3174882756e+04 5.9601035828e-01 
8.5130272556e-05 1.2366404672e+04 6.1698605963e-01 
2.6148495902e-05 1.4009359563e+04 3.8708596318e-01 
4.1333142688e-05 1.8998570050e+04 1.0196756263e+00 
3.1843570629e-04 1.2247915057e+04 4.3313007112e-01 
1.2912826801e-04 1.6497569150e+04 9.5724240286e-01 
9.6319107522e-06 1.7365677754e+04 6.1926463782e-01 
1.2659721126e-05 2.3448128397e+04 8.8425186080e-01 
7.8542335342e-06 1.6942859827e+04 7.0365833372e-01 
1.3005292843e-05 1.3799955149e+04 7.9985767170e-01 
1.5840790975e-05 1.3114578234e+04 4.5595296515e-01 
3.3044902953e-05 1.1839348202e+04 4.2331830990e-01 
2.6664479574e-05 1.3331514745e+04 1.5044274153e+00 
2.2019672650e-04 1.3543501197e+04 8.3668709923e-01 
1.1813071235e-05 1.5129768129e+04 7.5912908004e-01 
1.9154115689e-05 1.2379634332e+04 1.0510979531e+00 
2.0128990649e-04 1.1737344339e+04 3.3922288932e-01 
3.9744439659e-05 1.4139052645e+04 6.2419083807e-01 
2.4656946758e-05 1.4445646112e+04 2.5396318924e-01 
1.2608764904e-05 1.5463948278e+04 4.7493549484e-01 
2.0869323126e-05 1.2004115019e+04 7.1447164034e-01 
6.3419253666e-05 1.4289656343e+04 4.1163978313e-01 
4.9803364549e-05 1.2306461297e+04 1.2469635030e+00 
6.7723176107e-04 1.7733850205e+04 4.7775790666e-01 
7.0624465972e-05 2.2279314398e+04 2.1847285847e-01 
2.6668741368e-05 1.1304596317e+04 1.0405441818e+00 
4.9586005275e-05 1.1575545976e+04 9.1495632066e-01 
9.3948429432e-06 1.1862044770e+04 5.9684016706e-01 
2.5683618874e-05 1.4088955102e+04 6.4803133559e-01 
1.8044890065e-05 1.1710970749e+04 3.5857707549e-01 
2.8534714419e-04 1.2851533848e+04 7.9837867840e-01 
3.5346193966e-05 1.3698687787e+04 7.2205097690e-01 
1.0504705871e-05 2.5000000000e+04 1.1726751346e+00 
5.8217487789e-05 1.8028770459e+04 5.9876208920e-01 
2.2082679200e-04 1.1360548705e+04 7.5951501672e-01 
1.8128537742e-05 1.5290147698e+04 6.9777704395e-01 
6.1279162786e-05 1.4803848953e+04 1.9961364255e-01 
3.6706367458e-04 1.3018710436e+04 8.5466914128e-01 
1.9461552545e-04 2.0679261982e+04 3.9753127561e-01 
1.4207840347e-05 1.7383977780e+04 1.1790257023e+00 
7.0221985632e-05 1.3710060953e+04 9.6768832121e-01 
1.9852857553e-04 1.4875982480e+04 5.8356242368e-01 
7.3376635465e-06 1.1388701815e+04 7.0198657573e-01 
2.8503668834e-05 1.6741431354e+04 8.5985672821e-01 
1.0425886601e-05 1.8064477756e+04 4.8870877941e-01 
3.7542027459e-05 1.1566737089e+04 8.7802651205e-01 
6.4411836925e-05 1.1447236427e+04 8.7869000087e-01 
4.0784516985e-05 1.3869080006e+04 7.7977623696e-01 
2.4667564897e-04 1.4240755117e+04 9.5599474932e-01 
2.8593614923e-05 1.2126511594e+04 1.3055983183e+00 
4.3893692948e-05 1.8729311305e+04 6.2272612572e-01 
3.7242773377e-05 1.1736554212e+04 1.3715305828e+00 
7.6478042201e-05 1.1408251549e+04 8.1907130699e-01 
5.7127792572e-05 1.5401823472e+04 1.2836063639e-01 
1.7724053010e-05 1.2438531715e+04 5.1837519487e-01 
2.4931411734e-05 1.6264215970e+04 4.1232770269e-01 
7.0527021375e-05 1.7682816776e+04 6.9053069525e-01 
2.3852430414e-04 1.4553401926e+04 1.2409845453e-01 
2.7147304007e-05 1.2143239288e+04 9.3989578297e-01 
7.7321490169e-05 1.6326810648e+04 1.1273630856e+00 
5.7564567822e-04 1.4376529209e+04 2.2756396988e-01 
3.4063168250e-05 1.6244545145e+04 6.2155002937e-01 
1.9644408262e-04 1.7881885762e+04 8.5672367941e-01 
1.0143429745e-04 1.2464315882e+04 3.1581851014e-01 
6.1573945848e-05 1.1293369779e+04 1.2718927463e+00 
1.8356979602e-05 1.2139146302e+04 8.7884894810e-01 
2.3946924297e-04 1.3353006631e+04 7.4623148801e-01 
4.1304073887e-05 1.4316921035e+04 5.5900238862e-01 
8.3745193477e-05 2.0326656060e+04 1.2533317249e+00 
4.9884953031e-04 1.1719639118e+04 1.0706610501e+00 
2.5681130081e-04 1.1465870469e+04 1.1055915512e+00 
1.1399554352e-04 2.5000000000e+04 1.1320079518e+00 
3.8286121763e-05 1.2155995320e+04 7.2102651932e-01 
1.3006006836e-04 1.2294384709e+04 1.1792169873e+00 
1.0911196123e-05 1.2594467946e+04 4.9509447389e-01 
1.2336630111e-05 1.2362134569e+04 4.7372898682e-01 
5.9571019321e-04 1.2149144095e+04 4.9515224164e-01 
4.3600867804e-05 1.5768506205e+04 1.4104145399e+00 
4.5933134267e-05 1.4388087728e+04 8.3793341695e-01 
1.3011496257e-04 1.2189846898e+04 1.3082322932e+00 
5.0403091900e-05 1.2071831275e+04 1.0192815389e+00 
2.5015629280e-04 1.2718002777e+04 8.0244652842e-01 
8.4810996723e-04 1.2156046693e+04 9.2786320391e-01 
1.3315617333e-04 1.1761814387e+04 3.7503088549e-01 
4.2757968219e-05 1.6285899075e+04 1.3300403924e+00 
4.6088891829e-05 1.2135430221e+04 7.0094114660e-01 
4.3230136512e-05 1.1414330370e+04 4.5401715458e-01 
1.1181798979e-05 1.3215315973e+04 4.9440888939e-01 
7.7338064617e-05 1.1264477684e+04 4.7479919729e-01 
3.4061628085e-05 1.2511040983e+04 1.4766851186e+00 
6.8131799117e-05 1.1720171701e+04 7.4300583997e-01 
4.2679356135e-05 1.2107298632e+04 9.5800272317e-01 
5.0803276559e-05 1.4539738100e+04 9.5256497977e-01 
7.1768289384e-06 1.2258128148e+04 2.1194066260e-01 
6.9870511027e-06 2.5000000000e+04 9.9233731030e-01 
5.6335226012e-04 1.3719684575e+04 1.1843810644e+00 
3.5699295884e-05 1.8402484496e+04 7.4705274562e-01 
1.0025196852e-05 1.5691305767e+04 1.2063853561e+00 
1.6118354334e-04 1.2241300116e+04 2.6480364338e-01 
3.4661092623e-05 1.4838928392e+04 6.0890362405e-01 
5.0035038622e-05 1.3342900247e+04 9.8210326120e-01 
4.5734595386e-05 1.1377457823e+04 9.8733389834e-01 
1.1112170302e-04 2.0876782443e+04 9.8320826572e-01 
3.8819871196e-05 1.3370750356e+04 5.5280135317e-01 
3.2601535127e-05 1.1888037694e+04 1.2942795443e+00 
3.6129296878e-05 1.1770012184e+04 2.2366801980e-01 
1.3502529923e-04 1.1707533055e+04 8.6828615012e-01 
9.1539334532e-05 1.4658946081e+04 7.0529165869e-01 
4.3844463410e-05 1.2434984790e+04 1.2994613689e+00 
3.6105949097e-05 2.2976476011e+04 8.0998143452e-01 
5.7987983325e-05 1.7125744437e+04 9.0965885368e-01 
3.1761514284e-05 1.5036243666e+04 1.0236444595e+00 
1.5217501287e-05 2.5000000000e+04 2.0385651997e-01 
6.3474795554e-05 1.1828266870e+04 5.9384375351e-01 
1.2259324984e-05 1.3940674842e+04 5.4362204597e-01 
4.3546426288e-05 1.1714293739e+04 6.8471530617e-01 
2.1054076630e-05 1.2630476328e+04 1.0208943151e+00 
2.0938333749e-04 1.4429642675e+04 5.6692993035e-01 
1.3942725992e-04 1.4071818467e+04 8.6969247034e-01 
2.4259417701e-05 1.1845996124e+04 6.6266003680e-01 
3.7042072263e-04 1.3314393767e+04 6.6869820068e-01 
2.6247851377e-05 1.1487910354e+04 1.0944268318e+00 
2.6749982635e-05 1.2735467883e+04 7.8437497592e-01 
1.5737749341e-05 1.2157934679e+04 7.7819755644e-01 
1.1626438249e-04 1.2585911347e+04 8.3278938249e-01 
5.8876036854e-04 2.0080205457e+04 9.2984942623e-01 
2.3279279624e-04 1.4253647202e+04 1.1672834742e+00 
6.6009789170e-06 1.1241245759e+04 1.3483665784e+00 
1.1183153939e-04 1.5915343594e+04 1.0773368838e+00 
7.7532149846e-05 1.3444741686e+04 4.2713970735e-01 
1.8043415867e-05 1.3629384321e+04 8.1558254770e-01 
9.7187552926e-05 1.4100548685e+04 5.2053389390e-01 
2.5390343223e-05 1.6289518179e+04 1.1232582268e+00 
4.0957529252e-05 1.5864753893e+04 7.7503233656e-01 
1.5525459672e-05 1.3320480948e+04 6.5721188397e-01 
1.9289396594e-05 1.1268583879e+04 1.2092086953e+00 
1.6923210686e-05 1.1619453625e+04 4.4634929233e-01 
2.4010185902e-05 1.6641354109e+04 1.1455058253e+00 
1.8742188579e-04 2.5000000000e+04 7.0844708258e-01 
6.5494717832e-05 1.7373566778e+04 1.6710483620e-01 
2.8035521801e-04 1.2516557686e+04 3.9324113349e-01 
1.4535870410e-05 1.9370498460e+04 1.4097556702e+00 
1.5650905386e-04 1.4508687138e+04 9.6881626560e-01 
1.5269751889e-04 1.6682723608e+04 1.1607531895e+00 
7.3631288110e-05 1.3621823629e+04 1.4058714228e+00 
2.3364386304e-04 1.1440931132e+04 2.1320304287e-01 
6.8438392126e-05 2.5000000000e+04 3.4720467152e-01 
2.7972734329e-05 1.8031010270e+04 7.5910213266e-01 
6.4708067298e-06 1.1416548088e+04 5.5533162053e-01 
