7.7353726390e-08 1.3975736485e+04 3.7050613625e-01 7.2000000000e-01 
1.7676850520e-08 1.2555432995e+04 1.4204242435e+00 7.2000000000e-01 
4.4274269884e-07 2.5000000000e+04 1.3868547512e+00 7.2000000000e-01 
5.2258865399e-11 1.4958931273e+04 3.7677296116e-01 7.2000000000e-01 
2.7037553089e-06 1.5344660463e+04 3.5417233192e-01 7.2000000000e-01 
2.0000574713e-05 1.3298801410e+04 7.8103021487e-01 7.2000000000e-01 
7.0139721257e-09 1.4020380193e+04 7.2063816094e-01 7.2000000000e-01 
1.4356321119e-06 1.6144758371e+04 1.3487372088e+00 7.2000000000e-01 
1.4601585748e-09 1.1423619458e+04 7.8471170790e-01 7.2000000000e-01 
2.2611657691e-08 1.1774698601e+04 1.0699263366e+00 7.2000000000e-01 
3.4998641820e-06 1.1343542870e+04 1.4918803828e+00 7.2000000000e-01 
1.6067492585e-07 1.4370337053e+04 8.5229355836e-01 7.2000000000e-01 
3.3942649006e-09 1.8823875120e+04 9.9385922882e-01 7.2000000000e-01 
3.2768236003e-07 1.5994904653e+04 7.2953701553e-01 7.2000000000e-01 
5.0527516982e-09 1.1387667367e+04 1.2971289059e+00 7.2000000000e-01 
4.4949674499e-06 2.5000000000e+04 7.2419972118e-01 7.2000000000e-01 
9.0437623212e-08 1.2060919603e+04 5.2222604881e-01 7.2000000000e-01 
1.0582713402e-06 2.5000000000e+04 7.0516863600e-01 7.2000000000e-01 
1.2898445072e-08 1.3661707494e+04 5.5512037346e-01 7.2000000000e-01 
1.2601125117e-06 1.2714207143e+04 8.2126678322e-01 7.2000000000e-01 
3.1173969711e-09 1.2044562703e+04 7.2080505804e-01 7.2000000000e-01 
2.0107411052e-08 1.2675239187e+04 1.0940264273e+00 7.2000000000e-01 
1.5737564351e-08 1.4684160789e+04 6.0158499875e-01 7.2000000000e-01 
6.1743007359e-08 1.3515682990e+04 1.2861948883e+00 7.2000000000e-01 
2.5959345041e-07 1.3591414806e+04 1.4889079443e+00 7.2000000000e-01 
1.1170564262e-08 1.1245758203e+04 8.8594355033e-01 7.2000000000e-01 
2.5749716032e-11 1.6579575039e+04 7.7320437176e-01 7.2000000000e-01 
3.1770969587e-06 1.1710377865e+04 9.8842245245e-01 7.2000000000e-01 
3.7901983309e-07 1.1374388342e+04 8.1936167812e-01 7.2000000000e-01 
4.5395308883e-09 1.1953594687e+04 7.2502199813e-01 7.2000000000e-01 
1.4429177657e-10 1.1486321706e+04 7.0327499021e-01 7.2000000000e-01 
2.7728576298e-09 1.1425541841e+04 5.1880153247e-01 7.2000000000e-01 
2.5988075696e-08 1.4403969263e+04 4.4941504556e-01 7.2000000000e-01 
2.1744335857e-06 1.6771844241e+04 4.9253219714e-01 7.2000000000e-01 
4.0504525017e-07 1.1298850886e+04 2.6261109774e-01 7.2000000000e-01 
2.1970081163e-09 1.1627810384e+04 6.8407428439e-01 7.2000000000e-01 
9.6149499154e-10 1.1417311610e+04 1.1754892790e+00 7.2000000000e-01 
2.6668032445e-10 1.1841673332e+04 6.6295240468e-02 7.2000000000e-01 
1.6105466993e-06 1.6005436317e+04 2.0383923659e-01 7.2000000000e-01 
8.9190646001e-09 1.5708047149e+04 2.8376944669e-01 7.2000000000e-01 
2.8150124293e-10 1.1740934822e+04 9.5208743177e-01 7.2000000000e-01 
3.4443237154e-08 1.2455073408e+04 1.2932568269e-01 7.2000000000e-01 
7.4672664355e-08 1.1587379735e+04 4.3945483389e-01 7.2000000000e-01 
3.6912017668e-06 1.3170728031e+04 5.1502512669e-01 7.2000000000e-01 
8.3756537317e-12 2.3660349786e+04 6.6126464440e-01 7.2000000000e-01 
1.1445560148e-09 2.1751578603e+04 1.2098827078e+00 7.2000000000e-01 
8.8818958518e-09 1.1772636409e+04 5.5709128465e-01 7.2000000000e-01 
7.6096725129e-06 1.5348386044e+04 6.5402790524e-01 7.2000000000e-01 
1.7713946227e-09 1.2777079469e+04 5.8170797153e-01 7.2000000000e-01 
5.6249285453e-10 2.3192856261e+04 7.6588181141e-01 7.2000000000e-01 
3.6757514130e-11 1.2253024402e+04 8.9309315457e-01 7.2000000000e-01 
1.0132792616e-07 1.1906164576e+04 6.1178295975e-01 7.2000000000e-01 
5.5294599929e-11 1.6808314530e+04 6.1032074111e-01 7.2000000000e-01 
5.5410303827e-07 1.2051749440e+04 2.9136956780e-01 7.2000000000e-01 
5.2420459772e-08 1.2147654623e+04 1.1367995462e+00 7.2000000000e-01 
3.0505007370e-08 2.5000000000e+04 5.5231584552e-01 7.2000000000e-01 
5.8364856105e-08 1.1476837492e+04 1.2226170876e-01 7.2000000000e-01 
7.4462433359e-09 1.3798168760e+04 7.3534342391e-01 7.2000000000e-01 
5.2098041600e-07 1.3999684140e+04 1.0035375326e+00 7.2000000000e-01 
3.0908551619e-06 1.4584757350e+04 1.1375960044e+00 7.2000000000e-01 
2.8797039299e-08 1.1500978899e+04 5.8737280439e-01 7.2000000000e-01 
4.1892634580e-09 1.9890225551e+04 7.3738899346e-01 7.2000000000e-01 
6.3219159168e-09 1.7185051435e+04 9.5341258054e-01 7.2000000000e-01 
6.2794296180e-08 2.5000000000e+04 1.3810431146e+00 7.2000000000e-01 
1.6587838554e-10 1.1228323721e+04 8.5428832570e-01 7.2000000000e-01 
2.9101217050e-09 1.7357642088e+04 1.1151709935e+00 7.2000000000e-01 
1.8976456029e-07 1.4642281083e+04 1.1075097870e+00 7.2000000000e-01 
1.1075666722e-10 1.1255097743e+04 1.0851088339e+00 7.2000000000e-01 
1.3111141388e-09 1.1832351659e+04 3.3175264126e-01 7.2000000000e-01 
9.6151691857e-09 1.2692507594e+04 7.6618186572e-01 7.2000000000e-01 
1.5218801166e-09 1.2867944271e+04 6.9237235251e-01 7.2000000000e-01 
1.4088830597e-10 1.1261114899e+04 2.5309179970e-01 7.2000000000e-01 
8.6210734274e-10 1.2397607939e+04 7.5891024752e-01 7.2000000000e-01 
7.4325317527e-06 1.1424784372e+04 5.2592576083e-01 7.2000000000e-01 
1.9282863137e-10 1.1781063476e+04 3.8859981940e-01 7.2000000000e-01 
1.1517660694e-08 1.2388804507e+04 6.3486596973e-01 7.2000000000e-01 
1.4418467887e-09 1.5275631466e+04 1.1858756648e+00 7.2000000000e-01 
1.9590533439e-09 1.1599176958e+04 2.0520197937e-01 7.2000000000e-01 
6.3458737120e-10 1.2674952991e+04 1.4258842741e-01 7.2000000000e-01 
1.2322041451e-08 1.1569745121e+04 1.3221137358e+00 7.2000000000e-01 
7.9410179597e-10 1.1269681795e+04 8.9220996571e-01 7.2000000000e-01 
2.7831738242e-09 1.1334619920e+04 5.8691138373e-01 7.2000000000e-01 
1.1933575649e-09 1.6087161590e+04 2.5480856504e-01 7.2000000000e-01 
1.2881559476e-09 1.4449964689e+04 1.4769089626e+00 7.2000000000e-01 
1.1715736151e-09 1.3030245539e+04 2.9882018695e-01 7.2000000000e-01 
8.9549940874e-09 1.6135375207e+04 1.3759309138e+00 7.2000000000e-01 
9.4904382575e-09 1.3220956710e+04 1.2760507131e+00 7.2000000000e-01 
2.0560449086e-10 1.1221307251e+04 7.5979892592e-01 7.2000000000e-01 
1.0669370782e-10 1.2148878642e+04 9.1727809098e-01 7.2000000000e-01 
7.6041586549e-07 1.6133604923e+04 6.2697380466e-01 7.2000000000e-01 
5.6725450719e-09 1.1392615964e+04 1.1335171821e+00 7.2000000000e-01 
6.7868907892e-08 1.7590127399e+04 7.9927162502e-01 7.2000000000e-01 
1.6279786388e-09 1.6257627422e+04 4.1093781538e-01 7.2000000000e-01 
8.4016636378e-11 1.1354369185e+04 5.9011039019e-01 7.2000000000e-01 
2.5646879803e-06 1.2374483012e+04 3.9099929225e-01 7.2000000000e-01 
1.1154668867e-08 1.1264799146e+04 1.4157976889e+00 7.2000000000e-01 
2.8452245538e-07 1.1521139694e+04 1.1138550083e+00 7.2000000000e-01 
6.6446387133e-09 1.2131380462e+04 9.9559858423e-01 7.2000000000e-01 
7.3666476565e-08 1.1798229994e+04 1.3340274017e+00 7.2000000000e-01 
3.6588752063e-10 1.7942706457e+04 8.1686899478e-01 7.2000000000e-01 
1.5672141884e-08 2.1546368150e+04 1.1751269004e+00 7.2000000000e-01 
1.5192854039e-09 1.4703254188e+04 1.1071076250e+00 7.2000000000e-01 
1.0036591842e-08 1.4220562854e+04 4.0956058214e-01 7.2000000000e-01 
2.4904979615e-10 1.4945571829e+04 1.0138212207e+00 7.2000000000e-01 
2.8911024405e-10 1.2202053646e+04 4.7388359993e-01 7.2000000000e-01 
1.7295155984e-09 1.2907501233e+04 7.8496936084e-01 7.2000000000e-01 
6.5566832387e-08 1.6404929278e+04 7.7040176576e-01 7.2000000000e-01 
5.4867015888e-10 1.2167783024e+04 1.1096866237e+00 7.2000000000e-01 
9.0055869218e-09 1.2058379562e+04 1.0676801459e+00 7.2000000000e-01 
3.0160096366e-09 1.2154000138e+04 3.7952164991e-01 7.2000000000e-01 
1.4915037665e-06 1.3716891111e+04 1.2955089442e+00 7.2000000000e-01 
1.0309608774e-07 1.1556528783e+04 1.5025149971e+00 7.2000000000e-01 
6.4097701092e-08 1.1517325421e+04 1.0183021523e+00 7.2000000000e-01 
1.4608765333e-10 1.3257127853e+04 1.0303547596e+00 7.2000000000e-01 
3.6501471162e-08 1.1548620245e+04 1.0880250478e+00 7.2000000000e-01 
6.1470352064e-08 1.6725511856e+04 9.0407308692e-01 7.2000000000e-01 
1.6650330518e-09 1.1505718594e+04 1.0102191640e+00 7.2000000000e-01 
2.5656354304e-08 1.1585171862e+04 6.4622392048e-01 7.2000000000e-01 
3.3595932381e-08 1.4811169386e+04 1.0182037575e+00 7.2000000000e-01 
1.5409320978e-08 2.0093524071e+04 1.4191598889e+00 7.2000000000e-01 
1.7868632427e-09 1.3660646351e+04 5.1493666728e-01 7.2000000000e-01 
6.7081210965e-11 1.5342886650e+04 5.6040441450e-01 7.2000000000e-01 
4.0320161715e-08 1.2154875241e+04 2.2812467061e-01 7.2000000000e-01 
4.8088684395e-08 1.8480908967e+04 1.1470105112e-01 7.2000000000e-01 
4.2596463203e-07 1.8331029600e+04 1.8637471975e-01 7.2000000000e-01 
9.6926597118e-10 1.4170743207e+04 1.3660106854e+00 7.2000000000e-01 
9.0971919708e-09 1.2251472630e+04 8.8354471383e-01 7.2000000000e-01 
6.0518671582e-10 1.4306085398e+04 9.3106316950e-01 7.2000000000e-01 
1.0211981401e-10 1.8560230004e+04 4.3055483934e-01 7.2000000000e-01 
1.2247988894e-05 1.3868164205e+04 1.2038307722e+00 7.2000000000e-01 
2.8395851531e-09 1.2546270675e+04 7.3408126196e-01 7.2000000000e-01 
3.0410535449e-07 1.2487129303e+04 5.0345194775e-01 7.2000000000e-01 
7.2023165861e-11 1.1287307391e+04 5.4386598967e-01 7.2000000000e-01 
2.6704802608e-11 1.2762114767e+04 1.0385981110e+00 7.2000000000e-01 
2.3557840124e-06 1.8565754603e+04 5.9407502721e-01 7.2000000000e-01 
3.5606131304e-11 1.2752751993e+04 9.0897272319e-01 7.2000000000e-01 
3.8154751587e-09 1.3727712170e+04 4.2437208051e-01 7.2000000000e-01 
3.7132464632e-07 1.2459525844e+04 1.0641901943e+00 7.2000000000e-01 
2.9020219166e-06 1.1826691810e+04 8.7370294392e-01 7.2000000000e-01 
4.7100786317e-08 1.2326685604e+04 8.9884238869e-01 7.2000000000e-01 
8.5256241056e-10 1.6018307554e+04 9.4564958418e-01 7.2000000000e-01 
1.5476456245e-10 1.2880373886e+04 8.3718313798e-02 7.2000000000e-01 
1.5154075907e-08 1.1954171508e+04 8.1099768610e-01 7.2000000000e-01 
8.8465847178e-09 1.2375990666e+04 4.1353478446e-01 7.2000000000e-01 
5.2321854774e-06 1.5042573859e+04 1.2733963806e+00 7.2000000000e-01 
8.7676569305e-08 1.3227241958e+04 4.0715014264e-01 7.2000000000e-01 
7.5260540461e-10 1.6767248158e+04 8.2948471830e-01 7.2000000000e-01 
5.5842370144e-07 1.3285967833e+04 1.1000543566e+00 7.2000000000e-01 
2.8747719250e-10 1.2746270988e+04 6.0638467674e-01 7.2000000000e-01 
1.7026018824e-06 1.1932766195e+04 6.8745649455e-01 7.2000000000e-01 
6.3435250934e-09 1.1764208842e+04 1.1609835221e+00 7.2000000000e-01 
2.1920711008e-07 1.1432745621e+04 1.4719295590e+00 7.2000000000e-01 
2.2228505089e-08 1.2767850501e+04 2.9288190361e-01 7.2000000000e-01 
9.8378369225e-07 1.2896818357e+04 5.7520782616e-01 7.2000000000e-01 
3.7379910720e-10 1.1338929604e+04 1.0027805906e+00 7.2000000000e-01 
2.8031979191e-08 1.3917358930e+04 1.3556800450e+00 7.2000000000e-01 
1.8514720126e-07 2.5000000000e+04 8.1914921654e-01 7.2000000000e-01 
1.0755889996e-09 1.1298564115e+04 1.0510957740e+00 7.2000000000e-01 
2.5254753888e-09 1.2789379353e+04 1.8088398957e-01 7.2000000000e-01 
1.0105993391e-08 1.3265405076e+04 6.0043602443e-01 7.2000000000e-01 
2.7089636546e-10 1.6062100749e+04 2.1734749124e-01 7.2000000000e-01 
1.6313639636e-11 1.2008004144e+04 5.9354589703e-01 7.2000000000e-01 
4.4543097495e-10 1.2847172923e+04 5.7048543972e-01 7.2000000000e-01 
1.1618052321e-11 1.1928268902e+04 5.9034905068e-01 7.2000000000e-01 
1.2105624958e-09 1.2476243721e+04 5.1132370903e-01 7.2000000000e-01 
3.8508637911e-08 2.0362482096e+04 8.2135682193e-01 7.2000000000e-01 
9.0725160439e-09 1.2083752900e+04 1.7081785649e-01 7.2000000000e-01 
2.7074249905e-07 1.3877797244e+04 5.9354196301e-01 7.2000000000e-01 
2.8159013233e-10 1.3015557648e+04 7.2195991962e-01 7.2000000000e-01 
1.6503205557e-11 1.4690007727e+04 6.3746405736e-01 7.2000000000e-01 
9.3053286242e-11 1.3218938025e+04 1.4437128589e+00 7.2000000000e-01 
5.8918483269e-08 1.6237312372e+04 6.7399942036e-01 7.2000000000e-01 
1.2843913477e-09 1.2160813564e+04 1.3076108253e+00 7.2000000000e-01 
1.5255781516e-10 1.1717883923e+04 2.6766807060e-01 7.2000000000e-01 
2.7653361016e-07 1.8607935875e+04 4.8441144251e-01 7.2000000000e-01 
2.0849189373e-06 1.1830134934e+04 6.2308005014e-01 7.2000000000e-01 
4.2952541744e-06 1.1876445342e+04 8.2962319481e-01 7.2000000000e-01 
8.3950845849e-08 1.3008871489e+04 1.0442065432e+00 7.2000000000e-01 
3.1234934904e-11 1.5290833135e+04 1.2652387711e+00 7.2000000000e-01 
3.6829928691e-08 1.3513988985e+04 1.0664477605e+00 7.2000000000e-01 
7.3094805952e-08 1.1403130961e+04 1.1874240377e+00 7.2000000000e-01 
1.1036633817e-07 1.2402409905e+04 1.2504261554e+00 7.2000000000e-01 
1.0737788562e-07 1.1803493776e+04 6.2669807756e-01 7.2000000000e-01 
6.8946694532e-08 1.8216374263e+04 5.1292306177e-01 7.2000000000e-01 
2.0148809587e-09 1.6681878086e+04 3.3175612401e-01 7.2000000000e-01 
3.3367860542e-08 1.3976711722e+04 5.2077260981e-01 7.2000000000e-01 
1.6263579373e-09 1.4207778768e+04 1.1424649563e+00 7.2000000000e-01 
4.0730855516e-11 1.3906984485e+04 6.5882240150e-01 7.2000000000e-01 
1.1909038165e-08 1.8365700793e+04 1.2819219001e+00 7.2000000000e-01 
3.3132275471e-09 1.1372639245e+04 5.4631711972e-01 7.2000000000e-01 
1.3641862853e-10 1.2008189336e+04 1.5291913732e+00 7.2000000000e-01 
2.0446634974e-09 1.9763880554e+04 7.2045763716e-01 7.2000000000e-01 
3.1364646854e-10 1.2026710740e+04 3.7624334985e-01 7.2000000000e-01 
5.6276288470e-07 1.4815601623e+04 6.8767844184e-03 7.2000000000e-01 
1.3478168038e-10 2.5000000000e+04 1.1271267022e+00 7.2000000000e-01 
5.8782947172e-09 1.1538802512e+04 1.2723090536e-01 7.2000000000e-01 
5.2094130111e-09 1.1227777166e+04 3.8773029242e-01 7.2000000000e-01 
1.4965545497e-09 1.3950455315e+04 9.1263496564e-01 7.2000000000e-01 
2.9460922994e-09 1.2420462999e+04 5.9771132648e-01 7.2000000000e-01 
8.4688916536e-07 1.6265058609e+04 4.5990238605e-01 7.2000000000e-01 
1.4182829387e-10 1.3255339654e+04 8.4013838944e-02 7.2000000000e-01 
1.7162027617e-10 2.2147786956e+04 1.1896429002e+00 7.2000000000e-01 
1.6586997244e-08 1.2606820079e+04 3.2435257870e-01 7.2000000000e-01 
7.1801171121e-10 2.5000000000e+04 3.0258253307e-01 7.2000000000e-01 
4.3847059016e-09 1.1540383294e+04 1.2297295793e+00 7.2000000000e-01 
2.5593555171e-10 1.6361320884e+04 1.1183127985e+00 7.2000000000e-01 
1.9046949043e-07 1.8056558310e+04 9.6974718232e-01 7.2000000000e-01 
7.1163584923e-07 1.2634025082e+04 1.0115755214e+00 7.2000000000e-01 
1.0207493252e-08 1.2080497199e+04 5.2710272920e-01 7.2000000000e-01 
2.0352820543e-08 1.2208993040e+04 1.1770124417e+00 7.2000000000e-01 
8.7734087126e-09 1.3570079958e+04 1.0518839516e+00 7.2000000000e-01 
4.3409791114e-08 1.9315062748e+04 1.1882038545e+00 7.2000000000e-01 
1.5364400429e-07 1.1261506967e+04 3.9874037535e-01 7.2000000000e-01 
2.6188711892e-10 1.2084457620e+04 6.8737807209e-01 7.2000000000e-01 
1.7390384554e-07 1.7345928192e+04 2.5048388936e-01 7.2000000000e-01 
1.5262297128e-06 2.3910040917e+04 5.2799195244e-01 7.2000000000e-01 
2.3908662153e-08 1.4425822036e+04 9.9309665065e-01 7.2000000000e-01 
1.9882694530e-07 1.1815386646e+04 1.4765082633e+00 7.2000000000e-01 
1.6003768019e-06 1.3126222883e+04 8.8942588494e-01 7.2000000000e-01 
5.5659060826e-10 1.1588443659e+04 1.5042508317e+00 7.2000000000e-01 
5.6847034661e-09 1.9057009326e+04 4.4522901324e-01 7.2000000000e-01 
8.7103915155e-10 1.4327585088e+04 1.1578960891e+00 7.2000000000e-01 
7.9527399440e-08 1.2572013726e+04 1.1811126159e+00 7.2000000000e-01 
5.8479588041e-11 1.2001903990e+04 1.0142584193e+00 7.2000000000e-01 
7.5627966422e-09 1.4642697004e+04 8.2720032798e-01 7.2000000000e-01 
1.3984998909e-08 1.1705107549e+04 2.9210470742e-01 7.2000000000e-01 
4.4178885423e-09 1.4837924729e+04 9.2620011850e-01 7.2000000000e-01 
1.2746096393e-08 1.1800005711e+04 4.7087130477e-01 7.2000000000e-01 
3.8504240030e-07 1.3441403163e+04 8.7771443795e-01 7.2000000000e-01 
2.3175723082e-09 1.2759823887e+04 4.5893769122e-01 7.2000000000e-01 
2.8877556275e-10 1.2167215425e+04 1.2483186057e+00 7.2000000000e-01 
1.1277595850e-10 2.4143527363e+04 1.0756344324e+00 7.2000000000e-01 
7.4985929424e-10 1.2465665231e+04 4.6881580497e-01 7.2000000000e-01 
9.9085345650e-09 1.1718932961e+04 6.7013787231e-01 7.2000000000e-01 
3.1447716769e-07 2.5000000000e+04 1.4129895826e-01 7.2000000000e-01 
6.7032093545e-09 1.1980872641e+04 1.0847218821e+00 7.2000000000e-01 
1.3796546590e-07 1.3273318018e+04 1.4110804741e+00 7.2000000000e-01 
4.8990261702e-11 1.1403346129e+04 3.1799628306e-01 7.2000000000e-01 
3.1242332290e-06 1.2639234117e+04 8.0985452830e-01 7.2000000000e-01 
3.5504596238e-08 1.1432003686e+04 8.9771446260e-01 7.2000000000e-01 
2.1922249900e-08 1.1403350176e+04 1.0080455385e+00 7.2000000000e-01 
1.3392168647e-09 1.1324802582e+04 5.3081937811e-01 7.2000000000e-01 
3.2599840671e-11 1.4442373747e+04 8.8154803118e-01 7.2000000000e-01 
2.6587522742e-06 2.5000000000e+04 1.1020364902e+00 7.2000000000e-01 
1.4996662643e-09 1.2724846240e+04 5.3209593439e-01 7.2000000000e-01 
5.8508305263e-10 1.2638493011e+04 1.2633705254e+00 7.2000000000e-01 
1.5326691780e-09 1.9810860008e+04 8.0763907717e-01 7.2000000000e-01 
1.1522631029e-07 1.1420303744e+04 4.3332883021e-01 7.2000000000e-01 
8.6686737673e-09 1.2329549330e+04 9.2438260408e-01 7.2000000000e-01 
3.2126050590e-10 1.4984708432e+04 3.0514082284e-01 7.2000000000e-01 
1.9395765688e-08 1.8114845872e+04 5.4482150372e-01 7.2000000000e-01 
8.0479478213e-08 1.1923731541e+04 8.4863745206e-01 7.2000000000e-01 
1.5064756440e-08 1.4341597534e+04 9.4988516592e-01 7.2000000000e-01 
1.1714542771e-07 1.1449026499e+04 4.3463432120e-01 7.2000000000e-01 
7.3686966274e-11 1.2955933128e+04 5.7501201025e-01 7.2000000000e-01 
3.6563782302e-11 2.3782681022e+04 8.1842524575e-01 7.2000000000e-01 
1.5563259048e-11 1.2543289844e+04 9.2882529919e-01 7.2000000000e-01 
2.8551097094e-07 1.6072544656e+04 1.4233541971e+00 7.2000000000e-01 
1.4752952606e-08 1.1442252350e+04 9.2023126589e-01 7.2000000000e-01 
4.6560547041e-07 2.1972080308e+04 1.3933651117e+00 7.2000000000e-01 
7.0339535754e-09 1.5617961537e+04 6.4634440104e-01 7.2000000000e-01 
7.1628811230e-10 1.2096203738e+04 7.8445875759e-01 7.2000000000e-01 
7.7233581265e-09 1.1564032489e+04 1.3858876754e-01 7.2000000000e-01 
1.1467743200e-10 1.8165875094e+04 9.4984217916e-01 7.2000000000e-01 
5.4727128114e-07 1.1265125300e+04 7.6417047022e-01 7.2000000000e-01 
1.3546359269e-10 1.1987851958e+04 1.2595664243e+00 7.2000000000e-01 
2.1850489289e-08 1.3606201366e+04 4.7945213471e-01 7.2000000000e-01 
2.5582274924e-09 1.2496336072e+04 1.0195835144e+00 7.2000000000e-01 
3.9207612780e-10 1.1289212829e+04 2.8909183630e-01 7.2000000000e-01 
2.3572658927e-08 1.4341650834e+04 8.0119691288e-01 7.2000000000e-01 
7.1729846661e-07 1.2421866170e+04 1.0652690845e+00 7.2000000000e-01 
1.2822860565e-08 1.1483292355e+04 3.8840579214e-01 7.2000000000e-01 
4.7679375643e-06 1.2085576497e+04 1.2899374068e+00 7.2000000000e-01 
3.0642487333e-11 1.1247652424e+04 8.9045060308e-01 7.2000000000e-01 
2.2437654442e-08 2.5000000000e+04 9.4404299838e-01 7.2000000000e-01 
6.7575118074e-09 2.5000000000e+04 1.6854233357e-01 7.2000000000e-01 
3.3643546831e-10 1.1305371692e+04 7.3473197515e-01 7.2000000000e-01 
3.0017245969e-07 2.5000000000e+04 7.4557584937e-01 7.2000000000e-01 
1.0140439865e-06 1.4506243936e+04 2.4261492451e-01 7.2000000000e-01 
1.9431972414e-09 1.1410502587e+04 7.1652652702e-01 7.2000000000e-01 
1.5469937347e-09 1.4500105085e+04 3.8461208438e-01 7.2000000000e-01 
3.2043001773e-10 1.9113474751e+04 1.1837160184e+00 7.2000000000e-01 
5.4357053110e-09 1.1833541957e+04 1.0708354353e+00 7.2000000000e-01 
2.6028268148e-05 1.3965390643e+04 1.4733370045e+00 7.2000000000e-01 
3.5072948571e-09 1.1437767924e+04 4.8259339587e-01 7.2000000000e-01 
3.7360027223e-10 1.5142799992e+04 5.4962874742e-01 7.2000000000e-01 
5.4712564206e-09 1.6488561521e+04 1.3658071560e+00 7.2000000000e-01 
3.5144449275e-06 1.1212849451e+04 5.4683654043e-01 7.2000000000e-01 
7.0996212044e-11 1.4182173128e+04 1.3418523554e+00 7.2000000000e-01 
3.4606581923e-09 1.1789265230e+04 8.7773953166e-01 7.2000000000e-01 
4.1124870350e-08 1.6904159638e+04 1.3657033456e+00 7.2000000000e-01 
1.8795500308e-11 2.0323839322e+04 9.1259017682e-01 7.2000000000e-01 
1.8337393340e-06 1.1622795319e+04 1.0736441516e+00 7.2000000000e-01 
2.9270509436e-07 2.5000000000e+04 8.8628791918e-01 7.2000000000e-01 
2.1492728113e-07 1.7113476769e+04 5.6871052645e-01 7.2000000000e-01 
1.1093724512e-06 1.4167994935e+04 5.6067086674e-01 7.2000000000e-01 
1.1185576754e-09 1.4751328267e+04 1.1609306941e+00 7.2000000000e-01 
1.2744419931e-10 1.3417710339e+04 6.0512427009e-01 7.2000000000e-01 
1.1494451676e-09 1.4891254458e+04 3.2454062506e-01 7.2000000000e-01 
1.9426454890e-08 1.4683824526e+04 1.2187472994e+00 7.2000000000e-01 
3.1647402501e-10 1.1405148640e+04 4.6434635822e-01 7.2000000000e-01 
4.7789342576e-10 1.1535433686e+04 1.3600615428e+00 7.2000000000e-01 
2.3068237822e-10 1.1345769538e+04 9.4762167756e-01 7.2000000000e-01 
6.7320740550e-09 1.4625858315e+04 9.7591359017e-01 7.2000000000e-01 
3.3645038740e-07 1.5492205453e+04 8.9129058127e-01 7.2000000000e-01 
2.2892439228e-10 1.3436452127e+04 8.1904671933e-01 7.2000000000e-01 
6.5675052120e-08 1.5956457767e+04 1.0470736458e+00 7.2000000000e-01 
5.7358450783e-08 1.4596617783e+04 1.3530116171e+00 7.2000000000e-01 
6.8718587274e-07 1.1562704272e+04 5.9932380327e-01 7.2000000000e-01 
9.1375405323e-08 1.2714315703e+04 8.9014850181e-01 7.2000000000e-01 
6.1967383769e-11 1.3199889482e+04 4.0135350296e-01 7.2000000000e-01 
3.0915692604e-11 1.8988566247e+04 1.2319996233e+00 7.2000000000e-01 
1.2069674253e-06 1.6888006113e+04 6.0006959372e-01 7.2000000000e-01 
1.8127339627e-09 1.7456325596e+04 1.2234583020e+00 7.2000000000e-01 
1.1400277289e-09 1.8346642165e+04 3.3767748988e-01 7.2000000000e-01 
7.0918495634e-09 1.7748329063e+04 8.1434171779e-01 7.2000000000e-01 
8.3508323625e-10 1.5476776628e+04 9.2497343042e-01 7.2000000000e-01 
3.5221858945e-09 1.1228207262e+04 3.7783209945e-01 7.2000000000e-01 
9.9651767138e-10 1.2191952509e+04 1.2872790174e+00 7.2000000000e-01 
3.5707279381e-07 1.1214611721e+04 6.8083923463e-01 7.2000000000e-01 
2.0846298735e-10 1.4243244713e+04 7.1698242620e-01 7.2000000000e-01 
6.9265383211e-10 1.3477501067e+04 1.1273439701e+00 7.2000000000e-01 
2.8652549057e-08 1.1942335568e+04 8.2550961532e-01 7.2000000000e-01 
2.4373663976e-11 2.3751088774e+04 3.8809992585e-01 7.2000000000e-01 
3.8801409169e-08 1.4524284058e+04 1.2689247047e+00 7.2000000000e-01 
9.3750746677e-11 2.3417010339e+04 7.4118682199e-01 7.2000000000e-01 
1.1107960657e-11 1.2247169896e+04 6.7663385015e-01 7.2000000000e-01 
1.1782985362e-09 1.9991495744e+04 1.0234082101e+00 7.2000000000e-01 
5.7474221276e-08 1.3758534270e+04 9.1626891417e-01 7.2000000000e-01 
7.1112199453e-09 1.2295947026e+04 8.6671816578e-01 7.2000000000e-01 
4.3507171332e-09 1.3948554565e+04 1.0549103525e+00 7.2000000000e-01 
3.2350431436e-08 1.2160619136e+04 9.0767455444e-01 7.2000000000e-01 
1.7483554324e-09 1.3185415863e+04 1.0161597964e+00 7.2000000000e-01 
2.7204494618e-09 1.4081571336e+04 4.2045557307e-01 7.2000000000e-01 
2.1165505538e-08 1.1388454906e+04 9.6200558124e-01 7.2000000000e-01 
2.5242197981e-11 1.4854424174e+04 7.0198597817e-01 7.2000000000e-01 
2.5091971391e-09 1.1200691692e+04 7.6485533810e-01 7.2000000000e-01 
7.1280064783e-10 1.1944190535e+04 3.4011523812e-01 7.2000000000e-01 
1.9219707962e-07 1.1571336081e+04 8.8647454860e-01 7.2000000000e-01 
4.2734244966e-06 1.4912443021e+04 1.6098105476e-01 7.2000000000e-01 
4.0971318487e-07 1.5156555295e+04 1.2100263423e+00 7.2000000000e-01 
6.0900675310e-08 1.2730885556e+04 6.8421853202e-01 7.2000000000e-01 
1.9301048038e-08 1.1223230914e+04 1.2554213485e+00 7.2000000000e-01 
2.2856701817e-08 1.3684931819e+04 1.1855151624e+00 7.2000000000e-01 
2.6894006076e-07 1.1582523778e+04 2.0786745065e-01 7.2000000000e-01 
1.7389485631e-08 1.2963106838e+04 1.2087692550e+00 7.2000000000e-01 
3.8434785980e-10 1.7252933435e+04 4.4254007139e-01 7.2000000000e-01 
2.8029731878e-07 1.8300825953e+04 3.6152130009e-01 7.2000000000e-01 
1.4350067408e-08 1.1507024129e+04 1.3279229752e+00 7.2000000000e-01 
3.7172807144e-07 1.2726660355e+04 1.0267547039e+00 7.2000000000e-01 
1.4923073982e-05 1.3893433377e+04 1.3649670716e+00 7.2000000000e-01 
1.4736762259e-06 1.1795159090e+04 1.1812931938e+00 7.2000000000e-01 
4.1459653400e-09 1.1478524298e+04 1.1573326984e+00 7.2000000000e-01 
1.9023483497e-09 2.5000000000e+04 1.0900470975e+00 7.2000000000e-01 
4.1620694245e-10 1.1276841020e+04 1.0565614040e+00 7.2000000000e-01 
1.5152752159e-10 1.3091258213e+04 1.3147608709e+00 7.2000000000e-01 
3.4508801755e-08 1.2317167079e+04 1.0735944502e+00 7.2000000000e-01 
2.1457976406e-07 1.3167978836e+04 2.8667236755e-01 7.2000000000e-01 
5.0194335310e-06 1.2464445218e+04 5.2625658063e-01 7.2000000000e-01 
1.8871127511e-07 1.2067918598e+04 1.0734394965e+00 7.2000000000e-01 
4.2294010937e-07 1.1337857421e+04 5.4548942424e-01 7.2000000000e-01 
1.4362474933e-08 1.1733116754e+04 1.4749066464e+00 7.2000000000e-01 
1.2802196525e-08 1.5537003417e+04 2.8061218427e-01 7.2000000000e-01 
2.9223248697e-10 1.6135247109e+04 8.0923306164e-01 7.2000000000e-01 
7.4335765686e-08 1.1872698311e+04 6.5161214846e-01 7.2000000000e-01 
2.4006997977e-08 1.3091717434e+04 6.8034726509e-01 7.2000000000e-01 
2.9200674370e-10 1.6907365971e+04 1.0721428821e+00 7.2000000000e-01 
1.1844445767e-07 1.1635951715e+04 2.8267494308e-01 7.2000000000e-01 
1.0884766941e-09 1.4847159702e+04 1.2716504019e+00 7.2000000000e-01 
3.8756854590e-06 1.8836782001e+04 3.6986039768e-01 7.2000000000e-01 
6.2641258414e-10 1.1559485915e+04 1.5458708894e-01 7.2000000000e-01 
1.0049109350e-08 1.1388094991e+04 9.3613213132e-02 7.2000000000e-01 
2.6313372868e-06 1.3196240793e+04 1.4300416187e+00 7.2000000000e-01 
4.2961012473e-11 1.1420713923e+04 3.8336623030e-01 7.2000000000e-01 
6.6041194964e-08 1.4565290300e+04 1.0064271969e-01 7.2000000000e-01 
9.3521561095e-08 1.2175911766e+04 1.1272327597e+00 7.2000000000e-01 
1.6141684415e-07 2.5000000000e+04 1.1952162536e+00 7.2000000000e-01 
7.7983905560e-08 1.1734487381e+04 2.4907355737e-01 7.2000000000e-01 
3.3711744404e-09 1.2307481785e+04 1.1025675622e+00 7.2000000000e-01 
1.0519527350e-07 1.4072732522e+04 7.6300759149e-01 7.2000000000e-01 
1.7753316197e-09 1.3133849246e+04 6.4905484408e-01 7.2000000000e-01 
7.4663140795e-06 1.3747721222e+04 1.1653851165e+00 7.2000000000e-01 
3.9242905612e-10 1.3847206757e+04 9.5517415323e-01 7.2000000000e-01 
8.1833180097e-09 1.3431185994e+04 1.2467090912e-01 7.2000000000e-01 
6.9850498056e-09 1.5182198705e+04 1.2705321820e+00 7.2000000000e-01 
2.4504499690e-09 1.6542750119e+04 6.9107022868e-01 7.2000000000e-01 
6.3830309942e-06 1.4362732316e+04 1.0481860216e+00 7.2000000000e-01 
8.0635483886e-10 1.5295554360e+04 5.6582085415e-01 7.2000000000e-01 
3.0447387039e-09 1.3445966286e+04 1.1825012157e+00 7.2000000000e-01 
9.8247048072e-11 1.1969987434e+04 3.9117304783e-01 7.2000000000e-01 
9.1406240681e-09 1.4932053801e+04 7.5928919445e-01 7.2000000000e-01 
3.1719903794e-08 1.2300665353e+04 2.6296747582e-01 7.2000000000e-01 
1.5260735288e-08 2.1100703463e+04 1.0205532370e+00 7.2000000000e-01 
1.2837976886e-09 1.3798649968e+04 1.3009097485e+00 7.2000000000e-01 
2.5194088171e-08 1.1521629660e+04 8.1424188808e-01 7.2000000000e-01 
5.6960583804e-07 1.1793508091e+04 1.0839857933e+00 7.2000000000e-01 
3.2103941101e-11 1.8879063965e+04 1.1808639437e+00 7.2000000000e-01 
1.5687112804e-08 2.1789611090e+04 8.8313169514e-01 7.2000000000e-01 
3.9610404045e-09 1.1250193060e+04 9.4234446689e-01 7.2000000000e-01 
1.3906903086e-08 1.8896489425e+04 6.2275873941e-01 7.2000000000e-01 
4.1873594103e-11 1.3071329772e+04 8.6086015379e-01 7.2000000000e-01 
2.4806466620e-10 1.5321569689e+04 1.2236348500e+00 7.2000000000e-01 
1.8310632364e-08 2.0306724008e+04 2.3812994283e-01 7.2000000000e-01 
3.3883279740e-09 1.4723106435e+04 1.0355499611e+00 7.2000000000e-01 
1.0244987175e-07 1.3769353141e+04 8.3390862082e-01 7.2000000000e-01 
8.8774958834e-12 1.6501129043e+04 1.1408793288e+00 7.2000000000e-01 
1.4064872854e-05 1.3829137659e+04 7.5556586355e-01 7.2000000000e-01 
8.8523573717e-09 1.1332041517e+04 7.9736409345e-01 7.2000000000e-01 
2.8283188329e-08 1.2315201394e+04 3.6152238721e-01 7.2000000000e-01 
1.0812390836e-09 1.3131619461e+04 7.2040086504e-01 7.2000000000e-01 
8.8643067741e-11 2.5000000000e+04 7.7438141289e-01 7.2000000000e-01 
5.5588019623e-10 1.4426028852e+04 1.0242995340e+00 7.2000000000e-01 
7.6924700160e-11 1.3873313453e+04 7.6728459936e-01 7.2000000000e-01 
4.3943616881e-11 1.1880662370e+04 9.5577419509e-01 7.2000000000e-01 
3.7541412434e-08 1.2012873484e+04 1.4503463775e+00 7.2000000000e-01 
1.0610221465e-06 1.1433620980e+04 8.5216719687e-01 7.2000000000e-01 
2.4135856772e-08 1.2881106401e+04 9.6741458132e-01 7.2000000000e-01 
7.7392559839e-10 1.3354820085e+04 9.5905217727e-01 7.2000000000e-01 
1.3762543702e-05 1.2502456690e+04 1.4094017786e+00 7.2000000000e-01 
1.4029520674e-08 1.1223027921e+04 5.6624268064e-01 7.2000000000e-01 
6.5472024038e-11 1.9517432138e+04 1.0638682691e+00 7.2000000000e-01 
1.2988990012e-10 1.2604326054e+04 8.1186800783e-01 7.2000000000e-01 
2.3334240607e-07 1.1664313635e+04 1.3945329933e+00 7.2000000000e-01 
5.7294067834e-11 1.2753092111e+04 6.9652952907e-01 7.2000000000e-01 
3.0970297177e-08 1.1376524429e+04 4.8129438494e-01 7.2000000000e-01 
4.3137767888e-08 2.5000000000e+04 1.3419932830e+00 7.2000000000e-01 
3.1135662353e-09 1.3671724044e+04 1.2219213020e+00 7.2000000000e-01 
6.9792007114e-09 1.2017235231e+04 1.3902603580e+00 7.2000000000e-01 
7.2414874236e-07 1.1999255870e+04 5.3507849463e-01 7.2000000000e-01 
1.5611231235e-09 1.5170240777e+04 3.3438697086e-01 7.2000000000e-01 
5.2192933511e-10 1.1591500917e+04 3.2679029531e-01 7.2000000000e-01 
7.0732526049e-08 1.6099873688e+04 5.5740615521e-01 7.2000000000e-01 
8.5143602763e-12 1.1558888281e+04 6.2835537388e-01 7.2000000000e-01 
4.7359664973e-11 1.1372867313e+04 1.3277845705e+00 7.2000000000e-01 
2.0632446753e-06 1.5832145640e+04 1.2204924387e+00 7.2000000000e-01 
2.6416775111e-10 1.3435005340e+04 1.1031775125e+00 7.2000000000e-01 
2.1193050158e-09 1.1255173917e+04 1.0547264281e+00 7.2000000000e-01 
7.0641558196e-11 1.6720041558e+04 4.8844634215e-01 7.2000000000e-01 
2.2494363859e-09 1.5473378843e+04 1.0194914167e+00 7.2000000000e-01 
1.4868908423e-10 1.1497191622e+04 7.0427855221e-01 7.2000000000e-01 
1.7154525377e-07 1.2081696384e+04 5.3047797925e-01 7.2000000000e-01 
2.8315960746e-10 1.1615767879e+04 1.0077938329e+00 7.2000000000e-01 
7.4665482800e-07 1.6882562533e+04 9.7591799661e-01 7.2000000000e-01 
3.5055825385e-08 1.1802604071e+04 1.3637203879e+00 7.2000000000e-01 
1.7885899535e-07 1.2544931666e+04 6.5655391074e-01 7.2000000000e-01 
9.5951800630e-08 1.2536843442e+04 6.1215714376e-01 7.2000000000e-01 
1.1047128474e-10 1.3155119674e+04 1.1631785292e+00 7.2000000000e-01 
4.7946267427e-08 1.4885693355e+04 8.4464653745e-01 7.2000000000e-01 
7.9719097663e-10 1.1535536326e+04 1.0195446110e+00 7.2000000000e-01 
2.4780278671e-10 1.6601291142e+04 9.1468406965e-01 7.2000000000e-01 
4.7868163180e-09 2.1713223000e+04 1.2933954369e+00 7.2000000000e-01 
6.8081674099e-11 1.5088733555e+04 1.2316259576e-01 7.2000000000e-01 
3.5096336509e-08 1.2385507662e+04 1.0390825660e+00 7.2000000000e-01 
7.3058804911e-09 1.5416250434e+04 4.0889135327e-01 7.2000000000e-01 
3.0243507744e-10 1.5268186796e+04 4.9557646911e-01 7.2000000000e-01 
3.4134608020e-09 1.1263417061e+04 7.9944677902e-01 7.2000000000e-01 
3.3790206726e-07 1.1688071251e+04 1.0149739650e+00 7.2000000000e-01 
6.2889324867e-11 1.5191507359e+04 1.8598813564e-01 7.2000000000e-01 
2.3792481976e-09 1.2392123804e+04 6.7016525129e-01 7.2000000000e-01 
6.2797256113e-10 2.5000000000e+04 3.4156942341e-01 7.2000000000e-01 
2.2364238185e-09 1.2072999532e+04 1.6377111891e-01 7.2000000000e-01 
1.0973758146e-08 1.6578793632e+04 9.5177974192e-01 7.2000000000e-01 
1.1070527883e-08 2.0812550454e+04 6.5536915811e-01 7.2000000000e-01 
1.3720695917e-10 1.2648782982e+04 1.1592575992e+00 7.2000000000e-01 
1.1884988353e-08 1.2650660887e+04 1.1902425553e+00 7.2000000000e-01 
3.9564369553e-09 1.1760898676e+04 1.1155325785e+00 7.2000000000e-01 
4.7936239167e-08 1.1873728455e+04 1.1019509697e+00 7.2000000000e-01 
6.2106503610e-10 1.8865331849e+04 1.1202097647e+00 7.2000000000e-01 
4.0267907158e-09 1.2739762109e+04 1.1123688080e+00 7.2000000000e-01 
7.9052472147e-09 2.1836817326e+04 7.3622280594e-01 7.2000000000e-01 
4.5863084020e-09 1.6921074858e+04 1.2336100165e+00 7.2000000000e-01 
4.2274646845e-10 1.6916683878e+04 1.5693468994e-01 7.2000000000e-01 
1.7098212487e-08 1.4503893784e+04 9.5679617451e-01 7.2000000000e-01 
1.6809017212e-11 1.1395468130e+04 6.8164080326e-01 7.2000000000e-01 
7.3254542861e-10 1.1938691992e+04 9.3267190516e-01 7.2000000000e-01 
8.4460915531e-08 1.5971367507e+04 1.2796814966e+00 7.2000000000e-01 
5.3821360838e-12 1.1428632741e+04 1.0424453232e+00 7.2000000000e-01 
7.7072691718e-12 1.2360069503e+04 5.0881480199e-01 7.2000000000e-01 
1.2947273500e-09 2.4151289366e+04 9.3830111302e-01 7.2000000000e-01 
1.8250275578e-07 1.4990215019e+04 5.7546410407e-01 7.2000000000e-01 
9.7079940829e-10 1.5831156169e+04 9.4179970304e-01 7.2000000000e-01 
1.4036169463e-05 1.2966214845e+04 4.8147544916e-01 7.2000000000e-01 
1.9298913107e-08 1.5758270183e+04 1.1450712591e+00 7.2000000000e-01 
2.1391506701e-07 1.6282322902e+04 5.3760940575e-01 7.2000000000e-01 
9.9730766074e-08 1.5569104264e+04 1.0154516758e+00 7.2000000000e-01 
1.4906472214e-10 1.2285108724e+04 8.3777191207e-01 7.2000000000e-01 
2.7442348783e-07 1.3680702157e+04 1.2391279240e+00 7.2000000000e-01 
1.7865587896e-08 1.2356687040e+04 7.5429267710e-01 7.2000000000e-01 
1.6814164748e-08 1.3036901976e+04 5.7175410481e-01 7.2000000000e-01 
4.4563289025e-07 1.1275869384e+04 7.3778727332e-01 7.2000000000e-01 
2.6079159314e-08 1.9841802540e+04 1.3350840480e-01 7.2000000000e-01 
4.7197377051e-07 1.3066600058e+04 8.7693113098e-02 7.2000000000e-01 
1.1630765860e-07 1.1432041742e+04 7.8675483234e-01 7.2000000000e-01 
1.4268038205e-09 1.2073218717e+04 9.7442686096e-01 7.2000000000e-01 
7.9347365799e-10 1.4670954934e+04 6.1285195430e-01 7.2000000000e-01 
1.4261127673e-10 1.4308148560e+04 9.2048790983e-01 7.2000000000e-01 
1.1122849492e-08 1.6347859642e+04 1.5184341824e+00 7.2000000000e-01 
1.1377471449e-09 1.1610144189e+04 8.5410853898e-01 7.2000000000e-01 
2.0231719796e-10 2.5000000000e+04 4.9217246279e-01 7.2000000000e-01 
2.7770192199e-08 1.4539654122e+04 6.6762654128e-01 7.2000000000e-01 
