3.6142618435e-08 1.1560903388e+04 1.0114760656e+00 
3.1696074818e-09 1.6067320569e+04 5.0925072045e-01 
2.0329365981e-09 2.4156253524e+04 1.1282094427e+00 
9.4003046269e-07 1.2434465910e+04 1.2917971741e+00 
2.8075257009e-10 1.1384395020e+04 9.7457511919e-01 
9.3261169196e-10 1.6472633570e+04 1.4414778837e+00 
8.4520602356e-07 1.2043492786e+04 2.5569249685e-01 
5.9607345171e-10 1.2137407895e+04 2.5980310478e-01 
4.2268515205e-09 1.1380765294e+04 4.7396976135e-01 
6.8832031207e-10 1.1502129379e+04 4.3896092523e-01 
3.4047762037e-07 1.2265354203e+04 8.7460203242e-01 
1.7114099587e-07 1.1565095900e+04 2.7394159212e-01 
9.9112433966e-07 1.2991974127e+04 2.7455286696e-01 
1.9861389931e-10 1.1234229742e+04 7.8603973052e-01 
5.5118650974e-10 1.1891003538e+04 5.6764412385e-01 
4.6670158700e-07 1.2838887414e+04 1.1939690395e+00 
4.1183774926e-08 1.2293929741e+04 1.1287556703e+00 
2.1367901127e-09 1.1248279419e+04 1.0041851519e+00 
2.6886351423e-09 1.1758013131e+04 1.0078273880e+00 
3.4597825071e-09 1.4712360251e+04 1.0661720636e+00 
1.5170123276e-08 1.2859571465e+04 8.0800349380e-01 
2.4565791467e-08 1.6356147619e+04 5.1721542368e-01 
7.7788836766e-07 1.3392719342e+04 3.4714079010e-01 
1.3681353312e-10 1.2325038192e+04 9.7756894323e-01 
1.0785616217e-09 1.2627951326e+04 6.0961883808e-01 
2.2058815066e-11 1.2043381473e+04 3.8339668440e-01 
3.7085419729e-09 2.1163534661e+04 1.0778786636e+00 
4.8071479865e-09 2.5000000000e+04 1.2202749368e+00 
1.4896214142e-10 1.1445147986e+04 9.2109803002e-01 
5.9422162273e-07 1.2511043707e+04 5.6060185005e-01 
1.0717079710e-11 1.1772168624e+04 8.7930758558e-01 
4.4877802446e-10 1.5911318615e+04 4.9605703506e-01 
9.8426793457e-10 1.8505004913e+04 6.6173632831e-01 
5.6627008242e-09 1.7074132348e+04 2.8720982012e-01 
5.1504588626e-07 1.3656960098e+04 9.6823068118e-01 
1.2226617706e-10 1.2674076597e+04 1.0477983358e+00 
1.9445760283e-07 1.2939070630e+04 6.6384566516e-01 
5.0199348112e-09 1.1273754288e+04 7.5683919918e-01 
3.1759093919e-07 1.7481190525e+04 6.4066826252e-01 
7.7282199758e-06 1.2572178853e+04 7.0539347727e-01 
1.7999663907e-08 1.2860088913e+04 8.8698489169e-01 
3.4356481498e-10 1.5905763024e+04 8.4290521446e-01 
2.8758394842e-10 1.3865076871e+04 8.0328956310e-01 
1.1108628097e-08 1.4958294644e+04 1.3189956096e+00 
4.4257668897e-11 1.2142425402e+04 6.5835327348e-01 
1.8849903487e-10 1.1624687682e+04 1.3711092117e+00 
7.8737469121e-07 2.4533110779e+04 7.7960479150e-01 
5.4660836130e-10 1.1331296343e+04 1.1947512145e+00 
1.5938705255e-09 1.2052674026e+04 4.9199974817e-01 
1.2869643663e-11 1.2071973257e+04 1.2694958744e+00 
5.2771151124e-08 1.3023891244e+04 2.4977279994e-01 
1.4955851131e-11 1.1208093253e+04 8.5475641485e-01 
1.8468690590e-10 1.2913597139e+04 1.4191269054e+00 
5.0604075487e-07 1.2609620002e+04 9.6029471920e-01 
3.3213496155e-09 1.3250813403e+04 1.2356321750e+00 
1.5755911535e-08 1.1600758883e+04 7.5340336911e-01 
1.1536316841e-10 1.6043087709e+04 1.3240412885e+00 
6.7438090396e-06 1.6230141029e+04 9.0707142380e-01 
9.5086139477e-09 1.4781091436e+04 1.3067612505e+00 
3.1745409436e-07 1.9905158058e+04 1.1031789894e+00 
4.5563371851e-10 1.7222458061e+04 6.2313672993e-01 
3.1270485467e-11 1.3465651131e+04 5.1071664505e-01 
2.3880038526e-08 1.1483379960e+04 9.6910442126e-01 
2.9375242696e-08 1.8865730884e+04 4.1888602269e-01 
1.8758185854e-08 1.2973823618e+04 1.1379455870e+00 
4.8446564152e-11 1.1529864423e+04 1.1334924142e+00 
1.4377660153e-11 1.3005703623e+04 1.8707094477e-01 
3.1309211962e-10 2.1922566801e+04 9.4978492334e-01 
1.5178313858e-07 1.2151852334e+04 1.0210755202e-01 
2.2740389410e-08 1.3391830607e+04 3.7094525347e-01 
1.4215000117e-10 2.5000000000e+04 2.7378507838e-01 
2.1286080635e-07 1.2796708000e+04 9.0620548692e-01 
1.9114355412e-09 1.3938216074e+04 1.4577781312e+00 
9.6419352699e-07 2.0935195053e+04 1.0416534120e+00 
5.1832498314e-09 2.5000000000e+04 6.6055227013e-01 
2.1614122044e-08 1.2533107576e+04 8.6304663600e-01 
3.5634785523e-06 1.2438746045e+04 5.6717126459e-01 
6.1619496031e-10 1.3359419806e+04 7.2383774889e-01 
2.4230099444e-09 1.1845826171e+04 1.3057771694e+00 
5.8689291682e-09 1.1558636238e+04 6.9957651392e-01 
2.0902656131e-09 2.2580916769e+04 7.4726098114e-01 
4.3036008942e-12 1.3490969198e+04 1.0875443916e+00 
2.0824400445e-07 1.2315231342e+04 8.9805923373e-01 
6.5615239039e-10 1.9435818472e+04 8.1080726991e-01 
1.5496494000e-08 1.1496689089e+04 1.4453373266e+00 
3.3177323337e-07 1.4185273346e+04 9.3994619338e-01 
6.9706918166e-11 1.1679987290e+04 1.1470476664e+00 
8.6914986863e-09 1.1418823901e+04 1.2980396278e+00 
2.5359143032e-05 2.5000000000e+04 1.1155207735e+00 
1.2516705169e-10 1.1871929743e+04 7.4960202836e-01 
1.6075005023e-08 1.2767527074e+04 1.9768915957e-01 
1.2264478180e-09 1.2782968288e+04 1.2180498222e+00 
6.1823493941e-10 1.3453534079e+04 5.5618046805e-01 
1.3373736822e-07 1.1894283109e+04 1.1390449909e+00 
1.6628059597e-10 1.1617842315e+04 8.9654677065e-01 
8.8923432496e-08 1.9441876181e+04 2.5126267613e-02 
4.5453972858e-07 1.1853270329e+04 1.1753982948e+00 
2.7806735407e-09 1.7282872400e+04 5.9618106803e-01 
1.4237069859e-09 1.1792252531e+04 8.3889022010e-01 
3.2831096579e-07 1.1541564675e+04 3.4697106851e-01 
