6.7367645218e-11 1.8180020695e+04 5.2090466146e-01 8.4000000000e-01 
3.5085678421e-11 2.3395874579e+04 8.3757106191e-01 8.4000000000e-01 
2.9172430912e-09 1.2020149609e+04 1.0839760714e+00 8.4000000000e-01 
4.7165499848e-08 1.1891362918e+04 1.1645494323e+00 8.4000000000e-01 
2.9036079387e-09 1.1760582026e+04 6.6896766194e-01 8.4000000000e-01 
4.7943920048e-10 2.0255011647e+04 1.4293341407e-01 8.4000000000e-01 
5.7646736243e-10 1.1386037018e+04 6.6004336523e-01 8.4000000000e-01 
2.5020447204e-06 2.0735248288e+04 9.8091843065e-01 8.4000000000e-01 
3.6745949264e-08 1.1778380366e+04 8.4879840258e-01 8.4000000000e-01 
2.0800623096e-10 1.1727007802e+04 4.9525211680e-01 8.4000000000e-01 
6.9908755175e-10 1.2478995835e+04 5.4574350911e-01 8.4000000000e-01 
2.2028233309e-10 1.1950458530e+04 8.1469815312e-01 8.4000000000e-01 
3.2734862319e-09 1.7334741806e+04 7.0046385788e-01 8.4000000000e-01 
9.0294125796e-08 1.2436962310e+04 1.2709983982e+00 8.4000000000e-01 
2.7043639947e-09 2.0121966051e+04 1.0020868941e+00 8.4000000000e-01 
2.9152731944e-09 1.1543416290e+04 7.6584877722e-01 8.4000000000e-01 
3.1102134987e-09 1.5330365307e+04 6.7996677484e-01 8.4000000000e-01 
3.6572841146e-08 1.3347512285e+04 1.6036599137e-01 8.4000000000e-01 
2.5776537132e-08 2.4428645492e+04 4.1742660670e-01 8.4000000000e-01 
3.2048415362e-08 1.4318169197e+04 1.1069715282e+00 8.4000000000e-01 
8.2061220439e-09 1.2662211928e+04 4.8727542779e-01 8.4000000000e-01 
4.9214089826e-08 1.3406405727e+04 4.8107109192e-01 8.4000000000e-01 
1.8665815498e-07 1.9312489793e+04 1.4863998351e+00 8.4000000000e-01 
2.4838671763e-08 1.1777162308e+04 4.0788594548e-01 8.4000000000e-01 
4.5025352431e-08 1.5469635679e+04 1.6282218468e-01 8.4000000000e-01 
1.0611951751e-07 1.7274910145e+04 1.1352520843e+00 8.4000000000e-01 
1.8830555816e-08 1.3099383921e+04 9.8111029841e-01 8.4000000000e-01 
8.6056169307e-08 1.4076551188e+04 4.0613585590e-01 8.4000000000e-01 
1.5909352573e-07 1.1305437145e+04 1.0163430237e+00 8.4000000000e-01 
3.4338622993e-11 1.5173895717e+04 9.5386118361e-01 8.4000000000e-01 
4.6129836078e-11 2.1420683366e+04 9.0463774333e-01 8.4000000000e-01 
1.8535390773e-09 1.2396335533e+04 6.1280126975e-01 8.4000000000e-01 
2.5390798709e-08 1.2968569714e+04 9.1896198153e-01 8.4000000000e-01 
2.6739375636e-08 1.4949830330e+04 1.0052863688e+00 8.4000000000e-01 
2.0133152919e-11 1.6663993882e+04 6.5897274095e-01 8.4000000000e-01 
2.3303912043e-05 1.3891958686e+04 5.4699029067e-01 8.4000000000e-01 
2.2038782589e-08 1.5508305480e+04 4.6297140171e-01 8.4000000000e-01 
1.9856623764e-10 1.5304511780e+04 1.1889309943e+00 8.4000000000e-01 
2.7905418805e-09 1.1953698248e+04 6.1710822767e-01 8.4000000000e-01 
4.5825833328e-10 2.5000000000e+04 4.8126846261e-03 8.4000000000e-01 
3.1129644703e-10 1.1570466465e+04 8.2481994629e-01 8.4000000000e-01 
2.4516427519e-10 1.1825027786e+04 3.6961841818e-01 8.4000000000e-01 
1.7592770944e-09 1.3777433807e+04 6.0027708388e-01 8.4000000000e-01 
3.1790099948e-10 1.5828170183e+04 6.6541561166e-01 8.4000000000e-01 
5.5484433031e-12 1.2996562622e+04 7.6898244193e-01 8.4000000000e-01 
1.1443853937e-07 1.1448554657e+04 6.2672674509e-01 8.4000000000e-01 
1.1908950038e-11 1.2081650139e+04 7.0907123766e-01 8.4000000000e-01 
1.1350382964e-08 1.2573947943e+04 1.0282036307e+00 8.4000000000e-01 
1.6806820704e-06 1.1261141258e+04 1.2189951387e+00 8.4000000000e-01 
2.9865951165e-09 1.3238852087e+04 1.2906732682e-01 8.4000000000e-01 
4.8224764021e-07 1.5153710807e+04 1.0543953308e+00 8.4000000000e-01 
2.4546311295e-09 1.1242953926e+04 7.3835008207e-01 8.4000000000e-01 
1.4290223597e-07 1.1226624070e+04 2.6157006851e-01 8.4000000000e-01 
2.0038214580e-06 2.0783113551e+04 2.0459681351e-01 8.4000000000e-01 
2.3586043659e-10 1.1499495526e+04 1.2805774218e+00 8.4000000000e-01 
7.6072229258e-08 1.2382965382e+04 6.8545071663e-01 8.4000000000e-01 
2.8561726284e-06 1.1908778836e+04 5.5296104674e-01 8.4000000000e-01 
1.0551181562e-10 1.1497998738e+04 6.1065894431e-01 8.4000000000e-01 
3.2532027457e-06 1.4826565042e+04 8.5117509017e-01 8.4000000000e-01 
7.0751054151e-06 1.3455401034e+04 5.4869727461e-01 8.4000000000e-01 
9.5315709896e-06 1.2703633948e+04 8.7980142124e-01 8.4000000000e-01 
9.7421066218e-08 1.6123561976e+04 9.7177637718e-01 8.4000000000e-01 
2.4716353259e-11 1.9072164134e+04 9.4613240378e-01 8.4000000000e-01 
2.6247844786e-11 1.2627204643e+04 5.1672361994e-01 8.4000000000e-01 
1.7671517850e-08 1.2764653881e+04 1.0400052592e+00 8.4000000000e-01 
4.0311811430e-11 1.7599175816e+04 1.7259693278e-01 8.4000000000e-01 
2.1491342281e-10 1.3372340561e+04 1.3657492880e+00 8.4000000000e-01 
6.1015045508e-12 2.5000000000e+04 1.0685225795e+00 8.4000000000e-01 
7.9650329790e-09 1.1273228894e+04 5.5050594640e-01 8.4000000000e-01 
8.1590968871e-09 1.4088245926e+04 1.2027254775e+00 8.4000000000e-01 
3.3997281328e-08 1.2260241547e+04 8.2461617379e-01 8.4000000000e-01 
3.2686402038e-09 1.6310258970e+04 4.4689642544e-01 8.4000000000e-01 
4.2875836566e-10 1.4063473236e+04 7.0954665272e-01 8.4000000000e-01 
1.3854164987e-08 1.1643108824e+04 5.8467756562e-01 8.4000000000e-01 
1.0388432300e-09 1.7045192959e+04 7.6028827470e-01 8.4000000000e-01 
1.6409902246e-10 1.2523932163e+04 1.1668178570e+00 8.4000000000e-01 
1.3005381111e-07 1.2116531005e+04 3.5148733328e-01 8.4000000000e-01 
2.6513295350e-07 1.7748659730e+04 1.3227953227e+00 8.4000000000e-01 
1.7742133606e-08 1.2424754194e+04 9.4676134218e-02 8.4000000000e-01 
4.0604116319e-06 1.1311968672e+04 1.2023355250e+00 8.4000000000e-01 
3.5893037950e-09 1.2169278870e+04 9.2430616412e-01 8.4000000000e-01 
1.1056504452e-10 1.6148551572e+04 1.0104142392e+00 8.4000000000e-01 
1.1235002659e-09 1.2097177167e+04 2.3665932940e-01 8.4000000000e-01 
1.4561036547e-09 1.5239013092e+04 2.7439326269e-01 8.4000000000e-01 
3.9082373440e-08 1.6992531449e+04 4.9171200229e-01 8.4000000000e-01 
8.1376835262e-08 1.2366316084e+04 4.5228245254e-01 8.4000000000e-01 
8.2965057926e-09 1.4637668972e+04 3.3495816752e-01 8.4000000000e-01 
5.0036232973e-10 1.3856490520e+04 3.5306308772e-01 8.4000000000e-01 
7.3278443832e-07 1.5632369840e+04 3.4578081803e-01 8.4000000000e-01 
2.9250113881e-07 1.2064076316e+04 5.9943097557e-01 8.4000000000e-01 
5.5245238803e-08 1.1560706477e+04 2.3347085229e-01 8.4000000000e-01 
3.1816124641e-07 2.0494875800e+04 1.0219869804e+00 8.4000000000e-01 
1.7259241512e-09 1.2837736963e+04 8.5335208247e-01 8.4000000000e-01 
1.4101406398e-09 1.2577217419e+04 6.7087862246e-01 8.4000000000e-01 
3.4371527387e-08 1.9229644506e+04 1.2612070298e+00 8.4000000000e-01 
1.4107581909e-11 1.2349566061e+04 1.1699795628e+00 8.4000000000e-01 
9.9242089798e-06 2.4731764201e+04 1.4602220612e-01 8.4000000000e-01 
4.6013959109e-11 1.2793474129e+04 8.0297552815e-01 8.4000000000e-01 
3.5425318889e-08 2.5000000000e+04 7.9831977508e-01 8.4000000000e-01 
8.3495914442e-06 1.2911168465e+04 6.4339273449e-01 8.4000000000e-01 
2.5080138438e-08 1.4138262456e+04 4.0143434875e-01 8.4000000000e-01 
1.3322956127e-10 1.4318388397e+04 8.4759308751e-01 8.4000000000e-01 
2.0755295475e-10 1.7120451900e+04 5.1385080269e-01 8.4000000000e-01 
5.2230668637e-09 1.3403599290e+04 8.9573214108e-01 8.4000000000e-01 
8.4072776231e-10 1.2235875453e+04 9.2333287113e-01 8.4000000000e-01 
2.8724626288e-07 1.1490007750e+04 5.6089293505e-01 8.4000000000e-01 
7.8712167647e-11 2.1817613474e+04 6.0125821661e-01 8.4000000000e-01 
1.6603225436e-09 1.6567080651e+04 8.9570653965e-01 8.4000000000e-01 
2.7406014803e-05 1.1551367452e+04 4.0083669614e-01 8.4000000000e-01 
5.4656158568e-09 1.1610140480e+04 9.9129658489e-01 8.4000000000e-01 
5.8623797208e-07 1.5795533792e+04 1.2994789750e+00 8.4000000000e-01 
6.4253794850e-09 2.0901694295e+04 1.0288403676e+00 8.4000000000e-01 
8.1389430160e-07 1.3032507721e+04 7.0581057582e-01 8.4000000000e-01 
1.7810182309e-06 1.4304540659e+04 1.0866417010e+00 8.4000000000e-01 
5.3186277807e-10 2.4936262526e+04 8.9620398860e-01 8.4000000000e-01 
4.5132141055e-09 1.2122464306e+04 1.1847031184e+00 8.4000000000e-01 
1.2822127582e-10 1.2854911456e+04 1.2512110740e+00 8.4000000000e-01 
3.5998467774e-08 1.1976083431e+04 9.4826815461e-01 8.4000000000e-01 
2.3725317883e-08 1.1524122161e+04 5.8875473808e-01 8.4000000000e-01 
1.9928732420e-10 2.1462876713e+04 6.1738099677e-01 8.4000000000e-01 
1.4780214305e-07 1.2521370328e+04 1.1357143795e+00 8.4000000000e-01 
7.4161375239e-09 1.1292939567e+04 7.2790190392e-01 8.4000000000e-01 
1.0420476596e-09 1.1774856850e+04 9.8794478735e-01 8.4000000000e-01 
7.8209645738e-09 1.5025899461e+04 9.9481582989e-01 8.4000000000e-01 
1.8505916397e-08 1.9690447475e+04 8.4309743463e-01 8.4000000000e-01 
9.8447123359e-10 1.1682255659e+04 1.6925379720e-01 8.4000000000e-01 
7.3223905795e-06 1.2736275763e+04 4.5477393192e-01 8.4000000000e-01 
2.7471616530e-07 2.5000000000e+04 3.8632918462e-01 8.4000000000e-01 
9.7938929890e-07 1.5093227797e+04 1.1352125870e+00 8.4000000000e-01 
1.6984997128e-10 2.5000000000e+04 9.6104139519e-01 8.4000000000e-01 
7.6216248655e-11 1.2519150513e+04 1.8734032951e-01 8.4000000000e-01 
8.8904655539e-09 1.6102502560e+04 7.9371484933e-01 8.4000000000e-01 
1.4485729701e-09 1.1336099570e+04 1.3649306198e-01 8.4000000000e-01 
1.1165003231e-06 1.2407116619e+04 1.1721213281e+00 8.4000000000e-01 
3.6324504746e-10 1.7055816762e+04 7.3358773440e-01 8.4000000000e-01 
3.6998814257e-10 1.1453549440e+04 4.6985160385e-01 8.4000000000e-01 
2.2365994987e-11 1.8086925371e+04 1.1641691967e+00 8.4000000000e-01 
4.1779096073e-09 1.2962816006e+04 5.8837529914e-01 8.4000000000e-01 
1.4986597499e-09 1.1291306228e+04 1.2610805088e+00 8.4000000000e-01 
5.7425423258e-12 1.1567153609e+04 5.1427765749e-01 8.4000000000e-01 
5.6178351356e-09 2.5000000000e+04 1.0100588391e+00 8.4000000000e-01 
1.9784639203e-06 1.4882978833e+04 6.4828618776e-01 8.4000000000e-01 
8.3611160898e-09 1.9965977073e+04 8.7805314673e-01 8.4000000000e-01 
9.3577423037e-10 1.6912316673e+04 5.7656826972e-01 8.4000000000e-01 
5.1709453202e-09 1.1533512412e+04 5.2898086544e-01 8.4000000000e-01 
1.0133178659e-05 1.6855060557e+04 7.5213746808e-01 8.4000000000e-01 
3.0260691957e-11 1.1654870333e+04 4.7543034359e-01 8.4000000000e-01 
7.2358384685e-11 1.2282033177e+04 1.0531069008e+00 8.4000000000e-01 
1.0865252328e-08 1.5834721335e+04 9.4228345415e-01 8.4000000000e-01 
7.0564207693e-11 1.3190697289e+04 8.5764791083e-01 8.4000000000e-01 
7.3310318966e-10 1.2550144384e+04 9.4833218939e-01 8.4000000000e-01 
1.5856959552e-09 1.1279664114e+04 8.0429383209e-01 8.4000000000e-01 
3.2084790308e-08 1.2073990966e+04 5.8062949672e-01 8.4000000000e-01 
1.8699103666e-10 1.2575921980e+04 4.3788502955e-01 8.4000000000e-01 
2.0636256254e-08 1.5936094386e+04 1.2180598533e+00 8.4000000000e-01 
1.2946425905e-09 2.3376344056e+04 1.4409471523e+00 8.4000000000e-01 
7.5763770637e-09 2.5000000000e+04 1.9867281834e-01 8.4000000000e-01 
3.5377938560e-10 1.6478761249e+04 2.4693777169e-01 8.4000000000e-01 
4.1039917407e-12 1.5335467254e+04 2.7375308950e-01 8.4000000000e-01 
4.4308254948e-09 1.1835560548e+04 8.4147062053e-01 8.4000000000e-01 
1.1440108352e-10 2.3259629245e+04 1.0267716066e+00 8.4000000000e-01 
2.5738981965e-09 1.3431861549e+04 6.4634357747e-01 8.4000000000e-01 
7.6711635333e-09 1.1714583959e+04 1.5168566438e+00 8.4000000000e-01 
9.4590943608e-09 1.6132849862e+04 1.0937492278e+00 8.4000000000e-01 
5.1991324428e-08 1.1931252399e+04 6.3686180159e-01 8.4000000000e-01 
2.1421337862e-10 1.2272247285e+04 9.2964209267e-01 8.4000000000e-01 
8.1832274350e-09 1.2937134191e+04 1.0820900869e+00 8.4000000000e-01 
7.8279922539e-10 1.2674657908e+04 5.0345690672e-01 8.4000000000e-01 
4.9857365847e-09 1.6914438880e+04 1.1292384984e+00 8.4000000000e-01 
2.9981269779e-07 1.1532545432e+04 7.8044968594e-01 8.4000000000e-01 
7.1141314737e-08 1.1817916548e+04 6.4780547484e-01 8.4000000000e-01 
3.2716396706e-08 2.5000000000e+04 4.2551080314e-01 8.4000000000e-01 
1.0643576329e-09 1.1253261386e+04 7.2373194164e-01 8.4000000000e-01 
4.3605259615e-09 1.2072860763e+04 5.8139587860e-01 8.4000000000e-01 
6.5695061389e-08 1.2109394045e+04 1.1059411730e+00 8.4000000000e-01 
2.2166903364e-09 1.6955621085e+04 1.1507134542e+00 8.4000000000e-01 
1.0168030734e-09 1.2235840692e+04 5.4896592165e-01 8.4000000000e-01 
4.1031240732e-07 2.3549626720e+04 2.7750998839e-01 8.4000000000e-01 
9.8460385373e-09 1.1783832193e+04 4.6526318607e-01 8.4000000000e-01 
3.4240097832e-10 1.8844479301e+04 1.1787809953e+00 8.4000000000e-01 
4.3309715906e-08 1.2012117228e+04 8.4099471045e-01 8.4000000000e-01 
1.9642992698e-11 1.2266849840e+04 9.3683205529e-01 8.4000000000e-01 
3.6545861061e-09 1.2609323112e+04 3.1236345496e-01 8.4000000000e-01 
1.2759100113e-08 1.1851955001e+04 7.9217286734e-01 8.4000000000e-01 
1.6864344728e-09 1.2972559373e+04 6.8536625064e-01 8.4000000000e-01 
1.2817954534e-08 1.1912954176e+04 2.0330183075e-01 8.4000000000e-01 
4.7442879025e-12 1.1566197615e+04 6.3061422025e-01 8.4000000000e-01 
7.3891885431e-10 1.5956974643e+04 4.5557569598e-01 8.4000000000e-01 
5.5255318870e-09 1.4313730736e+04 7.9157023879e-01 8.4000000000e-01 
7.2464623060e-08 1.6580083948e+04 5.0588486761e-01 8.4000000000e-01 
3.4542152444e-10 2.0647625710e+04 1.0950287142e+00 8.4000000000e-01 
1.6963078362e-06 1.2157537331e+04 8.6244848152e-01 8.4000000000e-01 
1.3682941671e-09 1.1550770172e+04 9.0197216176e-01 8.4000000000e-01 
1.4964756820e-07 1.3737594469e+04 9.9232034064e-01 8.4000000000e-01 
1.7121690371e-09 1.2189263464e+04 1.0160959206e+00 8.4000000000e-01 
1.2741860127e-10 1.1487235956e+04 7.3121062930e-02 8.4000000000e-01 
1.1019800156e-09 1.3206501413e+04 5.4778344404e-01 8.4000000000e-01 
1.8341945428e-08 1.4008333412e+04 7.8464707818e-01 8.4000000000e-01 
2.3996857095e-09 1.1377624019e+04 1.7978665011e-01 8.4000000000e-01 
7.4481113537e-11 2.1562333923e+04 1.0346975810e+00 8.4000000000e-01 
3.7533891658e-10 1.5717708424e+04 1.0184455517e+00 8.4000000000e-01 
3.7579776540e-12 1.3141207140e+04 3.7728073595e-01 8.4000000000e-01 
5.6762622152e-12 1.1966796281e+04 1.1945028896e+00 8.4000000000e-01 
5.8668396743e-09 1.2679510525e+04 1.2116646284e+00 8.4000000000e-01 
1.7099343788e-10 2.0210143808e+04 8.2570122736e-01 8.4000000000e-01 
7.7581192971e-10 1.2405384769e+04 4.3962608240e-01 8.4000000000e-01 
9.0375910364e-07 2.0174769297e+04 1.0247652255e+00 8.4000000000e-01 
4.4411549333e-10 1.9065607421e+04 1.4834133152e+00 8.4000000000e-01 
7.5771915261e-06 1.8921853146e+04 9.7297385773e-01 8.4000000000e-01 
8.2633817953e-09 1.1522236464e+04 1.2614677992e+00 8.4000000000e-01 
1.3028838874e-10 1.1580152148e+04 1.0085216147e+00 8.4000000000e-01 
3.7217686033e-07 1.4265155742e+04 4.9075042518e-01 8.4000000000e-01 
1.6383691697e-09 1.1854284825e+04 4.0514038568e-01 8.4000000000e-01 
4.7458743237e-07 1.5470180586e+04 8.2625496352e-01 8.4000000000e-01 
3.2415994691e-06 1.3894295874e+04 1.4030248449e+00 8.4000000000e-01 
4.6924309765e-06 1.4926931266e+04 2.1514566735e-01 8.4000000000e-01 
1.1819135527e-09 1.5697665051e+04 2.1399929415e-01 8.4000000000e-01 
1.4266642387e-10 1.3697488649e+04 1.1693350676e-01 8.4000000000e-01 
1.0075666965e-08 1.2459910810e+04 2.7551231119e-01 8.4000000000e-01 
8.9110135770e-10 1.2837927916e+04 3.7388939906e-01 8.4000000000e-01 
7.3995910666e-09 1.3022655263e+04 8.1281334176e-01 8.4000000000e-01 
4.2327883552e-07 1.2522893981e+04 8.7164480642e-01 8.4000000000e-01 
2.7956629363e-07 2.0574715554e+04 1.3227646812e+00 8.4000000000e-01 
2.4481657654e-09 1.8039784792e+04 6.8045157959e-01 8.4000000000e-01 
3.6000580610e-10 1.2821408308e+04 1.1872953624e-01 8.4000000000e-01 
1.0347959302e-08 1.1578814052e+04 1.1733051373e+00 8.4000000000e-01 
2.3193461376e-08 1.2421666420e+04 1.0872420596e+00 8.4000000000e-01 
3.6205364733e-09 1.2114146551e+04 2.8760084962e-01 8.4000000000e-01 
6.5700588269e-09 1.3002009343e+04 3.9925409534e-01 8.4000000000e-01 
2.9939270691e-09 1.8949451650e+04 4.4023367669e-01 8.4000000000e-01 
3.5635291683e-09 1.2075653061e+04 9.8535213950e-01 8.4000000000e-01 
3.5557493748e-10 1.2945022398e+04 5.6769827498e-01 8.4000000000e-01 
2.0570940505e-08 1.4232037156e+04 8.2205918955e-01 8.4000000000e-01 
2.2034229926e-06 2.5000000000e+04 3.8863245274e-01 8.4000000000e-01 
3.8006570453e-10 1.5169841878e+04 1.4251154212e+00 8.4000000000e-01 
5.4307404941e-07 1.2051074773e+04 9.1834027359e-01 8.4000000000e-01 
5.5249171075e-12 1.3129639501e+04 8.0533244464e-01 8.4000000000e-01 
1.2479119333e-08 1.2099461989e+04 5.3383677116e-01 8.4000000000e-01 
2.3590824297e-10 1.2800677381e+04 9.0739968436e-01 8.4000000000e-01 
4.6297782397e-09 1.2921782746e+04 2.3530920149e-01 8.4000000000e-01 
1.7586479252e-08 1.2311275649e+04 2.3565043840e-01 8.4000000000e-01 
5.4724074872e-10 1.3280246293e+04 7.9765827621e-01 8.4000000000e-01 
1.3134395413e-09 1.1350394620e+04 9.0336196635e-01 8.4000000000e-01 
1.4520396308e-07 1.9170481030e+04 3.1885498379e-01 8.4000000000e-01 
4.5950566329e-10 1.1717595006e+04 1.1726255351e+00 8.4000000000e-01 
6.4829050251e-09 1.7424501371e+04 7.9023032161e-01 8.4000000000e-01 
5.3824262830e-07 1.2854063144e+04 8.0502904562e-01 8.4000000000e-01 
3.3503108293e-10 1.4698418179e+04 1.1300740145e+00 8.4000000000e-01 
8.3685319470e-12 1.2684239739e+04 4.4027439273e-01 8.4000000000e-01 
2.7663985328e-10 1.1421299322e+04 3.5894562750e-01 8.4000000000e-01 
5.8757075161e-08 1.3040954925e+04 9.7415897152e-01 8.4000000000e-01 
1.2743767539e-09 1.6465172563e+04 6.3960214142e-01 8.4000000000e-01 
1.0385897237e-08 1.3619683773e+04 9.5863475787e-01 8.4000000000e-01 
2.3109329404e-11 1.8264084728e+04 7.8839559607e-01 8.4000000000e-01 
2.2578318344e-08 2.2696891535e+04 5.8461326828e-01 8.4000000000e-01 
8.7513939715e-11 1.1632430060e+04 9.7515176166e-01 8.4000000000e-01 
1.8950842109e-09 1.9602242573e+04 6.2341061426e-01 8.4000000000e-01 
5.0766219588e-08 1.2727646187e+04 6.0124659537e-01 8.4000000000e-01 
1.1796188890e-07 1.3385806237e+04 8.5006992378e-01 8.4000000000e-01 
1.2785416838e-08 1.1550418779e+04 1.0745947732e+00 8.4000000000e-01 
4.6020564985e-09 1.2427258776e+04 1.1704663142e+00 8.4000000000e-01 
1.1235460003e-06 1.8543499732e+04 5.5495325875e-01 8.4000000000e-01 
1.4101540499e-09 2.1104646049e+04 2.6777093547e-01 8.4000000000e-01 
1.0159317272e-09 1.1317466533e+04 9.1541213049e-01 8.4000000000e-01 
4.8644512573e-06 1.1577259146e+04 4.8837983697e-01 8.4000000000e-01 
7.9383716305e-10 1.2761656017e+04 8.8323388940e-01 8.4000000000e-01 
7.3319429875e-08 1.1655693224e+04 4.4013267701e-01 8.4000000000e-01 
9.6254393713e-10 1.4075401166e+04 6.3000381625e-01 8.4000000000e-01 
1.0116236172e-06 1.2124422319e+04 5.9322320551e-01 8.4000000000e-01 
4.5703941217e-07 1.5633603929e+04 6.1099713910e-01 8.4000000000e-01 
9.6819825054e-07 1.1775291799e+04 1.0412477029e+00 8.4000000000e-01 
1.0150709276e-11 1.1947501258e+04 1.1131541816e+00 8.4000000000e-01 
2.3147106868e-10 1.3491010579e+04 1.8290460742e-02 8.4000000000e-01 
1.2779311633e-08 1.8823017042e+04 1.1869176922e+00 8.4000000000e-01 
1.4977339051e-11 1.3261558085e+04 2.2485914100e-01 8.4000000000e-01 
7.2311559457e-08 1.1210275405e+04 1.2635106774e+00 8.4000000000e-01 
5.3127533555e-06 1.2629047618e+04 8.5559057139e-01 8.4000000000e-01 
3.2877185482e-08 1.2480661885e+04 1.1901489620e+00 8.4000000000e-01 
2.5221802575e-09 1.3576529273e+04 6.2146999425e-01 8.4000000000e-01 
1.3931572885e-07 1.2044976658e+04 1.1032076546e+00 8.4000000000e-01 
1.3510385132e-10 2.5000000000e+04 4.4587432766e-01 8.4000000000e-01 
1.4012865511e-10 1.4589566263e+04 5.3542331299e-01 8.4000000000e-01 
1.9371239533e-07 1.2491794552e+04 1.2131174629e+00 8.4000000000e-01 
1.1305484321e-08 1.2154827176e+04 7.6967331034e-01 8.4000000000e-01 
5.2373998823e-09 1.1898716512e+04 8.1470975295e-01 8.4000000000e-01 
1.1579783396e-11 1.2743873128e+04 4.1036465996e-01 8.4000000000e-01 
2.2008231823e-09 1.1826618215e+04 8.9125703119e-01 8.4000000000e-01 
1.2652336006e-09 1.1508807681e+04 2.4140812553e-01 8.4000000000e-01 
1.7662031732e-09 1.5802264468e+04 4.3753138264e-01 8.4000000000e-01 
8.1186757125e-11 1.3147565517e+04 7.7651309119e-01 8.4000000000e-01 
1.1345899568e-07 1.1385823438e+04 1.1245777765e+00 8.4000000000e-01 
1.3438208628e-10 1.1299865132e+04 3.3978818794e-01 8.4000000000e-01 
2.2094322259e-06 1.5662899339e+04 1.3378631384e+00 8.4000000000e-01 
2.0801366602e-10 1.4975070484e+04 3.7054100804e-01 8.4000000000e-01 
9.3171187831e-09 1.6246094661e+04 1.0759351870e+00 8.4000000000e-01 
1.4407878174e-09 1.1790885377e+04 8.1361641560e-01 8.4000000000e-01 
6.5434618278e-07 1.4533921742e+04 1.1287375697e+00 8.4000000000e-01 
2.3246351726e-05 1.2625339540e+04 8.5800998681e-01 8.4000000000e-01 
2.3696931264e-08 1.1765661405e+04 9.7538187031e-01 8.4000000000e-01 
1.3699992964e-10 2.5000000000e+04 6.2932411239e-01 8.4000000000e-01 
2.5037737045e-09 1.1604373239e+04 1.0611065366e+00 8.4000000000e-01 
3.4617327741e-10 1.5919358575e+04 9.3765638240e-01 8.4000000000e-01 
9.1950785356e-11 1.3467665259e+04 1.4391773628e+00 8.4000000000e-01 
4.1087712947e-09 1.6605522528e+04 5.9052471371e-01 8.4000000000e-01 
7.4544797977e-08 1.1499139341e+04 9.0931464442e-01 8.4000000000e-01 
4.2857055820e-07 1.3092253101e+04 1.0105321767e+00 8.4000000000e-01 
7.4789320208e-07 1.3265079755e+04 1.3457441358e+00 8.4000000000e-01 
4.6865477831e-11 1.1345746618e+04 1.0095912185e+00 8.4000000000e-01 
9.4686162689e-10 2.0026439127e+04 9.6438162596e-01 8.4000000000e-01 
2.5356315014e-07 1.3327474665e+04 9.7304303018e-01 8.4000000000e-01 
6.6675768972e-10 1.4528933019e+04 1.1602204680e+00 8.4000000000e-01 
1.3316860953e-09 1.7509567854e+04 1.1877222816e+00 8.4000000000e-01 
1.7005473597e-11 2.5000000000e+04 8.4562905472e-01 8.4000000000e-01 
1.9124143186e-08 1.5860885888e+04 9.5011277778e-01 8.4000000000e-01 
6.3682162555e-10 1.3392774046e+04 3.3953218878e-01 8.4000000000e-01 
2.9762345647e-06 1.1383070058e+04 1.3527280885e+00 8.4000000000e-01 
2.8135925164e-08 1.4169804753e+04 1.0972457552e+00 8.4000000000e-01 
1.4478820415e-09 1.5530855786e+04 4.9507503198e-01 8.4000000000e-01 
7.5924685910e-08 1.7375627168e+04 5.5531099806e-01 8.4000000000e-01 
3.1143675438e-08 1.5491923834e+04 5.3489377184e-01 8.4000000000e-01 
1.3845908594e-05 1.8028764963e+04 1.2279610296e+00 8.4000000000e-01 
1.4334698418e-09 1.1968137014e+04 1.0298469787e+00 8.4000000000e-01 
4.4509280875e-07 1.6074403280e+04 1.0577389111e-01 8.4000000000e-01 
7.3259953862e-10 1.2591548542e+04 9.0565147118e-01 8.4000000000e-01 
1.5572883012e-10 1.2841039706e+04 9.9660334052e-01 8.4000000000e-01 
7.2809169230e-12 1.8561252263e+04 2.1232169910e-02 8.4000000000e-01 
1.0927091471e-08 1.3369703002e+04 7.3197810819e-01 8.4000000000e-01 
1.2546320842e-07 1.2612631351e+04 1.0061620360e+00 8.4000000000e-01 
9.7657527292e-06 1.3655476691e+04 4.3260968635e-01 8.4000000000e-01 
3.9820872714e-08 1.1307407759e+04 1.7889311218e-01 8.4000000000e-01 
1.8004590612e-07 1.3269062059e+04 1.7078263919e-02 8.4000000000e-01 
1.4926494353e-10 1.1282411520e+04 8.5373767181e-01 8.4000000000e-01 
8.6371061031e-07 1.6741848745e+04 8.0073921798e-01 8.4000000000e-01 
6.1444604439e-09 1.2237313848e+04 8.2105482483e-01 8.4000000000e-01 
4.9079166327e-10 1.2314337143e+04 1.2204561810e+00 8.4000000000e-01 
2.3324436779e-09 1.1401626566e+04 1.2895256880e+00 8.4000000000e-01 
5.0587641373e-08 1.8977132594e+04 2.4979398642e-01 8.4000000000e-01 
1.6807962014e-08 1.7160080006e+04 7.1742905565e-01 8.4000000000e-01 
2.1085926380e-08 1.2530528692e+04 1.4117069339e+00 8.4000000000e-01 
5.0966811969e-07 1.4228034263e+04 1.4112728331e+00 8.4000000000e-01 
1.5628408785e-11 1.8984287498e+04 6.6331933080e-01 8.4000000000e-01 
3.5900365102e-06 1.9610813262e+04 3.2072796578e-01 8.4000000000e-01 
1.5528147414e-09 1.3860767086e+04 4.2811973039e-01 8.4000000000e-01 
1.4447354520e-08 1.7408742911e+04 2.7752064298e-01 8.4000000000e-01 
5.6711875092e-09 1.4311974663e+04 1.8318171924e-01 8.4000000000e-01 
4.1393911728e-08 2.5000000000e+04 7.3195620103e-01 8.4000000000e-01 
5.4817875709e-07 1.2969873315e+04 1.1236655310e+00 8.4000000000e-01 
7.0281621641e-09 1.7044673034e+04 9.8834188720e-02 8.4000000000e-01 
7.0657802586e-10 1.1334093503e+04 5.3112016577e-01 8.4000000000e-01 
3.9327898583e-10 2.5000000000e+04 1.1047181568e+00 8.4000000000e-01 
2.0784433950e-08 1.4170572966e+04 9.8802758271e-01 8.4000000000e-01 
4.9587874588e-10 1.9301848839e+04 9.1124147762e-01 8.4000000000e-01 
5.2872172740e-09 1.2310561850e+04 6.3348257988e-01 8.4000000000e-01 
2.0716907199e-08 2.5000000000e+04 7.5194374618e-01 8.4000000000e-01 
4.6060646822e-10 1.1992149078e+04 4.0342956251e-01 8.4000000000e-01 
5.7960268320e-11 1.7272276705e+04 7.4641874969e-01 8.4000000000e-01 
1.5618294798e-09 1.4326953907e+04 3.3152005847e-01 8.4000000000e-01 
1.4415794830e-06 1.2917829067e+04 6.2621816159e-01 8.4000000000e-01 
4.8535956877e-12 1.1448800334e+04 9.1332969160e-01 8.4000000000e-01 
3.1440223958e-10 1.1369937605e+04 8.4932905307e-01 8.4000000000e-01 
1.9184837203e-07 1.6799587965e+04 4.0517395643e-01 8.4000000000e-01 
8.0464209876e-09 1.4739050463e+04 8.7929337141e-01 8.4000000000e-01 
2.6395041804e-08 1.1541654520e+04 5.6764710719e-01 8.4000000000e-01 
3.5422268430e-09 1.3641820942e+04 8.6376799252e-01 8.4000000000e-01 
2.7612501304e-08 1.2630238382e+04 8.2692389062e-01 8.4000000000e-01 
1.4801998381e-08 1.2081325153e+04 2.2635203094e-01 8.4000000000e-01 
1.5721488110e-09 2.3228084244e+04 1.1699784828e+00 8.4000000000e-01 
5.3815315649e-08 1.1600159252e+04 7.0783636467e-01 8.4000000000e-01 
8.8089846058e-07 1.1441890915e+04 1.0610108964e+00 8.4000000000e-01 
3.0642338324e-10 1.4455493381e+04 6.7922406074e-01 8.4000000000e-01 
2.1742420514e-08 1.1756705482e+04 1.1393202227e+00 8.4000000000e-01 
8.6808377428e-07 2.2870246106e+04 1.4807193137e+00 8.4000000000e-01 
8.8018070672e-07 1.7591066070e+04 4.4858345494e-02 8.4000000000e-01 
1.1841560837e-09 1.1702565937e+04 2.7675656240e-01 8.4000000000e-01 
5.5779439381e-06 2.2546794602e+04 3.4170867255e-01 8.4000000000e-01 
1.7988392662e-07 1.1253877897e+04 7.6698990455e-01 8.4000000000e-01 
7.4736901475e-11 1.3857819436e+04 6.3327100719e-01 8.4000000000e-01 
5.5019433676e-11 1.2625424372e+04 9.6829200824e-01 8.4000000000e-01 
1.9357498697e-09 1.4592625825e+04 4.2870401206e-01 8.4000000000e-01 
1.0671567484e-06 1.5430058843e+04 5.7680221650e-01 8.4000000000e-01 
2.0590965754e-07 1.2035786308e+04 1.0134406745e+00 8.4000000000e-01 
3.9573488796e-09 1.2945587641e+04 1.0160527858e-01 8.4000000000e-01 
3.4223831891e-10 2.5000000000e+04 2.8975460309e-01 8.4000000000e-01 
1.1015670202e-08 1.2195340051e+04 9.0494191702e-01 8.4000000000e-01 
3.2394507343e-10 1.1414122697e+04 6.4747549945e-01 8.4000000000e-01 
6.0398451022e-08 1.1432142659e+04 8.7549510826e-01 8.4000000000e-01 
6.3367489384e-09 1.3611710621e+04 1.4488177081e+00 8.4000000000e-01 
8.3905916320e-10 1.1674674599e+04 1.2742518801e+00 8.4000000000e-01 
1.8245016192e-09 2.2855470278e+04 8.8412499341e-01 8.4000000000e-01 
6.2087827589e-10 1.2086389069e+04 3.8422426502e-01 8.4000000000e-01 
1.6932399508e-06 2.2137661324e+04 7.9269066591e-01 8.4000000000e-01 
3.8470296570e-10 1.1809161948e+04 4.2553814052e-01 8.4000000000e-01 
5.7237426676e-06 1.3136610655e+04 8.0817040706e-01 8.4000000000e-01 
6.1137706054e-08 1.2902756089e+04 5.9039709834e-01 8.4000000000e-01 
7.9782126179e-09 1.2517096310e+04 3.2991833790e-01 8.4000000000e-01 
2.9722150215e-09 1.1593567655e+04 9.5817162299e-01 8.4000000000e-01 
9.5742544347e-09 1.5184817188e+04 6.0086954191e-01 8.4000000000e-01 
5.9506325353e-09 1.1260692654e+04 7.3346824192e-01 8.4000000000e-01 
1.1847703601e-10 1.2978111963e+04 1.5329078405e+00 8.4000000000e-01 
7.9419548528e-07 1.1310943853e+04 9.2460657439e-02 8.4000000000e-01 
2.6289165256e-07 1.2249352698e+04 7.6450144341e-01 8.4000000000e-01 
2.8532256216e-10 1.1596130843e+04 4.9404188424e-01 8.4000000000e-01 
3.3570731658e-10 1.6501956188e+04 1.0021292582e+00 8.4000000000e-01 
1.2773358083e-08 1.1509188327e+04 1.2943647711e+00 8.4000000000e-01 
3.0884088857e-09 1.3214725999e+04 4.8598943704e-01 8.4000000000e-01 
9.7020438943e-09 1.2689324819e+04 7.2950847023e-01 8.4000000000e-01 
8.2455002919e-11 1.2954686042e+04 3.6686025485e-01 8.4000000000e-01 
1.4205172234e-08 1.1353253175e+04 5.7658894158e-01 8.4000000000e-01 
1.6242761428e-11 1.1774811006e+04 9.8778089209e-01 8.4000000000e-01 
1.4879446111e-09 1.3456547260e+04 3.4221649257e-01 8.4000000000e-01 
8.4691045926e-10 1.4222165284e+04 9.3057023752e-01 8.4000000000e-01 
6.4821499931e-09 2.0007521432e+04 7.2307861024e-01 8.4000000000e-01 
2.0642229483e-07 1.5280418089e+04 9.3918449632e-01 8.4000000000e-01 
1.8514649416e-10 2.2306821484e+04 5.6234315847e-01 8.4000000000e-01 
7.9023549578e-10 1.2100476758e+04 1.2363915884e+00 8.4000000000e-01 
9.5895744642e-07 1.5255566860e+04 7.8497740577e-01 8.4000000000e-01 
5.6667276008e-10 1.1672106667e+04 4.3901284198e-01 8.4000000000e-01 
2.8275224151e-07 1.2085438167e+04 1.2616096393e+00 8.4000000000e-01 
1.6562215533e-08 1.1698368067e+04 1.0303649812e+00 8.4000000000e-01 
2.5102091358e-06 2.0546244001e+04 4.7809706644e-01 8.4000000000e-01 
1.3780382664e-07 1.3423453880e+04 7.4439214893e-01 8.4000000000e-01 
3.8352913140e-09 1.5644220643e+04 1.1460955567e+00 8.4000000000e-01 
1.3019096090e-11 1.1787760393e+04 7.9821734156e-01 8.4000000000e-01 
1.5628005353e-11 1.2096720513e+04 7.7956898243e-02 8.4000000000e-01 
2.2505456671e-08 1.4506443531e+04 5.5195837440e-01 8.4000000000e-01 
1.0747942180e-08 1.5404016150e+04 9.7171311250e-01 8.4000000000e-01 
9.2770425276e-09 1.1568915724e+04 1.0093616378e+00 8.4000000000e-01 
8.5802948854e-06 1.1987374441e+04 9.0787235189e-01 8.4000000000e-01 
1.6069648321e-09 1.1306181131e+04 1.0968819576e+00 8.4000000000e-01 
1.3789826230e-10 1.4548928517e+04 9.9675243864e-01 8.4000000000e-01 
3.5282423916e-10 1.6090098609e+04 1.1011328042e+00 8.4000000000e-01 
7.6954588691e-10 1.1690173023e+04 4.1183851058e-01 8.4000000000e-01 
1.0510251296e-09 1.3888435670e+04 4.9797343413e-01 8.4000000000e-01 
3.9591591826e-09 2.0551549233e+04 4.1294056989e-01 8.4000000000e-01 
1.0292557379e-07 1.3047150757e+04 1.4747911047e+00 8.4000000000e-01 
5.7446419018e-10 1.1842428302e+04 5.9642371396e-01 8.4000000000e-01 
5.6266071490e-09 1.1827088059e+04 1.7544433213e-01 8.4000000000e-01 
1.9587169575e-11 1.2808809862e+04 7.7185389977e-01 8.4000000000e-01 
8.0072015628e-11 1.2819460250e+04 1.3618986808e+00 8.4000000000e-01 
1.3358165585e-09 1.1534217618e+04 6.2516821032e-01 8.4000000000e-01 
3.2319890594e-10 1.1616151559e+04 1.1469675203e+00 8.4000000000e-01 
1.6151279111e-07 1.1739696599e+04 2.0605747839e-01 8.4000000000e-01 
1.4545780721e-11 1.1326860041e+04 1.2055629502e+00 8.4000000000e-01 
3.2185511960e-08 1.7709881951e+04 5.4914310049e-01 8.4000000000e-01 
2.6041142244e-09 1.1253618128e+04 2.0425511882e-01 8.4000000000e-01 
1.0414333729e-08 1.4313983172e+04 1.1254836006e+00 8.4000000000e-01 
1.0738845150e-08 1.2463422797e+04 1.3439876985e+00 8.4000000000e-01 
7.4022849810e-10 1.2240880656e+04 9.1927004640e-01 8.4000000000e-01 
1.9487947505e-09 1.2126748196e+04 8.4725528900e-01 8.4000000000e-01 
4.5044769683e-08 1.3237918283e+04 1.0510208918e+00 8.4000000000e-01 
1.2158528210e-09 1.2008269292e+04 1.0823935091e+00 8.4000000000e-01 
6.6787175141e-12 1.3626024690e+04 1.1081165213e+00 8.4000000000e-01 
4.9257300542e-08 1.4192609574e+04 7.1452356351e-01 8.4000000000e-01 
6.6138093824e-09 1.2158009325e+04 1.3982066013e+00 8.4000000000e-01 
7.0247412785e-08 1.4415132165e+04 1.0179293164e+00 8.4000000000e-01 
3.8260044286e-08 2.4008625718e+04 1.1243041406e+00 8.4000000000e-01 
2.2270199441e-07 1.1940784190e+04 9.6761217251e-01 8.4000000000e-01 
1.4520922620e-11 1.4785585857e+04 1.2637209874e+00 8.4000000000e-01 
4.2150637273e-11 1.3636925917e+04 3.6816434462e-01 8.4000000000e-01 
1.6743186800e-07 1.5843695155e+04 2.3225449900e-01 8.4000000000e-01 
5.3559954312e-09 1.1282059862e+04 5.5064359092e-01 8.4000000000e-01 
3.3445757676e-07 2.2917668101e+04 8.9162104635e-01 8.4000000000e-01 
1.8778479294e-09 1.3117832989e+04 1.2237839089e+00 8.4000000000e-01 
1.2491362991e-09 2.2744807936e+04 6.7180026740e-01 8.4000000000e-01 
1.2270111120e-08 2.4936887732e+04 2.7065661706e-01 8.4000000000e-01 
1.1365531090e-09 1.1598525805e+04 8.1412799710e-01 8.4000000000e-01 
2.2259229444e-10 1.2124491951e+04 1.4301758863e+00 8.4000000000e-01 
6.9469715881e-07 1.1333580383e+04 1.1420471886e+00 8.4000000000e-01 
4.4151935761e-11 1.2745016551e+04 5.3135848411e-01 8.4000000000e-01 
4.9006367674e-07 1.3694491749e+04 9.0898658464e-01 8.4000000000e-01 
1.6043271878e-09 1.1496457236e+04 4.9193348363e-01 8.4000000000e-01 
8.2579065483e-09 1.1493231374e+04 8.6371986573e-01 8.4000000000e-01 
4.0044542589e-09 1.1956415644e+04 8.5093433311e-01 8.4000000000e-01 
2.9184085102e-06 1.4148480955e+04 1.1288373990e+00 8.4000000000e-01 
6.8502970011e-08 1.6440502350e+04 7.5885411423e-01 8.4000000000e-01 
2.4589854984e-11 1.3126597248e+04 4.0838382183e-01 8.4000000000e-01 
7.9109891073e-07 1.2079724519e+04 5.5886736066e-01 8.4000000000e-01 
2.0530245213e-08 2.0248988020e+04 1.1672001957e+00 8.4000000000e-01 
5.7272721650e-11 1.1416879645e+04 7.2771966722e-01 8.4000000000e-01 
8.8590046787e-10 1.4159609988e+04 1.0507361155e+00 8.4000000000e-01 
1.1022193014e-10 1.4191096253e+04 1.0618097299e+00 8.4000000000e-01 
5.1287392518e-08 1.1300699061e+04 1.1240014810e+00 8.4000000000e-01 
5.9955548913e-11 1.2311011506e+04 8.3364829928e-01 8.4000000000e-01 
2.2153451455e-07 1.2849165775e+04 3.5592349082e-01 8.4000000000e-01 
1.0212414140e-07 1.4946398289e+04 6.8384582661e-01 8.4000000000e-01 
6.5052603041e-09 1.2272349294e+04 6.7597555340e-01 8.4000000000e-01 
4.2010177732e-09 1.5104388667e+04 9.4152069774e-01 8.4000000000e-01 
6.2591570935e-10 1.6458373565e+04 5.3423902355e-01 8.4000000000e-01 
9.2473638690e-10 1.5676296911e+04 1.6674470515e-01 8.4000000000e-01 
4.7580932894e-06 1.2179153395e+04 5.4520230145e-01 8.4000000000e-01 
1.2913785028e-07 1.2232069277e+04 9.6710762427e-01 8.4000000000e-01 
3.4592365189e-08 1.5790649380e+04 9.6031257840e-01 8.4000000000e-01 
1.9529914894e-10 1.3060191382e+04 3.4192438330e-01 8.4000000000e-01 
6.8586861953e-09 1.7179602354e+04 4.9677222580e-01 8.4000000000e-01 
2.0995077798e-08 1.7235164027e+04 5.2830324740e-01 8.4000000000e-01 
3.8022164111e-10 1.2813018086e+04 5.8428468781e-01 8.4000000000e-01 
1.0772579399e-07 1.5501204275e+04 5.8022974475e-01 8.4000000000e-01 
2.0357238518e-05 2.5000000000e+04 3.0810161677e-01 8.4000000000e-01 
1.4482103837e-06 1.2785304137e+04 1.5124243196e+00 8.4000000000e-01 
3.6663962813e-08 1.1308345415e+04 9.2062214182e-01 8.4000000000e-01 
