1.2887074030e-05 2.8956394862e-01 
4.9999348309e-06 9.9845136657e-01 
5.6583732578e-05 1.6745379439e-01 
1.3680937986e-04 0.0000000000e+00 
5.6138615823e-05 0.0000000000e+00 
5.0120734259e-06 9.3069383937e-01 
3.2414425001e-05 2.4040714366e-01 
1.0373459393e-05 3.2992383908e-01 
1.1125387585e-04 1.3800670922e-01 
2.2604176483e-05 3.0464083221e-01 
3.5391175674e-05 4.0261659512e-02 
2.2140597538e-05 4.1311903889e-01 
1.8509719163e-05 3.1481122007e-01 
1.6811147408e-04 0.0000000000e+00 
1.1280010453e-05 3.6170204086e-01 
5.7171406422e-05 0.0000000000e+00 
3.2044282401e-05 2.7270357249e-01 
6.1978945598e-05 2.1103811493e-01 
4.9998068470e-06 9.9911747833e-01 
7.8941871439e-05 2.4831228926e-01 
6.2383328118e-05 1.9562527885e-01 
6.7764984962e-05 2.1289448161e-01 
1.8533329191e-04 1.0000000000e+00 
8.8568769119e-05 1.6444453741e-01 
3.4095147295e-05 2.6128360828e-01 
3.9105761731e-05 3.1349773364e-01 
8.4192712391e-05 2.0927102984e-01 
5.9745141448e-05 2.2395982489e-01 
1.7785008354e-04 1.4278447627e-01 
1.0156370719e-05 1.0000000000e+00 
9.3647715758e-06 3.3330396086e-01 
4.7602301615e-05 0.0000000000e+00 
8.5705825440e-05 2.0671194186e-01 
5.7336164238e-05 2.6493048471e-01 
1.0584651029e-05 2.1149657458e-01 
1.9615166294e-04 8.0289918641e-02 
3.2997436976e-05 2.7049646234e-01 
2.1543274398e-05 3.8235682383e-01 
5.4694842910e-05 0.0000000000e+00 
4.9942854065e-06 9.9439506534e-01 
2.4868754500e-05 4.1172681973e-01 
2.4393342276e-05 2.3625849830e-01 
4.1221259649e-05 1.6006786929e-01 
2.3642793550e-05 1.6758104896e-01 
5.7399173845e-06 1.0000000000e+00 
1.3287582332e-04 1.5007331952e-01 
7.4028519238e-06 1.0000000000e+00 
8.4253851002e-05 0.0000000000e+00 
3.4274368880e-04 1.4233287431e-01 
4.4526238094e-05 2.1410537524e-01 
8.0179270433e-05 2.5226386270e-01 
5.4118933764e-05 7.0520221606e-02 
1.3504291055e-04 1.3169185169e-01 
6.7229237411e-06 3.0427508649e-01 
2.0034963236e-05 1.0000000000e+00 
1.0161925351e-04 1.8426525337e-01 
2.2212999483e-04 8.9402574072e-02 
1.5097938459e-05 1.0000000000e+00 
1.0277742833e-04 2.0148214662e-01 
1.7149306331e-04 1.1622671307e-01 
2.5551773808e-04 1.1048631828e-01 
4.4344794141e-05 2.8483464141e-01 
1.1323390835e-05 1.5480956497e-01 
9.5435445546e-06 1.0000000000e+00 
9.2384248456e-05 8.2604041861e-02 
1.2089906196e-05 1.6349914019e-01 
1.9424212879e-05 1.0000000000e+00 
6.8298703561e-06 1.6352530388e-01 
7.5640547996e-05 0.0000000000e+00 
7.6371669686e-05 2.1059265998e-02 
9.8189328232e-05 1.8315127237e-01 
2.1731984945e-05 2.9560066942e-01 
2.9500522297e-05 2.5938914334e-02 
8.4877222026e-05 3.3551060970e-02 
2.0444439683e-05 3.0234202518e-01 
1.7713684649e-05 1.0000000000e+00 
1.0833650626e-04 1.6462299013e-01 
6.5503674509e-05 3.2428837444e-01 
6.9550131869e-05 1.8797041363e-01 
3.9322884606e-04 1.3118961939e-01 
6.0726471141e-05 0.0000000000e+00 
1.8787292703e-05 1.8629546340e-01 
4.0815341278e-05 0.0000000000e+00 
2.6120407949e-05 2.6994596076e-01 
2.1816070956e-05 2.9843535558e-01 
9.5606293452e-05 1.7960457582e-01 
3.6769245685e-05 2.5442770858e-01 
2.9835846011e-05 2.5323479902e-02 
5.0140472006e-05 2.2944931796e-01 
1.3524639692e-04 1.5628635812e-01 
1.0420150753e-04 1.5435202163e-01 
1.0299621751e-05 3.5482957344e-01 
4.7274720207e-05 0.0000000000e+00 
4.3970550663e-05 0.0000000000e+00 
2.9270781371e-05 3.4923947393e-01 
7.8358624900e-06 1.0000000000e+00 
4.9944575933e-06 9.9331286812e-01 
1.1507929673e-05 1.0000000000e+00 
4.9991069658e-06 9.9855780213e-01 
2.1576202257e-04 9.5518764354e-02 
4.9241003480e-05 2.3594443695e-01 
1.9946020657e-05 2.1503113258e-01 
1.6301354615e-05 2.9090237392e-01 
6.0584245281e-05 1.2261250646e-01 
3.7056642126e-05 2.0553745551e-01 
1.5377768133e-04 1.3698120608e-01 
4.9998357121e-06 9.9808911009e-01 
2.7125516175e-05 2.9099267462e-01 
4.0960395841e-04 0.0000000000e+00 
7.0585008969e-05 4.0423567637e-02 
1.1109564088e-04 2.8402348278e-01 
8.8219810118e-06 3.7623051127e-01 
1.3045756389e-04 1.7108111397e-01 
1.3137713448e-04 2.1865149301e-01 
4.9991029102e-06 9.9526454144e-01 
6.5013289432e-05 1.9821097993e-01 
1.6345849897e-05 1.0000000000e+00 
1.1318786183e-04 1.0744309962e-01 
9.6773421306e-05 1.1947968493e-01 
4.9998964775e-06 9.9663351908e-01 
1.5327296179e-04 1.9216135047e-01 
7.5714572274e-05 0.0000000000e+00 
3.9086310215e-05 2.7255904048e-01 
4.9614738123e-05 2.6432972011e-01 
1.0078726124e-05 3.5546525219e-01 
3.9795685567e-05 0.0000000000e+00 
2.1288284927e-04 7.6853892152e-02 
4.9987005432e-06 9.9769613722e-01 
9.9932317385e-05 2.5016888782e-01 
4.9990809078e-06 9.9749132955e-01 
1.6125378456e-05 3.1135716655e-01 
3.0450413943e-05 2.9154676022e-01 
4.5200609861e-05 0.0000000000e+00 
2.2942998075e-04 1.8101193320e-01 
1.9550218314e-05 2.9060325764e-01 
2.7947475751e-05 2.4180627334e-01 
8.8196415376e-06 1.0000000000e+00 
5.4506561713e-05 1.5605238972e-01 
3.6951839675e-05 1.0000000000e+00 
5.8068612981e-06 1.0000000000e+00 
4.9998942086e-06 9.9962075762e-01 
8.4199065318e-05 2.0127131772e-01 
9.4649364181e-06 3.6214214074e-01 
1.8385504776e-05 3.0230841589e-01 
6.5918842616e-05 0.0000000000e+00 
5.7769499410e-05 2.1918695752e-01 
1.0071334823e-05 1.0000000000e+00 
1.3494574597e-05 1.0000000000e+00 
3.8606955340e-05 2.8539744224e-01 
1.3083979715e-05 1.0000000000e+00 
3.5386144280e-05 2.0615096073e-01 
4.6286234329e-05 1.6279043977e-01 
9.0903045536e-05 1.7536948815e-01 
2.2459943290e-05 2.0234904166e-01 
6.3858654750e-05 2.8178196781e-01 
3.5344437982e-05 1.0000000000e+00 
4.9999173096e-06 9.9881133464e-01 
1.7444346281e-05 2.8770568457e-01 
5.0979610041e-06 1.0000000000e+00 
6.4654840454e-05 0.0000000000e+00 
6.5518453507e-06 3.7861479234e-01 
4.7258185426e-05 1.3991111676e-01 
6.3957507524e-05 1.0000000000e+00 
4.3947354886e-05 2.8783115654e-01 
1.0390521767e-04 1.7026223209e-01 
2.1280369312e-05 4.9069649364e-01 
7.7046425891e-05 0.0000000000e+00 
3.6386166668e-05 0.0000000000e+00 
3.7475652920e-05 2.9833590198e-01 
1.6569860196e-04 1.4561706334e-01 
1.1304795965e-04 1.6502401076e-01 
4.9996067658e-06 9.9835739318e-01 
4.0288151155e-05 1.9070096535e-01 
6.1006966390e-05 0.0000000000e+00 
1.3999682460e-04 9.2858990633e-02 
3.8472194788e-05 2.8418191171e-01 
4.0056387375e-05 0.0000000000e+00 
4.9997541989e-06 9.9750816943e-01 
7.5341415335e-05 5.4799316193e-02 
2.5300360136e-05 1.4689660752e-01 
1.0878542629e-04 1.7314053656e-01 
8.7475400549e-06 1.0000000000e+00 
5.2966959496e-05 1.2355500000e-01 
8.5386444172e-05 0.0000000000e+00 
4.5364872684e-05 0.0000000000e+00 
7.4364461083e-05 1.6870853686e-01 
5.4490062192e-06 1.0000000000e+00 
2.2020411257e-05 2.8026531231e-01 
4.7043735529e-05 2.4734069987e-01 
2.7021415196e-05 2.8393854565e-01 
1.4009281664e-05 3.4266925119e-01 
2.0569015544e-04 1.4031010954e-01 
4.3676108430e-05 2.0200709470e-01 
9.6882252966e-05 2.2540660258e-01 
4.7322111939e-05 1.7115557049e-01 
1.8828510579e-05 3.6028190930e-01 
3.9113356306e-05 0.0000000000e+00 
5.7941131087e-05 2.3834777733e-01 
5.2442872442e-05 0.0000000000e+00 
1.1350697071e-05 3.3279634722e-01 
2.8112202079e-05 7.7771110832e-02 
5.0385031020e-06 1.0000000000e+00 
5.7848474284e-06 1.0000000000e+00 
7.1656102875e-05 1.3550006804e-01 
9.7557191319e-06 3.4197448170e-01 
3.6498505166e-05 0.0000000000e+00 
1.2760961858e-05 3.3922998347e-01 
2.4742092428e-05 1.0000000000e+00 
2.6594062011e-05 2.8398962037e-01 
7.7447415056e-05 2.9317754256e-01 
1.6401648417e-05 1.0000000000e+00 
7.2804855138e-05 2.1161235625e-01 
4.6354030312e-05 0.0000000000e+00 
5.9196335383e-05 2.4789718079e-01 
4.4123878022e-04 2.3868555275e-01 
9.0887743886e-05 1.6483195962e-01 
2.2554514349e-05 2.8031310493e-01 
2.0732383406e-05 8.6561078819e-02 
6.4210354230e-05 1.8962351661e-01 
3.7122003523e-05 0.0000000000e+00 
6.5519514448e-05 1.6645144756e-01 
1.4434391077e-04 1.7818088107e-01 
2.5547461077e-05 3.7297492870e-01 
1.4550959978e-05 3.2782267138e-01 
2.8286469128e-05 3.4018561496e-02 
8.6945914581e-05 1.2574278364e-01 
1.0515577494e-04 0.0000000000e+00 
5.6152778843e-05 0.0000000000e+00 
5.4719029909e-05 2.0759393714e-01 
9.3567524212e-06 3.4483628844e-01 
6.1063276554e-05 4.7305023979e-02 
2.8198552780e-05 1.0201742930e-01 
5.6876227739e-05 2.4431808765e-01 
4.9985625743e-06 9.9495931867e-01 
2.3490413641e-05 1.0000000000e+00 
1.7540329122e-04 1.6143657117e-01 
5.7318644547e-06 1.0000000000e+00 
7.6055839836e-05 1.7412544715e-01 
2.3321757010e-05 3.3183588750e-01 
5.1313422915e-05 2.0450946643e-01 
7.2177183531e-05 1.8411209528e-01 
3.2514152876e-05 9.1283275349e-02 
4.2715394021e-05 2.3531999590e-01 
1.0341610229e-05 3.2294334741e-01 
2.4914315375e-05 1.0000000000e+00 
1.9978385919e-05 3.1771811407e-01 
1.3287284366e-04 1.7954871632e-01 
2.6800260334e-05 2.5792058248e-01 
6.5739747195e-06 1.0000000000e+00 
2.5164751261e-05 2.6825157259e-01 
9.9666977936e-05 2.0900036301e-01 
2.1871146546e-05 2.9353633884e-01 
6.8150560947e-05 2.2466746052e-01 
1.1092661208e-05 1.3570216177e-01 
4.9997334213e-06 9.9904292887e-01 
1.4374647517e-05 1.0000000000e+00 
8.3901208678e-06 3.5672696966e-01 
8.4556050033e-05 1.9508887565e-01 
9.1950906027e-05 2.1295136812e-01 
9.3064583926e-05 0.0000000000e+00 
6.6055395380e-05 1.4488270640e-01 
1.8463954187e-05 2.8743605568e-01 
4.9973273550e-06 9.9276711607e-01 
3.8604880782e-05 2.8620270766e-01 
2.7157843766e-04 3.8399069932e-02 
3.6786750741e-05 1.3356216109e-01 
1.1103513804e-04 1.5771232109e-01 
3.5599691358e-05 9.2311886161e-02 
1.6936298502e-04 1.3208923089e-01 
4.9950638794e-05 2.4325916416e-01 
2.2803386708e-04 1.5248126262e-01 
7.0215912358e-06 1.0000000000e+00 
2.4262734437e-05 3.4325575756e-02 
2.5511859152e-05 3.4048327499e-01 
7.8687184031e-06 1.0000000000e+00 
1.6670643566e-04 0.0000000000e+00 
2.2758836464e-04 1.2444649115e-01 
1.2117048939e-04 0.0000000000e+00 
4.5616303280e-05 1.8131221067e-01 
1.6180456082e-04 1.7387235481e-01 
4.9984540205e-06 9.9718387853e-01 
2.0471639564e-05 7.6070790628e-02 
1.8025814981e-04 1.9024553399e-01 
7.9779093809e-05 5.2588001433e-02 
6.7348812438e-05 0.0000000000e+00 
7.3113252485e-06 1.0000000000e+00 
5.2015671008e-05 9.2321255425e-02 
4.3223316104e-05 0.0000000000e+00 
2.3980403145e-05 2.8338755867e-01 
1.5846169256e-05 4.1404582148e-01 
1.7548167042e-04 0.0000000000e+00 
1.8713549936e-05 4.2423402841e-01 
1.5671605452e-04 2.7850654542e-01 
2.2123883041e-05 6.5725132705e-02 
4.1266292459e-05 2.9107270654e-01 
4.5073569277e-05 1.1859777329e-01 
1.1113048438e-04 2.4017658442e-01 
3.1836236862e-04 6.2148973015e-02 
1.0639223660e-04 0.0000000000e+00 
4.9983773207e-06 9.9728405763e-01 
5.3175997567e-05 2.1955368615e-01 
2.6638144333e-05 7.2128600364e-02 
1.4637141273e-05 1.0000000000e+00 
2.1644236020e-05 3.0198544040e-01 
1.3842210651e-04 1.5028971840e-01 
1.3754754995e-04 1.9971538742e-01 
2.6433157182e-04 2.1673109464e-01 
1.1689908589e-05 1.0000000000e+00 
1.1424182956e-05 3.5313350165e-01 
1.1505157012e-04 2.0891406199e-01 
3.4210307478e-05 2.0181978176e-01 
3.6775536541e-05 2.2545404534e-01 
4.9998979269e-06 9.9874165819e-01 
4.0382973073e-05 2.8595155818e-01 
3.2742338667e-05 0.0000000000e+00 
4.8786449897e-04 1.0172679519e-01 
7.9510003719e-05 2.4413953577e-01 
2.6021034473e-05 2.7574922665e-01 
2.0929114049e-05 3.0153082057e-01 
3.5425454746e-05 2.6841946979e-01 
5.9453665773e-05 2.8815846635e-01 
4.3987312040e-05 2.3206071742e-01 
3.8321259727e-05 2.4502121676e-01 
3.5610189333e-05 1.7506631062e-01 
1.7077016143e-05 1.0000000000e+00 
7.5241562412e-06 1.3004280751e-01 
6.1418053785e-05 2.2028846543e-01 
1.2738439694e-04 1.9362358807e-01 
1.6962070758e-04 1.0348958451e-01 
1.0312734216e-04 1.4563064157e-01 
8.1489272488e-05 1.9142835621e-01 
1.7095537827e-05 1.0000000000e+00 
4.0639600223e-05 2.6587853170e-01 
6.8998883416e-05 0.0000000000e+00 
2.5437749903e-05 1.0000000000e+00 
4.2748439838e-05 1.0000000000e+00 
9.9917443823e-06 3.3026917542e-01 
2.1644465952e-05 3.1042510899e-01 
8.9110022226e-05 1.0000000000e+00 
3.1261690709e-04 9.3584446915e-02 
9.5963133180e-06 1.1781273340e-01 
1.2965682217e-05 2.7822814995e-01 
3.7840478330e-05 2.1838245175e-01 
1.6181440621e-05 3.1290266643e-01 
3.7404959313e-05 2.4728516939e-01 
4.9994540915e-06 9.9846960646e-01 
1.6635621709e-04 1.9984942141e-01 
1.6840075363e-05 3.0859351910e-01 
3.5253557176e-05 1.7624352940e-01 
4.9998095896e-06 9.9595655053e-01 
6.7009078791e-05 2.4509354099e-01 
1.3327093290e-05 3.3577390060e-01 
6.3448600574e-05 0.0000000000e+00 
4.9999009954e-06 9.9914148839e-01 
3.0754642070e-05 1.3087454527e-01 
1.4847914433e-05 9.1248618028e-02 
3.3295085152e-05 2.4510480553e-01 
1.4674721459e-04 1.5147801316e-01 
5.4906631993e-06 1.0000000000e+00 
2.4175853600e-05 4.9495106833e-01 
2.7311309281e-05 2.7579148645e-01 
4.7257024169e-05 2.5879349061e-01 
9.7885760537e-05 1.5250814657e-01 
5.3448505382e-05 1.2252266901e-01 
8.7782436456e-05 1.9554819704e-01 
7.3722411471e-05 1.7634760964e-01 
7.0023025216e-06 4.0219989738e-01 
1.1545723987e-04 1.5800538669e-01 
2.4634201509e-04 1.4355828954e-01 
2.6268155699e-05 3.6990347035e-02 
1.0983874937e-04 0.0000000000e+00 
3.0935584768e-04 1.0000000000e+00 
2.3967535038e-05 2.6471281299e-01 
4.2152770204e-05 0.0000000000e+00 
4.9990059857e-06 9.9654316278e-01 
1.5928284005e-04 1.4111790445e-01 
1.6281262634e-05 2.5645490306e-01 
1.2293842370e-05 1.0000000000e+00 
3.2848864563e-05 2.5339726797e-01 
6.0836344577e-05 2.2490760262e-01 
1.5900270343e-04 1.7314951791e-01 
4.9252726514e-05 2.0501827280e-01 
4.9967466883e-06 9.9472831696e-01 
8.2453905846e-05 0.0000000000e+00 
2.6039906665e-05 3.2374956911e-01 
1.3208805253e-04 1.1629474275e-01 
6.0010413206e-05 1.0000000000e+00 
3.0526614880e-05 1.0000000000e+00 
4.9987862051e-06 9.9403665674e-01 
3.4112945374e-05 6.8342483130e-02 
4.9998507428e-06 9.9627960803e-01 
2.8729704329e-05 1.8196998240e-01 
1.9489630036e-04 1.3399587515e-01 
8.2981062300e-05 1.9827763228e-01 
6.1698853431e-05 1.9138458398e-01 
5.7424547488e-05 1.1709410685e-01 
3.5219283870e-05 2.6955693430e-01 
7.1241387101e-05 0.0000000000e+00 
1.5927557336e-05 1.0000000000e+00 
1.8602274399e-04 9.3072903059e-02 
1.3462078030e-04 1.7163354669e-01 
2.5403666842e-05 2.7025472050e-01 
2.6166055950e-05 8.7780158528e-02 
8.9632982144e-05 2.9031375474e-01 
4.8079465641e-05 1.9397310037e-01 
6.9979111628e-05 1.9042686535e-01 
1.6777371099e-05 2.6930730149e-01 
8.7894471471e-05 0.0000000000e+00 
8.2124578966e-06 1.0000000000e+00 
3.9432808163e-05 1.3821368355e-01 
3.6895292393e-05 2.9396131892e-02 
7.8644720873e-06 3.6210006732e-01 
6.1243984351e-05 2.5740585819e-01 
4.9999103109e-06 9.9673884124e-01 
2.9764511552e-05 1.0000000000e+00 
6.9253747919e-05 2.3085026145e-01 
3.2915569448e-05 1.4555949188e-01 
2.2545904072e-04 1.0853054663e-01 
9.8637993164e-05 0.0000000000e+00 
8.2399335651e-06 3.0274157428e-01 
8.7659347165e-05 2.0890545968e-01 
5.1858039235e-05 2.2155970121e-01 
7.6278021699e-06 1.0000000000e+00 
8.0771460617e-06 1.0000000000e+00 
4.5988903927e-05 2.4722181995e-01 
4.4913421915e-05 2.7571215240e-01 
8.3469584612e-05 0.0000000000e+00 
3.1059666704e-04 8.9149841516e-02 
4.3602597603e-05 3.7413024169e-01 
1.9747485969e-05 2.8957241175e-01 
2.7735389911e-05 1.0966257157e-01 
3.6659834241e-05 9.1967508653e-02 
3.5838204799e-05 1.1927756257e-01 
4.9996683504e-06 9.9214966112e-01 
1.5197735523e-04 1.0000000000e+00 
3.2964499995e-05 1.6237284144e-01 
6.3977229204e-05 0.0000000000e+00 
8.7206949499e-06 1.0000000000e+00 
1.3977543800e-05 1.0000000000e+00 
4.4112663644e-05 8.3119389243e-02 
2.2192156223e-05 1.0000000000e+00 
1.2165526208e-04 1.4677080097e-01 
7.9161990157e-06 1.0000000000e+00 
1.7084528621e-05 3.1473552837e-01 
5.4038527228e-05 0.0000000000e+00 
7.2150302726e-05 2.1072600897e-01 
8.3044552153e-05 3.4117215402e-01 
3.5365627644e-05 2.2247232984e-01 
4.9922322728e-05 4.5732402316e-02 
9.8950699816e-05 2.1571540037e-01 
4.0740572978e-05 3.0223150562e-01 
6.1069893643e-06 1.0000000000e+00 
5.9993940071e-05 2.3626428556e-01 
6.0776848551e-05 1.0000000000e+00 
7.4900953525e-05 2.4742922636e-01 
4.9999334962e-06 9.9887870706e-01 
1.5889815228e-04 1.6874509737e-01 
7.9114953265e-06 1.0000000000e+00 
1.3249624762e-05 3.0446251649e-01 
3.6250013780e-05 2.5536665715e-01 
6.7718335064e-05 0.0000000000e+00 
4.9994108923e-06 9.9813020509e-01 
4.7477343867e-05 2.7389488066e-01 
4.9995697905e-06 9.9373517133e-01 
4.9998111987e-06 9.9919970101e-01 
4.1285835945e-05 1.7679373934e-01 
1.9653556821e-05 1.0000000000e+00 
2.6047436328e-04 1.4609357401e-01 
1.1175416402e-05 1.0000000000e+00 
1.0956669470e-04 2.0843020915e-01 
4.6890187719e-05 0.0000000000e+00 
7.8909718901e-05 0.0000000000e+00 
6.2542328159e-05 0.0000000000e+00 
1.5685966457e-04 2.1261317854e-01 
3.2054570059e-05 2.8847173553e-01 
9.2249336425e-06 1.0000000000e+00 
1.6160714013e-04 1.3537216902e-01 
1.4977235213e-05 3.6722245495e-01 
1.2465356059e-05 1.0000000000e+00 
3.8028976184e-05 9.4978930892e-02 
1.6901648264e-05 5.0442771306e-01 
1.4278366263e-04 0.0000000000e+00 
1.2608706235e-05 1.0000000000e+00 
9.8235120164e-05 1.7841780589e-01 
5.2063331406e-05 2.4838237822e-01 
6.7562502758e-05 1.6549582913e-02 
4.3454389868e-05 2.6289568501e-01 
1.9971944312e-05 2.8906614986e-01 
2.2149107568e-05 2.7862362507e-01 
2.3067508391e-04 7.9082780560e-02 
1.3538587914e-04 1.8056077341e-01 
4.3890415957e-05 2.8287330146e-01 
2.3051966672e-05 1.2644016240e-01 
1.7817659619e-05 3.1251878992e-01 
1.9250547983e-05 3.0898549352e-01 
2.8830116542e-05 1.1182103265e-01 
4.1955106677e-05 2.5780375313e-01 
4.9979831862e-06 9.8832208518e-01 
3.6690052730e-04 1.0000000000e+00 
1.2162024103e-04 0.0000000000e+00 
