3.8274159507e-09 1.1828028495e+04 7.0273663214e-01 
3.5537559686e-09 1.1903465733e+04 9.7004563290e-01 
4.6652546362e-11 1.2497526712e+04 8.6935256182e-01 
1.9327880856e-08 1.4563254274e+04 3.9003690951e-01 
3.1280447317e-09 1.6578927699e+04 6.9791498788e-01 
2.2787762117e-07 1.2650754327e+04 1.1725288255e+00 
1.3991547893e-08 1.3038336124e+04 5.9306601663e-01 
2.6113102333e-07 1.6723087592e+04 6.3435866724e-01 
1.5050265945e-08 1.4258775066e+04 4.3390495399e-01 
1.4014886211e-07 1.3857747734e+04 1.2717170806e+00 
1.7370691981e-09 1.1550675977e+04 6.1126636430e-01 
2.4748357165e-10 1.2991878193e+04 6.1531500469e-01 
2.1842193039e-09 1.4659601164e+04 6.4271548664e-01 
7.4610309058e-09 1.2621749466e+04 8.6159938425e-01 
2.6131122542e-07 1.8241802709e+04 1.2800499900e+00 
5.1292894934e-07 1.3260999056e+04 3.2966975578e-01 
1.4793092866e-09 1.4158053859e+04 7.0464140108e-01 
1.9408677124e-09 1.1411900752e+04 9.9821871301e-01 
4.5188823365e-08 1.1376049725e+04 7.9104247991e-01 
4.2669396640e-08 1.2088120339e+04 6.9286766220e-01 
1.2970654550e-09 1.3191674897e+04 5.1293081434e-01 
2.9252973831e-11 1.2267080591e+04 6.1679530634e-01 
6.2666758446e-12 1.3864262940e+04 1.1149839970e+00 
4.1427500634e-10 2.3803297680e+04 8.5565930616e-01 
6.4159923357e-07 1.2572814696e+04 7.7359576074e-01 
3.3650592619e-09 1.8498298685e+04 1.1562678265e+00 
4.5210448325e-08 1.5641292903e+04 3.7545949466e-01 
6.8150075189e-10 1.1409348999e+04 1.2682070875e+00 
6.1994632548e-07 2.0078831092e+04 3.0015883527e-01 
8.9941630950e-09 1.1740828994e+04 5.5860885508e-01 
8.8869105617e-10 1.2669542662e+04 3.4776685184e-01 
4.9968831142e-09 1.1799184536e+04 5.0937578798e-01 
1.0540671566e-08 1.1784661095e+04 9.9031521780e-01 
7.3955532046e-11 1.1616054300e+04 5.0427246134e-01 
1.9574028910e-10 1.2966873996e+04 5.8359034331e-01 
2.4681380484e-09 1.4471829158e+04 7.1492303133e-01 
2.5914414618e-08 1.5652287681e+04 6.3672172114e-01 
8.5225937021e-08 1.2722392564e+04 6.7035235081e-01 
7.3175423770e-07 1.1287179683e+04 7.9853499476e-01 
9.4002225421e-09 1.4040668961e+04 1.3973491099e+00 
1.3206554604e-09 1.2137055586e+04 3.6383669392e-01 
3.1397463368e-11 1.1431301794e+04 1.3318268514e+00 
1.9471880193e-09 1.1860352063e+04 7.0552982514e-01 
2.7393832503e-10 1.2006365989e+04 7.3973561538e-01 
3.7239157115e-10 2.4034493302e+04 7.7892034874e-01 
2.2426024191e-07 1.2152824160e+04 9.2656958143e-01 
5.3780684401e-10 1.1333271405e+04 1.2741993746e+00 
6.9230406317e-11 1.4721351704e+04 6.9574119331e-01 
1.3267399397e-05 1.3122908338e+04 3.7492060960e-01 
1.9571463061e-07 1.2795501038e+04 4.5659721179e-01 
1.1502891417e-07 1.1491610984e+04 3.7998115053e-01 
8.6388687662e-10 1.2033101854e+04 9.1765051806e-01 
5.0227436826e-08 1.2079906039e+04 6.7704258508e-01 
9.5647911500e-08 1.4096836571e+04 1.0259991749e+00 
2.7673657738e-08 1.1224034098e+04 4.7369951715e-01 
6.1077808609e-06 1.1824799648e+04 2.3082508715e-01 
5.2582772446e-11 1.6187140690e+04 3.3035076045e-01 
5.2484794775e-09 1.1375576449e+04 1.0322957113e+00 
4.0871291905e-09 1.3677341203e+04 7.2819463744e-01 
2.6821894594e-06 1.2854326996e+04 6.4695343411e-01 
1.0286733560e-09 1.3561381684e+04 1.7298328991e-01 
1.0742439689e-09 1.3106583155e+04 3.2438498485e-01 
3.4544728830e-08 2.1902061071e+04 3.8768745491e-01 
4.5003414023e-11 1.3050556771e+04 7.7390827086e-01 
9.1492259909e-10 1.8820313978e+04 8.8846511194e-01 
1.1192947894e-09 1.4650287611e+04 6.2238851334e-01 
2.8733937912e-10 1.6750090349e+04 9.9044179243e-01 
7.1655496290e-09 1.7462998567e+04 7.8419821057e-01 
2.3421440184e-10 1.2652632181e+04 1.2870108250e+00 
1.0977355880e-09 2.1554029447e+04 6.9929716832e-01 
3.0262405447e-09 1.8605256030e+04 4.3861860239e-01 
1.6167038709e-09 1.5858739159e+04 8.7315323084e-01 
4.3005134271e-07 1.8901246710e+04 8.1271513672e-01 
1.3606899555e-05 1.2250001491e+04 1.5379898263e-01 
8.3160390366e-10 1.2880554527e+04 8.7146968814e-01 
1.4630919397e-08 1.1372384056e+04 1.2627467939e+00 
3.8727529391e-09 1.6283256011e+04 7.2572511697e-01 
1.9899620179e-06 1.2567553385e+04 1.1170859785e+00 
7.0401726969e-11 1.1357340855e+04 2.4676638804e-01 
1.7816380552e-07 1.1396979755e+04 9.1908935495e-01 
3.3523905833e-11 1.2937137355e+04 1.3158018198e-01 
1.3975875143e-09 1.4987758799e+04 4.9087147545e-01 
5.6785656830e-10 1.7777443981e+04 1.2833811725e+00 
7.2860824425e-10 2.4820275880e+04 1.0364066187e+00 
1.2066241753e-05 1.1780003347e+04 8.2612297447e-01 
6.7497959923e-08 1.4161215756e+04 9.7824223726e-01 
4.2641319397e-07 2.5000000000e+04 1.1914660231e+00 
9.1662293068e-10 1.2389972309e+04 8.6976919611e-01 
1.4417469807e-06 1.6813307973e+04 8.2609763518e-01 
1.9250565762e-08 1.2328952371e+04 7.8846468558e-01 
1.0759325495e-11 2.2328077943e+04 1.1916751299e-01 
4.1237472673e-07 1.1554298597e+04 5.2510908273e-01 
6.9268214246e-10 1.1280072409e+04 4.5029533674e-01 
3.7791504107e-10 1.3722254552e+04 8.4342358638e-01 
1.2648788030e-07 1.5751527748e+04 7.2381548630e-01 
3.6963140397e-08 1.3143812692e+04 8.3477295629e-01 
7.7350329904e-11 1.1311709452e+04 7.0629480689e-01 
2.9634831013e-07 1.2991666925e+04 1.1407318927e+00 
5.4881971449e-10 1.5958085304e+04 9.4389546128e-01 
3.0839170050e-10 1.7942069320e+04 2.1939916266e-01 
2.1551207396e-08 1.3660475829e+04 1.0262782116e+00 
4.8113353059e-10 1.3703859428e+04 8.2774506852e-01 
7.2853163980e-06 1.2723238067e+04 2.5323645457e-01 
7.6470787376e-07 1.1910519857e+04 1.2064547382e+00 
7.7869608768e-08 1.5476976298e+04 1.0218421289e+00 
3.6199157731e-10 1.6391843566e+04 1.7966913457e-01 
4.4863743997e-09 1.1439745314e+04 4.0907414988e-01 
9.1489894188e-10 1.3028383141e+04 1.0319843912e+00 
7.5964613823e-08 1.6365444763e+04 8.9799573884e-01 
1.4202876810e-07 1.1246660292e+04 1.1619285030e+00 
6.4497823411e-12 1.5042634295e+04 1.2780777301e+00 
9.4361039104e-08 1.1938517288e+04 4.5900736346e-01 
9.1281888539e-11 1.4125505064e+04 6.9969279746e-01 
1.7756958073e-11 1.3172479712e+04 9.8753752912e-01 
1.6687929342e-07 1.3531415855e+04 7.0461975212e-01 
8.4299689143e-10 1.2845510132e+04 1.0325105959e+00 
7.7320444758e-10 1.4965006979e+04 7.1194364856e-01 
3.0220294410e-11 1.3801668896e+04 1.0482479531e+00 
1.5037434049e-08 2.5000000000e+04 1.2887940765e+00 
6.0443597387e-08 1.4584063031e+04 1.3976629087e+00 
5.3843109455e-11 1.6358372575e+04 2.8911517340e-01 
5.5887186847e-09 1.2355257424e+04 3.1809383958e-01 
2.4036591608e-09 1.4681453670e+04 8.7305642861e-01 
1.7324438928e-08 1.1509158118e+04 1.3514770570e-01 
3.5132955391e-08 1.7215487635e+04 7.6074452922e-01 
1.7015577950e-08 1.8842624338e+04 9.5044171534e-01 
1.1674161392e-11 1.2152521917e+04 9.4460885210e-01 
2.3223066555e-08 1.4354027790e+04 7.1478510695e-01 
1.8747704413e-08 1.3732819447e+04 3.7789461314e-01 
3.7295939901e-10 1.2466208552e+04 1.2351292149e+00 
4.1571591137e-07 2.4615194892e+04 4.6366008460e-01 
7.8767926244e-10 1.2427555489e+04 9.2590900551e-01 
1.2731984107e-06 1.2706100011e+04 1.0208396771e+00 
3.1060104234e-10 1.1865158865e+04 9.1853840196e-01 
3.4037533779e-09 1.3919502900e+04 4.5358304499e-01 
3.2734148538e-11 1.6728136365e+04 6.9206582914e-01 
1.0835133249e-09 1.4187278346e+04 1.0811591403e+00 
9.7319042840e-06 1.9078662683e+04 3.5743932362e-01 
1.0079336223e-09 2.3301626327e+04 1.2201818538e+00 
1.8567456226e-11 1.1882167886e+04 8.0615607855e-01 
2.2418367823e-09 1.2577846396e+04 7.5432309927e-01 
7.0232418910e-08 1.1512304389e+04 7.5617609473e-01 
1.6908573237e-08 2.1426074744e+04 9.3580027052e-01 
3.3463738772e-10 1.7045093171e+04 7.9466185046e-01 
1.7818078143e-11 1.2975734996e+04 1.0792367323e+00 
3.0897666455e-10 1.4243349359e+04 6.4645754832e-01 
1.6203997584e-10 1.1268142266e+04 9.3921812702e-01 
3.3387929763e-07 1.2235274785e+04 5.7338326250e-01 
2.5433594335e-09 1.1760570980e+04 7.4299639145e-02 
7.7809955662e-08 1.1675314007e+04 7.3266398434e-01 
1.2267945186e-10 1.2745476122e+04 5.9073138376e-01 
3.4156969832e-08 1.3801336397e+04 4.6915258191e-01 
3.3267997752e-09 2.3007969664e+04 4.6881411103e-01 
1.3265879172e-08 1.4109093941e+04 3.6632304846e-01 
2.5049484605e-06 1.1392621535e+04 9.8724053612e-01 
8.7959577485e-11 1.3229915218e+04 8.5524203731e-01 
3.2017895618e-09 1.5262549460e+04 6.0851761557e-01 
2.4828005700e-08 1.2045864338e+04 5.8047180791e-01 
2.9216660621e-10 1.5984340167e+04 1.2106647137e+00 
1.2273478985e-08 1.2261506490e+04 1.1039379247e+00 
1.0987344467e-08 1.2493273978e+04 3.0090881303e-01 
6.3908958224e-08 1.1606295334e+04 7.8201096413e-01 
5.8599101290e-11 1.7795761806e+04 2.3646016500e-01 
3.1898592543e-08 1.2740567000e+04 8.9366477200e-01 
3.5801083577e-10 1.4964349472e+04 5.2891729433e-01 
1.0916686802e-08 1.1278391813e+04 1.1820820451e-01 
2.8912282251e-11 1.4357377321e+04 1.1322084978e+00 
8.1295142699e-10 1.1637473643e+04 7.0034599081e-01 
9.0608972938e-08 1.3950482853e+04 2.7431210605e-01 
1.0123244170e-07 1.3601925616e+04 5.3318835716e-01 
3.3868015534e-10 1.9455345360e+04 9.8829440856e-01 
1.9165913133e-08 1.2831811546e+04 5.3489568352e-01 
4.2278731415e-08 1.2878109234e+04 7.9160968157e-01 
1.0130978224e-07 1.3719063093e+04 5.8356533044e-01 
6.6147783142e-06 1.1401197805e+04 4.4856860991e-01 
2.7224060309e-06 1.1200436699e+04 1.0490046510e+00 
1.4638113505e-09 1.1516371433e+04 3.9735801901e-01 
4.8639401011e-09 1.1688228754e+04 2.4417717519e-01 
1.1498678119e-05 1.5207252480e+04 2.4560756742e-01 
9.4214671598e-08 2.0645985546e+04 6.6503992186e-01 
1.7614523711e-10 1.9573668708e+04 1.2268637679e+00 
4.8278711411e-07 1.2390792365e+04 7.2124837833e-01 
2.2808862289e-08 1.3719451924e+04 8.3710543997e-01 
7.2558491969e-10 1.2881297433e+04 2.0404643597e-01 
1.5022688410e-10 1.6832740512e+04 1.1137831233e+00 
3.8021557944e-08 1.1233239203e+04 9.5654674324e-01 
4.7327264177e-09 1.7067686824e+04 8.1159765352e-01 
6.3799543304e-08 1.1512536134e+04 6.9213227224e-01 
5.1883368864e-11 1.1492881364e+04 8.7933874587e-01 
6.7044743107e-07 1.2240881916e+04 7.1725239474e-01 
8.9398093822e-12 1.1961146724e+04 8.5723478740e-01 
2.8935878992e-11 1.1347982068e+04 1.2313579187e+00 
5.1438466976e-08 1.2658257145e+04 1.2020905265e+00 
4.0794108064e-09 1.2125436768e+04 2.8320006037e-01 
6.3045389571e-10 1.3992224085e+04 1.0859851502e+00 
1.1704174149e-09 1.4356847574e+04 1.2428529573e+00 
1.3184648926e-10 1.6324874347e+04 6.3034376154e-01 
6.7754971244e-11 1.1768972164e+04 4.8438538679e-01 
2.3386616938e-09 1.3866533332e+04 9.5617986984e-01 
1.5826102309e-10 1.4004726708e+04 3.2509829162e-01 
3.6280337368e-10 1.1797033458e+04 1.4355405288e+00 
1.0115333097e-09 1.2120399536e+04 7.3100630041e-02 
1.4785784705e-08 1.2325213065e+04 1.3624305503e+00 
2.1523224825e-08 1.1623063734e+04 4.9632581392e-01 
1.2681609207e-08 1.3711633832e+04 4.8024783125e-01 
1.2929135842e-10 1.3002433622e+04 9.7758203992e-01 
1.4855215601e-09 1.1696363075e+04 6.4449964886e-01 
5.8495071804e-11 1.1497872680e+04 1.2204298191e+00 
7.3770815613e-10 1.3634659941e+04 1.0933577872e+00 
7.7157301106e-12 1.3890688842e+04 3.9578887736e-01 
1.3551176097e-09 1.1299502924e+04 7.6497876387e-01 
7.8026083036e-10 1.1884935511e+04 1.1008863005e+00 
1.5367744821e-10 1.2403258691e+04 3.4723854207e-01 
4.0126390353e-10 1.3978759621e+04 8.6552585348e-01 
7.1077785893e-10 1.2043941081e+04 7.3564207406e-01 
3.7725717646e-12 1.1657430686e+04 9.8173845198e-01 
9.8858557910e-10 1.8311653725e+04 6.7080448827e-01 
3.7308523214e-07 1.6981859984e+04 5.7885068357e-01 
1.9576293032e-10 1.2537958535e+04 9.2221490930e-01 
4.1287225696e-11 1.7955399614e+04 7.2165584062e-01 
2.7679038842e-08 1.2468962380e+04 7.8244052557e-01 
3.7858245347e-10 1.4783050524e+04 8.6728550030e-01 
2.1445191842e-10 2.0333190772e+04 3.3498963363e-01 
3.5339197869e-08 1.3084195033e+04 6.8633522558e-01 
1.4526642130e-05 1.5380352180e+04 6.1246445739e-01 
8.6622268576e-10 1.1280598954e+04 4.9696039227e-01 
8.5045572770e-11 1.5647451622e+04 1.2441290554e+00 
2.4786312016e-09 2.1457861684e+04 1.0026453700e+00 
5.7866104957e-09 1.5488138689e+04 1.3787760038e+00 
5.3867330516e-09 1.5174176304e+04 6.4110503482e-01 
2.0089298470e-07 1.9419173566e+04 6.1668838119e-01 
8.0358814306e-07 1.1965448499e+04 6.9894245040e-01 
5.9515818819e-08 1.1368693693e+04 4.7066775793e-01 
4.9331087101e-08 2.5000000000e+04 4.6506515302e-01 
4.1912171613e-06 1.5335674164e+04 1.3319697517e+00 
1.7751479392e-08 1.5170874042e+04 6.2125873866e-01 
6.5150888932e-06 1.8598369130e+04 9.5698339712e-01 
2.6594196171e-09 1.6216562145e+04 2.7324242748e-01 
3.3146952551e-09 1.1268921860e+04 2.0282419027e-01 
3.1176293666e-08 1.4380981892e+04 6.1481075185e-01 
1.0217714004e-09 1.4236866316e+04 5.0473369323e-01 
2.4691211653e-10 1.2988596304e+04 1.1158078751e+00 
1.2915104169e-09 1.1909718839e+04 1.1603996101e+00 
1.7219290235e-11 2.2021096493e+04 6.3021495253e-01 
1.2407127571e-10 1.1594500894e+04 5.2541144802e-01 
2.5736851730e-09 1.2481588675e+04 9.0664766806e-01 
5.6101393205e-09 1.6561067059e+04 1.4157121403e+00 
3.5987414581e-09 1.2373904110e+04 1.1738180304e+00 
9.8093746387e-10 1.3514818066e+04 1.0633737305e+00 
1.7048256142e-09 1.2535418762e+04 1.2594303034e+00 
1.8088550162e-08 1.2133217493e+04 1.2607975632e+00 
9.8858023710e-10 1.1727307574e+04 1.0103805296e+00 
1.3544261122e-11 1.1880239585e+04 1.0924674133e+00 
7.6846922929e-11 1.2571195806e+04 4.0529897678e-01 
3.6975993582e-11 1.4229565467e+04 3.4520723450e-01 
4.5353488078e-08 1.1908276449e+04 7.4512429909e-01 
3.5351106606e-08 1.1751846143e+04 8.5832452245e-01 
3.9271917110e-10 2.2855074048e+04 8.8933909398e-01 
2.3253109197e-09 1.1666831209e+04 7.5683631414e-01 
2.4207924081e-10 1.3493100106e+04 1.2650035926e+00 
5.2242486751e-08 1.2364430296e+04 8.5340227906e-01 
2.9674554210e-10 1.4719572210e+04 5.1521744731e-01 
2.5486519139e-08 1.1580118788e+04 4.4228588554e-01 
9.6259516002e-09 1.2504551709e+04 6.9504017038e-01 
7.1374417140e-08 1.2931609544e+04 5.8866427490e-01 
5.5873372005e-08 1.1715637767e+04 1.2384768339e+00 
1.1523448135e-08 1.1536751718e+04 6.9992437896e-01 
2.1552409887e-06 2.5000000000e+04 1.0875899081e+00 
1.0115928719e-06 1.3974278388e+04 8.5447258018e-01 
1.6618438455e-09 1.1379979435e+04 6.7581098404e-01 
2.5774133567e-09 1.1938153218e+04 1.1178831434e+00 
9.2287165044e-11 1.3482950980e+04 9.3424272831e-01 
5.3332409898e-11 1.7381326355e+04 6.9695876072e-01 
2.3753324385e-10 1.1789872105e+04 7.7233136441e-01 
5.0458954272e-11 1.1733443150e+04 8.3394432628e-01 
3.7939770664e-10 1.2270689886e+04 8.6810422947e-01 
4.5729423179e-10 1.1508065142e+04 6.7068612072e-01 
7.9046517563e-10 1.2301838490e+04 6.5836607320e-01 
3.0013395134e-09 2.0160027424e+04 9.3204014199e-01 
2.7706078322e-09 1.1238530632e+04 1.0478324322e+00 
4.8361228919e-08 1.9201213577e+04 1.2207202910e+00 
1.3530912789e-06 1.4473236588e+04 7.2333739090e-01 
5.6514077426e-09 1.4212085974e+04 7.7787356341e-01 
2.8986385008e-11 1.2048847610e+04 5.7686921187e-01 
2.5254380568e-09 1.2554431462e+04 8.8071269519e-01 
3.5935714511e-10 1.2329509352e+04 9.7647794933e-01 
1.2157213311e-11 1.2978319662e+04 9.3225865626e-01 
3.9417198764e-09 2.5000000000e+04 1.5618731390e-01 
3.0941867366e-09 1.2303338541e+04 7.8345383469e-01 
4.2750024877e-08 1.7246681010e+04 1.3284352888e+00 
6.9335970073e-06 1.2421303989e+04 9.9829538381e-01 
3.7050691690e-07 1.3109533602e+04 1.4128228938e+00 
1.3054493671e-07 1.1259026242e+04 9.4726854640e-01 
4.4523208690e-10 1.2330989685e+04 6.9108992782e-01 
3.0300493828e-09 1.1530567210e+04 7.2963727748e-01 
1.0846374027e-09 2.3595507043e+04 5.9553684231e-01 
7.5072704317e-09 1.2810043578e+04 1.3340566760e+00 
2.4931458259e-06 1.1528885701e+04 8.8187610287e-01 
6.2204951082e-11 1.3197455424e+04 5.6254780110e-01 
4.5003627847e-08 1.4725946639e+04 2.1457450003e-01 
5.5331580444e-09 1.8584845069e+04 7.0643010661e-01 
1.8304671779e-10 1.1809960677e+04 7.1396607265e-01 
2.2203438851e-10 1.1467220411e+04 4.3645535202e-01 
3.0851938996e-10 1.3800205195e+04 6.4331546470e-01 
2.6779759135e-06 1.1962919868e+04 5.1714422319e-01 
9.7331824172e-08 1.1460280194e+04 7.9341798704e-01 
3.1445151101e-06 1.1891007250e+04 2.0999925439e-01 
2.1024072642e-09 1.2285399131e+04 9.5560173757e-01 
2.9486563344e-08 1.3328011917e+04 1.2619433212e+00 
3.5065100661e-09 1.2990672955e+04 1.1308339129e+00 
1.1590218303e-06 1.2283435110e+04 7.4321535050e-01 
1.3347240362e-07 1.3185564404e+04 2.5577362347e-01 
1.8429357117e-08 1.5559612354e+04 9.6536599697e-01 
1.5511423944e-10 1.4446773015e+04 1.2128403873e+00 
2.2735231128e-11 1.1571599664e+04 6.7654230018e-01 
2.6216711007e-11 1.2330135497e+04 8.8843761699e-01 
4.4852188036e-10 1.7146828547e+04 1.0559173987e+00 
1.2232846535e-09 1.2253069213e+04 3.3417587374e-01 
5.1005339574e-09 1.6650326897e+04 4.0294618859e-01 
4.0548553792e-12 2.5000000000e+04 2.3562873727e-01 
7.0819713616e-08 1.3384141612e+04 1.2986671436e+00 
7.4983653241e-08 1.1930082341e+04 1.0130304047e+00 
4.1917752190e-11 1.2094904553e+04 1.4112953369e+00 
1.8323517621e-07 2.0399374213e+04 7.9780759489e-01 
1.4089307490e-06 1.1839701591e+04 1.0857011444e+00 
1.2637677929e-08 1.4425544541e+04 5.6891333345e-01 
9.1138521757e-08 1.1621477713e+04 1.3258176140e+00 
8.0152767198e-09 1.2276973692e+04 3.5393478750e-01 
7.5053867022e-10 1.3138807387e+04 1.0631477385e+00 
1.5646713088e-09 1.7168703925e+04 1.2782622611e+00 
5.6630003303e-07 1.2129701057e+04 7.9341176794e-01 
8.2059159687e-11 1.7301224861e+04 8.6966332323e-01 
3.2371147738e-08 1.3347029984e+04 4.1318263624e-01 
8.8099498239e-11 1.1725468908e+04 7.0217772462e-01 
2.1483695372e-08 2.2068906811e+04 3.2005409960e-01 
1.4737021572e-07 1.1779382127e+04 1.7578179755e-01 
1.2861695360e-08 1.7973082961e+04 7.7198508871e-01 
1.0629675695e-08 2.2619337616e+04 5.6787144442e-01 
8.5902316486e-08 1.1353463168e+04 9.8980066341e-01 
3.5743935844e-07 1.3139024948e+04 6.3581426511e-01 
4.0102410865e-10 1.2807563999e+04 9.3093883329e-01 
2.4347362355e-06 1.1330524738e+04 1.0669724946e+00 
6.1689172836e-10 1.9862555568e+04 1.0859308232e+00 
1.9643002526e-05 1.2251981734e+04 1.4490101498e-01 
2.6563746574e-08 1.4087204850e+04 6.0526626605e-01 
1.9001198639e-09 1.4353985219e+04 5.6952047532e-01 
2.4613640155e-10 1.6289848589e+04 5.8281542532e-01 
5.1439606378e-07 1.1913021766e+04 1.1199297083e+00 
1.4629092749e-10 1.1876857705e+04 6.8972713107e-01 
4.0774463490e-09 1.3673872576e+04 1.1150645482e+00 
2.2686597758e-09 1.7040320940e+04 5.1777556792e-01 
3.2576534379e-09 2.1637440830e+04 6.9152851707e-01 
3.5195052055e-08 1.1909512676e+04 5.8841904125e-01 
2.0020220162e-10 1.1253713512e+04 9.6264259026e-01 
6.0276715501e-06 1.3123638331e+04 6.7969259254e-01 
1.6909934722e-07 1.2658469047e+04 8.6308394409e-01 
1.8560728843e-10 1.2172795056e+04 1.1207533721e+00 
2.3507853326e-07 1.6882459810e+04 1.4039862242e+00 
6.1500332559e-09 1.7075978113e+04 8.5479090506e-01 
2.5725057427e-07 1.1241236877e+04 5.9926736541e-01 
1.3946566505e-11 1.1500236421e+04 1.0582114273e+00 
9.2584770372e-09 1.4887215831e+04 8.6425276016e-01 
2.7305410329e-11 1.4381308633e+04 1.1658544048e+00 
1.4102682008e-07 1.3122403363e+04 5.6114271202e-01 
3.9003446339e-08 1.4220296267e+04 6.4888582870e-01 
1.8892173643e-09 1.4513344405e+04 1.1780009042e+00 
2.1264852508e-08 1.6628448145e+04 9.9461297625e-01 
1.3997257802e-08 1.2001987620e+04 1.0513683513e+00 
2.7259107401e-08 1.5065958628e+04 4.4967225871e-01 
1.1870290255e-07 1.4882176346e+04 2.3449833244e-01 
1.3821237329e-08 1.3258748040e+04 1.0185217092e+00 
1.3812833829e-08 2.4474815092e+04 5.5327110564e-02 
9.4647430121e-07 1.8634882980e+04 5.1595677823e-01 
8.5361816627e-07 1.4501287746e+04 6.4750988717e-01 
1.8499734054e-08 1.2176167290e+04 6.6481787579e-01 
4.1525041656e-09 1.1425264535e+04 1.1702167045e+00 
1.1980474478e-10 1.1348823752e+04 1.1343793638e+00 
2.1673640097e-07 1.2331714435e+04 6.0370652127e-01 
6.5509440829e-09 1.2139096093e+04 8.6962859674e-01 
6.4363486415e-07 1.2137955460e+04 1.2326272501e+00 
1.5902342384e-08 1.5721442194e+04 4.6842927568e-01 
1.0581268338e-06 1.5365377876e+04 3.1938351366e-01 
8.5065099747e-10 1.9048232031e+04 1.4409819303e+00 
1.4052403746e-11 1.3399268944e+04 9.6413004718e-01 
2.5267877209e-09 1.2450195761e+04 1.2210465295e+00 
2.5206564570e-09 1.4041475000e+04 8.0246362029e-01 
6.0469359870e-10 1.1731426695e+04 6.3432301917e-01 
9.6322331224e-08 1.1577844492e+04 1.0263650547e+00 
1.8111780235e-11 1.1651769326e+04 7.0081252648e-01 
1.0709094912e-10 1.5311975686e+04 3.0068393108e-01 
4.0245832058e-07 1.3665919197e+04 2.3378998435e-01 
1.7632630569e-08 1.1796151029e+04 1.0874094550e+00 
1.8253883601e-07 2.5000000000e+04 4.5849148558e-01 
9.0977228577e-08 1.4737208464e+04 1.2300764270e+00 
5.9939462470e-11 1.8108818279e+04 4.3643055087e-01 
5.0295616530e-09 2.2023116778e+04 1.2175432879e+00 
1.7321681561e-06 1.3752229300e+04 9.4644163860e-01 
1.0487904810e-07 1.4134790384e+04 7.0884347598e-01 
2.6209278352e-11 1.4260764032e+04 5.2911372714e-01 
1.2886725329e-10 1.1463810321e+04 1.0776906140e+00 
5.8812195525e-11 1.5934295966e+04 1.2006571304e+00 
4.5022749855e-11 1.2893361544e+04 1.2786159757e+00 
1.3144178930e-07 1.7470646810e+04 1.2335478350e+00 
7.9901578668e-10 1.4330155756e+04 1.3499394603e+00 
3.8368391465e-09 1.3316082466e+04 8.7285674938e-01 
2.5328365825e-08 2.5000000000e+04 1.2219388658e+00 
6.5122758515e-12 1.4339075200e+04 1.1238215876e+00 
1.6406579712e-10 1.1602220210e+04 1.3552377157e+00 
1.6088045880e-08 1.2104188154e+04 2.0525945269e-01 
3.0256646260e-06 1.1445161106e+04 1.0270653225e+00 
2.5367345800e-10 1.3126656977e+04 1.4377229000e+00 
1.2017567173e-08 1.4409594008e+04 5.7033694780e-01 
4.9742699911e-09 1.2204382786e+04 1.0288150429e+00 
7.9104447387e-11 1.9056477582e+04 1.2047280670e+00 
2.4147747130e-10 1.1417994475e+04 1.2045192418e+00 
4.3578192689e-07 1.3662651180e+04 8.1659557417e-01 
5.3951990347e-10 1.2135727287e+04 6.4969370231e-01 
3.9403554170e-07 1.5706703265e+04 9.7199576327e-01 
3.4558403499e-08 1.6080158517e+04 9.0291227031e-01 
3.1638204194e-09 1.1247484491e+04 7.3483735938e-01 
4.0016874221e-10 1.1353720330e+04 7.8308573566e-01 
4.0378762910e-08 1.7365337056e+04 1.2551473461e+00 
1.7473606488e-07 1.2975216409e+04 8.7567293953e-01 
1.2281390682e-06 1.2212260102e+04 8.8444094997e-01 
5.1048705985e-09 1.5726795527e+04 7.1269955390e-01 
6.0907981055e-10 1.2616182050e+04 1.1710631998e+00 
5.8854478412e-11 1.2327164992e+04 1.1779194042e+00 
1.2264742340e-08 1.1274022706e+04 1.2846295056e+00 
1.4661740923e-07 1.3071421764e+04 6.4214146977e-01 
7.0011974792e-07 1.4858413066e+04 5.2441135709e-01 
4.4251050371e-10 1.2100506413e+04 7.2449411937e-01 
1.7117065337e-07 2.0311599751e+04 4.7693110904e-01 
3.3175611990e-07 1.2094849551e+04 4.4991615148e-01 
4.4879865892e-11 1.2955945901e+04 9.3368938292e-01 
3.0678014115e-09 1.3340289098e+04 1.1582131034e+00 
5.5490930700e-11 1.2609943374e+04 1.2695146983e+00 
2.4917498673e-06 2.5000000000e+04 4.7908415109e-01 
2.7499566447e-10 2.5000000000e+04 1.1678313616e+00 
5.1075088826e-09 1.1864493117e+04 3.7764075643e-01 
1.8247019318e-08 1.2013920752e+04 7.7155147957e-01 
3.7988518182e-08 1.5135959170e+04 8.0372678782e-01 
3.7239356831e-07 1.3052491992e+04 3.9677515109e-01 
3.1744831670e-10 1.1666687484e+04 3.0538227910e-01 
4.1429478852e-10 1.1384721936e+04 1.2173395675e+00 
2.7914844917e-09 1.4715416501e+04 1.3829537792e+00 
6.7602089707e-12 1.1384914134e+04 9.6775914193e-01 
1.5049411753e-09 1.4449541699e+04 8.1833241275e-01 
2.9734761658e-10 1.8726834458e+04 5.1692922895e-01 
2.0769192781e-09 1.6960198077e+04 9.5879566581e-01 
3.4406706434e-11 1.6215963419e+04 1.3664786838e+00 
3.1658831133e-11 1.1524660828e+04 8.8008733385e-01 
3.7552955405e-09 1.3362320556e+04 9.5602224137e-01 
2.0843756298e-11 1.2075435237e+04 7.6736626590e-01 
4.5166228319e-09 1.2645005323e+04 8.2067465307e-01 
4.8573456892e-09 1.2222951432e+04 9.5492381502e-01 
7.3571814917e-12 1.5269802075e+04 4.0323145011e-01 
2.7996428599e-08 1.2312223733e+04 1.0588003533e+00 
2.3064940936e-10 1.6337550113e+04 4.0963179556e-01 
3.9356237640e-09 1.4160412181e+04 3.4513701437e-01 
8.7583236865e-09 1.3083393529e+04 1.0986673466e+00 
6.4836137877e-08 1.4097174137e+04 9.9168224532e-01 
3.4505224912e-11 1.2059812835e+04 8.3998385702e-01 
1.0105070228e-09 1.3063234230e+04 1.1836477201e+00 
2.2215589145e-05 1.3744053769e+04 1.3609649562e+00 
1.4505368780e-06 1.1641730027e+04 5.3417563882e-01 
1.4787074687e-11 1.1444041298e+04 1.7455925681e-01 
8.8271922784e-10 1.3961329274e+04 6.9993464292e-01 
4.0202253554e-09 1.5358249233e+04 8.3119309372e-01 
1.0353611960e-08 1.3480379860e+04 1.0723290300e+00 
6.7902670737e-07 1.2685222104e+04 5.0747390180e-01 
7.0251489744e-08 1.8608933099e+04 5.3022901572e-01 
4.3291932651e-08 1.3281176762e+04 1.1650915631e+00 
2.0777524844e-10 1.7719175359e+04 8.6303745665e-02 
8.7428274044e-10 2.5000000000e+04 7.4949113045e-01 
4.3924556556e-08 1.5448110803e+04 7.0362175046e-01 
4.7240670040e-08 1.2151569643e+04 9.1760681572e-01 
1.6948861342e-09 1.1763848915e+04 6.1508629749e-01 
5.5435240609e-12 1.2271514109e+04 1.1600776903e+00 
4.5718970096e-11 1.9408212956e+04 6.6439658916e-01 
2.7947436385e-09 1.2258245177e+04 1.0175681600e+00 
5.2078518879e-10 1.1850929055e+04 7.2758219039e-01 
3.0353023594e-08 1.4046785120e+04 5.2522960818e-01 
4.5885442093e-08 1.2184543164e+04 7.1334205409e-01 
6.3574866346e-08 1.4272469107e+04 9.5257238058e-02 
4.0756778941e-11 1.1283005299e+04 1.5935336113e-01 
3.7572282286e-10 1.9410320679e+04 1.2395973128e+00 
2.3460499896e-08 1.7363299922e+04 5.1262248907e-01 
2.9908095798e-07 1.9179614371e+04 8.8882329629e-01 
8.4432364329e-10 1.2169929759e+04 1.0876453471e+00 
1.0219254113e-11 1.1207351694e+04 5.7840217193e-01 
1.1973901440e-06 1.2610477309e+04 1.0629789807e+00 
2.5413877259e-08 1.6909171062e+04 1.0104780681e+00 
4.4233769333e-08 1.1364780989e+04 6.2731909850e-01 
1.6207878960e-05 1.4889711736e+04 5.7582363082e-01 
5.6420829961e-09 1.1558564093e+04 1.2320513462e+00 
1.0743984837e-08 1.1945173634e+04 7.3319315383e-01 
1.4919625968e-09 2.3473331977e+04 1.3423515295e+00 
4.6571562911e-07 1.3199689350e+04 6.4206856434e-01 
1.1005177034e-10 1.8983185302e+04 1.3627604417e+00 
2.0860410314e-06 1.1419316000e+04 7.5775270427e-01 
