4.9948366434e-05 8.4634113127e-01 
4.8895172356e-05 8.4613487933e-01 
1.1799934572e-05 8.5188216254e-01 
8.4676131770e-05 8.4188516549e-01 
4.6009505744e-05 8.5140190936e-01 
1.9354488129e-04 1.0000000000e+00 
7.6257972273e-05 8.4254963570e-01 
1.9874187364e-04 8.2481104958e-01 
7.7958110539e-05 8.4283619984e-01 
1.6821194829e-04 1.0000000000e+00 
3.8551688087e-05 8.4866771353e-01 
2.0170083593e-05 8.5839576533e-01 
4.1086993447e-05 8.5204447304e-01 
6.2114949480e-05 8.4473225390e-01 
1.9823311098e-04 9.9922557837e-01 
2.5183162555e-04 8.2078171772e-01 
3.6188870988e-05 8.5312427756e-01 
4.0218622222e-05 8.4623909726e-01 
1.1301891769e-04 8.3514878450e-01 
1.1055257015e-04 8.3604341926e-01 
3.4790800444e-05 8.5353368744e-01 
1.0081720538e-05 8.6895426219e-01 
5.9788390229e-06 1.0000000000e+00 
2.3257047807e-05 8.6326311582e-01 
2.7060483868e-04 8.1874301269e-01 
4.7262528724e-05 8.5314684202e-01 
1.1189316614e-04 8.3653771628e-01 
2.8538199087e-05 1.0000000000e+00 
2.6431548877e-04 8.1745342617e-01 
6.6241341546e-05 8.4341181541e-01 
3.0825958024e-05 8.5813790721e-01 
5.4571034116e-05 8.4631112518e-01 
7.0007055958e-05 8.4200132944e-01 
1.3780404070e-05 8.3493537181e-01 
1.8679455295e-05 8.5806937827e-01 
4.2802558157e-05 8.5132619294e-01 
9.2768327792e-05 8.3984460344e-01 
1.3867417154e-04 8.3222138089e-01 
2.8386611012e-04 8.1789193448e-01 
6.8441128522e-05 1.0000000000e+00 
3.5193802018e-05 8.5495677766e-01 
1.0230636111e-05 1.0000000000e+00 
3.9972532858e-05 8.4882229496e-01 
2.0993569352e-05 8.5041949013e-01 
2.2432230803e-05 8.6367425269e-01 
1.9160085527e-04 8.2662917080e-01 
2.6372212010e-05 1.0000000000e+00 
1.3174363064e-05 8.6391256206e-01 
7.3997361436e-04 7.8893116829e-01 
1.8283756040e-04 8.2701023589e-01 
1.5421569494e-04 8.3110157120e-01 
3.0659824752e-05 8.5086666808e-01 
1.1668246528e-04 8.3518231852e-01 
1.4391821682e-04 8.3289893441e-01 
9.6262423836e-05 8.3821388271e-01 
5.7647005008e-04 8.0051804404e-01 
1.1994955666e-05 8.7350552258e-01 
5.5831552625e-05 8.4328524141e-01 
5.0684387528e-05 8.4839701950e-01 
4.3427349623e-04 8.0612191470e-01 
3.2320177037e-05 8.6834105791e-01 
3.2774718311e-05 8.5838195967e-01 
1.0102603741e-04 8.3791205872e-01 
1.1671689289e-05 8.2368836473e-01 
3.0533380517e-05 8.5808526297e-01 
3.2955771099e-05 8.5475786683e-01 
2.0973909706e-05 8.6320735342e-01 
6.0385697493e-05 8.4731506087e-01 
1.9989824549e-05 1.0000000000e+00 
3.2203466424e-05 8.5712830760e-01 
4.5381073005e-05 8.5207138197e-01 
3.7114514509e-05 8.5407481045e-01 
2.3338428902e-04 8.2140838375e-01 
7.5302494552e-04 7.9499019469e-01 
3.0116755654e-05 8.5422386015e-01 
7.9316155611e-05 1.0000000000e+00 
4.9414824538e-05 8.4994761773e-01 
3.9196651649e-04 1.0000000000e+00 
1.3501480520e-05 8.7546774625e-01 
1.7804147998e-04 8.2762724564e-01 
1.0552725912e-05 8.6017619259e-01 
3.5460304580e-05 8.5432946738e-01 
2.6477778109e-05 8.6585013089e-01 
2.8065453116e-05 8.6076522253e-01 
7.1742635126e-04 7.9216815898e-01 
1.2811812653e-04 8.3497914162e-01 
2.3185240179e-04 8.2371164151e-01 
3.1169921137e-05 8.5285931726e-01 
3.4999665654e-04 8.1185518821e-01 
8.4949230171e-05 8.4068711366e-01 
7.0317950148e-06 8.9391530813e-01 
2.3474002455e-04 8.2157931856e-01 
2.8557520277e-05 8.5267432753e-01 
2.3142044156e-05 8.5829182639e-01 
1.5667534681e-04 8.3012565926e-01 
1.0512434081e-04 8.3742085245e-01 
1.3969022482e-05 8.5163806791e-01 
2.0838182255e-04 9.1439875667e-01 
2.6003947734e-05 8.6033348952e-01 
2.1456957857e-05 8.7059491251e-01 
8.8088146863e-05 8.4132119664e-01 
2.5050788136e-05 8.5802444108e-01 
6.0922191382e-04 7.9705979449e-01 
2.9607129376e-04 1.0000000000e+00 
1.3394280242e-04 8.3431356747e-01 
2.2718882968e-05 8.7315921747e-01 
5.2800369270e-05 8.4737286660e-01 
3.1182391929e-05 8.5355108541e-01 
1.3230440990e-04 8.3386602510e-01 
1.6800567557e-04 1.0000000000e+00 
6.0365129482e-06 1.0000000000e+00 
1.4403199582e-04 8.3150218014e-01 
1.4465316360e-05 8.6233260442e-01 
8.4604599375e-06 1.0000000000e+00 
1.7274315272e-04 8.2832406786e-01 
3.0383752035e-05 8.5316017561e-01 
2.9134898175e-05 8.5757744991e-01 
1.0101146749e-05 1.0000000000e+00 
7.6984913714e-05 8.4731962974e-01 
1.2726858579e-04 1.0000000000e+00 
1.2090560178e-05 8.7492765291e-01 
5.6645395840e-05 8.4990887096e-01 
4.3104973752e-05 1.0000000000e+00 
8.2758180208e-05 8.5715397399e-01 
1.0219562983e-04 8.3847723689e-01 
8.0262401218e-05 8.4306334211e-01 
7.3566429988e-06 1.0000000000e+00 
8.9771451149e-05 8.3993466752e-01 
8.4041725439e-05 8.4209202809e-01 
2.3391855067e-05 9.4545996885e-01 
2.2896842129e-04 8.1966154234e-01 
2.9687905239e-05 8.5241807703e-01 
3.4030413702e-04 8.1495114111e-01 
2.2138908323e-05 8.2114108419e-01 
4.7745397733e-05 8.5021267194e-01 
1.0223632720e-05 8.6993766103e-01 
3.2849561300e-05 8.5611670783e-01 
6.5897973943e-04 7.9034646325e-01 
3.1507298814e-05 8.6153181810e-01 
8.5872726690e-06 1.0000000000e+00 
4.1758145576e-05 8.4923384328e-01 
1.3063796340e-04 8.3312506494e-01 
7.9680320734e-05 8.4315965398e-01 
2.1974538846e-05 8.6290890020e-01 
8.4701558877e-06 1.0000000000e+00 
2.1578878465e-05 8.6066874577e-01 
1.7883932950e-05 8.4699339809e-01 
2.1831237793e-04 8.2311725646e-01 
4.3860508792e-05 8.7157758027e-01 
1.3504793950e-04 8.3233765262e-01 
1.6053618462e-05 8.5597385486e-01 
1.0230369090e-04 8.3815502005e-01 
4.6425450024e-05 8.5112944681e-01 
7.4893305754e-05 8.4439025207e-01 
4.2680647685e-04 8.1696567473e-01 
1.4488029366e-05 8.3279468859e-01 
4.6537623009e-05 8.5045737959e-01 
9.2499382802e-05 8.3857411250e-01 
2.1331151533e-05 8.6307539024e-01 
7.3697149971e-05 8.4230868957e-01 
7.0806759615e-05 8.4700301317e-01 
1.2660111805e-04 8.3372581974e-01 
1.2394116560e-05 8.7745527676e-01 
1.0033584675e-04 8.3789040769e-01 
2.2612343377e-05 8.6142919121e-01 
7.1097257444e-05 8.6100157315e-01 
9.9532575473e-06 1.0000000000e+00 
3.0026379086e-05 8.5101224441e-01 
1.4175795797e-04 8.3453853095e-01 
1.4651318261e-04 8.3133002676e-01 
2.1992654824e-05 8.6430547294e-01 
8.4713117217e-05 8.4067559333e-01 
1.0996808634e-04 8.3663358741e-01 
1.4643146625e-04 8.3129301091e-01 
5.8965118652e-04 7.9711901210e-01 
4.3544054044e-04 1.0000000000e+00 
3.6496303560e-05 8.5251281196e-01 
5.4290201558e-05 8.5395790068e-01 
7.0456401064e-04 7.9055005654e-01 
1.4066367076e-04 8.3172884369e-01 
1.7867589785e-05 8.6975230847e-01 
2.4638416215e-04 8.2079486566e-01 
8.9475785590e-05 8.4018243411e-01 
2.8854443196e-05 8.6755344438e-01 
1.7010192488e-05 8.6580802211e-01 
1.0703749390e-04 8.3621236174e-01 
5.2713829655e-05 8.4923061874e-01 
1.2652991048e-04 8.3341341757e-01 
1.2095221875e-05 1.0000000000e+00 
2.8327090414e-04 1.0000000000e+00 
6.7304980557e-06 1.0000000000e+00 
9.9559645927e-06 1.0000000000e+00 
1.1895090288e-04 1.0000000000e+00 
5.1124489660e-05 8.5274289776e-01 
2.7523937858e-05 8.5662449732e-01 
3.3918526504e-05 8.5719498486e-01 
1.6186188035e-05 8.6594051862e-01 
1.3383791948e-05 8.3407934791e-01 
4.2247398461e-05 8.5122381040e-01 
1.7371905700e-05 8.6704954048e-01 
2.3129250292e-05 1.0000000000e+00 
3.2305405877e-05 8.7602087755e-01 
7.9595022459e-05 1.0000000000e+00 
8.8430357248e-05 8.3964199080e-01 
7.3736019123e-05 8.4359181362e-01 
1.6558106253e-05 8.2186976995e-01 
3.6587416730e-05 8.5018179218e-01 
1.2588603156e-05 1.0000000000e+00 
2.9037678952e-05 8.5516688064e-01 
6.4081124803e-06 1.0000000000e+00 
3.5598843464e-05 8.4827973138e-01 
3.0116887161e-05 8.1973938090e-01 
1.7340138870e-05 8.5905615752e-01 
2.3582536199e-05 8.5915180723e-01 
2.8671957863e-05 8.5306042532e-01 
5.0483596500e-06 1.0000000000e+00 
3.1321756421e-05 8.5644058022e-01 
2.2362737112e-04 8.2192963318e-01 
1.8932897729e-05 8.2861940002e-01 
1.0992351598e-05 8.7112960912e-01 
9.5737535264e-05 8.3819198231e-01 
2.3068478166e-05 8.6047076195e-01 
1.8893396275e-05 8.6658457116e-01 
1.0353462118e-04 8.3741651211e-01 
7.5560481947e-04 7.8754969309e-01 
3.0721166261e-05 8.5173294287e-01 
1.4414651759e-05 8.3871338307e-01 
4.2283456469e-05 8.5380100983e-01 
5.8220938305e-05 1.0000000000e+00 
5.5265296884e-05 8.4812338717e-01 
1.8122507600e-04 8.2620311884e-01 
2.9205770251e-04 8.1675984534e-01 
1.2390047443e-04 8.3416101162e-01 
1.1297405487e-04 8.3502381139e-01 
5.2285889988e-04 1.0000000000e+00 
8.1972336984e-05 8.4166374795e-01 
5.7560101039e-04 7.9792854786e-01 
4.3873515251e-05 8.5539577955e-01 
4.7934456305e-05 8.5842859418e-01 
9.8961920846e-05 8.3866176376e-01 
3.2041566716e-05 8.5579532611e-01 
2.0578900338e-05 8.2096104189e-01 
3.5570302237e-05 8.2313344845e-01 
8.1590391215e-06 8.7739902464e-01 
1.6367107640e-05 8.2206270275e-01 
4.3794448576e-05 8.4874623916e-01 
5.7622973560e-05 1.0000000000e+00 
4.9323968268e-05 8.4877386993e-01 
3.1865823841e-05 8.5479992354e-01 
3.8740430056e-05 1.0000000000e+00 
8.5127988155e-05 1.0000000000e+00 
3.2206228814e-05 8.4634589009e-01 
7.7301791010e-06 1.0000000000e+00 
1.3893716441e-05 8.3331987862e-01 
1.0772538059e-05 8.6654395138e-01 
1.1288782181e-04 8.3554502055e-01 
1.0412463599e-04 8.3679462327e-01 
2.2901616046e-05 8.6311327303e-01 
4.2429528913e-05 8.4759084461e-01 
2.0247572376e-05 9.4983517155e-01 
1.1817551065e-04 8.3537034819e-01 
2.1268631531e-05 8.6218806748e-01 
9.3586783165e-05 8.3887556314e-01 
6.7510936653e-05 8.4375463352e-01 
1.3072667581e-04 8.3332472599e-01 
1.2397651125e-04 1.0000000000e+00 
7.1913618257e-05 8.4178580451e-01 
3.9546224499e-04 8.0879193868e-01 
3.1345421257e-04 8.1561654124e-01 
3.8027812891e-05 8.4857305123e-01 
4.4199329143e-05 8.4740099433e-01 
1.4737218425e-05 8.3072888769e-01 
1.1976760472e-05 8.6960180543e-01 
2.0195957916e-05 8.2704994737e-01 
1.1983505113e-05 1.0000000000e+00 
2.3362032878e-05 8.5132512177e-01 
2.4883960703e-05 8.4998286084e-01 
2.9640265320e-05 8.5350649920e-01 
4.5097828824e-05 8.5237540934e-01 
4.5324033647e-05 8.4434496647e-01 
1.1411193474e-04 8.3924939374e-01 
3.4454019958e-04 8.1244549244e-01 
5.6322505391e-05 8.4712854208e-01 
9.9617537588e-06 1.0000000000e+00 
4.3490901603e-05 8.4872621019e-01 
2.3090150315e-05 8.3746778185e-01 
7.4567422104e-06 1.0000000000e+00 
4.9373766688e-05 8.5531405788e-01 
4.6495027120e-05 8.4787313717e-01 
1.1295656746e-04 1.0000000000e+00 
5.9691944384e-04 7.9954816194e-01 
2.3291809188e-04 1.0000000000e+00 
1.6081091865e-04 8.2946781790e-01 
2.4545594454e-05 8.5490303382e-01 
4.6315032031e-05 8.4635761992e-01 
3.1973542946e-05 8.5691554654e-01 
6.3498744296e-05 1.0000000000e+00 
4.2589782452e-04 8.0842987583e-01 
1.2862913276e-05 8.4593301728e-01 
1.1240579561e-04 8.4102308220e-01 
5.5292967794e-05 8.4861093425e-01 
1.8554589974e-05 8.2355203629e-01 
1.9781849531e-05 8.2912557811e-01 
2.1607067698e-05 8.6011510138e-01 
4.3568302508e-04 8.0605036534e-01 
1.4557025748e-04 8.3082385092e-01 
4.6267373826e-04 8.0849639289e-01 
4.1050025133e-05 8.4945152471e-01 
1.0002414898e-04 9.9699560478e-01 
4.8679474828e-05 8.4964229050e-01 
3.2938057795e-04 8.1412661441e-01 
1.6158619438e-04 8.3262231344e-01 
8.3080386626e-05 8.4257682118e-01 
1.7623204774e-05 8.2918851524e-01 
9.1869405944e-06 1.0000000000e+00 
9.6337902352e-06 1.0000000000e+00 
2.4310595182e-05 8.6241942242e-01 
3.4312850665e-05 8.5667459410e-01 
5.4210517474e-05 8.4928220514e-01 
5.0633065026e-06 8.8842760691e-01 
1.3417012950e-04 1.0000000000e+00 
1.3372679719e-04 8.3334203805e-01 
1.1265153457e-05 1.0000000000e+00 
1.7542284323e-04 8.2733900865e-01 
3.4898262206e-04 9.9933450346e-01 
7.3436051443e-05 8.4349574934e-01 
1.4593913807e-04 1.0000000000e+00 
6.3796824537e-05 8.4654644702e-01 
2.9237569719e-05 8.5381731451e-01 
3.7023924986e-05 8.6115532990e-01 
2.6001621093e-04 8.1989922538e-01 
1.3831141971e-05 8.6784070916e-01 
1.0072124793e-04 8.3883742846e-01 
1.4618649684e-05 8.2610105395e-01 
8.6453073259e-05 8.4114356245e-01 
1.6792925321e-04 8.3790092982e-01 
7.3189061191e-05 8.4391918519e-01 
6.8143752361e-05 8.4465871624e-01 
1.4011508873e-04 8.3215482901e-01 
2.2256015388e-04 8.2273690601e-01 
2.3748906417e-05 8.5391330134e-01 
4.2114894291e-04 1.0000000000e+00 
2.6848782552e-05 8.6188066593e-01 
8.5096592528e-04 7.9108233908e-01 
9.3946646280e-05 8.3912867360e-01 
3.9286061268e-05 8.5248514074e-01 
1.9893119570e-05 8.6401280308e-01 
2.5176675768e-04 9.9791845857e-01 
1.7248294169e-05 8.2109631819e-01 
5.1001227533e-05 8.4928872054e-01 
4.1367499287e-05 8.5299087853e-01 
4.6129599584e-05 8.5157162666e-01 
1.0384869408e-04 8.3666940830e-01 
1.9204076378e-05 8.4014922065e-01 
5.6747216684e-04 7.9835205671e-01 
1.7409942132e-04 8.2847758926e-01 
1.8673480275e-05 8.6507968524e-01 
2.0014378455e-04 1.0000000000e+00 
5.7497803731e-05 8.4802506886e-01 
2.0090421111e-04 8.2487578926e-01 
7.8059701152e-06 1.0000000000e+00 
6.6206609128e-05 8.4544444226e-01 
9.7653396383e-06 1.0000000000e+00 
1.6370269085e-04 8.2893204470e-01 
1.0660279391e-04 8.3735871493e-01 
3.9545599440e-05 8.5515830828e-01 
8.6906796355e-05 8.4177345882e-01 
7.6915460502e-05 8.4132845626e-01 
9.6455327819e-05 1.0000000000e+00 
1.5482503868e-04 8.3340385979e-01 
7.6167247893e-05 8.4265285586e-01 
7.5101891075e-05 8.6160349479e-01 
3.0357073985e-04 8.1394507253e-01 
2.9579825879e-04 8.1597799846e-01 
8.3856648578e-05 8.4064020698e-01 
5.1454044589e-05 9.6186372926e-01 
1.5986833664e-05 1.0000000000e+00 
1.8911541211e-04 8.2597106875e-01 
5.9626914259e-05 8.4454738027e-01 
2.7989092827e-04 1.0000000000e+00 
7.9046009144e-05 8.4226795813e-01 
3.1847965692e-04 8.1416658891e-01 
3.0727101057e-05 1.0000000000e+00 
7.8256662714e-06 1.0000000000e+00 
4.3754052995e-05 9.9888087328e-01 
4.3180878834e-05 8.5103609104e-01 
2.7225686842e-05 8.5211448190e-01 
1.4548818947e-04 8.3205316741e-01 
8.5164414207e-06 1.0000000000e+00 
1.5211649154e-05 8.7113860715e-01 
2.3270339500e-04 8.2490771934e-01 
8.3161066225e-05 8.4003992935e-01 
1.7423659884e-04 8.2629513036e-01 
1.4395928362e-04 1.0000000000e+00 
1.2440625998e-05 8.7182044814e-01 
5.3700306065e-05 8.5233308050e-01 
3.7519887621e-04 8.1181166015e-01 
1.4788037555e-04 8.3137683040e-01 
9.6476403688e-06 8.4787627430e-01 
1.6380178907e-05 1.0000000000e+00 
1.2738062385e-05 8.3392316700e-01 
1.1536705042e-05 1.0000000000e+00 
1.5950334797e-04 8.3344592655e-01 
3.0092359182e-05 1.0000000000e+00 
4.9763130704e-05 8.4830864882e-01 
9.1197830443e-05 8.4258100834e-01 
6.0559467307e-06 1.0000000000e+00 
1.7753219983e-05 1.0000000000e+00 
8.0551211151e-05 8.5044748640e-01 
4.4922024321e-04 9.1709466349e-01 
2.0528763584e-05 1.0000000000e+00 
7.2222223430e-05 8.4391614190e-01 
5.4625563336e-05 8.4547454331e-01 
1.3740577553e-05 8.7052872810e-01 
2.0194355162e-05 1.0000000000e+00 
2.3732508420e-04 8.2186445564e-01 
2.6166136991e-05 8.5433040555e-01 
2.2866895611e-04 8.2339787960e-01 
1.0202112735e-04 8.3890502110e-01 
4.7042260253e-05 8.4550744500e-01 
2.3997251218e-05 8.2894011015e-01 
1.0809437059e-04 8.4161529574e-01 
1.7583197220e-04 8.2846787694e-01 
3.3608928706e-04 8.1442589071e-01 
5.4215123271e-05 8.4837862648e-01 
2.7761409010e-05 8.2127250167e-01 
1.2614332915e-05 1.0000000000e+00 
7.4786623600e-05 1.0000000000e+00 
1.6574939954e-04 8.2888159918e-01 
2.7700225446e-04 8.1726736856e-01 
2.4534242217e-05 8.5349070734e-01 
1.7181195067e-04 8.2717771641e-01 
2.1823349492e-04 8.2337296010e-01 
1.1653343705e-05 8.4734976756e-01 
4.6565773040e-05 8.5123485106e-01 
1.2369299915e-05 1.0000000000e+00 
4.1427199449e-04 8.0375698757e-01 
2.0406350629e-05 8.6799009213e-01 
5.5031822950e-05 8.4842068617e-01 
8.3547568312e-05 8.4068322731e-01 
1.0543034211e-04 8.3809778211e-01 
2.2630356811e-04 8.2285969077e-01 
2.2092470974e-05 8.5800700264e-01 
2.4175433684e-05 1.0000000000e+00 
4.5661431578e-05 1.0000000000e+00 
6.1318448440e-06 1.0000000000e+00 
3.6383710929e-05 8.5342936180e-01 
2.1057646730e-05 8.6363671240e-01 
4.0247510397e-05 8.5390195288e-01 
1.0547563554e-05 1.0000000000e+00 
1.0258945965e-05 1.0000000000e+00 
4.9477428667e-05 8.4858955086e-01 
8.9247579391e-06 1.0000000000e+00 
5.2609563620e-05 8.4726288998e-01 
5.4096113290e-05 8.4567945907e-01 
6.3668271815e-06 8.4178996089e-01 
9.6563396807e-05 8.3901384014e-01 
1.9501674767e-05 8.6546635197e-01 
5.0138685399e-05 8.5100721057e-01 
6.5722713644e-05 8.4499310609e-01 
1.2647998379e-04 8.3528569427e-01 
1.0557621086e-05 1.0000000000e+00 
3.2431794757e-05 8.5126750639e-01 
9.1164074750e-04 1.0000000000e+00 
3.5584739639e-04 8.1179035906e-01 
7.9597337141e-06 1.0000000000e+00 
3.0539009956e-05 8.5569655592e-01 
5.0184214123e-05 8.4948900647e-01 
6.9284790697e-05 8.4460229335e-01 
2.7593887399e-04 8.1770465363e-01 
1.2826227385e-04 8.3353878520e-01 
1.1148117397e-04 8.3871192330e-01 
1.8872886740e-05 8.8443944186e-01 
2.9697470811e-05 8.5831794655e-01 
1.1049990411e-04 8.3652730444e-01 
1.1450087478e-04 8.3562631048e-01 
3.8200104850e-05 8.4963165649e-01 
5.7393991515e-06 1.0000000000e+00 
1.1324194109e-05 8.7194044767e-01 
4.5157617194e-05 8.4839552224e-01 
2.5918801492e-05 8.5192858308e-01 
9.8246094613e-05 8.3871536378e-01 
1.1320856188e-04 8.3586193512e-01 
1.2645756540e-04 8.5141151001e-01 
1.1160176631e-05 1.0000000000e+00 
2.2955355943e-05 8.6685977295e-01 
8.9485042444e-05 8.4038387845e-01 
2.0693041601e-04 8.2446949565e-01 
3.0636115208e-05 8.4264578897e-01 
7.0373775258e-06 1.0000000000e+00 
3.3382986384e-04 8.1586511908e-01 
9.2154066964e-05 8.4077328611e-01 
1.1219426359e-04 8.3521399368e-01 
7.8472133090e-04 7.8633304967e-01 
5.7732133476e-05 1.0000000000e+00 
7.0158148645e-05 8.4251844651e-01 
3.6075242663e-05 8.6479881974e-01 
2.4290196208e-04 8.2089273362e-01 
1.5487015196e-05 9.6708737883e-01 
4.0131640284e-04 8.0934207873e-01 
