8.5616089263e-12 1.4435370341e+04 8.3580472232e-01 3.0000000000e-02 
5.4335104336e-07 1.7988026346e+04 9.1094863282e-01 3.0000000000e-02 
1.1467120904e-08 1.3532760350e+04 7.6721064135e-01 3.0000000000e-02 
1.1227817724e-08 2.0471576166e+04 2.2948109327e-01 3.0000000000e-02 
4.5832155755e-11 1.4117978518e+04 1.7856923159e-01 3.0000000000e-02 
4.1569335460e-08 1.8500416086e+04 8.4337426898e-01 3.0000000000e-02 
1.5444693577e-09 1.5624011655e+04 1.1093782904e+00 3.0000000000e-02 
1.2582385602e-06 1.1822188142e+04 5.5440601642e-01 3.0000000000e-02 
1.2762583015e-08 1.2393001888e+04 1.2615310287e+00 3.0000000000e-02 
3.6206166080e-09 2.3438390838e+04 1.3357327062e+00 3.0000000000e-02 
1.8496176302e-09 1.4371608345e+04 1.3419521237e+00 3.0000000000e-02 
7.7572256534e-06 1.2621031011e+04 2.4256129242e-01 3.0000000000e-02 
5.4270692350e-08 2.2027120631e+04 6.3264404541e-01 3.0000000000e-02 
1.7697543121e-10 1.2770069975e+04 1.0433808194e+00 3.0000000000e-02 
2.9362602889e-08 2.5000000000e+04 7.4895424337e-01 3.0000000000e-02 
3.8907174184e-08 1.1915094029e+04 8.6012769907e-01 3.0000000000e-02 
1.3105673828e-08 2.1563404216e+04 8.1245243187e-01 3.0000000000e-02 
2.0037559669e-08 1.1719251274e+04 5.3123819713e-01 3.0000000000e-02 
3.8805771772e-08 1.2690466350e+04 2.1994855519e-01 3.0000000000e-02 
1.5810395890e-06 1.2616647436e+04 1.2794858901e+00 3.0000000000e-02 
5.7641311543e-09 1.2722230619e+04 1.5347952372e+00 3.0000000000e-02 
1.6818058874e-08 1.1551366831e+04 5.5495304359e-01 3.0000000000e-02 
9.6866287025e-07 1.2030244109e+04 7.4797620990e-01 3.0000000000e-02 
6.9652248046e-08 1.1837295062e+04 9.7439046306e-01 3.0000000000e-02 
7.6680896927e-10 1.5752628678e+04 6.7076088143e-01 3.0000000000e-02 
1.6211431714e-08 1.5002377583e+04 5.5841582584e-01 3.0000000000e-02 
3.0337678330e-09 1.1329312118e+04 1.1405214684e+00 3.0000000000e-02 
4.7809687857e-09 1.1384640465e+04 1.4392179511e+00 3.0000000000e-02 
2.8105657394e-08 1.7260346268e+04 4.9239386987e-01 3.0000000000e-02 
1.0434143720e-09 1.1378469652e+04 9.9059739617e-01 3.0000000000e-02 
3.4589987542e-10 1.3451436150e+04 3.1356213468e-01 3.0000000000e-02 
4.0590116345e-08 1.8046024092e+04 1.2353998965e+00 3.0000000000e-02 
2.2175666134e-10 1.1790668405e+04 8.6870047227e-01 3.0000000000e-02 
6.7628623986e-11 1.2523958966e+04 1.1728380436e+00 3.0000000000e-02 
2.7732421766e-10 1.4226582043e+04 9.0357373248e-01 3.0000000000e-02 
7.6814429060e-08 1.2661985698e+04 2.2311834340e-01 3.0000000000e-02 
1.2560685468e-10 1.2826068072e+04 1.4196502935e+00 3.0000000000e-02 
3.2667766073e-10 1.6894501152e+04 1.5464054887e+00 3.0000000000e-02 
3.6358462642e-06 1.2099310870e+04 7.9890335512e-01 3.0000000000e-02 
6.7297804860e-10 1.1657941004e+04 3.3579370470e-01 3.0000000000e-02 
3.1563355608e-09 1.6874056933e+04 7.8847315395e-01 3.0000000000e-02 
2.0247796375e-09 1.8522794277e+04 8.5179882700e-01 3.0000000000e-02 
1.6207063148e-08 1.4928248470e+04 9.3633701493e-01 3.0000000000e-02 
6.9759649493e-06 1.2496178353e+04 9.0253038858e-01 3.0000000000e-02 
5.6206304198e-07 1.5191715988e+04 1.1142872241e+00 3.0000000000e-02 
2.6966372545e-09 1.4606848136e+04 1.0998311652e+00 3.0000000000e-02 
4.4912077024e-10 1.1589502074e+04 1.0790223309e+00 3.0000000000e-02 
8.8205461670e-09 1.4048268294e+04 6.2195370947e-01 3.0000000000e-02 
7.3500717882e-08 1.2792954576e+04 9.2928762955e-01 3.0000000000e-02 
2.9379458928e-09 1.3656952702e+04 1.2609025293e+00 3.0000000000e-02 
1.4482015967e-07 1.2762852039e+04 3.8688622254e-01 3.0000000000e-02 
7.8410693403e-10 1.2841406996e+04 6.7163594244e-01 3.0000000000e-02 
2.5670108289e-07 1.6457484334e+04 6.2797388584e-01 3.0000000000e-02 
3.4417932476e-11 1.2334133957e+04 6.4431890677e-01 3.0000000000e-02 
1.0579336448e-10 2.0709521982e+04 7.8036498584e-01 3.0000000000e-02 
2.2731150287e-09 1.1883288074e+04 6.0014454918e-01 3.0000000000e-02 
8.9295410258e-08 1.2723266053e+04 7.3498120487e-01 3.0000000000e-02 
1.4260660954e-08 1.2621507136e+04 1.0376138370e+00 3.0000000000e-02 
9.1819850497e-10 1.6091483770e+04 9.7654428850e-01 3.0000000000e-02 
3.3982815687e-11 1.2287676527e+04 1.5771144593e-01 3.0000000000e-02 
1.6013916622e-07 1.5374632852e+04 8.4335349388e-01 3.0000000000e-02 
7.8122052048e-07 1.2473977723e+04 1.2005973094e+00 3.0000000000e-02 
3.5980482753e-10 1.1969613914e+04 8.2341043184e-01 3.0000000000e-02 
1.0305396517e-09 2.5000000000e+04 3.7191761009e-01 3.0000000000e-02 
3.1106971651e-08 1.1705935647e+04 1.4181622921e+00 3.0000000000e-02 
3.2656928957e-08 2.5000000000e+04 1.2010875815e+00 3.0000000000e-02 
3.6103448541e-06 1.2053568651e+04 9.5608537909e-01 3.0000000000e-02 
7.2512795846e-10 1.1374696018e+04 3.8124604167e-01 3.0000000000e-02 
2.6967413841e-08 1.9319301605e+04 1.2916586287e+00 3.0000000000e-02 
1.2257308569e-09 1.3676333018e+04 8.9526665378e-01 3.0000000000e-02 
2.9757746192e-10 1.6527546433e+04 5.2412229696e-01 3.0000000000e-02 
1.1497174394e-08 1.2473283189e+04 5.6282307128e-01 3.0000000000e-02 
2.2817596684e-07 1.1544136429e+04 6.2204433390e-01 3.0000000000e-02 
7.2421446025e-10 1.3898195363e+04 7.5020608268e-01 3.0000000000e-02 
6.1728545303e-09 1.2101920644e+04 4.6598109770e-01 3.0000000000e-02 
1.1074890059e-05 1.2984063415e+04 6.4311520139e-01 3.0000000000e-02 
4.1672539777e-09 1.3443199893e+04 1.3400130209e+00 3.0000000000e-02 
2.5996753287e-11 1.3311769686e+04 1.1522035291e+00 3.0000000000e-02 
7.6744007624e-07 1.1400169141e+04 1.1204376295e+00 3.0000000000e-02 
7.1386931960e-09 1.6861129781e+04 6.2543806940e-01 3.0000000000e-02 
1.4645819056e-08 1.3639160201e+04 6.1604002455e-01 3.0000000000e-02 
1.1767413840e-07 1.1952143512e+04 6.1972040809e-01 3.0000000000e-02 
1.6353197503e-09 1.2627873593e+04 1.2598747781e+00 3.0000000000e-02 
7.5648422823e-09 1.1602542139e+04 1.4650712733e+00 3.0000000000e-02 
4.1942395321e-09 1.5678249053e+04 5.8480911455e-01 3.0000000000e-02 
9.0798149460e-08 1.5260732292e+04 1.1462445365e+00 3.0000000000e-02 
2.1561445374e-05 1.3212462827e+04 1.1942038986e+00 3.0000000000e-02 
8.1103783729e-10 1.1323429630e+04 1.5371033758e+00 3.0000000000e-02 
4.4890528137e-08 1.2563883392e+04 9.1505312406e-01 3.0000000000e-02 
3.3933173804e-08 1.9468096107e+04 1.1470061968e+00 3.0000000000e-02 
5.7983127512e-09 1.3156691271e+04 8.0107307750e-01 3.0000000000e-02 
1.0807593348e-09 1.4753070194e+04 4.6231820157e-01 3.0000000000e-02 
1.9835390277e-05 1.4123251647e+04 3.7810728109e-01 3.0000000000e-02 
5.0065212930e-10 1.3109791828e+04 9.5077856794e-01 3.0000000000e-02 
9.8713249019e-06 1.6035629882e+04 9.6659124362e-01 3.0000000000e-02 
7.6226426722e-10 1.4963960398e+04 8.6053540184e-01 3.0000000000e-02 
2.7639175273e-11 1.2338974707e+04 1.1583365101e+00 3.0000000000e-02 
3.3799626314e-10 1.1992550842e+04 9.6564663102e-01 3.0000000000e-02 
3.8195019999e-09 1.2824274311e+04 9.1204394715e-01 3.0000000000e-02 
8.7377232545e-10 1.1966574780e+04 7.2870863419e-01 3.0000000000e-02 
1.6993878695e-11 1.4560422826e+04 8.2729182241e-01 3.0000000000e-02 
1.1117822311e-09 1.2088653113e+04 1.1428981047e+00 3.0000000000e-02 
1.8043816110e-08 1.4365230006e+04 1.1628823146e+00 3.0000000000e-02 
7.6136226997e-09 1.1879708334e+04 1.4107108317e+00 3.0000000000e-02 
6.6202198466e-08 1.2438616175e+04 2.8228208807e-01 3.0000000000e-02 
1.2734523026e-07 1.1700144192e+04 6.0086653048e-01 3.0000000000e-02 
1.3688084515e-08 1.9595564081e+04 3.8103563015e-01 3.0000000000e-02 
1.4261582629e-06 1.3168004483e+04 4.7171319834e-01 3.0000000000e-02 
4.9322048368e-09 1.1926212132e+04 1.3893407997e+00 3.0000000000e-02 
3.4415355129e-08 1.1724629103e+04 1.0231781481e+00 3.0000000000e-02 
2.5555610076e-05 1.1690512211e+04 6.8288073621e-01 3.0000000000e-02 
3.4986896284e-07 1.5951086906e+04 3.4656030046e-01 3.0000000000e-02 
2.9358046706e-09 1.3364907211e+04 1.0749194382e+00 3.0000000000e-02 
1.3340088229e-07 1.2749996366e+04 6.6195255643e-01 3.0000000000e-02 
7.3171990736e-11 1.1376472370e+04 5.9422128519e-01 3.0000000000e-02 
1.6662561632e-06 1.3805591548e+04 1.2419106267e+00 3.0000000000e-02 
8.2699440154e-12 1.2329363886e+04 6.6773303139e-01 3.0000000000e-02 
1.9923295710e-11 1.2252741511e+04 1.1929158071e+00 3.0000000000e-02 
8.4139592603e-10 2.0868825097e+04 1.7359638901e-01 3.0000000000e-02 
1.0618273329e-08 1.3178686581e+04 9.4038158491e-01 3.0000000000e-02 
1.7661072369e-09 1.1357299076e+04 2.4597683162e-01 3.0000000000e-02 
7.8080387817e-12 1.1327664952e+04 6.0736035779e-01 3.0000000000e-02 
7.9398904066e-08 1.3654564234e+04 1.2578785040e+00 3.0000000000e-02 
6.1497492119e-10 1.2235014751e+04 2.1841741513e-01 3.0000000000e-02 
2.2687244325e-11 1.2739097419e+04 2.0199425380e-01 3.0000000000e-02 
4.0791313934e-09 1.2616326123e+04 1.1984026132e+00 3.0000000000e-02 
1.7958482029e-09 1.3088421328e+04 4.9852310519e-01 3.0000000000e-02 
4.2934707999e-07 1.3942718849e+04 7.5626242819e-01 3.0000000000e-02 
2.0287784032e-10 1.3760050063e+04 6.8023643467e-01 3.0000000000e-02 
9.5723059864e-11 1.1844942288e+04 1.1913284042e+00 3.0000000000e-02 
1.1053364515e-07 1.2794422309e+04 9.8874031300e-01 3.0000000000e-02 
5.0432049768e-10 1.8328438295e+04 1.0839076893e+00 3.0000000000e-02 
8.7810896043e-07 1.2448211831e+04 1.0527019397e+00 3.0000000000e-02 
1.1786238102e-10 1.8204912959e+04 9.5089285075e-01 3.0000000000e-02 
2.4386884959e-09 1.2308548568e+04 5.0161109923e-01 3.0000000000e-02 
1.7341734464e-10 1.2336444223e+04 5.3629731444e-01 3.0000000000e-02 
8.9451537169e-09 1.4355422931e+04 5.7463683192e-01 3.0000000000e-02 
7.5346062754e-08 1.1285927698e+04 5.5631902522e-01 3.0000000000e-02 
7.2304213625e-11 1.1772446032e+04 1.1905812406e+00 3.0000000000e-02 
3.8101486298e-08 1.2497500922e+04 1.3129240470e+00 3.0000000000e-02 
9.4159253569e-12 1.1665240187e+04 6.7824208934e-01 3.0000000000e-02 
3.8944388738e-07 1.1765972280e+04 1.0579131991e+00 3.0000000000e-02 
3.7080374409e-09 1.6026259120e+04 7.8563428361e-01 3.0000000000e-02 
2.0215802351e-09 2.0013838490e+04 7.3777496004e-01 3.0000000000e-02 
1.7001061912e-10 1.5552867945e+04 6.9340540464e-01 3.0000000000e-02 
1.1920099924e-06 1.9303918274e+04 9.3290732480e-01 3.0000000000e-02 
2.0648353780e-11 1.7117860254e+04 1.5762796039e-01 3.0000000000e-02 
8.1834761630e-10 1.3352918618e+04 4.9310307998e-01 3.0000000000e-02 
1.8178530111e-09 1.3765870306e+04 3.3471784766e-01 3.0000000000e-02 
4.5787458083e-10 1.4441795657e+04 5.4485818830e-01 3.0000000000e-02 
2.4264637701e-10 1.3684273763e+04 2.6647403367e-01 3.0000000000e-02 
4.7502966320e-07 1.1379544101e+04 5.5558011300e-01 3.0000000000e-02 
5.2280773566e-08 1.2984620110e+04 1.1360040700e+00 3.0000000000e-02 
4.6209459952e-07 1.8765462705e+04 1.1474939640e+00 3.0000000000e-02 
5.4835058762e-09 1.2108835491e+04 1.0100170120e+00 3.0000000000e-02 
5.8837498763e-11 1.8674347300e+04 2.5711442603e-01 3.0000000000e-02 
1.1909129607e-07 1.2320314484e+04 1.1311283395e+00 3.0000000000e-02 
7.5973522247e-10 1.1314162598e+04 1.2741660850e+00 3.0000000000e-02 
5.3814828905e-10 1.1269910463e+04 1.1213347195e+00 3.0000000000e-02 
1.0510770635e-10 1.3876319762e+04 1.4799952931e+00 3.0000000000e-02 
2.4779842530e-09 1.2305351638e+04 1.4987229428e-01 3.0000000000e-02 
1.0514727323e-07 1.1884801986e+04 3.0296497923e-01 3.0000000000e-02 
5.3763265077e-10 1.1577495731e+04 3.3608355468e-01 3.0000000000e-02 
1.1141122911e-08 1.2357596216e+04 2.2159197711e-01 3.0000000000e-02 
5.2264643121e-12 1.2259935822e+04 5.4906970825e-01 3.0000000000e-02 
3.2846790168e-10 1.5398385254e+04 1.0976455067e+00 3.0000000000e-02 
2.8324905497e-09 1.6749440120e+04 8.4116236370e-01 3.0000000000e-02 
2.0867235854e-09 1.2201248934e+04 2.9861513983e-01 3.0000000000e-02 
2.5947753417e-06 1.3812706726e+04 1.0609999972e+00 3.0000000000e-02 
1.0806617276e-11 1.5757590073e+04 7.3945313705e-01 3.0000000000e-02 
3.9354774828e-08 1.4693034033e+04 1.3764629528e+00 3.0000000000e-02 
2.5747554989e-10 1.1525456933e+04 9.6565247742e-01 3.0000000000e-02 
2.9291058091e-08 1.1385416564e+04 5.4719304457e-01 3.0000000000e-02 
1.5259131173e-08 1.7479381057e+04 4.3969627689e-01 3.0000000000e-02 
2.4268833819e-06 1.1893711568e+04 1.2003163493e+00 3.0000000000e-02 
1.3273639969e-10 1.1366447389e+04 6.5062194979e-01 3.0000000000e-02 
6.8394143787e-11 1.1671765871e+04 9.0217558498e-01 3.0000000000e-02 
2.2485883891e-07 1.1920630542e+04 6.8972736046e-01 3.0000000000e-02 
3.8075623037e-11 1.4839185732e+04 1.0940445430e+00 3.0000000000e-02 
6.8496813590e-09 1.6620658585e+04 6.5311316848e-01 3.0000000000e-02 
6.6420912245e-07 1.6081650134e+04 2.5663445348e-01 3.0000000000e-02 
1.2339975294e-09 1.2966504613e+04 1.6269019108e-01 3.0000000000e-02 
1.5326348738e-10 1.3193869047e+04 1.3469346336e+00 3.0000000000e-02 
2.1970174924e-08 1.1349782624e+04 7.7910455165e-01 3.0000000000e-02 
1.3735382750e-10 1.8939437041e+04 1.9787538622e-01 3.0000000000e-02 
6.3447893426e-09 1.2974982941e+04 8.1218856694e-01 3.0000000000e-02 
1.6583281019e-09 1.3204348089e+04 8.3907367006e-01 3.0000000000e-02 
6.1752946681e-08 1.2317692570e+04 6.7295214480e-01 3.0000000000e-02 
2.1704603185e-08 1.1369508449e+04 1.2248904149e+00 3.0000000000e-02 
1.3038734558e-08 1.5066170825e+04 3.1124089480e-01 3.0000000000e-02 
2.4743780728e-09 1.2229992419e+04 7.4426958532e-01 3.0000000000e-02 
5.3515963025e-09 1.9466153167e+04 6.0053418607e-01 3.0000000000e-02 
3.5495393671e-09 1.1756865770e+04 1.2540097018e+00 3.0000000000e-02 
1.2326819747e-09 2.5000000000e+04 3.5992358530e-01 3.0000000000e-02 
1.1440841186e-07 2.5000000000e+04 8.0457608615e-01 3.0000000000e-02 
8.6566808282e-07 1.4209263382e+04 1.0726956346e+00 3.0000000000e-02 
6.9461535710e-09 1.2631767790e+04 1.1729573121e+00 3.0000000000e-02 
5.6194434233e-11 2.5000000000e+04 4.6451157007e-01 3.0000000000e-02 
6.7410612848e-08 1.3401028736e+04 5.7613289758e-01 3.0000000000e-02 
4.7816060242e-09 1.2851809296e+04 4.0649581707e-01 3.0000000000e-02 
8.5961491427e-09 1.2767982054e+04 6.2122012158e-01 3.0000000000e-02 
2.9064167005e-09 1.1437976096e+04 6.2815985696e-01 3.0000000000e-02 
7.3864444600e-10 1.9587461368e+04 4.5599976057e-01 3.0000000000e-02 
6.9818714430e-09 1.1860911748e+04 1.2476479019e+00 3.0000000000e-02 
1.4780137860e-08 1.2028099195e+04 8.6706088395e-01 3.0000000000e-02 
4.0325920059e-07 1.4601615667e+04 5.0905866936e-01 3.0000000000e-02 
6.0343746776e-08 1.2067565048e+04 4.1553074510e-01 3.0000000000e-02 
6.2802282299e-10 1.2809424845e+04 6.1304221564e-01 3.0000000000e-02 
1.2733328304e-08 1.1602228017e+04 5.8787055235e-01 3.0000000000e-02 
5.2411333718e-10 2.5000000000e+04 4.8710333331e-01 3.0000000000e-02 
1.4730983648e-07 1.2208716231e+04 9.1180237895e-01 3.0000000000e-02 
4.2000544414e-10 1.4317304569e+04 7.7790689521e-01 3.0000000000e-02 
7.7175838409e-09 1.4213117410e+04 4.4910026829e-01 3.0000000000e-02 
7.7922381187e-07 1.1425757724e+04 8.5183356637e-01 3.0000000000e-02 
2.1161144135e-10 1.1996695863e+04 7.5040118893e-01 3.0000000000e-02 
2.6591427019e-09 1.2954759717e+04 1.9777381719e-01 3.0000000000e-02 
1.0890221639e-08 2.5000000000e+04 1.4013654727e+00 3.0000000000e-02 
1.5521480699e-08 1.3022435901e+04 9.0289813422e-01 3.0000000000e-02 
9.7853012707e-11 1.3464961888e+04 1.1682904625e+00 3.0000000000e-02 
9.1417625331e-10 1.1200947787e+04 6.3657414921e-01 3.0000000000e-02 
6.2655795001e-09 1.2283022732e+04 7.3959420351e-01 3.0000000000e-02 
1.2175404068e-06 1.3198782076e+04 6.7636408822e-01 3.0000000000e-02 
2.6084789308e-11 1.8294409307e+04 4.9508384679e-01 3.0000000000e-02 
2.2611636784e-06 1.1740272630e+04 6.5345819094e-01 3.0000000000e-02 
2.9799419434e-07 1.1661263907e+04 8.3043355624e-01 3.0000000000e-02 
4.1793683640e-07 1.4169158701e+04 9.7162490052e-01 3.0000000000e-02 
3.3896402060e-09 2.5000000000e+04 1.1241183687e+00 3.0000000000e-02 
2.2336421664e-11 1.4516867397e+04 1.0288322679e+00 3.0000000000e-02 
9.4503617393e-11 1.2495443340e+04 1.0700987629e+00 3.0000000000e-02 
3.5611835542e-08 1.5240492296e+04 3.5826408542e-01 3.0000000000e-02 
1.6441015848e-09 1.2693366545e+04 1.1693781496e+00 3.0000000000e-02 
2.7680816029e-08 1.2111800595e+04 5.7778062185e-01 3.0000000000e-02 
1.5344232510e-10 1.2367058704e+04 7.5355157430e-01 3.0000000000e-02 
7.3780802323e-06 1.1406896409e+04 8.6106727510e-01 3.0000000000e-02 
2.1692419077e-07 2.5000000000e+04 1.0810781961e-01 3.0000000000e-02 
2.3893589839e-09 1.3020936677e+04 8.3124355367e-01 3.0000000000e-02 
7.7212155339e-09 1.5212163422e+04 1.0777783415e+00 3.0000000000e-02 
1.9553483827e-09 1.2170764142e+04 7.4828031297e-01 3.0000000000e-02 
2.0785241739e-11 1.1237645768e+04 5.3032226253e-01 3.0000000000e-02 
2.2653567130e-10 1.1916455833e+04 4.8889951482e-01 3.0000000000e-02 
3.4877634710e-08 1.1349715287e+04 1.6331686634e-01 3.0000000000e-02 
8.2976249092e-12 1.4221342204e+04 4.5645307311e-01 3.0000000000e-02 
1.6236215862e-09 1.2786816619e+04 6.9857962082e-01 3.0000000000e-02 
5.2053592272e-11 1.3820521046e+04 1.2802742533e+00 3.0000000000e-02 
2.4413688726e-08 1.1522657476e+04 5.8406846970e-01 3.0000000000e-02 
7.4599539027e-07 1.5971961369e+04 2.3944292693e-01 3.0000000000e-02 
2.8027051464e-07 2.1237229156e+04 9.9438306795e-01 3.0000000000e-02 
3.3123846270e-08 1.1657645840e+04 4.0783493628e-01 3.0000000000e-02 
1.1846420001e-07 1.4125124693e+04 3.8730279128e-01 3.0000000000e-02 
3.0055771760e-08 1.2257783459e+04 1.4459964658e+00 3.0000000000e-02 
4.0392772857e-10 1.6993650994e+04 3.1168237796e-01 3.0000000000e-02 
1.1078362490e-08 1.4497574219e+04 1.2002177402e+00 3.0000000000e-02 
2.4432459113e-09 1.9599673015e+04 7.1506725904e-01 3.0000000000e-02 
3.1924507219e-08 1.1955609838e+04 7.2112709213e-01 3.0000000000e-02 
6.5401553487e-09 1.3811305656e+04 1.0441206814e+00 3.0000000000e-02 
4.0255483953e-11 1.2187788356e+04 3.8219827983e-01 3.0000000000e-02 
2.0484726456e-09 1.3286335450e+04 7.1071326797e-01 3.0000000000e-02 
2.7060924371e-07 1.6095519798e+04 6.8140388015e-01 3.0000000000e-02 
6.0622208987e-09 1.1250998935e+04 1.1200047805e+00 3.0000000000e-02 
6.1357931679e-10 1.6373055330e+04 7.5581864238e-01 3.0000000000e-02 
4.4479671010e-10 1.2402318274e+04 1.0063583908e+00 3.0000000000e-02 
1.3055564823e-09 1.3576165875e+04 9.9517717519e-01 3.0000000000e-02 
1.4585210363e-06 1.2247927141e+04 4.2505013733e-01 3.0000000000e-02 
6.6637834253e-10 1.8926443908e+04 6.1020445608e-01 3.0000000000e-02 
2.4396024818e-11 1.1733108780e+04 4.3322400351e-01 3.0000000000e-02 
2.1809158049e-10 1.1557756586e+04 1.5159234439e-01 3.0000000000e-02 
1.4911851441e-07 1.3950808553e+04 6.8865068774e-01 3.0000000000e-02 
1.0632871926e-08 1.9198857294e+04 4.8129911353e-01 3.0000000000e-02 
3.2463642022e-09 1.3708580137e+04 4.6360145404e-01 3.0000000000e-02 
2.7512378696e-05 2.1746770618e+04 2.7757956839e-01 3.0000000000e-02 
1.1534644594e-10 1.1682464909e+04 6.8212363300e-01 3.0000000000e-02 
1.1912231445e-06 1.2015394347e+04 6.3452794450e-01 3.0000000000e-02 
1.3480409152e-11 1.3056834356e+04 3.1468924391e-01 3.0000000000e-02 
3.4620198443e-08 2.0081645986e+04 7.2694821795e-01 3.0000000000e-02 
5.2648555048e-07 1.1927131712e+04 5.5101728905e-01 3.0000000000e-02 
1.0983641060e-09 1.2551926123e+04 5.4145896995e-01 3.0000000000e-02 
8.8466916556e-06 2.5000000000e+04 2.6754070398e-01 3.0000000000e-02 
4.1864677233e-06 1.2462074651e+04 8.6865994269e-01 3.0000000000e-02 
4.9244282702e-08 1.1388749621e+04 2.9887353844e-01 3.0000000000e-02 
1.0569686853e-09 1.1524143937e+04 1.2418444593e+00 3.0000000000e-02 
7.3980716962e-06 1.1623128641e+04 5.2156149193e-01 3.0000000000e-02 
6.8114928300e-10 1.1601324731e+04 1.1316388146e+00 3.0000000000e-02 
5.1600551415e-10 1.5404422962e+04 4.2677591634e-01 3.0000000000e-02 
7.9088458367e-07 1.3466430415e+04 8.8510163527e-01 3.0000000000e-02 
6.8796088271e-09 1.3548610932e+04 2.2810689337e-01 3.0000000000e-02 
8.5520017705e-07 1.2180617698e+04 7.4417045942e-01 3.0000000000e-02 
1.0245990379e-08 1.1532046399e+04 9.3304338686e-01 3.0000000000e-02 
3.1468581004e-07 1.1942553727e+04 1.0468173614e+00 3.0000000000e-02 
9.9562915480e-08 1.3227756239e+04 4.6834519595e-01 3.0000000000e-02 
1.4958591245e-07 1.4859249767e+04 7.0430847073e-01 3.0000000000e-02 
2.7735117870e-07 1.1693969981e+04 1.3522283310e+00 3.0000000000e-02 
4.2005792700e-07 1.4134989265e+04 1.0912360744e+00 3.0000000000e-02 
3.9534088235e-09 1.1277162754e+04 1.0788939733e+00 3.0000000000e-02 
1.2995733473e-07 1.2295461602e+04 5.9710365437e-01 3.0000000000e-02 
4.1927009763e-07 1.1998944747e+04 7.4743640101e-01 3.0000000000e-02 
8.4212098334e-09 1.6673944674e+04 2.8857621941e-01 3.0000000000e-02 
1.1002294392e-08 1.3183656670e+04 1.0450457229e+00 3.0000000000e-02 
1.2154620488e-09 2.5000000000e+04 8.1928437553e-01 3.0000000000e-02 
6.5255056965e-09 1.1832159169e+04 7.3601702811e-01 3.0000000000e-02 
2.0314570199e-11 1.7697674693e+04 6.2656913026e-01 3.0000000000e-02 
