1.2934752604e-06 1.2539703908e+04 1.0046613630e+00 
2.6136833053e-08 1.3310455229e+04 9.2247108682e-01 
1.0573732335e-10 1.8240556768e+04 7.9810997529e-01 
2.3472406418e-06 1.4007715732e+04 9.6104815201e-01 
1.5474344650e-08 1.3045701943e+04 4.4420632420e-01 
7.4132806297e-12 1.7085153089e+04 5.3683143952e-01 
7.5576731109e-10 1.4429225154e+04 8.8040354908e-01 
2.2351336767e-06 1.4127144147e+04 7.7653268684e-01 
2.1274105845e-08 1.1962155599e+04 5.7166370327e-01 
9.2000109400e-08 1.1951158606e+04 4.8194031317e-01 
6.2512248910e-08 1.1336676054e+04 1.2436278020e+00 
2.8010177497e-06 1.4137093047e+04 1.0031968163e+00 
7.6265869540e-11 1.7206603123e+04 6.8590163870e-01 
1.9801824337e-11 1.1943661959e+04 5.3786008680e-01 
1.0641544947e-07 1.3472473731e+04 6.8926453210e-01 
2.4266702592e-08 1.2601294589e+04 1.2263041740e+00 
5.5327479767e-08 1.3732705730e+04 6.6095919119e-01 
2.2631332093e-08 1.8147278130e+04 5.9165298279e-01 
1.8022414305e-07 1.1727906298e+04 4.7134212690e-01 
9.0188743062e-11 1.6326667334e+04 5.9090281529e-01 
1.4608838741e-08 1.3473397293e+04 9.0453752338e-01 
1.6378051037e-08 1.2067085010e+04 7.4845697802e-01 
1.5542186664e-08 1.5362096817e+04 5.8490080440e-01 
2.1379458278e-05 1.3238336075e+04 5.6504150701e-01 
6.7859679170e-09 1.2489623374e+04 7.0655365159e-01 
2.1533048195e-11 1.4373573240e+04 1.7360491794e-01 
4.3755398081e-07 1.5001303122e+04 1.0365432482e+00 
4.1900630954e-10 1.3408735936e+04 4.0733141408e-01 
3.3919257854e-09 1.3123194564e+04 5.9271578845e-01 
7.2370450650e-09 1.1769770035e+04 1.0819685599e+00 
6.1639243865e-08 2.0639275547e+04 2.0533710243e-01 
9.1410608736e-10 1.3447273085e+04 1.2349445624e+00 
6.5485857880e-11 1.2932085483e+04 9.4561824001e-01 
5.9560814546e-10 2.5000000000e+04 5.2722429184e-01 
1.8929719958e-05 1.2330141864e+04 7.4945407817e-01 
5.8369706547e-10 1.2581536581e+04 1.4218033317e+00 
9.3720916287e-10 1.2856889010e+04 1.1928709724e+00 
1.5400162445e-06 1.1514555501e+04 1.0263959943e+00 
5.9044198333e-11 1.3877803561e+04 1.0966189092e+00 
1.1638118322e-08 1.3467385964e+04 9.2990513315e-01 
1.4838876278e-08 2.1205205971e+04 1.1642469619e+00 
9.7405398670e-06 1.2853284629e+04 4.2390025372e-01 
2.3477503975e-10 1.2108784537e+04 2.5037178683e-01 
2.3890038147e-10 1.7859261489e+04 5.1616315864e-01 
7.1844712948e-07 1.3016746610e+04 5.2591747949e-01 
3.1513346993e-09 1.2917120152e+04 5.8793841602e-01 
6.3975271898e-10 1.6510782237e+04 9.9197345521e-01 
5.3597822606e-08 1.6072259557e+04 1.0281060783e+00 
1.3499538224e-05 1.2876646235e+04 5.1635279080e-01 
1.1042382707e-09 1.1334012033e+04 1.2113096315e+00 
8.4876062880e-10 1.2368429188e+04 7.1730611078e-01 
1.3907338342e-06 1.4531618885e+04 7.4367558124e-01 
1.8250823198e-08 1.5068044368e+04 7.8332759886e-01 
4.1275557422e-11 1.2400263097e+04 6.7785207649e-02 
1.1330857650e-10 1.1433806151e+04 9.2425023280e-01 
8.6429875495e-08 1.4627995343e+04 1.1254024819e+00 
4.6223142344e-11 2.2662508080e+04 1.7115228613e-01 
1.7724020813e-09 1.1635986872e+04 5.7283313807e-01 
6.9993215702e-10 1.1563929565e+04 1.2847464400e+00 
1.7299859744e-10 1.3336362608e+04 9.1972972554e-01 
8.5204880109e-09 1.1341696758e+04 3.8124812684e-01 
6.7090281019e-08 1.4338565309e+04 4.3970944111e-01 
7.8873717053e-09 1.2100602141e+04 1.3033765027e+00 
8.5993888688e-09 1.4263315288e+04 5.7815876630e-01 
9.1318965459e-10 1.1268050591e+04 1.0270876231e+00 
1.6386473994e-09 1.4279198757e+04 2.6702974569e-01 
4.1992027998e-10 1.1317108295e+04 1.4323929473e+00 
3.1886928289e-11 1.1936435301e+04 1.1514983300e+00 
7.7303364409e-06 1.4368720685e+04 5.8264961121e-01 
8.8397920466e-10 1.2818122960e+04 6.0483375017e-01 
7.5066011595e-07 1.2227095681e+04 1.3698876632e+00 
4.1083080235e-10 1.1561204857e+04 1.1605986907e+00 
1.9289115035e-11 1.7699070907e+04 3.6515610507e-01 
8.0695237395e-09 1.5195006640e+04 3.8594315842e-01 
4.6036706137e-12 1.1984580135e+04 7.9432028175e-01 
1.1850600756e-05 2.2067594162e+04 1.3123806901e+00 
9.0394369136e-10 1.2628581077e+04 7.9012773280e-01 
2.9299512044e-10 1.4785175142e+04 9.0242805836e-01 
1.3182484580e-10 1.3580168981e+04 9.6380844680e-01 
9.0258477460e-10 1.1735470721e+04 8.5580853847e-01 
2.9016745932e-09 1.5164576172e+04 6.2147302179e-01 
5.4296127927e-08 1.5600339902e+04 4.8090743765e-01 
1.5409014869e-07 1.2773231229e+04 7.2492275112e-01 
6.1062644640e-08 1.2949384130e+04 4.6888569952e-01 
6.0236828044e-07 1.1921247315e+04 9.6034831990e-01 
6.4864783122e-08 1.2921411190e+04 1.2670775710e-01 
1.2730537579e-08 1.1987370398e+04 1.3412610005e-01 
2.2832575755e-10 1.4234523977e+04 1.3527910388e+00 
6.9585111219e-07 1.1244694355e+04 9.1768369130e-01 
2.1125813967e-07 1.2042325647e+04 8.2820575658e-01 
1.1834199868e-07 1.7282686609e+04 6.1700709505e-01 
1.8011247311e-08 1.2040064986e+04 1.5236905860e-01 
1.0758052474e-10 1.2987253428e+04 8.5946479303e-01 
5.8395332854e-12 1.3549607804e+04 1.8217413463e-01 
4.5144532450e-10 1.5603506218e+04 1.1611836784e+00 
1.6752598200e-05 1.5886281754e+04 2.6816408389e-01 
1.8892143518e-07 1.2070104652e+04 1.0634531909e+00 
1.9653239961e-08 1.4737016579e+04 7.5271808907e-01 
5.0334921461e-09 1.6377052807e+04 9.8698553928e-01 
1.4625064526e-07 1.1684161229e+04 1.1087968772e+00 
4.1257855699e-12 1.9598054338e+04 6.4487802704e-01 
6.9296040883e-12 1.1432389357e+04 4.6225142007e-01 
3.4313661389e-11 2.5000000000e+04 5.9881044229e-01 
1.8869563048e-05 1.2276185698e+04 2.8517885463e-01 
8.2633568786e-10 1.1542839344e+04 4.1990929632e-01 
1.2621070486e-08 1.4709349982e+04 1.0259259349e+00 
9.6119045651e-09 1.1486918073e+04 1.0489252371e+00 
1.4810246194e-09 1.9211608267e+04 6.6477238886e-02 
1.3953436628e-10 1.1652848564e+04 3.4556517109e-01 
1.2878203357e-07 1.4647814873e+04 3.4718608852e-01 
2.0884293231e-10 1.7676416155e+04 7.8001602394e-02 
6.3516186455e-09 1.5597647473e+04 1.3091764206e+00 
1.7258802355e-11 1.2905710214e+04 4.0075076126e-01 
1.4166080690e-09 1.1207750251e+04 1.2820255822e+00 
2.8907644555e-09 1.2594097826e+04 1.7569021462e-01 
8.0666550851e-08 1.2034365817e+04 7.8548422947e-01 
5.7454337073e-09 1.1209143041e+04 5.8948063629e-01 
1.5752935387e-05 1.4590650958e+04 4.3918682676e-01 
5.6962958170e-06 1.2414861387e+04 1.3122424805e+00 
1.3833091135e-09 1.1603577945e+04 9.1162601449e-01 
4.9001208335e-09 1.1665176673e+04 9.1973506864e-01 
5.9873582799e-11 1.3783101201e+04 1.0338083559e+00 
1.8347810229e-07 1.8926653060e+04 5.1730102418e-01 
8.3887540130e-10 1.1213312143e+04 6.9564700045e-01 
9.3022641201e-09 1.7784608412e+04 1.3633848298e-01 
5.6580629065e-07 1.3042099612e+04 2.3488035489e-01 
1.1221143640e-07 1.2320541286e+04 8.2524536539e-01 
2.3338092099e-10 1.3899909365e+04 7.4474346844e-01 
2.2632636191e-11 1.5478885767e+04 1.2044809592e+00 
9.7376506654e-09 1.2206682664e+04 6.0516474245e-01 
8.9257357631e-10 1.2733073478e+04 7.0538023517e-01 
6.5642687700e-09 1.2028822594e+04 7.5500297441e-01 
1.5564692799e-09 2.3011324087e+04 4.1121849112e-01 
1.7814776886e-10 1.1538785358e+04 1.1541686710e+00 
6.4265535569e-11 1.7473953904e+04 7.5026968206e-01 
1.3027092726e-05 1.1822464604e+04 8.5975700309e-01 
8.9557146797e-10 1.2214105951e+04 6.5581641689e-01 
1.8693004703e-11 1.3134256122e+04 1.0191653749e+00 
1.7462311906e-11 1.2940406873e+04 5.1162888309e-01 
1.4270908068e-10 1.1984883564e+04 3.4834678727e-01 
8.8052443909e-09 1.1976774868e+04 7.2068836629e-01 
1.0460102774e-09 1.2782333517e+04 1.3633103167e+00 
3.3505937666e-09 1.1831880931e+04 1.2781168190e+00 
2.6956664950e-07 1.2238857371e+04 3.6021417880e-01 
6.9944214156e-08 1.7992185021e+04 1.3421818089e-01 
1.4572225150e-05 1.8058167900e+04 5.4194146040e-01 
6.0188338763e-08 1.3381513152e+04 5.0505637739e-01 
5.0053454147e-08 1.1943588251e+04 6.4375022066e-01 
1.6785123786e-09 2.0043773189e+04 1.1577453228e+00 
1.1614284180e-10 1.1565674292e+04 2.8530323047e-01 
2.2403807679e-11 1.1436157310e+04 6.1814433225e-01 
2.0039417655e-08 1.1997084375e+04 7.7989868106e-01 
5.5118546512e-09 1.3318240438e+04 8.8975852641e-01 
3.3509461283e-08 1.1824375327e+04 3.9605004049e-01 
6.4418674377e-07 1.5520962349e+04 2.1188914740e-01 
4.3745774203e-08 1.1819121316e+04 8.2270626837e-01 
5.5352290677e-11 1.4085286776e+04 1.3831297691e+00 
2.5925760979e-08 1.1725299273e+04 6.2256891087e-01 
7.3134137099e-08 1.8850269295e+04 3.9702093751e-02 
1.2947254484e-05 1.2530040225e+04 1.8059696961e-01 
2.8285438085e-10 1.8405328213e+04 5.0405496440e-01 
4.1604605295e-08 1.5995041527e+04 1.0161649235e+00 
4.1812982261e-09 1.3750642510e+04 4.1666167221e-01 
2.4330725677e-09 1.1719046499e+04 6.2614448369e-01 
1.7222241849e-08 1.5262367515e+04 1.2265808543e+00 
3.7987620113e-10 1.1715335098e+04 9.2219777896e-01 
2.8025350784e-09 1.1232251963e+04 1.4810562375e+00 
3.5429991602e-08 1.8452652296e+04 1.5102714768e-01 
7.4792908951e-07 1.6520945600e+04 1.5558128399e-01 
1.3512044789e-07 1.1781130497e+04 3.9862654810e-01 
1.6714583329e-10 1.1576404963e+04 2.3044575522e-01 
1.8723768934e-08 1.3297393736e+04 1.1285738049e+00 
1.2056301054e-05 1.8776470680e+04 1.1357757618e+00 
1.6262761830e-07 1.3943503106e+04 1.2492226989e+00 
5.2801507167e-09 1.2900975642e+04 3.7567333405e-01 
1.5175160617e-09 1.1488359633e+04 8.1300306882e-01 
1.5889560003e-11 1.1413139361e+04 7.0575464168e-01 
1.5149750290e-07 1.3647745192e+04 8.4631448174e-01 
1.2746415262e-10 1.7573154387e+04 5.8164352844e-01 
1.6252745485e-09 1.2489496163e+04 1.1103945586e+00 
2.4888796774e-08 1.1721090263e+04 1.5088491563e-01 
8.8973784080e-08 1.8515936363e+04 8.8585077170e-01 
1.1480733471e-07 1.5768271115e+04 6.2335567020e-01 
6.4291323689e-08 1.2066056874e+04 3.2667024813e-01 
3.2420272617e-11 1.1301012391e+04 9.3310240627e-01 
3.7794336372e-11 1.2347005826e+04 1.2079973279e+00 
1.1928888624e-09 1.5919685998e+04 8.0556162962e-01 
6.1951229778e-11 1.1547691874e+04 6.7393579098e-01 
4.2431704677e-08 1.1230983199e+04 8.8600180819e-01 
7.8473124514e-09 1.2186718400e+04 2.7662757798e-01 
5.8080219686e-10 1.1546536704e+04 1.1528631907e+00 
1.5644633327e-08 2.1269518335e+04 6.6396122432e-01 
2.3585555458e-10 1.1420614964e+04 1.0619132198e+00 
3.2470819054e-07 1.3036849140e+04 8.3030203948e-01 
6.9366911966e-08 1.1446330233e+04 1.2814151129e+00 
5.8236103009e-11 2.0181583784e+04 8.4483365023e-01 
2.9815029602e-10 1.6345137579e+04 6.0798981841e-01 
2.1205576317e-10 1.2945527440e+04 1.4233376496e+00 
2.6369006706e-10 1.1497390580e+04 1.1834779743e+00 
3.5889181751e-09 1.2184815674e+04 1.2883341844e+00 
9.9864147824e-09 1.2244729844e+04 1.1338416533e+00 
1.0664189222e-07 1.1804950717e+04 7.2615911232e-01 
2.2669419502e-10 1.2059736810e+04 7.5975288090e-02 
5.9853400313e-12 1.3772986032e+04 9.4159676847e-01 
4.7213927098e-07 1.2964018048e+04 1.3204712726e+00 
2.2353836835e-08 1.3480000905e+04 2.2948795268e-01 
6.6236686039e-08 1.9859145915e+04 5.5542019466e-01 
2.5464178442e-11 1.5082776063e+04 3.9191564064e-01 
2.6472538134e-11 1.2920950820e+04 7.1268684394e-01 
6.1901321492e-10 1.4447071141e+04 1.1743056713e+00 
7.9718806142e-10 1.5011829588e+04 4.7948439650e-01 
9.7167907041e-09 1.1651558624e+04 1.3518289213e+00 
3.3435821319e-10 1.3890277904e+04 1.2625651836e+00 
1.0001839564e-06 1.1548190882e+04 9.9001195211e-01 
2.5844722373e-11 1.3137460936e+04 6.3240875918e-01 
7.5239628550e-11 1.6722090831e+04 1.4227543825e+00 
4.9193830189e-06 1.7753614667e+04 1.1466386100e+00 
1.2262381809e-08 1.1868144861e+04 1.2506206381e+00 
4.9401578414e-07 1.3309103378e+04 3.2630320224e-01 
6.0969608455e-09 2.4204609163e+04 5.3192056292e-01 
7.9573166290e-10 1.7601713228e+04 1.3706091039e+00 
1.0704649268e-10 1.2224134888e+04 3.7940508744e-01 
1.2908032633e-08 1.3565741903e+04 2.4955396944e-01 
3.5253153687e-06 1.2576593302e+04 9.5219138642e-01 
6.5802934728e-09 1.3324658296e+04 9.5484607760e-01 
1.0622882633e-10 1.6295500978e+04 1.5039993690e+00 
2.4843789454e-05 1.5644750444e+04 1.2126877572e+00 
1.2605240107e-10 1.2275752340e+04 3.3273928110e-01 
9.3131490121e-10 1.6377194347e+04 3.3887549231e-01 
1.8131173659e-05 1.2026700383e+04 1.8050935273e-01 
1.0449516192e-11 1.3765803665e+04 5.8431594101e-01 
1.3021481517e-06 1.3684635641e+04 4.3706785818e-01 
9.5069135267e-10 1.1751730361e+04 1.2820979329e+00 
1.1155048641e-09 1.1413678669e+04 4.4412004462e-01 
1.5136373647e-06 1.2575146161e+04 4.0332502564e-01 
5.7848333003e-10 1.4079899253e+04 5.1670640131e-01 
5.3454991235e-08 1.2401034009e+04 1.7569059834e-01 
3.6005339671e-07 1.3587720346e+04 5.9144915921e-01 
1.8980539140e-08 1.4789465541e+04 9.0873185928e-01 
2.2838533115e-07 1.2602783902e+04 1.2588695489e+00 
2.9480564641e-08 1.2022432094e+04 4.5781815299e-01 
2.2645379655e-08 1.6507120198e+04 8.7291410981e-01 
3.5551653339e-09 1.3098640686e+04 8.0338235438e-01 
2.0466926096e-09 1.6737091028e+04 1.0401641153e+00 
3.1325632843e-09 1.2215354458e+04 7.3911118459e-01 
1.0271655213e-09 1.3325600520e+04 1.3825188568e+00 
1.4342864703e-07 1.5645695342e+04 5.8408309972e-01 
2.3089502843e-08 1.2709622171e+04 9.8094070441e-01 
8.7822950837e-10 1.2099885579e+04 7.3081314638e-01 
2.0591662882e-10 1.1532288164e+04 4.9356003231e-01 
1.1491915005e-08 1.4719357952e+04 9.6575924254e-01 
3.8042175681e-10 1.4542580380e+04 3.6303386974e-01 
1.3134310648e-09 1.1906006121e+04 7.8459135665e-01 
1.5029350271e-10 1.3525685321e+04 1.0418653368e+00 
3.3716066890e-10 2.1999836384e+04 1.0316446586e+00 
8.3358399258e-08 1.1611781256e+04 6.0425471364e-01 
4.0015717465e-11 1.2404942883e+04 4.3596432198e-01 
2.2322321300e-08 1.1865855223e+04 8.6676056316e-01 
1.3682775832e-10 1.1203729033e+04 9.8140802969e-01 
1.0400107230e-10 1.3187005621e+04 3.2309517495e-01 
5.8617319173e-09 1.8347364513e+04 5.7682012208e-02 
3.2927985540e-10 1.2673752545e+04 6.8274774222e-01 
2.0264944138e-09 1.1671385043e+04 4.7597426830e-01 
1.2748365023e-09 1.3916905401e+04 3.1737655051e-01 
6.6146573395e-08 1.6712352571e+04 1.0318900450e+00 
1.7915383314e-09 2.0029645813e+04 7.3936388017e-01 
3.4325672702e-08 1.2886254483e+04 1.0800886205e+00 
3.2688923750e-10 1.2396293738e+04 6.0289534902e-01 
1.0249455809e-08 1.3837649869e+04 1.1226712345e+00 
2.3797868129e-11 1.2580686002e+04 4.6603075397e-01 
8.7350225938e-12 1.1887041309e+04 9.7566670591e-01 
8.2250542217e-08 1.6227172822e+04 1.6461847365e-01 
1.0185979263e-07 1.3010884696e+04 6.8249869562e-01 
3.7129778962e-08 1.1816799069e+04 1.4598265315e+00 
3.3792305120e-11 1.2602729759e+04 2.8688843476e-01 
2.3675875638e-08 1.1885133670e+04 8.8932126014e-01 
3.1028842017e-08 1.2211113533e+04 4.9797515876e-01 
1.5632405443e-10 1.1510827314e+04 5.8614332632e-01 
5.0163340846e-09 1.4942506364e+04 6.5079431705e-01 
4.6330342235e-12 1.2019239665e+04 3.3211153516e-01 
1.1779573663e-06 1.2585357341e+04 1.4028521062e+00 
5.5181966120e-09 1.5384728626e+04 9.2765731161e-01 
7.0922268512e-11 1.7193841308e+04 7.9652814437e-01 
2.5251194691e-08 1.4682793502e+04 1.2609379645e+00 
7.6431903445e-08 1.3860548535e+04 2.4143736828e-01 
1.5701722162e-08 1.8521150894e+04 1.2625875073e+00 
2.5763215206e-08 1.3003395692e+04 8.3281957430e-01 
1.6061742349e-09 1.2151921447e+04 1.9727904065e-01 
2.2674601642e-10 1.2643254909e+04 1.4154856356e+00 
5.8924230357e-08 1.8602826402e+04 7.5994826775e-01 
2.3862054674e-10 1.1239395297e+04 1.2625084276e+00 
1.2622687444e-06 1.6487553616e+04 3.0787760244e-01 
1.6461421537e-08 1.6836019705e+04 6.5724431528e-01 
3.5938553915e-07 1.3773598816e+04 4.9752082505e-01 
5.4546082629e-10 1.3507259143e+04 8.5586328678e-01 
7.1134023032e-10 1.2381430021e+04 2.8112782645e-01 
5.9814396696e-07 1.2558461124e+04 7.0469998610e-01 
5.8080419274e-07 2.5000000000e+04 7.8574442279e-01 
1.4833845547e-08 1.1620638124e+04 8.3931226756e-01 
8.1552824576e-08 1.4421210663e+04 9.3451517820e-01 
1.8927949975e-09 1.7986525120e+04 8.7862362830e-01 
2.9304196909e-06 1.2998104367e+04 4.9004769145e-01 
7.4054231300e-10 1.1628157482e+04 2.8686541258e-01 
4.0355983319e-10 1.6500503136e+04 1.0087780647e+00 
9.8735790983e-07 1.1270598825e+04 8.3661510569e-01 
5.1870800640e-09 1.2615559806e+04 6.9702032258e-01 
2.6830472131e-06 2.1535354977e+04 6.1998798383e-01 
1.4419329279e-06 2.5000000000e+04 4.4840754232e-01 
1.9265709211e-08 1.7120202273e+04 1.0229568617e+00 
1.7185819006e-10 1.4803739074e+04 2.8822919200e-01 
7.1967314020e-10 1.5828986214e+04 5.1117866944e-01 
2.4418869082e-10 2.5000000000e+04 9.9074562106e-01 
1.6347883097e-08 1.1951888648e+04 9.6923546781e-01 
1.4035765376e-10 1.5214168386e+04 1.4763127323e+00 
2.4271668321e-09 1.1846204191e+04 4.9860871671e-01 
1.1986779521e-08 1.6710269852e+04 3.8725068622e-01 
3.7824907716e-11 1.1610101797e+04 9.7776496706e-01 
2.1988630762e-08 1.3033691448e+04 1.1881183661e+00 
3.9915296096e-09 1.2024578480e+04 1.1348662006e+00 
1.5261422652e-08 1.2229946510e+04 1.0313073651e+00 
2.0356597716e-09 1.9638131133e+04 1.0640369634e+00 
2.3380390256e-07 1.1364963212e+04 4.2988574606e-01 
9.7601252771e-10 1.3813068682e+04 6.0998986188e-01 
5.8998867407e-08 1.1507040310e+04 6.4307577192e-01 
6.2843839555e-11 1.1248881168e+04 8.0805782509e-01 
2.0074470625e-06 1.2043799190e+04 6.8312771713e-01 
1.9601228144e-11 1.1992040131e+04 5.8015341459e-01 
1.3119460094e-11 1.4248927993e+04 9.1461977662e-01 
8.4599365904e-09 1.4750680452e+04 1.8515704208e-01 
3.6713716227e-11 1.4072833920e+04 1.3103526756e+00 
2.1938814456e-06 1.7971878195e+04 6.8501795262e-01 
2.3440417046e-10 1.3851141872e+04 9.3000005296e-01 
2.3257255366e-08 1.3732801104e+04 1.2178243623e+00 
9.8271651038e-08 1.5899447520e+04 7.7664178889e-01 
4.8851916401e-09 1.1731487628e+04 9.1892969164e-01 
3.4893041718e-10 1.2238627198e+04 1.1221551468e+00 
6.2241864929e-09 1.1247633602e+04 8.5765618160e-01 
8.4880706096e-09 1.3904033793e+04 4.0628703556e-01 
4.3047484029e-09 1.1899596750e+04 1.0352456969e+00 
2.9729801091e-08 1.3008415809e+04 4.6634731555e-01 
8.8643629861e-09 1.7570242758e+04 9.7324658229e-01 
5.9316593796e-09 1.1225459512e+04 5.3390775791e-01 
2.8052875567e-09 1.1204999047e+04 5.7759024830e-01 
2.8386150504e-08 1.1807937370e+04 1.5235406758e+00 
2.7425225503e-09 1.1500828262e+04 1.2400309724e+00 
1.4217308755e-07 1.3981711291e+04 1.1988978570e+00 
7.4599444210e-10 1.1762814595e+04 1.0604541838e+00 
4.4437830126e-07 1.5138171400e+04 3.4581798845e-01 
5.3854081762e-09 1.4716895906e+04 3.6087592338e-01 
2.8065002743e-10 1.2988178315e+04 1.1970320239e-01 
5.3991558616e-12 1.4900157042e+04 1.0406891811e+00 
4.5277713652e-08 1.2467291836e+04 9.3887683947e-01 
4.1431618411e-09 1.1826971196e+04 7.8188807306e-01 
2.5515759104e-10 1.1925772261e+04 5.0667646777e-01 
3.4968016221e-11 1.3638373903e+04 1.4355617844e+00 
2.1627348401e-10 1.4548005278e+04 1.1982759918e+00 
2.4856989648e-09 1.6236436300e+04 9.1686938783e-01 
4.2666256493e-06 1.5720749156e+04 8.5552100113e-01 
1.5684175251e-10 2.3004270446e+04 9.9899844954e-01 
2.5130427796e-06 1.1567866179e+04 8.3019838156e-01 
1.0120814526e-10 1.2541953413e+04 3.1082908023e-01 
4.3947286199e-09 2.3146459781e+04 9.8970625363e-01 
7.5496916183e-11 1.2614284505e+04 7.9680470450e-01 
2.4997493619e-08 1.7280264865e+04 8.3599795680e-01 
9.1051166674e-11 1.2498331947e+04 6.2977467220e-01 
2.1628635786e-11 1.2149920828e+04 9.9542553884e-01 
1.8336213367e-10 1.4217415889e+04 2.9775626722e-01 
2.2667086053e-09 1.2348578864e+04 1.2928239013e+00 
8.4556237511e-10 1.2210092803e+04 5.4961148258e-01 
6.9241450673e-08 1.2362878014e+04 1.0037053972e+00 
1.2379796601e-09 1.5200054731e+04 9.1016256636e-01 
1.6049637002e-07 1.1869837609e+04 8.6797759706e-01 
2.6928327930e-10 1.1502665488e+04 1.3820092827e+00 
7.0598731968e-07 1.1640617662e+04 7.0363900202e-01 
9.2298895006e-09 1.3599140651e+04 1.8369104009e-01 
8.5051609269e-10 1.2139823127e+04 1.1935350522e+00 
3.1811228070e-07 1.2721607171e+04 8.0409409693e-01 
4.5641235252e-09 1.4671376282e+04 4.6888292474e-01 
1.3767552460e-08 1.1513908540e+04 1.0313791729e+00 
2.3547287056e-08 1.8785410259e+04 1.0903372136e+00 
1.2458199404e-09 1.1266119199e+04 1.1645891023e+00 
4.6134673056e-10 2.5000000000e+04 7.9915707425e-02 
2.7680538290e-07 1.1853533089e+04 3.6175979390e-01 
5.7342849071e-08 1.1316036402e+04 5.4783436960e-01 
3.9002581682e-10 1.1258886811e+04 3.8331967331e-01 
2.1796043929e-09 1.1493328376e+04 6.4124992213e-01 
9.3635278524e-11 1.3618348764e+04 9.0893471552e-01 
2.5679922620e-10 1.1426426572e+04 3.5748132726e-01 
1.1174656800e-09 1.4578110564e+04 1.2661111117e+00 
5.2485369734e-10 1.2128380776e+04 1.2701883800e+00 
1.4624916602e-10 1.3789126625e+04 3.3132641190e-01 
8.7531276902e-09 1.5105856823e+04 4.8797083310e-01 
4.0651868378e-09 1.5692611440e+04 1.0566883138e+00 
6.8674998346e-06 1.7185376835e+04 5.7977162889e-01 
1.4747605750e-06 1.9302381397e+04 7.2216567363e-01 
3.4806028166e-09 1.4971687086e+04 7.7113836465e-01 
5.4234515979e-10 1.5675036238e+04 7.1859609696e-01 
5.5635278660e-08 1.2964189934e+04 5.7402826953e-01 
5.1259184278e-08 1.2974324406e+04 1.4950226950e+00 
1.2797023551e-07 1.5303819533e+04 7.2354666869e-01 
1.3967101234e-06 1.4759030615e+04 5.3570836689e-01 
8.8414905931e-07 1.1527056614e+04 1.2658749583e+00 
2.3838957566e-08 1.2045290469e+04 8.4746869505e-01 
1.0627697127e-11 1.1593310570e+04 1.0114835942e+00 
1.8287571578e-06 1.7483616188e+04 1.0389585517e+00 
2.1981890969e-10 2.0546761871e+04 3.1251135869e-01 
3.8006873871e-10 1.2042545221e+04 7.1808290533e-01 
5.9339735330e-08 1.1315365984e+04 1.0569069976e+00 
7.3001638096e-10 1.1823723020e+04 6.4563192176e-01 
6.0992463390e-06 1.1397229644e+04 2.2844366650e-01 
1.5365525341e-09 1.2569845257e+04 4.9795957804e-01 
9.5633206467e-07 1.3773537620e+04 1.1514135268e+00 
1.1975382408e-08 1.2680840115e+04 4.2884450463e-01 
3.3521055051e-10 1.1601097951e+04 1.1877130992e+00 
3.8704999137e-10 1.9483357690e+04 1.3753330796e+00 
1.2946420451e-06 1.2464836015e+04 7.5221432503e-01 
3.3807366086e-10 2.2421292035e+04 1.2512769047e+00 
1.4945157550e-06 1.2071928118e+04 1.0041901720e+00 
9.1169702538e-09 2.1832657092e+04 8.9495022313e-01 
1.2704249300e-09 1.1853804344e+04 1.2090807543e+00 
2.2034410933e-09 1.1408077891e+04 9.8140563301e-01 
4.7419983959e-10 1.2532442381e+04 2.8558946822e-01 
1.8732072361e-08 1.4933704291e+04 1.1495298472e+00 
5.7693748204e-10 2.5000000000e+04 6.5817288705e-01 
3.7453410701e-10 1.7701561455e+04 1.0435269002e+00 
7.7865654726e-08 1.1251516121e+04 9.1086176032e-01 
2.6145186968e-10 1.3204244968e+04 8.9284949723e-01 
7.2518369306e-10 1.3650204801e+04 5.1586677102e-01 
2.9903896526e-08 2.5000000000e+04 7.9244157283e-01 
2.8846381936e-09 1.6170457831e+04 9.6821045355e-01 
2.4868288332e-10 1.1378301430e+04 1.3889832316e-01 
1.4815463925e-08 1.1695921231e+04 1.1008606895e+00 
2.0348777543e-10 1.1939140977e+04 1.4959222687e+00 
2.1775871096e-07 1.1261365463e+04 1.4704831533e-01 
6.2173598554e-09 1.5114445365e+04 1.0910233706e+00 
1.3602493622e-05 2.5000000000e+04 6.0207858149e-01 
9.2541931098e-09 1.3055378196e+04 9.4622705040e-01 
3.5416901780e-08 1.2537016894e+04 5.5550418960e-01 
2.7012817116e-08 1.2059624525e+04 3.2441723885e-01 
5.6871506995e-11 1.6901462593e+04 1.3713786462e+00 
1.3613990688e-08 1.3496379806e+04 1.0112534325e+00 
1.4700511195e-09 1.2454046236e+04 9.9642671493e-01 
7.4406291768e-11 1.1424071214e+04 3.2186029352e-01 
1.7306277856e-10 1.1890137526e+04 8.4695734643e-01 
5.0076770858e-07 1.2425904203e+04 5.3766346532e-01 
3.7316105679e-07 1.9965809190e+04 8.3813443374e-01 
8.2599282407e-08 1.3926721589e+04 7.7433905176e-01 
2.2150872862e-10 1.4603179365e+04 5.2318197056e-01 
3.5476558967e-11 2.0096062870e+04 1.1373170189e+00 
2.0944997319e-11 1.4284787765e+04 9.5703190705e-01 
2.7136763488e-06 1.5377173655e+04 8.3913627383e-01 
2.9989384691e-07 1.2648815142e+04 7.2017938488e-01 
2.0810570707e-09 1.2969598869e+04 4.0357486530e-01 
4.4632106635e-10 1.2964334373e+04 1.0798370150e+00 
6.1510315184e-09 1.1510353751e+04 1.4195070602e+00 
8.0289124447e-08 1.1318475135e+04 6.1956838687e-01 
8.9580003878e-08 1.4602981963e+04 1.3444836803e+00 
8.9378038528e-11 1.9170174208e+04 7.1111214030e-01 
1.0433745490e-08 1.1904885826e+04 1.0411199675e+00 
1.4546548249e-09 1.3653379911e+04 1.1596181096e+00 
3.5911284276e-11 1.2630776165e+04 1.0293101754e+00 
2.4915995495e-08 1.2001920969e+04 7.5561003422e-01 
4.1357869493e-10 1.1595689266e+04 6.2005219242e-01 
1.6262407063e-09 1.1316086623e+04 6.3644681438e-01 
5.0430741073e-09 1.2349687678e+04 1.1519458167e+00 
5.3429431732e-08 1.2486279134e+04 8.4478565816e-01 
4.7526322481e-09 1.4239597947e+04 1.1754218607e+00 
3.5515257028e-09 1.3107292048e+04 7.2871479156e-01 
1.9158291757e-07 1.5512454166e+04 1.2567880816e+00 
5.5193886858e-10 1.4297673988e+04 9.0944930690e-01 
2.1005171692e-08 1.6493650543e+04 1.1190480626e+00 
6.2331898080e-12 1.1597699369e+04 9.5219661810e-02 
2.5261291650e-09 1.6233449867e+04 3.1051981067e-01 
7.5222646516e-07 1.1629020988e+04 4.7208524547e-01 
2.3639924110e-08 1.1239365604e+04 9.3901621292e-01 
2.2263956570e-09 1.2752256836e+04 5.4794412767e-01 
2.8538500119e-09 1.2044728762e+04 4.2221198697e-01 
1.8463013800e-07 1.2061616279e+04 1.2309697385e+00 
3.2765495785e-10 1.1657478343e+04 5.0244987491e-01 
2.7370444042e-05 1.1374793686e+04 3.8298122142e-01 
4.6922408639e-06 1.2040717953e+04 4.0249711220e-01 
4.3464447187e-08 1.1390479621e+04 6.3028640148e-01 
1.0358879512e-08 1.5518360435e+04 5.8101365429e-01 
2.3944095647e-10 1.2366393390e+04 7.5372619488e-01 
2.0595372347e-07 1.2564816321e+04 1.2126891138e+00 
9.4117170038e-11 1.2934488018e+04 1.1380820872e+00 
2.0671731987e-07 2.5000000000e+04 7.3190017976e-01 
1.1649242468e-08 1.1492001326e+04 1.0765870165e+00 
2.9193826449e-08 1.1605358063e+04 9.0727604280e-01 
9.6879437722e-09 1.2283584916e+04 1.2938345063e+00 
1.2589217886e-09 1.2097952482e+04 1.1551100875e+00 
1.6935659284e-08 1.8259051024e+04 1.0846900541e+00 
1.4497361011e-08 1.2260522877e+04 1.2894784458e+00 
1.6819623647e-11 1.2297644433e+04 8.4118863397e-01 
1.8260422757e-09 1.5633867048e+04 6.8056821129e-01 
2.6133404847e-09 1.2956210055e+04 1.0310370239e+00 
5.4692929587e-08 1.5399147386e+04 6.4849162295e-01 
5.1262186251e-08 1.5578935361e+04 7.9768033694e-01 
6.3037481780e-06 1.1901606264e+04 5.7596773539e-01 
6.7175774819e-09 1.3330785806e+04 6.1567935637e-01 
9.3843507821e-09 1.1297627755e+04 6.7812268342e-01 
1.1383097481e-09 1.2508384225e+04 5.6295905891e-01 
3.3877162673e-09 1.2538848455e+04 7.6044495018e-01 
2.2782411470e-08 1.2864553037e+04 9.1189396706e-01 
8.9231929235e-08 1.8247530973e+04 1.3428913918e+00 
7.1531641718e-07 1.1669151070e+04 9.2868746766e-01 
2.7623685726e-10 1.1808863868e+04 1.0236692345e+00 
8.2068901329e-06 1.1239730011e+04 1.1585965414e+00 
3.2034283567e-06 1.8592529571e+04 1.1242088295e+00 
4.1839120591e-09 1.7504170589e+04 1.0753619880e+00 
1.1900359077e-08 1.2286714558e+04 9.5191713203e-01 
6.1198057070e-08 1.2719682932e+04 1.2257634795e+00 
1.3795456338e-09 1.3195884530e+04 6.9337086122e-01 
1.6274256628e-05 1.9652288586e+04 7.1487655152e-01 
8.6684615803e-09 1.1350441065e+04 9.8026302848e-01 
1.0299808529e-09 1.7681340306e+04 2.6516730729e-01 
7.9285993978e-11 1.4129989730e+04 1.4789374206e+00 
8.7025640647e-09 1.1919306510e+04 3.9366357333e-01 
6.2855565437e-08 1.3504235537e+04 7.0409286630e-01 
8.3458973229e-10 1.1284457795e+04 1.0744519964e+00 
6.7308540835e-08 1.2425938376e+04 1.4402658285e+00 
1.7675692388e-05 1.5373140691e+04 5.6316425215e-01 
1.4404675022e-07 1.2292945204e+04 1.2621030425e+00 
1.1110316916e-09 1.7797216276e+04 6.2904127539e-01 
7.1814809271e-12 1.1227112834e+04 1.1123341268e+00 
3.8067806501e-09 2.3915258228e+04 1.0327829370e+00 
2.2093683920e-07 1.6210198168e+04 1.1013535914e+00 
4.0064917894e-08 1.2663895764e+04 1.1382892799e+00 
6.8413491011e-07 2.0317037373e+04 6.4347388063e-01 
1.6132019636e-10 1.2025103709e+04 5.2324730122e-01 
1.8261021918e-06 2.1493729473e+04 4.1722735346e-01 
6.7693136089e-08 1.9922020307e+04 1.1007607032e+00 
1.0299483611e-07 2.3134912080e+04 7.2217647964e-01 
4.0257729607e-11 1.7078995462e+04 2.8204198483e-01 
4.1961320692e-08 1.2403014623e+04 3.6518643721e-01 
2.1396406547e-06 1.4571248300e+04 9.5735715285e-01 
2.7498200559e-09 1.1404540776e+04 3.8339516530e-01 
1.4915280485e-06 1.3082109210e+04 1.3022412077e-01 
4.0943449940e-08 1.6448763660e+04 1.0238290638e+00 
4.6356787080e-08 1.1588687401e+04 6.3772736795e-01 
4.5961125045e-10 1.5161166770e+04 3.6799895466e-01 
9.6556278252e-09 1.3248569946e+04 4.1790693465e-01 
2.8235967962e-05 1.2029101879e+04 1.5353774554e+00 
1.4663662446e-09 1.1260658821e+04 7.5014395856e-01 
3.5989694425e-07 1.3381694213e+04 6.0999757870e-01 
3.5217964511e-06 1.1405633862e+04 3.6210806080e-01 
2.5697352057e-10 1.3351988974e+04 8.8973116766e-01 
1.0316550630e-07 1.1641401622e+04 1.0281121898e+00 
9.0225635569e-10 1.2996393511e+04 5.3508567603e-01 
1.2705263271e-08 2.1743109322e+04 8.6557474196e-01 
1.4030649275e-09 1.1803892251e+04 5.1296706985e-01 
1.2952277211e-09 1.1641050804e+04 9.3000283400e-01 
3.6092625599e-11 1.2957128009e+04 6.5399270037e-01 
4.5610459202e-12 1.7211378529e+04 1.1975937189e+00 
3.0757997881e-08 1.5161459722e+04 9.6483101603e-01 
1.2012238438e-07 1.3441693070e+04 1.0260630533e+00 
1.4972236237e-10 2.2308787236e+04 6.9295530820e-01 
2.1306593325e-07 1.1603045318e+04 1.0384306273e+00 
1.1170793359e-06 1.5978944385e+04 7.9459470796e-01 
2.9392811799e-10 1.2489171829e+04 1.3530770616e+00 
9.1867989090e-11 1.2104794066e+04 5.5127646268e-01 
1.8204357660e-08 1.2296248354e+04 3.0018204708e-01 
1.2518822193e-11 1.3608938015e+04 5.4937760450e-01 
6.9819610002e-12 1.3248378896e+04 7.2317471943e-01 
4.4037278222e-09 1.4025438233e+04 4.4627957750e-01 
5.5411692102e-08 1.2362840539e+04 1.2441652061e+00 
5.1339163168e-09 1.1649482568e+04 6.8412394400e-01 
2.0357810853e-10 1.1735216367e+04 4.3024216033e-01 
5.2871622632e-10 1.1852282911e+04 7.1589268669e-01 
1.8715450728e-06 1.2194881579e+04 5.2122762363e-01 
7.5239997540e-08 1.2373788670e+04 1.7099782501e-01 
8.4048180582e-09 1.4056032223e+04 5.7082021272e-01 
4.9187659346e-10 1.4300217986e+04 1.4530905989e+00 
4.3475294262e-07 1.2725508989e+04 1.2202152475e+00 
2.1877478363e-09 1.1533613962e+04 1.0869590703e+00 
2.4749560250e-11 1.2040358334e+04 4.6873443773e-01 
9.7285945755e-08 1.1423626518e+04 8.4179557705e-01 
2.6265968198e-08 1.5120634178e+04 3.5444030976e-01 
2.4821504990e-11 2.2402312713e+04 4.5850578050e-01 
9.2902549669e-07 1.1602436527e+04 6.9145947269e-01 
7.6633212828e-09 1.4050148456e+04 2.8111972969e-01 
3.8701557638e-10 1.9975265856e+04 6.2819362023e-01 
3.4035371143e-07 1.1342122130e+04 2.6824992895e-01 
2.3199637125e-09 1.3419443473e+04 6.3145881250e-01 
1.0041194409e-08 1.1901001646e+04 6.5795533076e-01 
9.9042786794e-08 1.8100334432e+04 8.2995826598e-01 
1.2505205126e-09 1.2323446389e+04 9.0210963730e-01 
1.6750581396e-10 1.8091614087e+04 6.7468715728e-01 
5.7731950339e-09 1.3476343419e+04 8.0725678919e-01 
2.2636768755e-07 1.1394511186e+04 3.4548661346e-01 
4.5027350114e-07 1.2690685589e+04 7.5523831380e-01 
2.6231592529e-08 1.1282198059e+04 5.5065429464e-01 
6.5584264676e-09 1.2120791707e+04 7.2609254201e-01 
1.2379825734e-09 1.8031015575e+04 5.9786142397e-01 
6.5892613150e-10 1.7319553626e+04 1.1931790758e+00 
4.6463692042e-08 1.1348214016e+04 9.8562834120e-01 
7.6801570145e-07 1.1679429335e+04 5.7362775986e-01 
4.7367557916e-09 1.8931824259e+04 1.1392610528e+00 
7.5023024981e-10 1.2133524810e+04 6.7409776791e-01 
2.3031613085e-07 1.2496773944e+04 1.3420569160e+00 
5.2925633036e-10 1.7300928943e+04 4.3751243621e-01 
7.7563252760e-08 1.1563451053e+04 5.3640118049e-01 
6.7840346112e-08 1.6696665671e+04 1.1695268551e+00 
1.0695658064e-08 1.5840057261e+04 8.2797653057e-01 
6.7785669651e-09 1.5650288773e+04 8.5224915157e-01 
6.5100176146e-08 1.1976919432e+04 4.6545158633e-01 
1.3406206069e-09 1.1700272059e+04 9.3376347566e-01 
1.8408699724e-09 1.1224321820e+04 3.7247768760e-01 
1.8738641514e-06 1.1532957207e+04 5.3085337491e-01 
8.7068461145e-08 2.5000000000e+04 1.4840242643e+00 
2.3608331033e-09 1.2461210100e+04 7.1780442405e-01 
1.4089798015e-08 2.2016653872e+04 1.0491541999e+00 
1.2706563099e-11 1.5952378501e+04 1.3249103166e+00 
7.7767115259e-10 1.3953027978e+04 7.1300876453e-01 
1.1541218680e-08 1.1720410021e+04 6.0329206695e-01 
3.1421704655e-08 1.4233388392e+04 7.2415906731e-01 
4.8556314976e-09 1.3626117674e+04 1.1390962398e+00 
8.1740548011e-11 1.3065715683e+04 1.2817632628e+00 
1.8766395236e-06 1.3905718710e+04 9.9770423504e-01 
6.2269778046e-08 1.1634440981e+04 1.5142495998e+00 
4.0121003177e-12 1.5834463198e+04 3.8497876514e-01 
7.9821121243e-09 1.3245282324e+04 9.0120039328e-01 
3.7503281692e-12 1.1886821761e+04 7.8431287505e-01 
1.0122005303e-07 1.6741261195e+04 9.0930837988e-01 
1.2048241978e-10 1.2478908043e+04 8.9488233941e-01 
1.0783223552e-06 1.1712422970e+04 8.7865809095e-01 
7.6996751513e-09 1.3274654975e+04 1.1870671585e+00 
1.7424107135e-06 1.3568333919e+04 4.7624828179e-01 
7.1168829047e-07 1.4855244041e+04 3.5635309409e-01 
2.3228508258e-08 1.3608992101e+04 7.6758334051e-01 
1.2553763837e-08 1.3860183323e+04 1.0926395920e+00 
2.9175977872e-07 1.2128893126e+04 7.0468503712e-01 
1.5261870127e-09 1.5108092407e+04 1.1739762537e+00 
1.6369816387e-08 1.2378211335e+04 6.3129973642e-01 
3.3191402739e-08 1.3035727644e+04 1.5534716205e+00 
1.5871097805e-07 1.1396848834e+04 1.3117407129e+00 
3.7888374486e-10 2.5000000000e+04 1.0338344689e+00 
1.3208770393e-10 1.3955487841e+04 5.5536267759e-01 
2.8316402996e-07 1.2812175149e+04 1.3325371786e+00 
3.0180292635e-11 1.6360328858e+04 7.0539300706e-01 
8.5935644630e-09 1.1736206763e+04 3.5885009342e-01 
7.0533304779e-11 1.3117669662e+04 5.6150697870e-01 
1.7630135309e-07 1.2049182725e+04 7.4587358504e-01 
1.2040417382e-10 1.4727067557e+04 8.9618190340e-01 
4.9868132983e-09 1.5809581869e+04 9.5039224260e-01 
3.5481006140e-10 1.4620577590e+04 1.1759373226e+00 
4.9156588858e-10 1.4601578371e+04 4.3108164464e-01 
1.5045047272e-07 1.7647945665e+04 1.1700129274e+00 
1.5884431193e-11 1.2220199609e+04 1.4223469903e+00 
1.0054824319e-09 1.2781609349e+04 9.7267613749e-01 
9.4078814034e-08 1.2151370299e+04 3.3993512484e-01 
2.6083185702e-08 1.2567051271e+04 1.0781883854e+00 
4.5496817919e-10 1.1513050632e+04 6.7454891810e-01 
7.2317279044e-10 1.1878193365e+04 3.9402481254e-01 
5.7640254765e-08 1.3338377610e+04 7.2208543718e-01 
1.3588883427e-09 1.3802837541e+04 1.4174435559e+00 
4.5479765458e-10 1.1451160230e+04 6.2377092156e-01 
1.4451907470e-05 1.2088326259e+04 8.0637347529e-01 
1.4596954971e-08 1.1640368431e+04 3.8950196274e-01 
1.5369690935e-08 1.1536316354e+04 9.7281172571e-01 
2.9792400805e-08 1.3365765499e+04 1.0242986862e+00 
4.9962828817e-08 1.2438390828e+04 1.0165234011e+00 
6.5032428705e-07 1.3712586592e+04 1.0603089100e+00 
3.5099208886e-07 1.1532734258e+04 7.7833757027e-01 
3.3521663420e-10 1.6728813469e+04 1.2134183295e+00 
1.2703884568e-09 2.0335308388e+04 4.1377072687e-01 
1.9253767452e-07 1.1700095574e+04 1.0770868127e+00 
8.8404486790e-10 1.1650186615e+04 1.1206967049e+00 
1.1473706946e-07 1.2163706039e+04 5.0914628820e-01 
6.9134855552e-12 1.1361002514e+04 5.0132847282e-01 
1.7498035137e-09 1.4224540494e+04 9.4150709061e-01 
4.6102450970e-09 1.5386020871e+04 8.0383197397e-01 
2.2873172141e-08 1.1956431724e+04 2.7947447222e-01 
5.9856377345e-07 1.2398239346e+04 3.9171122661e-01 
9.5315257934e-09 1.1913455638e+04 3.8159347710e-01 
3.8284711524e-08 1.2989338426e+04 9.2189162121e-01 
3.4417514727e-11 1.5541183166e+04 4.6524610422e-01 
1.8089596534e-06 1.1284928290e+04 5.9773827076e-01 
3.8770131188e-06 1.1250068482e+04 8.6091702203e-01 
2.3320411692e-09 1.2104912539e+04 3.6907432565e-01 
1.1438788002e-10 1.8425578544e+04 5.6509310652e-01 
1.2064197869e-10 1.1937039953e+04 4.6527412744e-01 
1.6522811423e-09 1.1372635990e+04 7.4189820329e-01 
1.3412160448e-08 1.1226067888e+04 1.1204269910e+00 
2.5624523253e-08 1.1904748323e+04 9.1901864480e-01 
2.9096230298e-07 1.6202018023e+04 2.1236214430e-01 
1.8177390384e-07 1.2526953718e+04 7.6642059011e-01 
2.8188208520e-07 1.7565176261e+04 1.5220192562e+00 
8.1701349812e-11 1.5208710942e+04 1.4753690215e+00 
4.0324848242e-10 1.2001919705e+04 7.9972075126e-01 
7.8658483973e-11 1.1312722292e+04 7.4282797144e-01 
7.5494869985e-11 1.4565257829e+04 3.8462002381e-01 
5.3456673518e-06 1.9550021369e+04 3.5404223639e-01 
1.4269268001e-06 1.1364800270e+04 7.2434144319e-01 
3.9538668155e-09 1.6039010270e+04 5.5257301335e-01 
2.2601738157e-07 1.4069788921e+04 1.2589078852e+00 
7.2488981114e-09 1.2161139649e+04 8.1904800727e-01 
6.3739280826e-09 1.3585298066e+04 1.0506470013e+00 
5.2943040755e-09 1.4743507470e+04 1.1428989366e+00 
4.1615662477e-11 2.1863212146e+04 3.9835452584e-01 
5.4819741898e-09 1.7487997219e+04 8.7617212351e-01 
4.0297980378e-07 1.6104030047e+04 8.9016169723e-01 
2.7749202025e-10 2.5000000000e+04 8.0925171294e-01 
2.7572904151e-08 2.1405159669e+04 8.0172216310e-01 
5.1042847343e-09 1.1827597106e+04 4.2645688189e-01 
1.2353919807e-05 1.2090736190e+04 9.1466503694e-01 
5.0873968714e-09 1.4407895804e+04 2.5221326299e-01 
8.9457012138e-11 1.2362610797e+04 9.3385725645e-01 
1.6558930749e-06 1.3205917059e+04 9.5325605092e-01 
5.8827050104e-10 1.1454668818e+04 8.4486538222e-01 
4.0999279719e-11 1.2066456632e+04 7.1212595074e-01 
3.5602397375e-10 1.2592597209e+04 1.2233941762e+00 
1.0595963204e-08 1.5084921364e+04 6.2623892507e-01 
1.1496372044e-11 1.5920510345e+04 4.7653538176e-01 
4.4266639746e-09 1.3456180264e+04 6.3851994316e-01 
1.0454338434e-10 1.3278568071e+04 2.5465722385e-01 
2.5588663639e-09 1.3117285567e+04 5.5572947037e-01 
1.0045256342e-10 1.1676402057e+04 1.1690699623e+00 
4.9331895800e-08 1.2135650488e+04 6.8733036735e-01 
1.8446912004e-10 1.2374200119e+04 1.1615695028e+00 
3.1406203017e-09 2.1101084714e+04 1.1352648218e+00 
1.3031374530e-09 1.2324047410e+04 1.1190837512e+00 
1.8998865225e-10 1.4024134386e+04 1.1594238070e+00 
3.4585891128e-09 1.1400553995e+04 1.3675043088e+00 
5.6144062098e-09 1.1324664432e+04 4.9044463269e-01 
4.0413686782e-09 1.8456228847e+04 9.2808239563e-01 
2.0278341359e-09 1.1939276766e+04 5.0568984656e-01 
4.5513500668e-06 1.6477399899e+04 1.2084741933e+00 
5.7543664189e-10 1.2606687408e+04 4.8434399235e-01 
2.1068314996e-10 1.4444957880e+04 7.6872700666e-01 
2.8073704031e-08 1.1376645958e+04 4.2267828371e-01 
4.0205633251e-10 1.1949054422e+04 9.1740103143e-01 
1.6030424540e-09 1.6005624552e+04 6.9482252599e-01 
1.5214582114e-09 1.2791609030e+04 1.6925976020e-01 
2.7791008895e-06 1.1450704480e+04 6.9606996245e-01 
1.2739756381e-08 1.2603657572e+04 8.1628975196e-01 
3.9975819284e-08 1.3581900946e+04 2.3103357672e-01 
3.1376573887e-11 1.6641610166e+04 3.7747698019e-01 
4.5067148736e-08 1.2336102678e+04 1.3714462054e+00 
6.0838725067e-10 1.2254770864e+04 9.3210678176e-01 
6.0702746654e-10 1.2442893956e+04 3.0986588155e-01 
8.8988824714e-07 1.1967604035e+04 1.0062965344e+00 
1.6242164732e-07 1.2844266696e+04 1.4346958467e+00 
4.4675075123e-08 1.1247617746e+04 4.8250981008e-01 
3.0889878695e-09 1.1496450932e+04 8.7161939837e-01 
1.2236580605e-09 1.2089667418e+04 1.0320529727e+00 
4.2427490170e-10 1.6235249563e+04 1.1925631789e+00 
4.3390326696e-08 1.3622254311e+04 3.0081773937e-01 
2.5881903234e-08 1.3631608521e+04 8.4440303639e-01 
8.2577414899e-12 1.2336179223e+04 1.9606990023e-01 
3.0508532834e-09 1.3451418053e+04 1.0715810253e+00 
7.3393507173e-09 1.1803739178e+04 5.2760094106e-01 
1.4458305951e-09 1.2823019119e+04 9.8741710546e-01 
4.3173727353e-10 1.5661005311e+04 7.8157385902e-01 
2.7045232732e-08 1.2127333525e+04 1.0284008891e+00 
2.1458360797e-08 1.9887560144e+04 9.0852690589e-01 
9.3664893535e-11 1.2996043182e+04 5.4781521858e-01 
2.4356868292e-09 1.1834282106e+04 8.2034388026e-01 
5.2938775048e-11 1.2454221487e+04 9.9516557240e-01 
1.0767799148e-10 1.4304296868e+04 3.2250204374e-01 
6.0418688385e-09 1.5357433948e+04 1.2993578314e+00 
5.7811838560e-08 1.3142349266e+04 7.1408594847e-01 
1.0689698804e-10 1.5336244943e+04 9.8165309640e-01 
1.5858515391e-05 2.5000000000e+04 3.0718014696e-01 
6.6079352528e-07 1.5060806826e+04 4.2602035066e-01 
5.1313612604e-11 1.2028503661e+04 1.3299004655e+00 
9.5409091467e-09 1.1332186334e+04 1.1599536165e-01 
1.4686934338e-11 1.2874921265e+04 1.1861174658e+00 
1.6060145808e-08 1.5532109737e+04 1.4628986613e+00 
2.3762339166e-08 1.5269101653e+04 3.4617638163e-01 
6.8239526406e-10 1.2331235894e+04 1.0361572948e+00 
1.2006563504e-08 1.2237037780e+04 7.3084361223e-01 
1.4134990065e-10 1.3893138653e+04 7.4994393967e-01 
1.0311990636e-09 1.1875721088e+04 2.1244870089e-01 
4.6456110185e-10 1.4925409137e+04 6.6747642150e-01 
4.0915923307e-07 2.5000000000e+04 7.5616254362e-01 
6.1920185286e-09 1.2463622231e+04 9.9859464208e-01 
1.0078141036e-08 1.1759081247e+04 3.8220558307e-01 
7.9278231475e-09 1.1652101845e+04 1.0899972510e+00 
3.1726534269e-10 1.1397013358e+04 1.3132035787e+00 
2.7722369208e-07 1.1358207522e+04 7.3623495792e-01 
2.3181567062e-08 1.1864696068e+04 4.3897279463e-01 
3.9832984492e-12 1.1276612232e+04 1.1504491878e+00 
1.0942711762e-09 1.4392875081e+04 1.3899889421e+00 
1.3620258467e-06 1.5315595715e+04 1.0237318698e+00 
2.3162931846e-09 1.7231226327e+04 7.9099038575e-01 
1.3854252227e-08 1.3405581529e+04 1.1918616880e+00 
1.4184333468e-06 1.2223064906e+04 4.4194665022e-01 
6.4171833370e-10 1.2131097497e+04 6.9169367712e-01 
1.0812917808e-08 1.3541456220e+04 7.3746584628e-01 
2.2473983808e-10 1.2168784546e+04 1.0344808897e+00 
2.4130938594e-07 2.5000000000e+04 1.0055244292e+00 
3.7822155872e-10 1.4845711068e+04 7.6706329120e-01 
1.1364426943e-06 1.5149576452e+04 1.2492522370e+00 
2.2495484386e-08 1.2551080943e+04 6.5406817963e-01 
8.4330743620e-08 1.5066577612e+04 5.5292063164e-01 
9.4572905965e-11 1.4060882276e+04 6.1845554268e-02 
3.3562733167e-08 1.1631180867e+04 7.8215766243e-01 
4.4206138502e-07 1.2119099755e+04 4.4266620415e-01 
1.4137540386e-09 1.8721352411e+04 5.3472185432e-02 
4.2550749674e-10 1.5920166326e+04 5.7656251636e-01 
4.2472735802e-12 1.4169058107e+04 7.3762139066e-01 
2.7495772175e-06 1.1602402032e+04 6.6759478171e-01 
6.1686681947e-09 1.1714001014e+04 9.1073835749e-01 
2.3436638225e-07 1.7959786878e+04 1.2450053927e+00 
1.1606512381e-06 1.1516596596e+04 4.2547289360e-01 
1.1052283858e-09 1.4751930095e+04 1.4353873980e+00 
1.7537534343e-09 1.3445609236e+04 1.4041013343e+00 
2.5441665541e-08 2.5000000000e+04 1.3766166037e+00 
5.1479430298e-10 1.1204442289e+04 4.2113135968e-01 
4.7090537243e-12 1.3469036509e+04 9.9291631933e-01 
1.1302363943e-05 1.2185662265e+04 5.5867078774e-01 
2.1533439096e-05 1.1271252597e+04 3.5708112755e-01 
5.1849958161e-09 1.1806748410e+04 1.0881191884e+00 
1.0136736960e-06 1.1292851039e+04 3.2295940331e-01 
2.4448320363e-11 1.1230247968e+04 1.3738981098e+00 
3.2858313182e-09 1.1623183556e+04 2.9354745969e-01 
3.2204080356e-11 1.4419799285e+04 8.9502437458e-01 
2.5956111756e-10 1.2683613059e+04 9.2177721377e-01 
1.4755353429e-09 1.6132734558e+04 8.0241492295e-01 
7.9339032005e-10 1.5493162522e+04 5.7293734821e-01 
6.5743942960e-08 1.1461505236e+04 3.0295764364e-01 
1.5115959285e-10 1.2763352311e+04 9.0935825899e-01 
1.1868496487e-08 1.3127249132e+04 9.3741759040e-01 
5.4681345677e-08 1.7337667947e+04 4.4019914622e-01 
1.2366051022e-09 1.1752784807e+04 7.7583484561e-01 
1.1368967878e-10 1.1437661954e+04 9.9471032684e-01 
2.6381837113e-08 1.1603349048e+04 1.0746938794e+00 
1.3407200573e-10 1.1533491263e+04 9.1725574256e-01 
1.9152134375e-06 1.8944577661e+04 3.1688049482e-01 
3.5091946004e-11 1.3556848323e+04 9.1746087400e-01 
1.9528644209e-10 2.4974397992e+04 3.3759684482e-01 
4.9685625965e-08 1.1226667933e+04 7.1047802302e-01 
3.6166960629e-06 1.2183518108e+04 5.0731356989e-01 
3.1668903251e-09 1.3826561340e+04 6.8256779171e-01 
1.3568870777e-08 1.2675854826e+04 9.6426508077e-01 
2.4853742991e-09 1.9700968336e+04 8.9280895748e-01 
1.8243344463e-10 1.1664981785e+04 1.3305506507e+00 
2.5345897186e-09 1.2893882001e+04 3.3812886865e-01 
4.2017369266e-10 2.3542519785e+04 5.5781706356e-01 
1.1774628401e-06 2.4495320222e+04 6.4361936735e-01 
5.2820178810e-09 1.1389858005e+04 1.4765919125e+00 
3.1033459345e-09 1.2678479011e+04 9.2376134416e-01 
3.2705995471e-09 1.2536088495e+04 1.1303650469e+00 
7.9884933856e-10 1.4956350814e+04 9.4555572517e-01 
8.0190702223e-11 1.8693645281e+04 5.8339859810e-01 
2.5802655851e-06 1.1740746168e+04 6.9293502699e-01 
3.0985859684e-09 1.2790487319e+04 8.6501689403e-01 
5.7791333462e-10 1.8622498829e+04 3.3519601046e-01 
2.7797840034e-08 1.1833536340e+04 8.7163723244e-01 
1.9955642670e-09 1.4936235289e+04 1.4579712780e+00 
2.8170974482e-09 2.5000000000e+04 2.9821657259e-01 
3.7710455856e-07 1.6687656180e+04 1.3238340314e+00 
5.4597836666e-07 1.6279399982e+04 9.0093958922e-01 
9.1796850275e-06 1.1266164225e+04 8.2405525562e-01 
1.3422796062e-09 1.4751789483e+04 4.6717851501e-01 
2.0025681251e-08 1.1276894650e+04 6.3575640606e-01 
3.6020881646e-07 2.5000000000e+04 1.4489573482e+00 
2.2950390566e-09 1.2752965809e+04 5.4589106557e-01 
3.1577973006e-09 1.2138737799e+04 1.1574651110e+00 
1.2120815451e-11 1.7167782374e+04 2.4862283834e-01 
5.4376391018e-11 1.5100941655e+04 1.1621093308e+00 
3.9879912540e-07 2.3400206209e+04 6.2966302742e-01 
9.6920794578e-09 1.1958933995e+04 1.0562693054e+00 
1.3684978441e-05 1.2380839518e+04 1.3918804431e+00 
5.5485074073e-10 1.1229219476e+04 1.3675668741e+00 
4.0634581967e-06 1.2510961813e+04 4.7156392380e-01 
1.2594734161e-07 1.1611949665e+04 1.3960224603e+00 
1.1159910757e-09 1.3460638875e+04 1.5025389599e+00 
1.9653791687e-09 1.2030219507e+04 1.2712676671e+00 
5.1974131883e-11 1.7499204755e+04 7.4104377146e-01 
2.7948287014e-08 1.1286639112e+04 7.7038667340e-01 
1.2794514963e-06 1.4553567988e+04 2.7000248921e-01 
1.3277859351e-06 1.6655505895e+04 1.1921798757e+00 
1.8580501871e-08 1.4762546881e+04 8.5252098837e-01 
3.1274773863e-08 1.3963905699e+04 6.6366079826e-01 
4.1390967849e-09 2.0078843931e+04 7.0351285010e-01 
2.4050910425e-07 1.4947569358e+04 7.0349483780e-01 
1.3746059335e-11 1.4639417155e+04 2.9543383635e-01 
1.0106786374e-07 1.4690227434e+04 1.0999794494e+00 
2.7895442974e-07 1.1944832456e+04 6.9827599479e-01 
1.5518663358e-08 1.3755586315e+04 5.1128318162e-01 
2.1616845127e-10 1.1964103254e+04 9.1525424280e-01 
5.9802529951e-10 1.1546487855e+04 1.0406564560e+00 
6.4497162867e-12 1.2948631741e+04 1.0269045972e+00 
1.0549089678e-08 1.6102340505e+04 1.0846945440e+00 
5.4895507390e-10 1.6371203054e+04 1.3496418286e+00 
1.4153873511e-09 1.1478424554e+04 8.2845183906e-01 
1.3741530363e-09 1.1418131785e+04 6.1384143332e-01 
2.2083375728e-08 1.3247617909e+04 3.6593798339e-01 
3.4102641086e-09 1.2644554517e+04 1.2853085028e+00 
9.1797875908e-09 1.1363462535e+04 6.1999605363e-01 
5.6774396988e-10 1.2310139254e+04 6.8219034873e-01 
2.1272831972e-09 1.2517872492e+04 7.3678891154e-01 
8.1625250506e-06 1.5916863038e+04 1.4257278923e+00 
5.2341731339e-08 1.2768524483e+04 3.1478653671e-01 
3.0776749089e-07 1.2571884921e+04 1.4875391538e+00 
4.2867785909e-11 1.1848415240e+04 9.9165167549e-01 
1.6271349923e-06 1.5830480771e+04 7.0354811004e-01 
6.5687019519e-08 1.3703391438e+04 9.2600023662e-01 
5.5429045191e-10 1.2314622503e+04 1.0621664813e+00 
4.6716216580e-10 1.2956510453e+04 8.0995942594e-01 
2.2436216388e-08 1.6102232713e+04 1.4043553460e+00 
6.7577325650e-09 1.2417192502e+04 2.5854325400e-01 
3.4619367545e-09 2.5000000000e+04 6.6514454077e-01 
4.9245067109e-09 1.5881320586e+04 2.6950968326e-01 
8.4696794086e-10 1.1722360694e+04 6.1693515408e-01 
8.8959571783e-06 2.0324320061e+04 1.3676585034e+00 
3.1901781088e-10 1.7287414185e+04 9.4378276422e-01 
2.2154522058e-10 1.1988054189e+04 6.1517894427e-01 
4.0547250412e-10 1.2884785689e+04 1.0546003910e+00 
1.9150743430e-09 1.7705215460e+04 1.1766916661e+00 
2.0777574288e-09 1.6014219261e+04 4.6199648950e-01 
2.5373428164e-10 2.2905913580e+04 5.5209132268e-01 
2.2390909484e-06 1.2175580814e+04 1.2031679160e+00 
2.9172782212e-08 1.2173330031e+04 5.0254647451e-01 
3.5944939196e-07 1.1605855030e+04 7.9257300234e-01 
2.5195636620e-08 1.2333268434e+04 5.8708760767e-01 
8.0836799127e-10 1.5895662662e+04 1.0281029871e+00 
2.0380396962e-11 1.1655816250e+04 2.9160173666e-01 
3.5825573395e-10 1.1309882021e+04 3.0617536969e-01 
2.9984047222e-10 1.4830097359e+04 6.5501291700e-01 
9.0941649653e-11 2.4201190244e+04 6.3687529207e-01 
1.3244383618e-10 1.5780714685e+04 7.5141557939e-01 
2.7250447151e-10 1.2449395160e+04 8.4270417973e-01 
2.1388825958e-08 1.2719200810e+04 9.3828548138e-01 
1.1173148605e-09 1.1928053402e+04 4.4480112816e-01 
6.1074209401e-10 1.3129211557e+04 8.6911534259e-01 
1.5536803533e-09 1.3776706585e+04 5.5337972072e-01 
1.4931666562e-07 1.1663836307e+04 2.4381860142e-01 
1.2066018408e-10 1.3638420616e+04 8.6364767618e-01 
3.5500939971e-11 2.5000000000e+04 7.4448547278e-01 
2.1166727427e-08 1.4038587344e+04 1.0019012825e+00 
1.9136058483e-06 1.2306514791e+04 2.9465663512e-01 
1.8884919665e-07 1.1652788473e+04 1.0714274685e+00 
2.6238241699e-09 1.2288147872e+04 1.2909958022e+00 
4.7809755326e-09 1.4682704186e+04 1.2485574472e+00 
1.2922879283e-10 1.1845607836e+04 9.4831332844e-01 
4.4597812609e-10 1.7504005091e+04 1.3021973700e+00 
5.7507257672e-08 1.2826138297e+04 5.7340938499e-01 
6.6495304964e-11 1.3191776683e+04 3.1963144831e-01 
1.7492727631e-05 2.5000000000e+04 1.9468826093e-01 
2.4535268513e-08 1.3401781038e+04 1.3373146271e+00 
8.2237301040e-10 1.1437899021e+04 7.7102215067e-01 
3.4931042664e-10 1.5055853453e+04 8.1258652118e-01 
1.8141155303e-08 1.3049239806e+04 3.2670246478e-01 
4.1559069836e-07 1.1833293987e+04 8.2806154819e-01 
1.1274963795e-09 1.2049014024e+04 7.1174882544e-01 
1.3364376054e-07 2.5000000000e+04 7.3157993144e-01 
1.7834239388e-10 1.1470545430e+04 5.8377543692e-01 
4.6633435358e-08 1.2255812634e+04 2.4338976078e-01 
1.7026187962e-06 2.0783662703e+04 5.3699271033e-01 
4.6417796749e-07 1.7236077663e+04 5.0368729860e-01 
4.8643487896e-09 1.4703768766e+04 1.0721281370e+00 
6.8284428866e-09 1.4978093422e+04 5.8321614851e-01 
6.3332679031e-06 1.3789449937e+04 1.3543728724e+00 
4.0734162663e-09 1.3856979076e+04 9.5677597675e-01 
6.6210581958e-07 1.4287928323e+04 1.4694503018e+00 
4.1164628919e-08 2.3689884890e+04 3.0567416931e-01 
9.3049362728e-07 2.0131964677e+04 1.0336174871e+00 
7.5387095218e-08 1.9591214453e+04 4.2232508996e-01 
1.0542762423e-10 1.5776247130e+04 1.4202232831e+00 
1.3059667482e-11 1.3532706559e+04 2.9624020974e-01 
1.8985464707e-08 1.7668526083e+04 5.9961706476e-01 
6.8939845435e-09 1.2932107175e+04 9.5244643107e-01 
6.0858262496e-10 1.2162009162e+04 1.0429403376e+00 
8.4628999636e-09 1.2474532410e+04 7.3390181758e-01 
4.2451795522e-10 1.2327379596e+04 8.8435899816e-01 
1.4886908191e-09 1.1623622659e+04 5.3527349628e-01 
1.3344748472e-10 1.6488883518e+04 2.2332447235e-01 
4.7496016238e-09 1.3055586571e+04 1.0232860016e+00 
6.7475294465e-11 1.9974782991e+04 8.1557607459e-01 
1.8050477944e-08 1.3839062665e+04 1.3329928501e+00 
1.5114056124e-06 1.2837216693e+04 1.1809723361e+00 
1.2385102346e-07 1.9308734120e+04 1.0210688411e+00 
3.5597381712e-08 1.1340527750e+04 1.1348369930e+00 
9.7351535183e-07 1.6630827916e+04 7.6938298295e-01 
1.9962206108e-09 1.1930202436e+04 2.4099893013e-01 
3.3848983715e-08 1.3070277581e+04 8.9344540132e-01 
2.0994333032e-09 1.3269197367e+04 9.6423905334e-01 
5.3380947559e-09 1.2142282994e+04 6.6993242096e-01 
3.9768058411e-10 1.1254749407e+04 7.6531396774e-01 
8.2947138083e-06 1.3699431664e+04 3.1743612237e-01 
6.8136393037e-11 1.2002191416e+04 6.8801717903e-01 
8.3801739741e-09 2.0478513566e+04 1.1200788300e+00 
3.0712454241e-08 1.2719537485e+04 9.6024395651e-01 
7.8411520167e-09 1.8163780662e+04 9.2402862946e-01 
1.4154076169e-09 1.1777531396e+04 3.6162836906e-01 
7.2415704461e-10 1.3214629887e+04 5.8781404276e-01 
2.2856114451e-08 1.7185580172e+04 1.5017155619e+00 
9.9650694103e-11 1.1249933549e+04 9.4655261551e-01 
1.4348982232e-10 1.8881556870e+04 1.2286273914e+00 
2.1678093137e-07 1.1409297791e+04 1.1562935473e+00 
4.2411334189e-09 1.1368172460e+04 1.2680640505e+00 
3.0196130750e-09 1.5252247063e+04 7.5891969331e-01 
1.4182298286e-10 1.1253226714e+04 3.3697232468e-01 
5.7528234794e-08 1.1670398917e+04 1.3250967412e+00 
1.5889493566e-07 1.4202814902e+04 2.8213969455e-01 
3.1988634047e-11 1.2098439279e+04 9.6396060445e-01 
9.0627086719e-10 2.2381870356e+04 9.3831320314e-01 
