3.4449970366e-04 8.5324629561e-01 
9.4306024417e-05 8.7368186129e-01 
1.5058267275e-05 8.9744177107e-01 
4.1824344537e-04 8.4868911080e-01 
7.9331247565e-05 8.7620025174e-01 
6.2783095435e-06 9.0316295715e-01 
2.9112879069e-05 8.8876783552e-01 
4.1093279308e-04 8.4812714527e-01 
8.8303400705e-05 8.7382632145e-01 
1.4351273861e-04 8.6709573067e-01 
1.2870423116e-04 1.0000000000e+00 
4.4361211552e-04 8.4779670240e-01 
1.3536492608e-05 8.9820310473e-01 
8.7734994139e-06 1.0000000000e+00 
1.4991856152e-04 8.6667535419e-01 
9.3525364917e-05 1.0000000000e+00 
1.2064590823e-04 8.6973462400e-01 
8.9013616136e-05 8.7482516120e-01 
1.7945939231e-04 8.6364957704e-01 
1.4336250530e-05 8.9716596255e-01 
7.7738030719e-05 8.7655031453e-01 
8.0941252959e-05 8.7528619720e-01 
7.8981493279e-05 8.7604067537e-01 
8.7096210669e-04 8.3020731271e-01 
6.0406897535e-05 8.7840348667e-01 
9.0411086864e-06 8.9077509733e-01 
2.3937546578e-04 8.6015499607e-01 
2.4015916794e-05 8.9206421496e-01 
4.7945732442e-05 8.8154782411e-01 
6.2114656568e-05 8.7738520195e-01 
1.2441085991e-04 8.7093490342e-01 
3.1318553369e-05 9.0456452189e-01 
1.3174838314e-05 8.6355270308e-01 
2.6441411747e-05 8.9065811376e-01 
8.3818168197e-04 8.3021037649e-01 
2.7101934220e-05 1.0000000000e+00 
3.1653646576e-05 8.8396446491e-01 
3.6431620760e-04 8.9201933340e-01 
1.2719422861e-05 8.7693901360e-01 
7.2128563464e-05 8.7734990345e-01 
7.7421331121e-05 8.7855491474e-01 
6.7282480315e-04 8.3520206353e-01 
1.9945562161e-05 8.9518023979e-01 
1.9735628241e-05 8.9515346974e-01 
2.8286511944e-04 8.5544665852e-01 
4.6819866417e-05 8.8207215025e-01 
2.7462887172e-05 8.9058319194e-01 
1.1910776219e-04 8.7154121006e-01 
7.4898649491e-04 8.3235431167e-01 
3.3519076797e-05 1.0000000000e+00 
3.0391228735e-05 8.8610795282e-01 
3.5079526881e-04 8.5134932745e-01 
8.3331178538e-05 8.7549402994e-01 
1.1268808817e-05 8.9843260057e-01 
1.5793887140e-05 8.9175188744e-01 
1.4018576226e-04 8.6973809604e-01 
1.1429286316e-05 9.0839772828e-01 
3.8855429666e-05 8.8236376952e-01 
2.8793188857e-05 1.0000000000e+00 
1.7971905626e-05 8.8905920406e-01 
6.5446952037e-05 8.7874812693e-01 
1.2863436855e-04 8.6903776698e-01 
6.4552820055e-05 1.0000000000e+00 
6.5064678446e-05 8.7885827584e-01 
3.1522295166e-05 8.6600303576e-01 
3.7704893038e-05 8.8917148772e-01 
2.4284363967e-05 1.0000000000e+00 
1.0283525088e-05 1.0000000000e+00 
6.2027708065e-04 8.3718477650e-01 
3.0757752781e-05 8.8651920012e-01 
2.9472630368e-04 1.0000000000e+00 
2.4276290972e-05 8.8597579926e-01 
8.6007027029e-06 9.0513368734e-01 
6.3699058685e-05 8.7990659438e-01 
5.3947649995e-06 1.0000000000e+00 
7.1461229566e-04 1.0000000000e+00 
3.1017149332e-05 8.8610227010e-01 
2.1270995033e-05 8.9217446328e-01 
1.6439658256e-05 8.8831129614e-01 
3.1121962470e-05 8.8395348667e-01 
4.5314713896e-05 8.8303387650e-01 
1.1957558788e-04 8.7025772707e-01 
1.6975070948e-04 8.6478977969e-01 
1.2501658622e-04 8.6920295090e-01 
2.6765530734e-04 8.5763013978e-01 
1.2819309691e-04 8.8024586463e-01 
7.4827227729e-05 8.8929847428e-01 
1.9820871804e-05 1.0000000000e+00 
2.8110697621e-04 8.5669345680e-01 
1.8886163915e-04 8.6324345243e-01 
1.5422277635e-04 8.6600933864e-01 
8.3932457146e-05 8.8587522856e-01 
1.5395076430e-05 8.8354920188e-01 
5.8397890978e-06 1.0000000000e+00 
2.4622483587e-05 8.9239513131e-01 
8.0343676578e-04 8.2924643649e-01 
1.8247802776e-04 8.6463681705e-01 
8.5447109989e-05 8.7498529201e-01 
5.4359669160e-05 8.8185966730e-01 
1.6665221780e-04 9.6049128642e-01 
5.1429732361e-06 9.0847016400e-01 
6.1826395032e-06 1.0000000000e+00 
1.0270058791e-05 9.0279274111e-01 
8.4114012236e-04 8.2963367117e-01 
3.0232855128e-05 8.8672237215e-01 
7.3983407415e-05 8.7765369581e-01 
6.8229231307e-05 8.7613616539e-01 
3.6278749513e-05 9.0318971941e-01 
1.6909772777e-05 8.6835193638e-01 
1.5979332384e-04 8.6603625247e-01 
1.8979148603e-05 9.1079792035e-01 
5.9915666089e-05 1.0000000000e+00 
8.3805914336e-06 1.0000000000e+00 
3.6421208655e-05 1.0000000000e+00 
4.5712192696e-05 8.9223905783e-01 
1.3725557697e-04 8.6789306700e-01 
5.7383691591e-05 8.7815098616e-01 
7.8643181419e-04 8.3013565022e-01 
5.7916453731e-04 1.0000000000e+00 
3.5874736203e-05 8.8230771569e-01 
5.4459156824e-05 8.7840843649e-01 
1.2779416861e-05 8.6438338541e-01 
1.7804685974e-04 8.6321053230e-01 
3.0405028297e-05 8.8300966259e-01 
6.6790923962e-05 8.8693980038e-01 
2.6678666562e-04 1.0000000000e+00 
1.5303615675e-04 8.6636525494e-01 
1.9751852611e-05 8.9136595955e-01 
9.1731007687e-06 1.0000000000e+00 
6.8125467197e-05 8.7708633995e-01 
3.0863728593e-05 8.8645600891e-01 
5.9827597858e-05 8.7821495161e-01 
3.6481821724e-05 8.8658212814e-01 
1.8247270610e-05 1.0000000000e+00 
1.2788775640e-05 8.9856459022e-01 
7.4152958518e-04 8.3430503240e-01 
3.0945224818e-05 8.8586423904e-01 
8.6065842014e-06 1.0000000000e+00 
8.4638394670e-06 8.9440260975e-01 
1.6968287827e-05 8.8001687253e-01 
6.5935343812e-05 8.7717724577e-01 
3.2919237518e-05 1.0000000000e+00 
4.8526433730e-05 1.0000000000e+00 
2.0511338513e-04 8.6215027048e-01 
1.3041407895e-04 8.7535742593e-01 
7.6117722835e-04 8.3013473386e-01 
1.2425281734e-04 8.6935002052e-01 
1.1720279032e-04 8.7015238937e-01 
3.7682023462e-05 8.8838830412e-01 
1.5931006959e-05 8.7064053407e-01 
9.1420809436e-06 1.0000000000e+00 
8.6557593446e-05 8.7441999726e-01 
5.6322805152e-05 8.8015212277e-01 
1.0283696829e-04 8.7272268496e-01 
2.7292402076e-04 8.5786518755e-01 
1.1216772312e-04 8.7068220757e-01 
1.2358990061e-05 1.0000000000e+00 
9.4328089090e-05 8.7261058191e-01 
1.3243934850e-04 8.8741359833e-01 
7.4373906679e-04 8.3583692085e-01 
2.0852219950e-05 8.9416441396e-01 
1.0951982115e-04 8.7265965721e-01 
5.1367878171e-05 8.8223703171e-01 
4.3127263511e-05 8.8118770214e-01 
8.2300928406e-05 8.7828268458e-01 
2.3499071277e-05 8.7191319160e-01 
4.5721605205e-05 1.0000000000e+00 
1.0396480634e-04 8.7754739625e-01 
2.8676406517e-04 8.5883563146e-01 
1.6323465926e-04 8.6558932817e-01 
1.7951570566e-05 8.7450599063e-01 
8.4754651279e-05 8.7605646492e-01 
7.1603261344e-04 8.3581795698e-01 
1.7615225087e-04 1.0000000000e+00 
5.5633107949e-05 8.8143490443e-01 
3.6959915832e-05 8.8178350998e-01 
8.1528303883e-06 1.0000000000e+00 
1.6854736753e-04 8.6527248109e-01 
1.6032304053e-05 8.9704132013e-01 
3.7873768437e-05 8.8396834226e-01 
9.3500390089e-05 8.8428576355e-01 
1.4009888923e-04 8.6816612904e-01 
1.5307072252e-04 8.6622266720e-01 
1.2765789027e-04 8.7048551668e-01 
1.0340542828e-05 1.0000000000e+00 
1.0882951445e-05 1.0000000000e+00 
3.3726180524e-05 8.8703037606e-01 
1.2928316621e-05 8.7885203521e-01 
1.1127927635e-04 8.7032891827e-01 
6.3623284882e-05 8.8224501997e-01 
2.7292208598e-05 8.6317677119e-01 
7.8391773751e-05 8.7635292780e-01 
2.0175439204e-05 8.8655194673e-01 
2.1727487020e-04 8.6082581418e-01 
1.3324632424e-04 1.0000000000e+00 
1.2323713645e-05 9.0052568915e-01 
2.1287567970e-05 8.9364158742e-01 
1.9338426919e-05 1.0000000000e+00 
2.0795484371e-05 1.0000000000e+00 
4.9650729732e-05 1.0000000000e+00 
6.9072579021e-05 8.7711452393e-01 
1.5061697468e-04 8.6639623011e-01 
1.9732221070e-05 9.0392444495e-01 
5.8879944626e-06 1.0000000000e+00 
2.5251925067e-04 1.0000000000e+00 
8.9812526199e-05 8.7849078417e-01 
1.2678946449e-04 8.6874562156e-01 
9.4881880311e-06 8.9963854663e-01 
9.7384917140e-06 8.7303723774e-01 
2.7428546119e-05 8.8983613814e-01 
2.9581981328e-05 8.8883962564e-01 
6.9200951558e-05 1.0000000000e+00 
2.2587716960e-05 8.9812412561e-01 
3.1703772914e-04 8.5482652378e-01 
9.6587596794e-06 8.6685136840e-01 
1.3690521696e-05 1.0000000000e+00 
5.3268612947e-04 8.4391590490e-01 
7.4781825362e-05 1.0000000000e+00 
2.5031161120e-04 8.5849721902e-01 
5.7201452052e-05 8.8039853594e-01 
3.0051073914e-05 1.0000000000e+00 
1.5427233601e-05 8.7749415325e-01 
7.4822497736e-05 8.8072271387e-01 
4.8008434718e-04 8.4587744681e-01 
5.9770341413e-05 8.7938444077e-01 
1.5358609957e-05 1.0000000000e+00 
9.2595203080e-04 1.0000000000e+00 
1.6244311195e-05 8.8908911503e-01 
3.1111939994e-05 8.8976515037e-01 
8.3261837498e-04 8.3286421809e-01 
7.1336089095e-06 8.9099294870e-01 
3.4438918698e-04 8.5127367652e-01 
3.1887291465e-05 1.0000000000e+00 
3.3392325888e-05 8.8504179766e-01 
3.6301230627e-04 8.5052938351e-01 
2.6654170092e-05 8.8974754131e-01 
1.2026945841e-04 8.7776354912e-01 
2.2457741140e-04 8.5960568061e-01 
8.4539330687e-05 8.7558755026e-01 
1.9822595508e-04 1.0000000000e+00 
9.8452128492e-05 8.7281940409e-01 
8.9311532147e-05 8.7475715809e-01 
4.8716490739e-05 8.8162499032e-01 
4.0367388040e-05 8.8577339945e-01 
4.6820667298e-05 8.8088886843e-01 
3.2720349048e-05 1.0000000000e+00 
1.6486632556e-04 8.6483204873e-01 
9.0716920489e-05 8.7445564779e-01 
3.0765967605e-05 8.8530151170e-01 
1.9168782138e-05 8.7519335265e-01 
7.1654163452e-05 8.7803143877e-01 
2.3207442742e-05 8.9364628237e-01 
3.5173966740e-05 8.8357654847e-01 
1.7235875168e-05 8.7897340334e-01 
2.2023118873e-05 8.9481359020e-01 
1.3891768099e-04 8.6741039165e-01 
1.1175239637e-05 8.7080106543e-01 
8.9793148976e-05 8.7399874399e-01 
1.6710746620e-05 1.0000000000e+00 
1.5183812380e-05 8.9636170607e-01 
5.7322836111e-05 8.9790482470e-01 
2.2211625288e-05 8.8849173758e-01 
4.0630866445e-05 8.8248612277e-01 
3.4699846355e-05 8.8889070480e-01 
1.2757331694e-04 8.7030573365e-01 
3.8304658738e-05 8.8590421405e-01 
1.0356383013e-04 8.7330665986e-01 
2.2176992448e-05 8.8824138960e-01 
6.9339451331e-05 8.7860305404e-01 
9.3880306508e-06 8.8933203606e-01 
6.6787080774e-06 1.0000000000e+00 
1.3785214560e-04 8.7328674900e-01 
1.4791413197e-04 8.6680488817e-01 
1.0818787025e-04 1.0000000000e+00 
1.0554835754e-05 8.8212405743e-01 
9.1566170719e-05 8.7367154641e-01 
1.0004677127e-04 8.7254526684e-01 
1.7562137340e-05 8.6166007817e-01 
5.4341756558e-05 8.8100247773e-01 
5.4062105162e-06 1.0000000000e+00 
3.4248979930e-04 1.0000000000e+00 
5.6103101101e-05 8.8112050456e-01 
1.3221115148e-05 8.9847052173e-01 
9.4153764274e-05 1.0000000000e+00 
1.3486508732e-04 8.7124657246e-01 
7.9435465630e-05 8.7957818607e-01 
9.3852722013e-05 8.7355445015e-01 
3.7661870725e-05 8.9332923935e-01 
1.9775053731e-05 1.0000000000e+00 
1.2211982259e-04 8.6994200080e-01 
2.0114399074e-05 1.0000000000e+00 
3.3986689835e-04 8.5133005872e-01 
8.0268206110e-05 8.7569448549e-01 
2.2449917706e-04 8.5973706788e-01 
2.6194629791e-05 8.8879601307e-01 
2.8723057138e-05 8.9274040064e-01 
2.6625098909e-04 8.5682303952e-01 
2.5874847684e-04 8.5614594805e-01 
7.8480611598e-05 8.7479133325e-01 
1.3715878354e-04 8.6862934819e-01 
3.9157358009e-05 8.8607627363e-01 
4.5111172819e-04 8.4525992668e-01 
2.9178928783e-05 8.9123333268e-01 
2.3586252749e-05 8.9318337155e-01 
3.1546990135e-04 8.5416618299e-01 
5.5247072398e-05 8.7956071554e-01 
4.3175420818e-04 8.4476562830e-01 
3.5050852964e-04 8.4837912998e-01 
8.4708544752e-05 8.7616858151e-01 
1.7845219800e-05 8.9885954428e-01 
2.8543272387e-05 8.8931430593e-01 
1.9702174898e-05 8.9635360896e-01 
8.1082685434e-05 8.7481788913e-01 
1.6853230095e-05 1.0000000000e+00 
4.3094211296e-05 8.8219524501e-01 
7.2423710285e-05 8.7771077111e-01 
1.0885885014e-05 1.0000000000e+00 
8.8990410480e-05 9.5921798314e-01 
5.1060796021e-05 8.8064643154e-01 
7.9276834959e-05 8.7556023924e-01 
4.0110255546e-05 8.8650726915e-01 
1.9589511858e-04 8.6252059529e-01 
3.1696049556e-05 8.8710194960e-01 
1.2390796241e-04 8.6897442975e-01 
1.2893139668e-05 1.0000000000e+00 
3.9831107873e-04 8.4884370730e-01 
8.7437730778e-06 1.0000000000e+00 
7.6485029379e-06 1.0000000000e+00 
6.4968980639e-05 8.8574133980e-01 
1.0778224679e-05 1.0000000000e+00 
4.0573640236e-04 8.4710045684e-01 
1.9826403383e-05 8.9053937291e-01 
9.0779124935e-05 1.0000000000e+00 
1.4533356533e-04 8.6745352274e-01 
5.4391506447e-05 8.7843609720e-01 
2.3014762085e-05 8.5860676713e-01 
5.8971445406e-05 8.7738975500e-01 
6.4924469861e-05 8.7933334005e-01 
5.2244486010e-05 8.7931361878e-01 
9.8472627597e-05 8.7306215578e-01 
6.5404345112e-05 8.7968731931e-01 
5.8006734787e-05 8.7828307185e-01 
4.5285550483e-05 8.8031033739e-01 
9.8925127175e-05 1.0000000000e+00 
4.5392891993e-05 1.0000000000e+00 
1.6494393252e-04 1.0000000000e+00 
2.9422909999e-05 8.7201876902e-01 
2.4074746461e-04 8.5853503213e-01 
5.5783536932e-05 8.8201169826e-01 
2.1108176199e-05 9.0530496444e-01 
5.6891371705e-06 1.0000000000e+00 
1.1337824419e-04 8.7098596581e-01 
5.1425112194e-05 8.7937646314e-01 
2.0484510243e-05 8.8699768790e-01 
1.0604611967e-05 1.0000000000e+00 
1.9453654120e-05 8.8328769406e-01 
4.3009970682e-05 8.8453970053e-01 
5.0794146075e-04 8.4323945520e-01 
1.7062015384e-05 8.9762490342e-01 
4.2971188261e-04 8.4783335547e-01 
1.5099002542e-05 8.9044158251e-01 
5.1436977669e-05 8.8291460053e-01 
1.3785151922e-05 8.6153219680e-01 
9.2130599994e-05 8.7447340751e-01 
1.4594425489e-05 8.7699896622e-01 
9.0354022682e-06 1.0000000000e+00 
1.8255673899e-05 8.9794907999e-01 
4.2599354139e-05 1.0000000000e+00 
3.0370198808e-05 8.8625982505e-01 
1.3064498021e-04 8.6943647323e-01 
3.4222235337e-05 8.8699217177e-01 
1.7254559131e-04 8.6471008374e-01 
2.0941490030e-05 1.0000000000e+00 
2.8189942994e-04 8.5593642490e-01 
6.7013042740e-05 8.8582046327e-01 
3.0929098564e-05 8.5850158796e-01 
2.1592166560e-04 8.6082389862e-01 
5.2747370923e-05 8.8167006294e-01 
7.6789501315e-05 8.7505726142e-01 
9.0391344485e-05 8.7561602202e-01 
3.5140803932e-05 8.6283660303e-01 
2.4493913004e-05 9.0405792272e-01 
2.0710350578e-04 8.6203320148e-01 
1.2285480416e-04 8.6924912914e-01 
2.3641704892e-05 8.8613974829e-01 
4.1620567546e-05 8.8097349186e-01 
1.4673874709e-05 8.8823447058e-01 
2.0619714461e-05 8.8121306275e-01 
3.3254594009e-05 9.6405792223e-01 
2.6158763044e-05 1.0000000000e+00 
1.6957044912e-05 8.9669617239e-01 
6.5369370862e-05 8.7920080236e-01 
5.0779790123e-05 8.8289682976e-01 
5.9351827123e-04 8.3757269919e-01 
3.5492531026e-04 8.5017686705e-01 
4.8152593028e-05 8.8244039652e-01 
2.5983600667e-05 8.9059256866e-01 
1.2111347131e-04 8.6970334564e-01 
1.2046522065e-04 1.0000000000e+00 
1.5878200872e-04 8.6598848050e-01 
3.5140217185e-04 8.5060527591e-01 
3.1125257040e-04 1.0000000000e+00 
9.1708833047e-05 8.7333012329e-01 
7.1299120597e-06 1.0000000000e+00 
3.8303112402e-04 8.5065705668e-01 
1.9165874322e-05 8.9674765499e-01 
2.3346874131e-05 8.8622171143e-01 
1.2461722339e-04 8.6945155657e-01 
2.8966676209e-05 8.8552985388e-01 
5.7992411228e-04 8.4202390323e-01 
3.6972002222e-05 8.8469574275e-01 
3.0877928625e-04 9.6970956849e-01 
7.2949876597e-05 8.7752349325e-01 
2.2527362280e-05 1.0000000000e+00 
2.3604986909e-05 1.0000000000e+00 
3.4402993859e-04 8.5218517833e-01 
2.2154265500e-05 8.9754106105e-01 
3.6179746512e-04 8.5243959622e-01 
6.5545521310e-05 8.7941494802e-01 
3.5127694989e-05 9.4241162956e-01 
4.1912438701e-05 8.8051611618e-01 
2.5109331010e-05 8.9397995474e-01 
8.4493973871e-05 8.7672599577e-01 
2.6147489115e-05 8.9087589899e-01 
2.2969582355e-05 8.9425655629e-01 
1.3607398268e-04 8.6817372005e-01 
2.0587804032e-05 8.8862718987e-01 
2.8753917909e-05 8.8832875463e-01 
9.6749602642e-05 8.7299436015e-01 
4.5214109588e-05 8.8416702757e-01 
2.0466958649e-05 8.8117288343e-01 
7.8752742995e-05 8.7495167382e-01 
1.9074385614e-05 1.0000000000e+00 
1.9217671486e-04 8.7254630921e-01 
5.8552609182e-05 8.8131042472e-01 
7.3733875185e-04 8.2957951979e-01 
6.6944891717e-05 8.7788775179e-01 
1.0439292378e-04 8.7194340281e-01 
9.5783901505e-05 8.7477103273e-01 
1.2471040675e-05 1.0000000000e+00 
7.6055850316e-05 8.7663533273e-01 
3.6541733785e-05 8.8410839475e-01 
1.3735454920e-05 8.8301102642e-01 
1.8172972205e-05 8.5913654086e-01 
2.5124098946e-04 8.5780880852e-01 
2.2484199561e-04 8.5951994999e-01 
1.3772699240e-04 8.6813196386e-01 
1.9377267512e-05 8.9389620891e-01 
1.0522597841e-05 9.0221566097e-01 
9.0026510943e-06 8.7752143002e-01 
4.3734582773e-04 8.4657556351e-01 
2.1173906341e-04 8.6104023562e-01 
4.0861597069e-05 8.8483676638e-01 
2.4685794890e-05 8.8539690220e-01 
5.9418329031e-05 1.0000000000e+00 
1.3728745334e-04 8.6757630740e-01 
1.4510247132e-04 1.0000000000e+00 
1.4214175098e-05 8.9859312665e-01 
6.9991688164e-05 8.7652202326e-01 
3.6423800382e-05 8.8703252698e-01 
1.0699120919e-05 1.0000000000e+00 
9.3020858587e-05 8.7322355379e-01 
2.4043648549e-05 8.8505692033e-01 
3.7806111127e-05 8.8189223461e-01 
5.5125900519e-05 8.8048644706e-01 
1.1964590549e-04 8.7046550950e-01 
5.3801859231e-05 8.8273066132e-01 
4.8677243147e-05 8.8160354892e-01 
1.8404559044e-04 1.0000000000e+00 
2.6257408873e-05 8.8975685024e-01 
8.7412650424e-05 8.7681572890e-01 
5.9681706721e-06 1.0000000000e+00 
4.3324231734e-05 8.8592368085e-01 
2.8826712365e-04 8.5523706295e-01 
9.1754368574e-05 8.7300757414e-01 
4.1762436715e-05 8.8311677642e-01 
4.5468886708e-05 8.8249013302e-01 
1.8458822200e-04 1.0000000000e+00 
2.2267844685e-05 8.8630115839e-01 
9.5194474408e-04 8.2560693667e-01 
5.2906553768e-04 8.4190166037e-01 
1.1201593329e-04 8.7049460177e-01 
6.9023900464e-05 8.7831699776e-01 
2.0033572201e-05 8.8651116719e-01 
1.9074066536e-04 1.0000000000e+00 
1.4751201776e-05 1.0000000000e+00 
1.8367865913e-04 8.6244514397e-01 
7.2746824289e-05 8.7550608652e-01 
9.8239319729e-05 8.7260387457e-01 
6.9132403072e-05 1.0000000000e+00 
3.4942298174e-05 8.8077683446e-01 
8.1096238052e-05 8.7756884262e-01 
7.9074071576e-05 1.0000000000e+00 
8.3088938022e-06 1.0000000000e+00 
3.8832445829e-05 8.8536117694e-01 
4.4148804062e-05 8.8285251586e-01 
1.1978905723e-04 8.6998202884e-01 
1.1721300213e-04 8.7067217333e-01 
5.8268563842e-04 8.3944712168e-01 
6.0069613848e-05 8.7930133507e-01 
6.7467689060e-05 8.7643244031e-01 
3.3470962099e-05 8.8581445044e-01 
4.8005429321e-05 8.8103628451e-01 
9.0200732496e-05 8.7445167056e-01 
1.4459283215e-04 1.0000000000e+00 
2.8341300643e-04 8.5672379762e-01 
2.1293766883e-05 8.5683636438e-01 
6.5302632121e-04 1.0000000000e+00 
4.6121835330e-04 8.4694939076e-01 
5.1101441110e-05 8.8359776842e-01 
7.2907615058e-05 8.7635690718e-01 
1.2731696969e-04 1.0000000000e+00 
3.5597022508e-05 8.8494319852e-01 
7.8724364887e-04 8.2944429019e-01 
6.5879143345e-05 8.7629588763e-01 
3.2130403405e-05 8.9117354278e-01 
1.3931673096e-05 1.0000000000e+00 
6.5796963056e-05 8.7863788916e-01 
1.2592068873e-04 8.6907379196e-01 
3.0732203450e-05 8.5471465182e-01 
1.3191509932e-04 1.0000000000e+00 
8.1494050371e-04 8.2903596248e-01 
1.6999609235e-04 1.0000000000e+00 
3.2812617993e-05 8.8778576069e-01 
6.2566585432e-06 1.0000000000e+00 
4.9033718856e-05 8.8360073158e-01 
1.9064881244e-04 8.6430718689e-01 
1.0920947602e-04 8.7294353034e-01 
2.7475570136e-04 8.5510142994e-01 
1.7612374451e-05 8.8605642045e-01 
3.8075148105e-04 8.4726114823e-01 
1.2806035473e-04 8.7049863523e-01 
1.4608322505e-04 8.6641463337e-01 
1.0991817041e-05 9.0450601637e-01 
1.1067238120e-04 8.7222419011e-01 
4.0512552698e-04 8.4932205609e-01 
4.5014851999e-05 8.8278562190e-01 
3.6284873087e-04 8.5851433877e-01 
1.0885967323e-04 8.7276418926e-01 
1.1436694800e-04 8.7036426270e-01 
2.4671550957e-05 8.9288773602e-01 
6.7852953741e-05 8.7834599990e-01 
9.8750357612e-04 1.0000000000e+00 
3.6558067563e-05 8.8167975287e-01 
2.2460515423e-04 8.5980252175e-01 
4.8203237383e-04 8.4456398092e-01 
2.0458345730e-05 8.8943175669e-01 
1.4942367846e-04 8.6726771353e-01 
3.0960762927e-05 8.8698044135e-01 
7.3157283861e-05 8.7775037937e-01 
3.5956585557e-05 8.8407168019e-01 
3.5110472435e-05 8.8246785084e-01 
1.0791088761e-05 8.6336178675e-01 
5.3780635751e-06 1.0000000000e+00 
9.9181446925e-05 8.7350705355e-01 
1.5644205593e-04 8.6703857799e-01 
1.6781639199e-05 8.9668436268e-01 
1.9004790693e-04 8.6356867630e-01 
3.2538048269e-04 8.5287277579e-01 
2.1561790807e-05 1.0000000000e+00 
1.4702254477e-05 8.6516764504e-01 
8.4020417030e-05 8.7756934764e-01 
7.5800469559e-06 8.8416783768e-01 
6.1981715143e-06 1.0000000000e+00 
5.2212146453e-05 8.8151180197e-01 
1.2360923624e-04 9.9456927639e-01 
5.5207539611e-05 8.7869760280e-01 
1.9044726728e-05 8.8638024984e-01 
2.6047362280e-05 8.8568886508e-01 
3.8932542922e-04 8.4901346222e-01 
1.3472956483e-04 8.7584085242e-01 
6.4599657353e-05 8.7875898550e-01 
2.5599009947e-05 1.0000000000e+00 
2.4496919269e-04 1.0000000000e+00 
4.1903475472e-05 8.8025419696e-01 
9.4506195254e-06 1.0000000000e+00 
1.4632192104e-04 8.6685409305e-01 
9.4236783135e-05 8.7459142343e-01 
9.2672677273e-06 9.0374834934e-01 
3.0881773541e-04 8.5400305214e-01 
6.2858274743e-05 8.8201780940e-01 
2.3058734019e-05 8.9290903082e-01 
2.2240339371e-04 8.6278870998e-01 
4.2248144571e-05 8.8326662743e-01 
6.8871846124e-05 8.7643209691e-01 
1.4520552245e-04 8.6756182489e-01 
3.4602680236e-05 8.8444581770e-01 
1.7528388857e-05 8.9677550145e-01 
5.7137942956e-05 8.7957976160e-01 
1.9400965467e-04 8.6341297794e-01 
2.4225949251e-04 8.5888024928e-01 
9.4835863988e-05 8.7255016365e-01 
5.9785755686e-05 8.7845303313e-01 
3.3999321434e-05 8.8770309680e-01 
2.7816128257e-05 8.9298771806e-01 
1.1478008371e-04 8.7029053782e-01 
2.8998089772e-04 8.5510431411e-01 
5.3189515136e-05 8.8340289346e-01 
2.9198479046e-05 8.8575886443e-01 
1.9878299770e-04 1.0000000000e+00 
2.5725748503e-05 8.9152297168e-01 
1.3570086969e-04 8.6784519361e-01 
1.2901249025e-04 8.7129308325e-01 
6.9720127114e-05 8.7834712277e-01 
5.9978605644e-05 8.8020927947e-01 
1.2799036839e-04 8.6897848844e-01 
3.5506292225e-05 8.8234731843e-01 
3.9451627331e-05 8.8424820202e-01 
3.9005352282e-04 8.4904326864e-01 
1.4373352386e-04 1.0000000000e+00 
4.2607015746e-05 8.8193698972e-01 
7.5844368018e-05 8.7768445778e-01 
7.5674079931e-06 1.0000000000e+00 
2.9390678792e-05 8.8829751812e-01 
7.2164943126e-05 8.7626671751e-01 
9.9917458464e-05 8.7282875791e-01 
5.4215553869e-05 8.8143674810e-01 
1.4073981157e-05 1.0000000000e+00 
3.8855013673e-04 8.5065124821e-01 
1.2853761069e-04 1.0000000000e+00 
5.1826886717e-06 8.8362508921e-01 
6.3684077188e-05 8.7850954507e-01 
5.0384181475e-06 1.0000000000e+00 
1.4665847946e-04 8.6766995398e-01 
1.6105617686e-05 8.6071134891e-01 
3.2455747367e-04 8.5372260707e-01 
6.3289247014e-05 8.7991205065e-01 
3.7923077301e-04 8.4930764377e-01 
2.8153862128e-04 8.5538641056e-01 
9.0539386575e-05 8.7372842213e-01 
7.4095376242e-05 8.7751729217e-01 
2.1007455819e-04 8.6110167016e-01 
3.6875898780e-05 8.8844966518e-01 
8.0860717259e-05 8.7531058786e-01 
1.0421886022e-04 1.0000000000e+00 
1.7557935106e-04 1.0000000000e+00 
2.2804608166e-05 8.9446645327e-01 
1.6363663337e-05 8.9345358802e-01 
2.1295302408e-04 1.0000000000e+00 
9.9883236862e-06 8.9966688339e-01 
6.5582343534e-05 8.7913056404e-01 
1.3353113606e-05 8.9022489284e-01 
1.7781267881e-04 8.6387688780e-01 
1.5864080630e-05 8.9359421528e-01 
5.4224355083e-05 8.8156842848e-01 
2.2824431206e-05 8.9084486691e-01 
2.5240255377e-05 8.9173601136e-01 
1.6770224025e-04 8.6697502621e-01 
8.1519531075e-06 1.0000000000e+00 
3.2183969144e-05 8.8617733537e-01 
1.4477106518e-04 8.6823420631e-01 
9.4649903563e-05 8.7412579166e-01 
2.4823378267e-05 8.8421564755e-01 
2.8902819319e-05 8.8804845216e-01 
1.2239522216e-04 8.6965027434e-01 
3.5919673019e-05 1.0000000000e+00 
2.4823379443e-05 8.8446068764e-01 
7.6685418299e-04 8.3308395334e-01 
7.8132933576e-05 8.7703797030e-01 
7.9547862761e-05 8.7461974087e-01 
9.8605182505e-05 8.7366356548e-01 
1.1727713052e-04 8.7067278833e-01 
2.7379797610e-04 8.5786434412e-01 
2.2370907372e-04 8.6003575300e-01 
2.2296240531e-05 8.9480368701e-01 
3.4225103011e-05 8.8770519241e-01 
1.8369155324e-04 8.7173523449e-01 
3.1292285344e-05 8.5826450630e-01 
1.5429511945e-04 8.6611721354e-01 
6.1778420936e-06 1.0000000000e+00 
3.8478424337e-05 8.8519507812e-01 
5.2809645193e-05 8.8127924455e-01 
9.0729570338e-05 8.7685622487e-01 
2.6700556290e-04 8.5690974814e-01 
6.7808189959e-05 8.7870975736e-01 
1.0709574573e-04 8.7184680243e-01 
1.0457307550e-05 8.9931257919e-01 
3.8560516661e-04 8.4947525343e-01 
4.9664323004e-04 8.4461030589e-01 
4.2544940212e-05 8.8440169926e-01 
1.5446936407e-05 8.9768721222e-01 
1.6077302529e-05 8.7002494054e-01 
3.8007227078e-05 8.8189708013e-01 
7.6184874769e-05 8.9715612379e-01 
9.4027591551e-05 8.7333563445e-01 
2.0941196419e-04 8.6308008719e-01 
1.7943438726e-04 8.6387977154e-01 
2.1263117645e-04 1.0000000000e+00 
1.4071731099e-05 1.0000000000e+00 
2.3827770710e-05 8.8526936612e-01 
1.3994959038e-05 8.8320453753e-01 
1.3595239682e-05 8.9790041220e-01 
5.4579032007e-04 8.3867175898e-01 
3.5623716965e-04 8.5150031201e-01 
5.0131404883e-05 8.8225410588e-01 
1.9692708012e-04 1.0000000000e+00 
6.1822532884e-05 8.7796256774e-01 
5.9199371701e-05 8.8022169589e-01 
5.5641433690e-05 8.8182769775e-01 
1.1009274485e-05 9.0279489328e-01 
5.5734187126e-05 8.8151606054e-01 
2.3208884607e-04 8.5980913209e-01 
2.0519409210e-05 8.9518715292e-01 
9.4586344279e-05 8.7367768316e-01 
5.5136739271e-05 8.8025674697e-01 
7.2841589304e-04 8.3514318793e-01 
5.4867652885e-05 8.8469476601e-01 
1.4623853236e-05 8.6358087359e-01 
3.7312708173e-04 8.5122292020e-01 
2.7064961698e-05 8.8200347732e-01 
1.1260221023e-05 8.8452880733e-01 
2.3156139775e-05 8.7810795096e-01 
6.9586120209e-05 8.7823828321e-01 
7.2798914983e-06 9.0071505849e-01 
5.2310697658e-05 8.8068228050e-01 
1.5212099934e-05 8.9958070588e-01 
4.3681957971e-05 8.8313377526e-01 
1.5075027910e-05 1.0000000000e+00 
1.1657340443e-04 8.7037525679e-01 
1.8460594193e-05 1.0000000000e+00 
4.6268273392e-05 8.8539636486e-01 
3.5249733732e-05 8.8340080280e-01 
1.8697149985e-05 8.7073581730e-01 
4.9042293667e-05 1.0000000000e+00 
5.6956683953e-05 8.7896589649e-01 
5.0323040161e-05 8.8291947507e-01 
4.0595723097e-05 8.8271268161e-01 
5.1654001219e-04 1.0000000000e+00 
2.6719119165e-05 8.8856425855e-01 
1.9068084043e-05 8.9260816055e-01 
9.7062281809e-05 8.7308758256e-01 
2.3860971909e-05 8.8235135449e-01 
3.7168240109e-05 8.8605174489e-01 
3.6943405679e-05 8.9555317382e-01 
4.4430453557e-04 8.4658576834e-01 
7.4403012317e-05 8.7657644702e-01 
1.0886956898e-04 8.7551783899e-01 
1.0120861420e-05 9.0321101934e-01 
1.1540496077e-04 1.0000000000e+00 
2.7307096669e-05 8.8507920371e-01 
2.7247866444e-05 8.9199136458e-01 
3.0474204007e-04 8.5570259312e-01 
1.7693717427e-04 1.0000000000e+00 
1.1317514156e-04 8.7092113253e-01 
4.6761832064e-05 8.7946467810e-01 
3.4472215896e-05 8.8315945373e-01 
2.4109119338e-05 8.9383857125e-01 
1.1171998989e-04 8.7286606670e-01 
9.3871049879e-05 8.7347679567e-01 
6.5547813786e-06 1.0000000000e+00 
4.6439408208e-05 8.8277178146e-01 
6.2132270245e-05 8.7806240486e-01 
3.6289781924e-05 8.8489103080e-01 
2.4101744653e-05 8.9165835164e-01 
9.5811074272e-05 8.7347870173e-01 
8.7280819027e-05 8.7553319589e-01 
1.4663833990e-05 8.9068640462e-01 
4.3157429081e-05 8.8110175674e-01 
1.2176685229e-05 1.0000000000e+00 
1.5304486167e-05 8.9872598966e-01 
5.8844102783e-05 1.0000000000e+00 
1.2256723156e-04 8.6959644391e-01 
1.5251250622e-05 8.9454127452e-01 
7.7897736067e-04 8.2709315005e-01 
2.7429917259e-04 8.5570724205e-01 
1.2050784327e-05 1.0000000000e+00 
6.8117480593e-05 8.9188662450e-01 
7.9417248185e-06 1.0000000000e+00 
8.1819020908e-05 1.0000000000e+00 
9.1145909208e-05 8.7507255964e-01 
2.8420603467e-05 8.8378034095e-01 
7.3004389562e-05 8.7641467897e-01 
1.6741908948e-05 8.9252304656e-01 
3.2545401590e-05 8.9438698450e-01 
2.4725007529e-05 8.9094503938e-01 
2.3037159208e-04 8.5833380566e-01 
5.8762407726e-05 8.7870013660e-01 
6.9104590545e-05 8.7825485980e-01 
6.4051299824e-05 8.7697914055e-01 
2.2117973227e-05 1.0000000000e+00 
2.0695158754e-04 8.6127598340e-01 
9.0965970344e-05 8.7381699594e-01 
5.1406582455e-06 1.0000000000e+00 
3.3417921677e-05 1.0000000000e+00 
3.4856970155e-04 8.5279262063e-01 
4.1900515628e-05 8.8493712563e-01 
7.6742804018e-05 8.8852568636e-01 
3.6326316516e-04 1.0000000000e+00 
2.7733245740e-05 8.8633108407e-01 
7.0285291736e-05 8.7763168712e-01 
1.9872411482e-05 8.5745565626e-01 
1.9366879186e-04 8.6261921217e-01 
2.3111672394e-05 8.9173298226e-01 
3.3493105441e-04 1.0000000000e+00 
8.9794666641e-05 8.7373406207e-01 
1.3841261222e-04 8.6795417669e-01 
1.4696573756e-05 9.1139643038e-01 
1.0278117695e-04 8.7151141345e-01 
2.4145603346e-04 8.5866216714e-01 
3.5747502946e-05 9.0453140491e-01 
2.3969260253e-05 8.9204127959e-01 
5.2517961718e-06 1.0000000000e+00 
4.4259335728e-04 8.4653887989e-01 
5.8743580581e-05 8.7806196119e-01 
1.9454716489e-04 8.6555377016e-01 
3.3312694504e-04 8.5254775906e-01 
3.3529092095e-05 1.0000000000e+00 
3.9107551726e-05 1.0000000000e+00 
9.2547602539e-05 1.0000000000e+00 
2.5900210112e-05 8.8602377604e-01 
5.4356188824e-06 1.0000000000e+00 
7.0692936213e-04 8.3418317956e-01 
8.7964069496e-04 8.2831376583e-01 
5.5640454456e-05 8.7873011836e-01 
3.1915945575e-04 8.5418213628e-01 
9.4121200847e-06 1.0000000000e+00 
4.7757733775e-05 8.8491409381e-01 
1.0342864242e-05 8.7272474044e-01 
2.0594646770e-05 8.8611334574e-01 
3.6166241213e-05 8.8625698207e-01 
2.9487117644e-05 8.8883120346e-01 
1.2884308924e-04 8.7093261405e-01 
1.7256843794e-05 8.7985044439e-01 
7.2667998800e-05 8.7688630035e-01 
1.1956044500e-04 8.7015677219e-01 
3.4498942496e-05 8.8326768434e-01 
1.5710070358e-05 1.0000000000e+00 
9.5261070488e-05 8.7303593820e-01 
1.6735676719e-05 8.6945926339e-01 
3.8880173933e-04 8.4750678536e-01 
1.0697911266e-05 8.6716389754e-01 
1.8317202041e-05 8.9629132721e-01 
1.1714125454e-04 8.6971892129e-01 
4.8450633143e-04 8.4401224933e-01 
4.6781662334e-05 8.8243387132e-01 
7.6075873631e-05 8.7613511083e-01 
4.2741459863e-05 8.8521570343e-01 
1.8392436685e-05 1.0000000000e+00 
4.3658205169e-05 8.8506801089e-01 
2.3592206217e-05 8.9206968452e-01 
3.2736631796e-04 8.5050054185e-01 
5.6476928893e-05 1.0000000000e+00 
4.6684965881e-05 8.8110701201e-01 
4.7722661262e-05 8.8204666875e-01 
2.9637497508e-05 8.8898263108e-01 
1.3725967787e-05 8.9884360393e-01 
4.3319939337e-04 8.4708991433e-01 
4.6614388302e-05 8.8142894730e-01 
2.6463480775e-05 8.9181204408e-01 
9.6568313239e-05 8.7263276908e-01 
4.0828148885e-05 1.0000000000e+00 
4.4391820931e-05 8.8468427667e-01 
2.3406020851e-04 1.0000000000e+00 
2.5661831843e-04 8.5807565458e-01 
6.6093238270e-04 8.3748888908e-01 
3.5176382360e-05 8.8612295938e-01 
8.6696771548e-05 8.7375712061e-01 
2.3073982719e-04 1.0000000000e+00 
4.2184092568e-05 8.8287133600e-01 
4.7276329495e-05 8.8172008749e-01 
7.3953308691e-06 9.0882385493e-01 
1.2369618712e-05 8.7145203668e-01 
2.2887004964e-04 8.5826620205e-01 
6.8317695366e-05 8.7688975538e-01 
7.7568576713e-04 1.0000000000e+00 
2.6647911270e-05 1.0000000000e+00 
5.0340907905e-04 8.4289576327e-01 
1.6255516951e-04 1.0000000000e+00 
3.3637575905e-05 1.0000000000e+00 
4.0621245294e-05 1.0000000000e+00 
1.1920382917e-05 9.0005281458e-01 
9.6825730666e-05 8.7213494315e-01 
3.4280348556e-04 8.5214595250e-01 
3.4591625504e-04 8.5492893139e-01 
8.3903823960e-05 8.7557710787e-01 
9.9816129764e-05 8.7278061538e-01 
5.0539739821e-05 8.8234829113e-01 
1.9586314783e-04 8.6223713032e-01 
7.7981052513e-06 8.8168587033e-01 
1.4754467330e-04 8.6860351441e-01 
2.0706569888e-04 8.6135027641e-01 
7.9233011475e-05 8.7590217894e-01 
1.9563676881e-05 8.5956610049e-01 
2.7463509369e-05 8.5814981552e-01 
6.0364923408e-06 1.0000000000e+00 
6.9598247082e-05 8.7906814195e-01 
2.6553190919e-05 1.0000000000e+00 
3.6125222051e-05 8.8236040489e-01 
3.5746393307e-05 8.8320841082e-01 
8.9300395336e-05 8.7514363750e-01 
4.8812807639e-05 1.0000000000e+00 
6.6969288624e-05 8.7638931169e-01 
2.6614447988e-05 8.8722575952e-01 
4.1161189726e-05 8.8236819860e-01 
6.5294904738e-04 1.0000000000e+00 
1.1907419775e-04 8.7172287327e-01 
2.1895020939e-04 1.0000000000e+00 
1.1349623839e-05 1.0000000000e+00 
3.6866810817e-04 8.4990864176e-01 
1.2784897818e-04 8.6972315775e-01 
2.6572285217e-05 8.8220762091e-01 
2.4920384154e-05 8.8852367032e-01 
9.1464870442e-05 1.0000000000e+00 
6.0532438777e-05 8.8334388862e-01 
4.7343148400e-05 8.8347909794e-01 
5.4116849292e-05 8.8393530874e-01 
3.0434770363e-05 8.8501171721e-01 
6.7160890050e-04 1.0000000000e+00 
2.1764663681e-05 8.9410314657e-01 
1.9548305182e-05 8.8573131506e-01 
2.3907654693e-05 8.8541658786e-01 
3.9536867345e-05 8.8831814085e-01 
4.0542475743e-05 8.8545348280e-01 
1.9977464198e-05 8.9458245323e-01 
4.2355581724e-04 1.0000000000e+00 
9.8032100602e-05 8.7243029551e-01 
2.2544320135e-04 8.6010270801e-01 
9.3299362798e-05 8.7301263053e-01 
2.9729576436e-05 8.8992519700e-01 
8.8581289166e-06 1.0000000000e+00 
2.2994836815e-05 8.8897308881e-01 
2.1398488546e-05 8.9232628709e-01 
1.4190345732e-05 8.9963997935e-01 
1.6300833870e-05 8.9536794738e-01 
2.0917646992e-05 8.8638633691e-01 
8.8395022264e-05 8.7475886200e-01 
3.3347968600e-05 8.8616342739e-01 
2.7225083662e-05 8.8794859538e-01 
3.6981418693e-05 8.8473472383e-01 
1.6917055560e-04 8.6831799655e-01 
1.5928410348e-05 8.9079443749e-01 
1.0384049361e-05 9.0280800850e-01 
8.7885706033e-05 8.7558539269e-01 
3.9335123220e-04 8.4985441520e-01 
1.8268549863e-04 8.6443088859e-01 
4.4728330986e-05 1.0000000000e+00 
5.3699267633e-05 9.4538266840e-01 
1.6534239266e-05 8.6573961410e-01 
2.4542640527e-05 8.9751409686e-01 
1.2247711977e-04 8.6969347494e-01 
1.3107867408e-05 8.9535921196e-01 
8.0740077039e-04 8.2634373908e-01 
9.4232646565e-05 1.0000000000e+00 
3.0192625602e-05 8.8332474081e-01 
2.2505128862e-05 8.9237984749e-01 
8.3749591576e-05 8.7666196966e-01 
2.3645783045e-04 8.5936034353e-01 
3.3414331682e-05 8.8431801129e-01 
1.5893690108e-04 8.6493659088e-01 
1.8331976373e-05 8.6367271822e-01 
1.1486776531e-04 8.7472043571e-01 
3.7182314796e-04 8.4816422628e-01 
2.4287863155e-04 8.5761899212e-01 
5.4017621285e-05 8.8179711188e-01 
6.0187958476e-05 8.7977113074e-01 
5.9999422469e-04 1.0000000000e+00 
5.0938893301e-05 8.8139404813e-01 
2.8264865202e-04 1.0000000000e+00 
1.0814073217e-04 8.7138770095e-01 
3.0490852166e-04 8.5490338661e-01 
1.3258111958e-04 8.6815276218e-01 
1.5319899756e-05 1.0000000000e+00 
7.6769524701e-06 9.0232440653e-01 
8.4041324860e-05 8.7531821300e-01 
6.0759982254e-05 8.7877086797e-01 
2.7401801228e-05 8.8207645016e-01 
6.4983690920e-05 8.7785007244e-01 
2.4229111017e-05 8.8573811771e-01 
3.6684562466e-05 8.8320954833e-01 
1.6369608843e-05 9.0301299577e-01 
5.3763879234e-05 8.8034976295e-01 
1.2938811106e-05 9.0025312935e-01 
8.5068221289e-05 1.0000000000e+00 
3.6819057619e-04 1.0000000000e+00 
1.5637821168e-04 8.6686465384e-01 
1.0484595742e-04 9.9842666286e-01 
3.1050869761e-04 8.5361400411e-01 
4.0481724605e-05 8.8945369061e-01 
1.0276724161e-04 8.7230431230e-01 
4.0982723767e-05 8.8369542207e-01 
5.5844822501e-05 8.7925052787e-01 
2.3812167651e-05 8.7844696814e-01 
6.3793082748e-04 8.3662858548e-01 
1.3352712694e-05 8.6165055554e-01 
6.4070225569e-05 8.8082955137e-01 
9.9667921927e-05 8.7297258456e-01 
6.2703255407e-05 8.8022524859e-01 
3.6105065438e-05 8.8636571578e-01 
2.8762561456e-05 8.8819528907e-01 
9.2031941561e-05 1.0000000000e+00 
1.5034808227e-05 1.0000000000e+00 
1.6778800988e-05 8.9935655019e-01 
1.9343067356e-04 1.0000000000e+00 
5.2492641610e-05 1.0000000000e+00 
4.5909255474e-05 8.8317409032e-01 
1.7036943710e-05 8.6694858785e-01 
1.2518860489e-04 1.0000000000e+00 
1.7166723996e-04 8.6583401965e-01 
1.0294446843e-05 1.0000000000e+00 
3.0502247301e-05 8.8969710057e-01 
