6.2229055967e-08 1.2332218372e+04 5.7563848110e-01 
2.8868284251e-07 1.2874771618e+04 3.9956635209e-01 
2.4832301483e-08 1.4458168969e+04 5.5014928874e-01 
6.6051193477e-09 1.3176838179e+04 4.6862747744e-01 
5.2675997342e-10 1.2313197921e+04 5.7553048453e-01 
3.1832179827e-06 1.1290144793e+04 9.7081205967e-01 
2.0975544792e-11 1.3177565287e+04 1.1085582825e+00 
2.2405210810e-06 1.2529511858e+04 1.2052550202e+00 
2.3740761686e-11 1.2183258288e+04 1.3000665372e+00 
7.1926718985e-10 1.2850406539e+04 5.3966669287e-01 
7.2463074069e-09 1.2437380219e+04 9.6665767539e-01 
9.2250765936e-10 1.2229899246e+04 7.7887362869e-01 
2.4371514683e-09 1.9897593895e+04 6.2360370818e-02 
6.5341624205e-10 2.0484495840e+04 7.0088755858e-01 
1.1053186739e-09 1.5367917208e+04 8.5974679516e-01 
9.9245272154e-11 1.6032991700e+04 1.2062458574e+00 
9.0214632884e-10 1.2608685564e+04 4.6293758108e-01 
7.6014800148e-09 2.0594945062e+04 1.0175415736e+00 
7.8374298716e-09 1.2310820347e+04 5.4982098691e-01 
4.3226997487e-07 1.4687649412e+04 1.3578325333e+00 
7.6178425032e-10 1.1616287572e+04 4.0731340132e-01 
4.6424081527e-10 1.1410653459e+04 8.4451055471e-01 
6.8014371546e-09 1.8056752945e+04 3.3875224242e-01 
7.3956473405e-07 1.2987667977e+04 2.1472419531e-01 
2.3197447435e-07 1.3607402350e+04 1.2090002348e+00 
3.2759425325e-07 1.6031959067e+04 8.8820624108e-01 
7.0372767374e-09 1.3379935991e+04 3.5478630350e-01 
1.7394568713e-09 1.3533884126e+04 5.7907979441e-01 
3.1971020995e-07 1.1427770909e+04 6.4367937905e-01 
1.9214824451e-09 1.5090817511e+04 1.0910479650e+00 
3.7817786857e-09 2.0253904405e+04 8.6997202251e-01 
4.3162908394e-08 1.5412089110e+04 9.8392577526e-01 
1.4659816608e-09 1.3601778618e+04 1.0133025646e+00 
1.7504801788e-10 1.1793824835e+04 6.8874782937e-01 
7.5096409796e-10 1.4678922042e+04 1.3703714617e+00 
1.6455280554e-09 1.1969074290e+04 1.1883320114e+00 
3.1712817178e-09 1.4869793502e+04 3.3407718452e-01 
4.9548596708e-12 2.1802753036e+04 1.1275238292e+00 
1.0126799827e-09 1.6132692639e+04 7.0600367869e-01 
1.7709122964e-06 1.1667655345e+04 6.9843098700e-01 
3.4669221986e-08 1.5686841259e+04 5.3202225650e-01 
1.2406923545e-07 1.3128408181e+04 1.0439657559e+00 
2.9393303793e-10 1.4322773357e+04 2.4540763711e-01 
2.7935489086e-08 1.1476130783e+04 7.4645732561e-01 
1.9183171426e-10 1.1446497013e+04 2.9463855826e-01 
5.5931337820e-09 1.1297256135e+04 1.4751363538e+00 
9.1020532759e-09 1.2099496331e+04 1.0438913071e+00 
1.4075462065e-08 2.1274685270e+04 9.9269955594e-01 
6.3178981173e-09 1.3173308983e+04 2.6726869163e-01 
1.1709798986e-06 1.3482204651e+04 8.1903128975e-01 
1.0531948872e-09 2.5000000000e+04 5.3286275956e-01 
2.9130319287e-11 1.5843351041e+04 9.7581920294e-01 
5.9761836366e-10 1.1273170575e+04 3.1033136833e-01 
2.2795174894e-07 1.2968894829e+04 6.3565819532e-01 
3.6665797164e-08 1.1460583491e+04 1.2207867943e+00 
2.0856688701e-11 1.2554803234e+04 9.9898522814e-01 
1.3155792125e-06 1.2217914362e+04 5.5036248774e-01 
1.4931051646e-08 1.2844809545e+04 3.3620386330e-01 
7.7946495761e-10 1.5584634803e+04 9.0066802046e-01 
4.6499234908e-10 1.1755139162e+04 9.5910321886e-01 
1.2309341004e-09 1.1434205749e+04 4.2588481154e-01 
4.5672939717e-10 1.1414150295e+04 8.6214370448e-01 
1.4994554072e-08 1.2840213311e+04 2.6376378829e-01 
1.5748744477e-08 1.1617505704e+04 5.9464181981e-01 
5.5432496332e-10 1.1759431430e+04 9.7719266037e-01 
1.1883471540e-08 1.1630925883e+04 1.0036221602e+00 
3.1444783933e-10 1.5301743832e+04 9.1061284287e-01 
2.9589409856e-08 1.2857057859e+04 7.4438708991e-01 
1.0006042419e-06 1.4856189739e+04 8.0578843211e-01 
1.9344502664e-07 1.2591203415e+04 8.0601787651e-01 
4.0686687129e-07 1.1589490688e+04 6.3099720876e-01 
1.8585584134e-07 1.2413978241e+04 9.0013575212e-01 
7.8411888641e-10 1.1935623796e+04 7.8121238409e-01 
3.3721188978e-08 1.3723986561e+04 1.1598047218e+00 
2.1347746299e-11 1.3233185382e+04 6.1309353838e-01 
4.3036687490e-10 1.2317129931e+04 1.1716893176e-01 
7.1831519140e-08 1.2382255322e+04 4.8785393342e-01 
1.1366165890e-08 1.4072231587e+04 3.0104965301e-01 
6.3714913120e-07 1.1310248630e+04 1.1734193155e+00 
2.9670287282e-07 1.2891438331e+04 5.6430398131e-01 
8.0550526276e-10 1.2611421552e+04 1.0430431628e+00 
7.4680509309e-09 1.2058711594e+04 1.1591445854e+00 
1.2946789158e-09 1.4511725745e+04 8.9907617717e-01 
1.0563993616e-08 1.1765141185e+04 7.3322810077e-01 
8.7979114631e-11 1.3096225913e+04 1.2121986844e+00 
2.0687204442e-08 1.1863999451e+04 7.6299219219e-01 
4.5734140841e-11 1.3545449803e+04 1.0520991392e+00 
3.1625941874e-07 1.1219588684e+04 1.1526259566e+00 
3.9485681519e-07 1.4116547849e+04 9.9016891742e-01 
5.0550016379e-07 1.1748479314e+04 7.0014850409e-01 
7.6294486496e-09 1.1245495992e+04 1.4369429454e+00 
7.2928871778e-07 1.1601827983e+04 1.3327870681e+00 
5.0531709266e-08 1.3362540622e+04 8.2781103516e-01 
4.3102829129e-08 1.1773236816e+04 1.3702170535e+00 
1.9065253205e-07 1.1463477040e+04 3.9157986539e-01 
8.8409550608e-10 1.2851207990e+04 9.8521738191e-01 
1.5946847447e-10 1.7280056956e+04 9.6032645796e-01 
4.9037215468e-07 1.2231736658e+04 5.0271218753e-01 
1.9742173297e-09 1.2898028334e+04 8.6684612973e-01 
1.1903117515e-07 1.2323460017e+04 6.6457982909e-01 
2.3072911081e-09 1.6257505772e+04 1.0596998487e+00 
5.6689159059e-11 1.2056296885e+04 7.3406301630e-01 
1.8312069205e-11 2.4128799273e+04 5.5386408621e-01 
1.0329380973e-07 1.3867235825e+04 6.0018057701e-01 
4.5631718910e-07 1.2223703096e+04 6.7287969189e-01 
1.5955366138e-07 1.2088303768e+04 2.9993073417e-01 
1.4951536419e-06 1.3840673353e+04 2.6324016487e-01 
3.9904150148e-08 1.8776731887e+04 7.3986558645e-01 
9.7448223278e-10 1.2116031884e+04 8.2721142697e-01 
1.6329369295e-10 1.1928995740e+04 6.1483379925e-01 
6.2751812153e-10 1.5016985364e+04 1.1079467391e+00 
6.6799952385e-08 1.1918668228e+04 7.4300289790e-01 
8.5086408982e-09 1.3214331107e+04 1.9895333485e-01 
1.1438670548e-08 1.2319630822e+04 1.1816190260e+00 
1.7194697341e-11 1.4514766022e+04 3.3169442192e-01 
4.1724420148e-08 1.3527008613e+04 6.9261824756e-01 
2.0439387532e-08 2.5000000000e+04 1.0208260690e-01 
2.2807956019e-09 1.1437986659e+04 6.1099791418e-01 
4.6610932550e-10 1.7632111225e+04 6.8520387760e-01 
1.0040979600e-09 1.2578774010e+04 1.1282085146e+00 
2.5994397625e-08 1.4652475900e+04 9.0577722958e-01 
2.7397196433e-09 1.2092788757e+04 1.0167673386e+00 
2.9892460978e-09 2.4066324128e+04 2.5641478011e-01 
1.7800360283e-07 1.2312144807e+04 1.0751449067e+00 
1.6305029898e-11 1.3694538321e+04 1.0054183932e+00 
4.3113228986e-10 1.2615425468e+04 1.3845901583e-01 
4.8518163960e-06 1.1994683189e+04 3.5172064737e-01 
3.1028785340e-10 1.1494148699e+04 7.5885564827e-01 
2.3259466495e-08 1.4546336025e+04 9.1941526188e-01 
8.7328205409e-08 1.1930969189e+04 7.1365797501e-01 
4.9281420635e-08 1.1951344881e+04 5.3329792475e-01 
2.7367105982e-09 1.7747147437e+04 4.8597449758e-01 
3.9207004013e-10 1.2654005557e+04 8.9779509057e-01 
4.3446759441e-09 1.6426247074e+04 1.2287026061e+00 
1.2614846699e-07 1.1328677017e+04 5.8010185774e-01 
1.1344883310e-07 1.5008094135e+04 1.1254190025e+00 
1.3738308835e-08 1.5655807023e+04 6.0608930931e-01 
1.5837195852e-10 1.8703350963e+04 2.4506828413e-01 
1.0491637197e-10 1.1374207355e+04 1.1337979304e+00 
1.0449666045e-09 1.1359605050e+04 5.8774398547e-01 
7.2728921017e-12 1.3409436937e+04 1.1185710405e+00 
2.5138753644e-09 1.8824874816e+04 1.2874691111e+00 
2.2360996343e-09 1.4240091472e+04 2.4117842417e-01 
2.6779052834e-10 1.1289034841e+04 4.4808157088e-01 
4.7417746957e-07 1.1431959563e+04 6.5778117849e-01 
1.5487943986e-09 1.1434895329e+04 4.5629815353e-01 
6.4154654180e-09 2.2423368318e+04 9.1517461648e-01 
4.5436444571e-11 1.2037199529e+04 1.3045079830e+00 
2.3073435291e-08 1.1378933252e+04 1.1109271290e+00 
1.6573314288e-08 1.9346954484e+04 3.7364923078e-01 
2.3742835391e-10 1.4306184631e+04 8.0748750405e-01 
2.0980484616e-10 1.2175026516e+04 6.4366096269e-01 
1.2196494998e-08 1.1446828693e+04 5.4987527524e-01 
1.0274975655e-09 1.1225508259e+04 9.5568391712e-01 
1.3929507703e-10 1.1849670590e+04 9.7928289042e-01 
3.3593452387e-08 1.1783883478e+04 6.8389586745e-01 
2.3534001333e-11 1.4843962642e+04 8.7873936922e-01 
8.4773635095e-08 1.1425403875e+04 3.2476084992e-01 
4.2502903011e-10 1.3245691893e+04 1.3435384283e+00 
1.9458316065e-09 1.4512303955e+04 8.0360496993e-01 
9.4230058320e-10 1.5725917177e+04 7.7892304635e-01 
7.1710014429e-07 1.4518322226e+04 1.0031125263e+00 
1.9182682644e-10 1.3898976439e+04 9.3014039414e-01 
2.2691937649e-10 1.5182659124e+04 1.1605191042e+00 
1.1102519930e-07 1.1245513504e+04 1.3670891410e+00 
3.0284245909e-09 1.2384505169e+04 9.3231609624e-01 
7.9926429470e-12 1.9127507129e+04 1.2193176755e-01 
2.6217327968e-11 1.8391776082e+04 1.4057652320e+00 
7.2203103721e-10 1.6753894184e+04 1.1194114014e+00 
7.0768756286e-09 1.1737580646e+04 5.2190924006e-01 
1.2318114623e-07 1.1530986955e+04 8.9933559936e-01 
5.1997148631e-10 1.3033932332e+04 8.4532387837e-01 
3.0421631291e-10 1.3393059711e+04 1.3193790993e+00 
1.1060651159e-10 1.5268194070e+04 8.7486873804e-01 
1.5116307592e-07 1.1508697893e+04 1.1883013110e+00 
1.8509172383e-07 1.4952033760e+04 7.8915313654e-01 
1.2800380224e-08 2.5000000000e+04 3.3239881823e-01 
4.0632432113e-12 1.2400676417e+04 1.2890392735e+00 
2.9549700941e-10 1.2489170766e+04 1.1379141245e+00 
1.0010312792e-09 1.2766894767e+04 9.7809766175e-01 
2.5863691752e-06 1.5271009535e+04 5.9756519129e-01 
5.8963765690e-09 1.2869004593e+04 4.6968593400e-01 
3.9650005747e-08 1.2896637392e+04 9.8183761837e-01 
2.1289453440e-11 1.4733034117e+04 3.1462778595e-01 
4.1749346723e-09 1.2755009267e+04 1.2936988420e+00 
2.1892929631e-11 1.1923278069e+04 5.1593101836e-01 
2.2949579809e-09 1.2031365796e+04 5.2130961216e-01 
3.3692811037e-09 1.2017279257e+04 5.8110466223e-01 
1.3059811157e-08 1.3490801804e+04 1.0656182367e+00 
7.8057345364e-10 1.3021895327e+04 5.8980966193e-01 
2.2442231355e-10 1.2691336244e+04 1.3353392588e+00 
1.7483563278e-08 2.0581842390e+04 5.3647171008e-01 
1.4553525135e-09 1.1471919011e+04 6.6187095767e-01 
5.7672619076e-08 1.2792440699e+04 1.1294993070e+00 
2.5617572364e-08 1.4433556676e+04 2.8096843001e-01 
2.0523869547e-06 1.1206334195e+04 1.0904470231e+00 
3.2554892202e-10 1.5101212478e+04 9.9129201816e-01 
4.7729654530e-12 1.2415674625e+04 1.5940343662e-01 
4.2716724310e-10 1.2499382490e+04 8.2226052451e-01 
