1.2296483428e-09 1.1270548355e+04 3.3276885426e-01 
9.4974909201e-08 1.1437276925e+04 9.9727822833e-01 
4.8375519248e-09 1.1882453467e+04 1.0513721987e+00 
1.2087405260e-09 1.1809721522e+04 8.5466585532e-01 
1.3015017296e-09 1.1657682460e+04 1.8589413671e-01 
7.2105893456e-08 1.3646552837e+04 6.8897237866e-01 
2.0356032888e-09 2.5000000000e+04 1.0374127729e+00 
4.1319334880e-07 1.4285934384e+04 1.3420319729e+00 
1.2610285926e-08 1.2134321023e+04 4.7689319241e-01 
8.1986026270e-10 1.3938419921e+04 1.2774774365e+00 
4.1780388956e-08 1.1700278271e+04 1.0591204437e+00 
4.9244899674e-08 1.2694722062e+04 6.1174756760e-01 
5.5151404264e-08 1.6296249524e+04 6.8677162942e-01 
3.4505612268e-07 1.7500090509e+04 4.2891623165e-01 
4.7774222179e-11 1.1825548441e+04 3.7323363346e-01 
1.2087707448e-08 1.3157605772e+04 1.1576585286e+00 
3.9012369261e-08 1.5921492377e+04 1.1084894552e+00 
5.2316093243e-11 1.1579997863e+04 7.4883731845e-01 
6.1671018656e-07 1.7174048436e+04 6.0584672334e-01 
1.3798152005e-05 1.9430722416e+04 2.3171216138e-01 
2.1192038648e-07 1.1415550552e+04 8.5435116989e-01 
2.8906235587e-09 1.1755870245e+04 2.3378770004e-01 
6.7289643453e-10 1.1259802603e+04 2.2683465397e-01 
5.8371296881e-08 1.7139772959e+04 8.4624215845e-01 
1.8868037502e-11 1.2382229507e+04 4.2023236161e-01 
2.6113271343e-08 1.2220546819e+04 1.4199073960e+00 
1.0714009068e-11 1.4583978398e+04 5.4844238740e-01 
1.9250490441e-07 1.3423323404e+04 5.4159337550e-01 
3.2654650007e-10 1.4421359548e+04 1.2452168435e+00 
2.1278131641e-08 2.1969388095e+04 8.2784771882e-01 
3.3346142663e-08 1.6188484447e+04 5.1144553341e-01 
1.7713192238e-08 1.3362159100e+04 7.5634929755e-01 
2.4292017381e-09 1.5049224138e+04 7.6447022917e-01 
5.8328894506e-11 2.0608660150e+04 1.3632589816e+00 
3.1854232051e-11 1.5262264199e+04 1.4052575904e+00 
3.0292691861e-11 2.5000000000e+04 1.4330601989e+00 
1.9823300076e-06 2.0441072694e+04 1.5301416056e+00 
1.6767235742e-05 1.1210063658e+04 9.4172059583e-01 
3.2840035470e-06 1.3062031294e+04 9.2247132652e-01 
4.7210120234e-09 1.6490052688e+04 1.1158021662e+00 
3.6973981410e-10 1.2105626268e+04 1.2818924487e+00 
1.3240353323e-09 1.4216033260e+04 1.0121055355e+00 
4.6933370849e-08 1.1920145214e+04 5.5703242394e-01 
1.1118450517e-10 1.5979033041e+04 1.3515272440e+00 
3.1200798766e-08 1.2615186057e+04 1.0257227186e+00 
4.5357192047e-08 1.2729071435e+04 7.0701503243e-01 
1.1375222141e-11 1.3198746409e+04 1.4819943996e+00 
2.1959442665e-08 2.5000000000e+04 6.0515057319e-01 
1.0466307805e-10 1.1227571059e+04 8.8407163759e-01 
3.2488793776e-09 1.4189248272e+04 9.8778079072e-01 
2.0602185176e-09 1.2737235428e+04 5.2369313986e-01 
1.2717768834e-08 1.1269566496e+04 4.2513675115e-01 
5.3006644520e-07 1.1981353134e+04 6.0656579780e-01 
2.3883854125e-07 1.2544960250e+04 6.6504629253e-01 
2.7971830494e-09 1.4581666676e+04 7.4100739216e-01 
1.2095036250e-07 1.1856961965e+04 7.1891174673e-01 
3.0516939804e-11 1.3594562929e+04 8.8063385096e-01 
2.0200189589e-09 1.6238264738e+04 4.5930226975e-01 
2.9230268169e-09 1.3164954323e+04 8.5345652589e-01 
8.7375105359e-10 1.8284577630e+04 7.9383843117e-01 
5.0713498286e-09 1.1859703646e+04 5.5133229278e-01 
2.6795911359e-09 1.4366231217e+04 2.2838030635e-01 
4.4499215047e-09 1.8906049314e+04 5.7213504743e-01 
4.7071757422e-10 1.3865991557e+04 4.5523056986e-01 
4.8640773832e-06 2.3053865751e+04 1.4452591969e-01 
3.7007515628e-10 1.1624824738e+04 1.3521571350e+00 
4.3215410165e-12 1.2558961832e+04 5.3126548301e-01 
3.1606134991e-09 1.1725368641e+04 6.8828964285e-01 
2.6706505364e-10 1.2274681070e+04 9.8762633921e-01 
1.0647109159e-07 1.1997253179e+04 5.2452111345e-01 
1.3945785343e-08 1.4011010443e+04 7.7778512125e-01 
1.5527428586e-10 1.3364857444e+04 1.3922383175e+00 
4.0355084556e-06 1.1310577801e+04 2.7581806305e-01 
2.4264513248e-07 1.5892674386e+04 8.1602005016e-01 
5.3273327600e-08 1.8995174445e+04 4.4951044140e-01 
1.3750997006e-08 2.2767676557e+04 3.3620654921e-01 
1.9102191474e-06 1.8573558091e+04 5.4343064924e-02 
1.7376801129e-08 1.5794153160e+04 7.1594607455e-01 
6.8154335645e-07 2.5000000000e+04 4.1045716429e-01 
4.1181852212e-11 1.6899157765e+04 9.4942645716e-01 
1.7694801964e-05 1.2371801530e+04 5.6758743458e-01 
3.3942227319e-10 1.1911173899e+04 1.2489107239e+00 
2.8451885617e-08 1.4541740069e+04 7.6619818237e-01 
6.2636777590e-06 1.1441162711e+04 3.5910028040e-01 
1.4541882179e-08 1.7263469831e+04 7.3593040715e-01 
2.4802700339e-09 1.3006832176e+04 2.3589531154e-01 
5.4728846750e-11 1.2535572293e+04 3.1364171797e-01 
7.1393094162e-10 1.5201420429e+04 7.5764562198e-01 
3.5844083646e-09 1.3519166705e+04 5.1358138899e-01 
6.7328996071e-10 1.6620605334e+04 1.1609368140e+00 
1.3278331686e-07 1.1219946167e+04 8.6176747246e-01 
2.4214487286e-08 1.1421928939e+04 1.4362505845e+00 
2.5072905450e-06 1.6623308397e+04 4.1982002129e-01 
2.0913455994e-11 1.2283182762e+04 4.7617279906e-01 
1.9908209352e-08 1.9441299589e+04 1.0692993253e+00 
1.3617264450e-08 1.3082921837e+04 6.4011196723e-01 
1.8996213365e-05 1.1444836687e+04 5.9756312461e-01 
3.2745382148e-11 1.5866331189e+04 4.6009391206e-01 
2.2338144554e-09 1.2084979899e+04 9.1565501540e-01 
1.4934694960e-07 1.1467683008e+04 2.8722189669e-01 
4.3136456513e-08 1.4077432822e+04 3.7488094348e-01 
5.9797318382e-10 1.2076126387e+04 7.7293074705e-01 
1.9080344127e-10 1.2083282506e+04 5.4477392141e-01 
5.4621870351e-06 1.1485642355e+04 3.9905569408e-01 
1.6862691428e-10 2.1102119029e+04 2.3808094828e-01 
5.2670877079e-10 1.5096063423e+04 1.2781979202e+00 
8.6663395548e-08 1.1739690074e+04 3.1788864024e-01 
1.3673098348e-09 1.7619518133e+04 1.3448782465e+00 
6.4639462790e-07 1.4381321921e+04 1.4148000272e+00 
6.2769208938e-06 2.0393875274e+04 3.0037754042e-01 
3.9103131132e-09 1.4434641417e+04 1.1032780919e+00 
1.4354098234e-10 2.5000000000e+04 4.0140487398e-01 
3.1056734534e-08 2.1128110488e+04 1.2384066936e+00 
1.7647400917e-08 2.2698966346e+04 6.6314521163e-01 
1.0972263991e-07 1.4830659823e+04 1.0740318032e+00 
7.0682175978e-09 1.1591954717e+04 1.4212377876e+00 
3.5695952704e-06 1.1476642445e+04 1.0865814775e+00 
1.8272594833e-05 2.3419134152e+04 3.7242315895e-01 
5.0135888071e-08 1.2477936766e+04 1.1863324257e+00 
2.0291732030e-10 2.0610622637e+04 1.1701840866e+00 
1.0843871602e-08 1.2304276072e+04 8.5131935767e-01 
4.4559225001e-09 1.1512304193e+04 9.7321880925e-01 
8.2301592476e-07 1.4835974744e+04 7.0104277986e-01 
8.6466811898e-11 2.1496052348e+04 4.3484791471e-01 
7.5453490580e-09 1.6847243366e+04 5.6178975803e-01 
4.0952059129e-09 1.4582868698e+04 7.5168615915e-01 
6.9984928029e-07 1.6950098298e+04 1.1523018813e+00 
6.4760881376e-08 1.1383848656e+04 2.3654987755e-01 
4.0295838381e-11 1.4037606143e+04 8.0065328710e-01 
3.5838741145e-09 2.5000000000e+04 2.4713106976e-01 
1.0339584587e-07 1.1230956192e+04 6.2503163873e-01 
2.7448588108e-09 1.2336599295e+04 3.6013987370e-01 
1.1771303254e-09 1.8472288033e+04 9.0553774722e-01 
2.7015490774e-11 1.7077625535e+04 2.4285863325e-01 
2.0945413981e-08 1.5001319432e+04 4.6438148763e-01 
6.7895532460e-10 1.2344037775e+04 4.2819984688e-01 
9.0886874845e-08 1.2998242384e+04 9.8628254662e-01 
7.9119117955e-10 2.5000000000e+04 6.7388104344e-01 
1.5646827408e-09 2.2093939321e+04 1.3867218605e+00 
2.7475182552e-10 1.2281252820e+04 6.5623484452e-01 
1.1990568728e-08 1.4358450619e+04 8.1761648082e-01 
3.8527346544e-08 1.2253117774e+04 1.2651455029e+00 
1.4346868216e-07 2.0918832169e+04 1.3785459117e+00 
1.1401752355e-09 1.5289743912e+04 1.3841820366e+00 
2.1493111126e-10 1.4116409831e+04 3.9081583127e-01 
2.3695166045e-09 1.4862643800e+04 1.0201227704e+00 
9.0210347241e-09 1.1332630686e+04 6.1438732724e-01 
7.3952197212e-12 1.5662472091e+04 5.5818809160e-01 
2.4644838838e-11 1.4825462552e+04 2.1264967108e-01 
4.4728293333e-07 1.4013599640e+04 8.4878719814e-01 
1.4011275545e-05 1.1214567568e+04 1.3002460659e+00 
4.6732771061e-11 1.2971327515e+04 5.3834272718e-01 
1.1159381905e-10 1.1649528398e+04 4.3956555985e-01 
2.3882850648e-11 1.1566304261e+04 6.0651164990e-01 
5.6341849167e-12 1.2098121587e+04 4.6047734468e-01 
3.8340539704e-08 1.3755054398e+04 8.4416252404e-01 
3.1619101169e-08 1.3184185327e+04 1.0342565758e+00 
5.4282415030e-11 1.5279867195e+04 5.7249485120e-01 
2.4675412797e-09 1.5662011544e+04 1.1114793199e+00 
5.9454314338e-08 1.2739260799e+04 1.4792184617e+00 
1.3910329851e-07 2.5000000000e+04 1.2360533473e+00 
6.0059388373e-12 1.1430789694e+04 6.5629509600e-01 
3.2049300502e-10 1.1375137788e+04 1.2775364837e+00 
4.4816605294e-09 1.8270834088e+04 1.2300035072e+00 
9.6763560522e-12 1.5204928234e+04 8.6621605753e-01 
5.8389581285e-09 2.1365544576e+04 8.4186267482e-01 
6.8273793127e-10 1.6995309555e+04 9.3799500547e-01 
3.9106350558e-09 1.1499994622e+04 4.4060739190e-01 
4.5685275857e-10 1.2420517818e+04 4.5701788084e-01 
2.6804803222e-10 1.3104298645e+04 2.9257157226e-01 
1.9979222015e-06 1.4425598496e+04 6.5274330419e-01 
9.4029990213e-11 1.1325160625e+04 6.2472305686e-01 
3.1059873163e-09 1.2530410845e+04 4.4975654026e-01 
5.7232252064e-10 1.7517787195e+04 1.3675686222e+00 
4.4875651531e-10 1.3478441104e+04 9.1865426182e-01 
1.4908851511e-09 1.1466321487e+04 4.2590061929e-01 
3.5627771022e-08 1.2534032446e+04 2.7865685566e-01 
6.5053492620e-09 1.1959216606e+04 1.3480583165e+00 
4.5343481012e-10 1.2729647949e+04 8.8990013422e-01 
6.6800315964e-11 1.6555273234e+04 1.4066066384e+00 
1.3817831168e-11 1.1571531117e+04 1.0815258837e+00 
6.7436118436e-12 1.2371251736e+04 1.0177348592e+00 
9.8405658845e-10 1.2635515049e+04 9.4022542007e-01 
1.2428000112e-10 1.3142431030e+04 1.2031671653e+00 
1.8098457159e-06 1.3733207452e+04 1.2373550649e+00 
1.4435399601e-07 1.1371516181e+04 8.6432143203e-01 
1.0066756936e-09 1.1427858886e+04 3.3759870876e-01 
6.9906411190e-09 2.4360538624e+04 2.9107729128e-01 
5.3949612084e-11 1.2268490358e+04 9.2500048918e-01 
2.5367666726e-09 1.8590518031e+04 5.4331437489e-01 
5.6611515263e-08 1.3757579290e+04 7.6230259295e-01 
3.2626570976e-06 1.2685705920e+04 1.3297544531e+00 
3.8506301335e-10 1.1326623724e+04 1.7540770505e-01 
1.4291752368e-05 1.3004057935e+04 1.1201363785e+00 
1.7277329674e-08 1.3590742234e+04 6.2195176898e-01 
7.8908083134e-11 1.7363860379e+04 5.1433436030e-01 
8.5879962071e-08 1.1421371504e+04 1.1471261784e+00 
1.2577935417e-08 2.0718906297e+04 9.6554797432e-01 
2.1390620740e-05 1.2578188436e+04 1.1425631087e+00 
1.8719736015e-08 1.1467173005e+04 4.4280853234e-01 
1.2902478688e-09 1.1476448522e+04 8.6761018666e-01 
1.5716602774e-08 1.2629477179e+04 1.1574820769e+00 
6.0180288851e-09 1.4792385784e+04 1.5179931164e+00 
1.2915448419e-09 1.6370863762e+04 1.2034271447e-01 
7.0290737048e-10 2.1861722811e+04 4.5928221755e-01 
6.9990068843e-08 1.3188655980e+04 7.2686753191e-01 
6.4101117145e-10 1.1679682139e+04 1.0233377670e+00 
1.6247205820e-10 1.8459164667e+04 5.2392304671e-01 
1.7923531070e-08 1.5452409468e+04 6.5859748233e-01 
1.1070157507e-09 1.2235386496e+04 6.8721480316e-01 
5.6846298290e-08 1.2117829681e+04 7.6160221948e-01 
4.2829794048e-07 1.1619375545e+04 1.8746677040e-01 
3.2100146754e-09 1.3527475592e+04 1.0064674503e+00 
4.4177347629e-07 1.6843328106e+04 1.3883114846e+00 
4.5494098636e-07 1.1234237588e+04 1.1700280605e+00 
1.3200918674e-05 1.3664159329e+04 7.2153322768e-01 
2.2093582252e-09 1.3784086105e+04 5.6375772731e-01 
3.9381352215e-08 1.5390609490e+04 8.0126936142e-01 
2.8402028262e-09 1.3634041650e+04 1.2801833819e+00 
8.6113666163e-10 1.3479027162e+04 4.7845089842e-01 
1.4629213191e-09 1.1816130403e+04 1.1720014372e+00 
2.3982721981e-06 1.2433104585e+04 1.1556789672e+00 
7.7607421028e-07 1.4773192230e+04 1.1286751181e+00 
7.1338974694e-10 1.3402059378e+04 2.8495207366e-01 
2.1638865575e-09 2.5000000000e+04 7.7588096875e-01 
1.1328042231e-08 1.6494079794e+04 5.6730613168e-01 
3.1538738514e-07 1.5490547258e+04 8.0004493840e-01 
1.0102828458e-10 1.1432832800e+04 4.1652263601e-01 
5.2752357969e-09 1.4013491878e+04 1.4883791061e+00 
3.2327543053e-10 1.4061146194e+04 7.2841555376e-01 
8.3311797592e-10 1.7864176601e+04 5.6626558831e-01 
3.6809409398e-07 1.2615406649e+04 8.6774252369e-01 
1.8260868637e-06 1.1621589416e+04 2.9513465261e-01 
2.4221435185e-11 2.1985933225e+04 4.1800110304e-01 
1.0109244341e-09 1.2619653697e+04 5.4496721242e-01 
3.1311437069e-09 1.1453575448e+04 4.0856007069e-01 
6.2273291333e-09 1.2529717732e+04 3.8436183373e-01 
6.5861566718e-07 2.5000000000e+04 1.3432539464e+00 
1.4063251855e-10 1.1448897396e+04 6.4542515165e-01 
2.5560572479e-11 1.2685603380e+04 4.7202222599e-01 
5.1008039342e-11 1.2544944121e+04 4.9263022478e-01 
1.4426641862e-08 1.3960541568e+04 1.0691875810e+00 
1.3558516712e-10 1.2250743172e+04 6.5745108232e-01 
6.8796341169e-08 2.5000000000e+04 4.2319457966e-01 
8.5762483574e-11 1.3040777899e+04 7.6485782524e-01 
4.9518073263e-09 1.4116061203e+04 1.0124025576e+00 
2.1181206092e-08 1.1325168635e+04 3.4679230759e-01 
1.0885710975e-08 1.4100778246e+04 7.8464509913e-01 
6.0013320084e-10 1.1730369988e+04 3.9004943777e-01 
1.6713873334e-08 1.3693267204e+04 7.0091558895e-01 
1.3777907782e-09 1.5977993004e+04 8.4664169359e-01 
2.4853645378e-10 1.1614605370e+04 8.1585543771e-01 
3.2798128434e-10 2.0895290527e+04 5.6630440703e-01 
1.0778661954e-06 1.3017507493e+04 1.1595549710e+00 
3.1001865230e-07 1.6684132110e+04 7.9362141191e-01 
9.9979142559e-08 1.3126024827e+04 6.8425114980e-01 
8.3528963892e-10 1.2041224664e+04 9.8869341532e-01 
5.9077404050e-08 1.3025719437e+04 3.5626252437e-01 
2.5271436086e-07 1.1460536630e+04 6.5674803130e-01 
3.9111650200e-10 1.2513482378e+04 8.5628489690e-01 
1.9836839247e-10 1.8403457540e+04 1.0457054851e+00 
4.5275213993e-11 1.1423383476e+04 4.3557138972e-01 
2.9530494569e-08 1.5373558738e+04 1.0098758894e+00 
1.8328786219e-09 1.3275265288e+04 1.2196507804e+00 
3.5630134696e-11 2.4362466039e+04 1.1344494791e+00 
8.7424548339e-08 1.1207832135e+04 3.6332308905e-01 
1.1767592024e-09 1.2002320278e+04 4.0992290631e-01 
4.0539203232e-09 1.1476417705e+04 3.5140831852e-01 
1.9402111185e-11 1.2380877644e+04 6.9854170416e-01 
1.3375576598e-08 2.5000000000e+04 1.0968746643e+00 
4.5719548660e-10 1.6035606119e+04 4.7395285422e-01 
4.2933439360e-08 1.1599536990e+04 3.2544860582e-01 
1.3816772863e-09 1.2472996938e+04 9.6570214493e-01 
3.5099557667e-09 1.7098164213e+04 1.9868552806e-01 
5.2161791282e-11 1.4461356200e+04 1.1937191107e+00 
3.7406046707e-10 1.4275290912e+04 1.1320465563e+00 
5.5860343016e-07 1.2083469400e+04 4.3048763840e-01 
1.7582583780e-10 1.1542771929e+04 5.4401888147e-01 
1.7833011022e-08 1.5597471873e+04 3.0895008563e-01 
1.4482601152e-06 1.2159777541e+04 1.1753018234e+00 
4.2384654679e-06 1.3803636389e+04 3.4915820598e-01 
7.5982573759e-11 1.2784481523e+04 1.5073423470e+00 
4.5908359429e-11 1.2542823004e+04 1.0718847805e+00 
2.7652162286e-09 1.2314664625e+04 8.3841538748e-01 
1.3042192233e-10 2.5000000000e+04 9.2067317048e-01 
4.7804384243e-10 1.2774951352e+04 5.2948515181e-01 
3.0837799993e-06 1.3085832219e+04 8.0431958128e-01 
2.2977205043e-09 1.1971280319e+04 1.0294886009e+00 
1.7601284572e-09 1.1388674840e+04 3.9143047468e-01 
8.9050879340e-10 1.8835696148e+04 8.4635910531e-01 
1.7053391737e-10 1.5871367166e+04 6.5908639168e-01 
1.1494546894e-10 1.2873939229e+04 5.5891181354e-01 
4.8974056619e-08 1.2116160736e+04 4.9249625862e-01 
8.8328861154e-08 1.3836424020e+04 9.7126901452e-01 
2.5802034045e-06 1.1549436396e+04 8.9481736708e-01 
1.3858638465e-08 1.5000232814e+04 2.9784456389e-01 
1.4441642275e-08 1.4073874816e+04 3.6414956401e-01 
2.7258036816e-08 1.2262275440e+04 8.8104626374e-01 
2.3993624064e-07 1.3724401141e+04 7.4052360244e-01 
9.6680975363e-08 1.2272942185e+04 1.1812798863e+00 
1.6555164004e-10 1.1839578174e+04 8.5423657761e-01 
2.6684659095e-09 1.2745622103e+04 8.9138025351e-01 
6.9122844371e-11 1.1584057314e+04 7.8643857803e-01 
1.9132733862e-10 1.5603092265e+04 4.4716264216e-01 
2.3842308550e-11 1.3501061614e+04 7.7512052113e-01 
2.4813500423e-09 1.1701351183e+04 1.4799333463e+00 
3.4830644211e-08 1.2494106338e+04 8.1751462926e-01 
6.9421097280e-11 1.3151732240e+04 9.3069717108e-01 
2.1000813245e-08 1.2162072571e+04 1.3131974652e+00 
4.2693824271e-10 2.1803804942e+04 1.3365430728e+00 
6.3516841212e-09 1.4150325888e+04 1.2216575816e+00 
5.5484755733e-08 1.3326907752e+04 8.1431221626e-01 
2.4818652733e-07 1.4121785835e+04 1.0041299716e+00 
5.5220084841e-08 1.5978439900e+04 4.6753634079e-01 
4.4469779300e-09 1.1779562768e+04 8.2259357933e-01 
1.6853125748e-09 1.1916712950e+04 9.9169591878e-01 
1.3155802250e-09 1.1234091190e+04 9.0829922840e-01 
8.8833752988e-11 1.2531281064e+04 9.7432576030e-01 
4.5668522183e-09 1.2414064387e+04 9.7807898294e-01 
4.6398378090e-07 1.1311999131e+04 1.2479340553e+00 
3.9450638382e-12 1.5767917494e+04 6.8574060281e-01 
8.0859104292e-07 1.2444273435e+04 6.0784830243e-01 
5.3791548309e-10 1.2810003378e+04 7.0956460388e-01 
4.2637361119e-11 1.1842457992e+04 4.4499632676e-01 
3.0489907341e-07 1.1558881632e+04 1.2724874754e+00 
4.5239902737e-10 1.3930225006e+04 7.1583778389e-01 
1.0230536810e-08 1.1940275493e+04 6.3018349646e-01 
2.9337211033e-08 1.4393158829e+04 1.0144176644e+00 
3.2400186978e-08 1.5330003835e+04 1.1900278114e+00 
1.8614740692e-10 1.2161523649e+04 1.0179114193e+00 
1.3742050204e-06 1.2376614802e+04 1.0163836932e+00 
5.9050838209e-08 1.2871778441e+04 2.9090680724e-01 
5.0525231033e-08 2.5000000000e+04 1.0986058855e+00 
2.0141728177e-08 1.1689844771e+04 9.9805363240e-01 
2.3989023180e-09 1.2449905003e+04 3.4461562876e-01 
1.3564748249e-08 1.1762627905e+04 4.8507973312e-01 
2.5154765533e-06 1.9857594804e+04 9.7409905727e-01 
2.5690731203e-05 1.2321989953e+04 1.1077415098e+00 
4.8856059385e-08 1.4377973586e+04 1.0125040732e+00 
4.5963860595e-08 1.1348349016e+04 1.3940034241e+00 
1.3677439629e-08 1.2784445360e+04 7.0729748242e-01 
9.5531798161e-10 2.5000000000e+04 7.1993131624e-01 
1.6947833697e-10 1.5229771422e+04 7.8393092040e-01 
2.2397392557e-05 2.5000000000e+04 1.2625654354e+00 
1.2699555604e-09 1.1882234688e+04 9.0778580684e-01 
2.4911601280e-08 1.5990193113e+04 6.8985237669e-01 
3.7792696719e-07 1.2127356281e+04 8.7802229658e-01 
4.9277819208e-07 1.5282501004e+04 9.2731204841e-01 
1.1477099425e-09 2.5000000000e+04 9.4825379592e-01 
1.2101988696e-08 1.5135133957e+04 8.8095504190e-01 
3.9584174271e-07 1.3262955607e+04 3.5110531943e-01 
2.7602625394e-10 2.3012361829e+04 3.0308775902e-01 
2.6021087409e-07 2.5000000000e+04 4.6398696828e-01 
1.0790898005e-07 1.1225078243e+04 7.3111104836e-01 
5.8987038509e-09 1.2198262670e+04 1.2924583245e+00 
6.3712973549e-06 1.2048664105e+04 7.1679828705e-01 
1.5178953472e-10 1.6453658191e+04 1.1270558113e+00 
6.7462265267e-10 1.1236316599e+04 9.3566758808e-01 
4.1402977424e-11 1.1558017686e+04 3.9871276126e-01 
5.3576674608e-08 1.1941197244e+04 5.1006752905e-01 
1.2620052376e-08 1.3770414238e+04 7.2378822174e-01 
6.6104928827e-12 1.3149177950e+04 5.0685651814e-01 
1.5933071264e-08 1.2690222043e+04 1.0562470271e+00 
6.3710288914e-08 1.1916157694e+04 8.9789979139e-01 
1.9573364972e-10 1.2566872980e+04 1.3754328923e+00 
2.6642693488e-09 1.1839093062e+04 9.1234403178e-01 
3.9367796210e-10 1.2397371378e+04 7.7670276202e-01 
6.2920438344e-07 1.6613151053e+04 1.0596098006e+00 
3.4817160082e-07 1.1364253348e+04 1.1911238537e+00 
4.7354790166e-07 1.8636875392e+04 8.8362361899e-01 
5.4193183240e-07 1.9107416366e+04 1.0663324708e+00 
1.8114585141e-09 1.6896149939e+04 1.2643282749e+00 
5.7997294509e-09 1.9153573195e+04 1.4587009123e+00 
7.5501621470e-09 1.1838165694e+04 9.5926897715e-01 
1.1546076508e-09 1.1820616053e+04 7.0350697738e-01 
7.3599613819e-09 1.5765545268e+04 1.1762487399e+00 
2.8278765485e-10 1.5360111366e+04 1.1080275599e+00 
1.0268513256e-07 1.5141558651e+04 7.5763797316e-01 
2.0274703899e-08 1.7485615683e+04 9.0219985364e-01 
8.0782270144e-10 1.3852423522e+04 9.8369610951e-01 
7.3569661947e-11 1.5256736500e+04 5.0304048900e-01 
9.3270228022e-11 1.1506527575e+04 3.7741274519e-01 
5.8124434145e-09 1.3629169096e+04 1.0608884982e+00 
1.7691204559e-09 1.4727666662e+04 1.4626883058e+00 
1.5847016179e-09 1.9237707650e+04 1.0751136366e+00 
1.1250324468e-05 1.1973068704e+04 1.2848214097e+00 
2.0988472560e-10 1.3661725152e+04 1.2619673105e+00 
3.7815051754e-09 2.5000000000e+04 1.2760522413e+00 
9.2117069926e-09 1.1997899159e+04 9.8021851282e-01 
3.6394644821e-08 1.2456916841e+04 1.5783875856e-01 
7.7309677482e-07 1.1213268652e+04 7.3138645062e-01 
8.4758033036e-09 1.1580006630e+04 4.4715739403e-01 
3.2683814584e-09 1.3273191764e+04 9.4624692261e-01 
4.7817165190e-09 1.9289361341e+04 1.0103536319e+00 
4.1219307356e-07 1.3531512679e+04 1.1678140881e+00 
1.2643760379e-10 1.8663325173e+04 2.5354700326e-01 
6.6579874749e-10 1.3700500220e+04 7.7788755245e-01 
1.4840854991e-10 1.4447092770e+04 7.0976419055e-01 
1.2100915212e-07 1.2258852177e+04 8.7151799451e-01 
3.1060183137e-08 2.2842948748e+04 7.9255050434e-01 
5.5184614256e-09 1.2630397279e+04 1.2214670785e+00 
6.2114741099e-07 1.2873246929e+04 8.0110758606e-01 
4.3740692755e-08 1.1438683881e+04 4.5384134259e-01 
8.9291680917e-07 1.5305572828e+04 2.1636344772e-01 
4.0959684388e-07 2.0215858417e+04 3.4073798513e-01 
4.4499984367e-09 1.1333861640e+04 7.9290726177e-01 
2.0629795238e-08 1.3072653342e+04 1.4925647919e-01 
9.0574281548e-09 1.4650693776e+04 2.6126884848e-01 
3.2408997753e-10 1.9911750120e+04 1.0699793066e+00 
1.0163387868e-08 1.6034822640e+04 8.5702997078e-01 
1.9435876932e-09 1.1710695160e+04 1.2178093342e+00 
9.7021539764e-11 1.4072792063e+04 9.8853708152e-01 
1.1082972927e-09 1.2897032103e+04 5.1216231140e-01 
3.7879147946e-08 1.3454091109e+04 3.9902103664e-01 
1.4833459839e-08 1.3755913256e+04 7.9591758822e-01 
4.6746064280e-08 1.7356094595e+04 8.7414576223e-01 
2.4945103156e-10 1.2708871683e+04 6.2441139548e-01 
6.0473570707e-10 1.4336200248e+04 1.2116245050e+00 
7.0303784413e-07 1.3005442536e+04 9.9910469623e-01 
1.0652782277e-06 1.1657437104e+04 1.0748949163e+00 
1.9954962430e-07 1.9262531004e+04 1.2260706975e+00 
1.1152158188e-07 1.1299312301e+04 2.0061823490e-01 
1.0686815130e-11 1.1553692892e+04 1.4420610710e+00 
5.4800719394e-09 2.5000000000e+04 7.4617974733e-01 
2.0015135834e-08 1.3937274977e+04 9.6593485101e-01 
2.1701596778e-05 1.2547417042e+04 4.0781685530e-01 
3.2667116851e-07 1.1353419390e+04 8.0932357336e-01 
1.6909067898e-08 1.2843864765e+04 1.3559395816e+00 
7.9046217082e-08 2.5000000000e+04 6.3802780030e-01 
7.7068184563e-09 1.1203546293e+04 5.1101411426e-01 
7.9236186003e-07 1.1425601356e+04 1.2029783070e+00 
7.3349370262e-09 1.2943664003e+04 4.8295208435e-01 
9.5285919354e-07 1.1566333811e+04 8.7549612771e-01 
9.9209229102e-08 1.1778224154e+04 7.6662457312e-01 
4.9640797354e-11 1.1951414402e+04 6.4563819675e-01 
1.8225475744e-10 1.2889105896e+04 8.3123837927e-01 
2.7961070614e-07 1.2266288580e+04 1.1650388031e+00 
6.0344663332e-11 1.6631045987e+04 7.5518892466e-01 
6.9521950020e-10 1.1444822775e+04 7.4547006630e-01 
5.3012518468e-10 1.2013273395e+04 7.1924566692e-01 
2.5227361345e-09 1.5177441770e+04 4.0260749610e-01 
8.8472422958e-09 1.1330638788e+04 3.3244067539e-01 
4.7975600014e-11 1.3036286785e+04 9.6595722080e-01 
2.5462990747e-11 1.3531562095e+04 1.3999687079e+00 
2.0327718032e-08 1.1475784575e+04 1.2994876962e+00 
2.3617939082e-10 1.5564593082e+04 1.0086962347e-01 
4.6800339107e-07 1.6340012909e+04 5.2870239176e-01 
3.7007687307e-10 1.8733993985e+04 7.4321586497e-01 
1.0975677519e-09 2.5000000000e+04 3.2616549601e-01 
5.1228922092e-10 1.2739063432e+04 9.0880152866e-01 
8.7717302794e-08 1.4396950161e+04 8.0266425761e-01 
2.9942182976e-11 1.4314473574e+04 1.0150827329e+00 
2.5686776041e-11 1.1634986515e+04 6.3613643080e-01 
1.4607265763e-09 1.8410597168e+04 6.8258325071e-01 
1.4632184440e-08 1.3482874827e+04 3.4306344126e-01 
4.4391191346e-10 1.4517252150e+04 8.1011817636e-01 
1.8796366579e-08 1.2800682058e+04 1.0077516112e+00 
8.0545436054e-10 2.1538083222e+04 1.0928890171e+00 
2.2546849918e-08 1.2925344027e+04 7.1880882867e-01 
8.4449468752e-09 1.1324763986e+04 4.7732572639e-01 
3.4105578893e-10 1.4547782503e+04 1.1837224063e+00 
7.3802307738e-12 2.1244764117e+04 1.1907621717e-01 
2.9894407039e-08 1.3269769208e+04 3.6745954968e-01 
2.8050079919e-10 2.2570781085e+04 1.5256484595e+00 
3.7566629796e-07 1.3186041216e+04 9.4510572043e-01 
4.2044008199e-08 1.7018700957e+04 1.0142499258e+00 
1.6442116958e-08 1.1386243517e+04 7.5209004044e-01 
2.1764478129e-09 1.4118151346e+04 4.1527508004e-01 
3.0667550753e-09 1.7616546294e+04 1.4079166919e+00 
4.9073094097e-09 1.2124903959e+04 1.1271843101e+00 
3.3141458015e-10 1.3380313346e+04 8.2537738099e-01 
6.1434559566e-07 2.5000000000e+04 1.3722991948e+00 
5.6863633140e-11 1.2617584262e+04 1.0444108580e+00 
2.4046967888e-07 1.1914777495e+04 8.6922671174e-01 
3.5778379492e-10 1.3553158122e+04 6.4044059024e-01 
5.5230317895e-07 1.1734430776e+04 6.2748852522e-01 
1.9378095655e-07 2.5000000000e+04 1.5241149202e+00 
1.8439292832e-10 1.8223410100e+04 8.6592616663e-01 
8.4936277883e-10 1.2103290906e+04 1.2573631968e+00 
9.2886116179e-11 1.2447533711e+04 3.1410564744e-01 
9.9198265545e-09 1.1632377232e+04 1.0049986190e+00 
3.4864063404e-09 2.5000000000e+04 7.0411331719e-01 
3.1647975279e-09 1.2082733687e+04 7.8279546429e-01 
3.9034557607e-06 1.2148940541e+04 1.1243385604e+00 
1.7761614097e-09 1.5147607257e+04 7.7972163618e-01 
4.9240185535e-09 1.1787046055e+04 7.4010536729e-01 
3.8908338653e-11 1.2089890218e+04 9.4846235004e-01 
5.6968709966e-09 1.2323730399e+04 7.7325639493e-01 
3.9316753453e-06 1.5957601857e+04 3.4017405111e-01 
1.0487097652e-10 1.1597146281e+04 7.8897457835e-01 
1.8444784700e-09 1.4201536474e+04 6.0692831049e-01 
1.9069021633e-07 1.8365870990e+04 1.0852895941e+00 
3.3397727396e-10 1.7854727684e+04 1.2202590827e+00 
1.3900093835e-08 1.1337426112e+04 8.0805240331e-01 
4.9072915876e-10 1.1583088061e+04 1.1023548286e+00 
3.6953059340e-11 1.1603161586e+04 7.1216309311e-01 
2.1012079492e-07 1.1989062373e+04 7.8108317373e-01 
2.5341510221e-10 1.1518116838e+04 6.2539898821e-01 
3.9794768439e-07 1.5554226665e+04 3.1041628141e-01 
4.5824837455e-07 2.0799894302e+04 9.6049736927e-01 
9.3287031598e-07 1.2986613289e+04 7.4990206475e-01 
3.5489572859e-09 1.1932150278e+04 9.1068545494e-01 
2.0822769672e-08 1.4121321705e+04 2.9190491312e-01 
9.0804415110e-09 1.2755437464e+04 1.4191059265e+00 
2.0651233221e-09 1.1558849797e+04 6.3196059394e-01 
2.7226641728e-05 1.6020302347e+04 3.9391828905e-01 
2.5543573029e-09 2.1048296152e+04 1.4686271373e-01 
2.0662249121e-08 1.2132517581e+04 7.7388912264e-01 
5.5725501615e-10 1.1235116485e+04 8.0256967342e-01 
6.9117807741e-08 1.2328177499e+04 9.1966190927e-01 
9.8797931165e-08 1.1236883346e+04 9.0635243282e-01 
4.0021332748e-10 1.3214416154e+04 7.4312980832e-01 
1.8342805503e-10 1.8124632335e+04 9.4987428392e-01 
1.0051250452e-11 1.2868938139e+04 1.0668575964e+00 
9.5829717231e-09 1.2212916252e+04 9.1362482721e-01 
2.4284147564e-07 1.2094261006e+04 1.2121131669e+00 
1.0524022937e-09 1.4736331673e+04 1.0867440340e+00 
1.2285582299e-11 1.1301207171e+04 1.3417698436e+00 
1.6206204744e-05 1.7881387318e+04 6.6100764979e-01 
8.3535858994e-10 1.2447305179e+04 1.1076200508e+00 
5.3197936828e-09 1.1476615012e+04 8.0526375288e-01 
1.1280188337e-07 1.2683623270e+04 1.0009006244e+00 
2.5204456178e-05 1.5324164208e+04 9.5797298283e-01 
7.5274749005e-09 1.9566776828e+04 7.5176656360e-01 
1.8234719367e-06 1.1470463586e+04 7.6273408663e-01 
9.1458368797e-09 1.1317654022e+04 8.2256412553e-01 
2.9387975392e-10 1.4893934797e+04 1.1152894701e+00 
2.1893831525e-09 1.2901234807e+04 1.8830284599e-01 
4.8259591075e-08 1.2310748694e+04 1.4852300842e+00 
2.7300400275e-06 1.6516949446e+04 9.3120556243e-01 
3.6201620523e-11 1.4790418236e+04 5.7909104198e-01 
9.3131888841e-10 2.5000000000e+04 9.6999723807e-01 
4.7615666098e-08 2.5000000000e+04 1.2381397878e+00 
7.7957709820e-09 1.5381124015e+04 7.8900677630e-01 
5.1417722889e-06 1.2983749387e+04 4.6555535735e-01 
2.1307905522e-10 1.3798952388e+04 1.0310630957e+00 
1.3014760558e-07 1.3261507126e+04 1.1618068619e+00 
2.6906833758e-07 1.1918369581e+04 8.6110070653e-01 
2.2523903857e-08 1.1262675239e+04 8.4789442700e-01 
5.3511972537e-12 1.2681552377e+04 1.0339894153e+00 
5.4728584582e-06 1.5187767716e+04 1.2293707423e+00 
2.3624076693e-11 1.5685918517e+04 5.4395482379e-01 
1.0626168476e-11 1.6970475461e+04 6.1575668648e-01 
7.2918640898e-09 1.1781563606e+04 1.1182455509e+00 
2.1869443260e-07 2.3902087463e+04 5.4428099501e-01 
4.3877791633e-10 1.1736014065e+04 7.1696165494e-01 
2.1663700337e-11 1.6643888552e+04 5.4687397346e-01 
5.9484181033e-12 1.5678428231e+04 7.2528566992e-01 
9.6860122747e-12 1.2326778197e+04 3.2717909208e-01 
1.4508989820e-06 1.1660959824e+04 8.3221514852e-01 
2.0159675985e-09 1.5212705660e+04 1.0384424749e+00 
5.5681932697e-09 2.5000000000e+04 4.6701964404e-01 
2.9639413151e-06 1.3634661071e+04 1.1418762646e+00 
2.7968262260e-09 1.1426238395e+04 1.0181312577e+00 
1.0281595358e-07 1.4113965683e+04 1.1916318971e+00 
2.2487114801e-06 1.2291653207e+04 1.3707300639e+00 
1.1772560577e-09 1.2153971590e+04 9.4128938225e-01 
1.5517391905e-08 1.2641229603e+04 6.4404846053e-01 
4.8446813142e-12 1.6247585578e+04 1.5093416745e+00 
1.7953123548e-10 1.2089442612e+04 3.4607147330e-01 
1.6495442926e-09 1.8155163864e+04 1.3174875299e+00 
1.9188651840e-06 1.5618963351e+04 1.3193071755e+00 
5.1742883320e-07 1.3434315236e+04 8.5090003150e-01 
4.1560232009e-07 1.4919417457e+04 1.0526003510e+00 
4.1790244305e-10 1.1973937092e+04 7.3340157435e-01 
1.3334476014e-10 1.2769755015e+04 6.2819384698e-01 
1.0088410772e-08 1.2385197678e+04 4.8393216146e-01 
3.0856096493e-07 1.4307759553e+04 8.7256754483e-01 
4.5695797457e-08 1.8149806628e+04 7.3190975777e-01 
3.9472133003e-10 1.7804760259e+04 6.8357663066e-01 
2.1074919717e-09 1.5342543208e+04 9.0820372842e-01 
1.2322256047e-08 1.1284020702e+04 6.2267311848e-01 
1.0685532572e-08 1.2120146762e+04 3.5302377716e-01 
5.8502948532e-09 1.7736974537e+04 1.0967504087e+00 
1.9111944434e-08 1.1978104330e+04 1.0963485050e+00 
1.5252410503e-08 1.1692540989e+04 1.1378297464e+00 
2.9988214003e-06 2.5000000000e+04 5.4584285350e-01 
1.3662929542e-11 2.0368036325e+04 6.8997183724e-01 
1.4124708338e-09 1.5280391060e+04 9.4410710489e-01 
1.1467440866e-08 1.6939935432e+04 1.6481212294e-01 
2.0081160588e-10 1.5640759981e+04 8.7503941813e-01 
2.1034657530e-11 1.2687011902e+04 1.0348079371e+00 
1.7404576061e-08 1.1283202031e+04 4.1746004430e-01 
4.8300122316e-11 2.5000000000e+04 7.7693651881e-01 
4.9629939061e-07 1.2273466660e+04 1.1907733865e+00 
9.2581065451e-11 1.2025431675e+04 1.0671176499e+00 
2.5698539149e-07 1.5269267399e+04 1.3555549985e-01 
7.8139602026e-12 1.1390274544e+04 1.1761176829e+00 
4.7382547427e-10 1.1534391874e+04 9.3724045147e-01 
1.3735393282e-08 1.3069017004e+04 3.5741092580e-01 
6.4336019558e-06 1.5373988348e+04 7.6716223244e-01 
4.3164547022e-09 1.4819051636e+04 2.7167703895e-01 
2.3391633140e-10 1.1244259569e+04 5.1596298475e-01 
8.0773505638e-10 1.1559132844e+04 4.0067532995e-01 
9.3288419617e-08 1.4375315172e+04 2.9891210530e-01 
1.6559074509e-07 1.1319022906e+04 3.2104295682e-01 
2.6847459221e-08 1.6216043441e+04 1.1146874901e+00 
6.0553528275e-07 1.2912969819e+04 2.7953763846e-01 
3.2705605505e-06 1.2136712970e+04 1.0611164408e+00 
3.4091961190e-10 1.5049799410e+04 7.3234067708e-01 
1.0491081084e-09 2.5000000000e+04 5.3744955062e-01 
2.3541983610e-10 1.1369447810e+04 1.2099232572e+00 
8.3428165791e-12 1.1875933338e+04 6.5158274980e-01 
1.2950587234e-10 1.1894771649e+04 7.5596956721e-01 
1.6036196967e-06 1.3891360378e+04 1.4010154430e+00 
2.3565594616e-08 1.4675575987e+04 4.8406684577e-01 
2.0372402317e-06 1.1576780156e+04 1.1094248441e+00 
1.2902404285e-08 2.5000000000e+04 4.6771032270e-01 
2.5278020342e-08 1.2242568509e+04 1.0312378646e+00 
1.9354807845e-10 1.8142889935e+04 9.7360186441e-01 
8.5179301890e-11 1.4872544328e+04 9.5808389682e-01 
4.6808183629e-09 1.2150821156e+04 1.1080909119e+00 
5.1490177188e-08 1.2263744880e+04 4.7983256460e-01 
1.0521971547e-07 1.6988920004e+04 1.0212816883e+00 
4.0320399905e-09 1.6019113404e+04 3.6380904633e-01 
2.8657924532e-08 1.1401840816e+04 9.5522336513e-01 
1.2235199889e-09 1.2544350881e+04 1.4750818539e+00 
1.8809319002e-10 1.2794348054e+04 5.0635269996e-01 
7.8242355195e-07 1.4043912001e+04 7.1622732844e-01 
1.7050934957e-10 1.1702900760e+04 2.3699267416e-01 
9.2501183689e-09 1.2162563138e+04 3.7492374009e-01 
1.5966734646e-09 1.2141026047e+04 8.4103911404e-02 
1.7695543926e-06 1.1588502326e+04 6.2980030214e-01 
8.6407300591e-09 1.1695611230e+04 1.0564699095e+00 
3.7819948305e-10 1.1807268712e+04 6.7639051233e-01 
2.0310490025e-07 1.3529938311e+04 7.2950610240e-01 
1.5407418617e-05 1.1421318229e+04 1.0710184857e+00 
3.9054870515e-10 1.7461959136e+04 1.1301313819e+00 
1.1806489782e-09 2.1210259241e+04 7.2745852168e-01 
1.1480213554e-09 2.5000000000e+04 1.0242619326e+00 
8.2688066701e-07 1.2371773495e+04 9.9265874549e-01 
1.8120339978e-05 1.2534701244e+04 3.1815734598e-01 
1.0134617601e-10 1.2384909159e+04 3.1654719442e-01 
1.3515599208e-06 1.4838691247e+04 6.9402172024e-01 
5.8475961011e-11 1.2865981367e+04 1.0693559814e+00 
1.6617922765e-07 1.5082362955e+04 5.9140306369e-01 
5.5346800503e-10 1.1225437322e+04 1.3145833500e+00 
7.0168616808e-08 2.5000000000e+04 1.1004345913e+00 
3.7813198123e-10 1.2712745109e+04 4.7358016652e-01 
4.6499308047e-10 1.1714550198e+04 1.0730078415e+00 
1.8204407881e-08 1.7524138379e+04 3.2195348003e-01 
1.5119371741e-10 1.7834349214e+04 6.9049053577e-01 
5.4428629138e-09 1.3061453985e+04 3.5339569304e-01 
6.5236697215e-07 1.6140905675e+04 1.0980902001e+00 
3.6743377301e-10 1.4667537583e+04 1.4540550444e+00 
8.7154578156e-09 1.2341224013e+04 4.8763371753e-01 
3.7739254482e-06 1.9076272780e+04 9.6343317158e-01 
6.1629748909e-11 1.6351143875e+04 6.6184026231e-01 
9.7978311574e-07 1.1884458432e+04 1.1221203724e+00 
5.1176557514e-10 1.3544450163e+04 6.9279902216e-01 
2.2448170507e-08 1.2690057178e+04 6.8143821295e-01 
2.4425264268e-07 1.2655768589e+04 9.5568859904e-01 
3.1317798673e-10 1.3218380071e+04 7.1060935304e-01 
2.6905284761e-08 1.1877359287e+04 7.0426306972e-01 
5.0671928082e-08 1.3475674571e+04 8.1902637165e-01 
1.7661708778e-07 1.1975781294e+04 4.5946409325e-01 
8.2167821442e-10 1.3221262591e+04 2.9720772183e-01 
1.1068579636e-07 1.2450970292e+04 8.2232463926e-01 
9.9783546597e-09 1.2954745809e+04 6.3668594105e-01 
7.2380000982e-07 1.2382327310e+04 1.2835163419e+00 
4.7331462399e-09 1.4976087314e+04 4.3474454960e-01 
9.5196421697e-09 2.5000000000e+04 6.1582496616e-01 
1.0471779332e-09 2.5000000000e+04 6.2695175644e-01 
7.7570544344e-08 1.2167964440e+04 1.2288699397e+00 
1.6960966709e-10 1.3659485553e+04 2.8908908938e-01 
7.9103744730e-07 1.1748720880e+04 8.1890668307e-01 
7.5426148448e-10 1.1737296121e+04 1.4678511337e+00 
1.1324253450e-08 1.5591543935e+04 5.9111930143e-01 
1.3718791963e-09 1.1701248596e+04 3.3377981301e-01 
2.4576716804e-09 1.2441550250e+04 7.4117161121e-01 
6.8160464083e-09 1.7470930073e+04 5.2226724448e-01 
3.1566713614e-09 1.5916974265e+04 5.0015582215e-01 
2.0753860181e-08 1.2321441471e+04 4.8831419679e-01 
1.8233878210e-08 2.1187869762e+04 8.0322393094e-01 
7.6508980576e-11 1.2534931245e+04 1.4879451057e+00 
1.6720891389e-08 1.8204871147e+04 4.7330916555e-01 
2.9538986690e-09 1.4985845739e+04 1.2317361962e+00 
3.9301341267e-08 1.2751960198e+04 1.1622878325e+00 
8.4004320945e-10 1.1358370621e+04 5.2721322497e-01 
1.0606883214e-08 1.2353107443e+04 9.5662902302e-01 
1.1858731696e-07 1.3676041008e+04 9.6286707765e-01 
2.1735261873e-07 1.1212921117e+04 4.1412446223e-01 
1.3291742837e-09 1.2346291794e+04 1.4911769790e+00 
4.4989806189e-06 1.5550062925e+04 7.7781680350e-01 
1.9244372938e-10 2.2099882924e+04 5.3394124174e-01 
1.2940137988e-10 1.1495789170e+04 5.5914827064e-01 
9.5715046125e-06 1.3128138376e+04 8.9191170730e-01 
3.2027128439e-09 1.2995869530e+04 6.1612318569e-01 
3.6763279512e-12 1.4668851902e+04 5.8042395906e-01 
1.6714912543e-09 1.1693771175e+04 7.5652668000e-01 
1.6471009403e-06 1.2182604716e+04 6.3385511174e-01 
9.8553696457e-11 1.2868393286e+04 1.3019439697e-01 
2.1846936697e-09 1.1860029663e+04 1.1284418132e+00 
5.2008747446e-11 1.9370748934e+04 7.8753466757e-01 
2.6143923618e-10 1.6422181460e+04 6.1674173084e-01 
7.5370820930e-10 1.2036280462e+04 8.6810403905e-01 
8.7402903483e-10 1.5267693967e+04 4.3907002119e-01 
7.2052343716e-10 1.3036797138e+04 4.0566911316e-01 
6.6959614629e-06 1.1655942067e+04 6.8217874853e-01 
1.1347177721e-06 1.1294265556e+04 2.2218517576e-01 
3.3751942220e-11 1.6299266854e+04 1.0065272382e+00 
1.0377056224e-08 1.4258656980e+04 5.4332297476e-01 
2.6167783011e-08 1.3677110214e+04 1.1692416605e+00 
3.7264145828e-08 1.2454709529e+04 5.1376995327e-01 
4.4952904775e-06 1.5606392668e+04 2.6527333519e-01 
5.7301127285e-07 1.3058743264e+04 9.3550561264e-01 
1.1285155671e-09 1.1307888389e+04 1.1494391564e+00 
1.8557261148e-06 1.9081812211e+04 3.0348633810e-01 
7.9232982660e-06 1.2194806882e+04 4.3914938272e-01 
8.5607905021e-08 1.2596163547e+04 4.8888135228e-01 
4.3026227896e-10 1.7113342776e+04 1.0399012949e+00 
3.7210111074e-06 1.4225967735e+04 8.2483700543e-01 
1.2288767186e-08 1.4550689605e+04 2.7703787686e-01 
3.7897497929e-07 1.6100341785e+04 4.9807623269e-01 
9.8677477077e-07 1.1735091568e+04 1.1134968902e+00 
1.3212853051e-08 1.3427251096e+04 1.4037493033e+00 
1.1452870648e-08 1.2770975387e+04 1.0516943979e+00 
1.2833331972e-06 1.3422489106e+04 8.9465804820e-01 
4.0106099756e-10 1.2008360237e+04 1.1615578860e+00 
1.8319377774e-10 1.6155522890e+04 6.8712887098e-01 
2.4001968576e-11 1.2792684777e+04 8.7554910813e-01 
5.5331679098e-06 1.2182923981e+04 1.0195196337e+00 
2.5074996392e-08 1.2540245924e+04 4.1091401051e-01 
2.5761311236e-09 1.2642367541e+04 6.3451782656e-01 
4.9533405942e-09 1.4490335876e+04 9.7940718261e-01 
4.8283939573e-12 1.6165296993e+04 3.8305434436e-01 
1.6433296488e-10 1.2070628287e+04 7.7984224401e-01 
5.6154495062e-10 1.1733317436e+04 1.0365075858e+00 
2.6300804675e-06 1.1497190183e+04 8.5290318283e-01 
1.0422989228e-09 1.5027572534e+04 1.3324910426e+00 
1.0059844739e-11 1.3488601498e+04 2.9149282090e-01 
3.2141840190e-08 1.2815077242e+04 1.0339471489e+00 
1.5629127024e-10 1.2500587945e+04 1.0056438026e+00 
5.7854488384e-09 1.4092809799e+04 9.1562855675e-01 
1.0358118964e-05 1.3308887096e+04 1.1068653164e+00 
6.3932472816e-10 1.2169452629e+04 1.0926543743e+00 
6.4772120847e-10 1.7330097021e+04 9.2206228491e-01 
6.8566452851e-12 1.2061184236e+04 2.5434608557e-01 
1.3133001786e-09 1.2434997709e+04 7.6907094825e-01 
1.0592721867e-05 1.7452835014e+04 2.6754547412e-01 
1.7412161190e-06 1.4799532654e+04 5.5959529806e-01 
1.0291136003e-09 1.7634783477e+04 5.0553956781e-01 
1.3208881059e-07 1.1737918071e+04 8.7771507045e-01 
4.2308556332e-12 1.6263631513e+04 2.0902759540e-01 
3.2000368785e-10 1.2070473981e+04 1.9152998371e-01 
6.6809480179e-11 1.2189989060e+04 6.0067376056e-01 
1.1075033015e-08 1.5111591214e+04 3.9896713367e-01 
1.4597667502e-10 1.4620782320e+04 1.2044638689e+00 
1.6112805928e-08 1.1680089417e+04 4.4199120478e-01 
7.6052401143e-12 1.8310528229e+04 5.7536762122e-01 
1.1957908029e-09 1.2334071496e+04 5.3666513138e-01 
3.0335073017e-08 1.5387843298e+04 9.9359002421e-01 
8.2267604999e-10 1.1969558799e+04 5.0660552576e-01 
2.0366420696e-08 1.3308119527e+04 8.7690299853e-01 
1.8817896844e-08 2.5000000000e+04 5.2699341033e-01 
1.2447265684e-10 1.1618640388e+04 8.5988812488e-01 
1.1605665523e-06 1.7926067089e+04 5.7298274495e-01 
3.8181721739e-10 1.1327469597e+04 1.0414955908e+00 
6.9630390526e-09 1.2487447488e+04 9.9810488829e-01 
6.2663523401e-08 1.6667098186e+04 1.0795702693e+00 
4.7316524881e-07 1.1776472631e+04 8.8240605048e-01 
4.8270370766e-09 1.8319611995e+04 3.5824203982e-01 
1.3513062612e-11 1.3771792388e+04 2.4562161791e-01 
2.6034108945e-10 1.1753226610e+04 1.0508172908e+00 
3.2634369260e-10 1.1575383638e+04 7.2863218363e-01 
3.1595528552e-10 2.2096551311e+04 3.6992781131e-01 
3.5785475953e-10 1.1524952475e+04 1.0419217133e+00 
1.2285581496e-10 1.2065961072e+04 7.5054564250e-01 
5.2328223956e-09 1.4927662232e+04 1.3091807079e+00 
1.1744556163e-08 1.2004658504e+04 6.2208814840e-01 
9.8028959401e-08 1.1626330628e+04 7.9105595977e-01 
9.6904160727e-10 1.7773274364e+04 4.1827047467e-01 
1.4792066062e-09 1.4795747483e+04 5.0547698902e-01 
1.3251942288e-07 1.2198528245e+04 5.5529153388e-01 
3.9450192749e-12 1.4612577375e+04 4.8765508778e-01 
4.6391131534e-09 2.0925938312e+04 1.4730477766e+00 
4.4137038027e-09 2.5000000000e+04 1.2545268242e-01 
1.9286568204e-11 1.2246904862e+04 1.3061764084e+00 
5.7606253195e-11 1.3691353865e+04 7.5378305170e-01 
1.9379168593e-10 1.3284412406e+04 5.9196625126e-01 
5.8170426207e-07 1.2073379149e+04 9.4042260170e-01 
1.6253218301e-09 1.4564105057e+04 7.1437670647e-01 
3.7148715519e-08 1.2895070341e+04 1.1937500863e+00 
1.9685006252e-06 1.4076886723e+04 1.8904265492e-01 
1.5925939078e-10 1.2037655709e+04 2.4896177289e-01 
1.4393042992e-08 1.2803664378e+04 5.7074829574e-01 
1.8861040427e-08 1.1882623043e+04 1.2233684742e+00 
1.5786774177e-07 1.2672523431e+04 1.1829360829e+00 
7.0799024420e-09 1.2966152275e+04 1.1903004267e+00 
2.4841317406e-08 1.3743643641e+04 8.9111736338e-01 
5.7682717576e-07 1.3455350711e+04 1.6777101667e-01 
1.3778465503e-08 1.1397522180e+04 8.0060751443e-01 
3.4403829936e-09 1.4782112047e+04 5.4628902584e-01 
1.5425376042e-11 1.5803184002e+04 9.6426561056e-01 
2.2932219349e-11 1.6547274467e+04 7.5417706759e-01 
4.4070194923e-10 1.1635077630e+04 4.7306193034e-01 
9.2819158477e-08 1.2063692311e+04 1.0059720626e+00 
1.2833742992e-09 1.2272513489e+04 1.0261981182e+00 
3.3811851500e-08 1.4190541832e+04 9.6067035902e-01 
1.3782606411e-09 1.2931753651e+04 1.2838160808e+00 
7.1431843528e-09 1.1778912342e+04 1.2112065389e+00 
3.7557279194e-06 1.8699555186e+04 5.1141714739e-01 
9.6658039692e-12 1.2501301508e+04 1.0194510980e+00 
1.0107762563e-09 1.2423158085e+04 8.1203284051e-01 
2.9908452958e-08 1.2118760956e+04 5.3766748344e-01 
6.4705639765e-10 1.1732639397e+04 9.2513124338e-01 
4.2110121598e-09 1.3390608910e+04 8.0547824448e-01 
7.1571235710e-10 1.1842128677e+04 7.5879899929e-01 
4.5981225988e-08 1.3134600895e+04 7.4535980036e-01 
1.7780120078e-06 1.8000664720e+04 5.7291142951e-01 
1.4394137092e-08 1.1626306147e+04 1.1677487324e+00 
1.6310322038e-09 1.1461777271e+04 6.5682126211e-01 
4.4963031465e-11 1.2111534099e+04 9.5895619174e-01 
3.6529847487e-10 1.5663425195e+04 5.1510406229e-01 
3.0863676457e-08 1.1652393966e+04 5.0629040227e-01 
1.5435871429e-08 1.1496617117e+04 1.2185452178e+00 
3.9563329839e-09 1.3750703842e+04 6.1051719788e-01 
2.0589686649e-05 1.2334092290e+04 1.1377275110e+00 
1.4656989013e-05 1.3607460192e+04 1.1071982256e+00 
1.3918446685e-07 1.1675173975e+04 3.2426742204e-01 
1.5639663112e-07 2.3148213953e+04 6.5591427439e-01 
5.7136614165e-11 1.5723952787e+04 1.1698621635e+00 
1.7629077318e-07 1.4081509664e+04 3.1087814044e-01 
3.9508545446e-08 1.1574687512e+04 1.1533064773e+00 
8.7402441079e-08 1.2208031775e+04 3.4265373672e-01 
1.2049892842e-08 1.1379147765e+04 1.0019818585e+00 
1.0309504442e-07 2.5000000000e+04 8.3290948955e-01 
8.6579991759e-08 1.1437035283e+04 8.4206431386e-01 
4.1219849969e-11 1.2513077151e+04 8.5614976120e-01 
1.1503467375e-08 1.5231137789e+04 4.0193594050e-01 
3.5576194592e-09 1.2102468858e+04 2.3811036160e-01 
3.3251457707e-09 1.1448845534e+04 5.9319937250e-01 
1.9242605488e-10 1.2544248020e+04 4.8715905549e-01 
4.2707777836e-09 1.6326267558e+04 1.2061922139e+00 
1.0296204175e-11 1.2206459080e+04 5.9038249090e-01 
1.0184445885e-08 1.1339491134e+04 9.4388665275e-01 
5.6650861459e-08 1.1525346678e+04 6.5696691571e-01 
3.6223048983e-11 1.2335546584e+04 1.1538599212e+00 
2.1497789953e-09 1.4297530376e+04 6.6803083186e-01 
9.9087660926e-10 1.2409401295e+04 1.1326218885e+00 
8.9085879463e-10 1.1371809797e+04 1.0625265064e+00 
2.9842881818e-10 1.3084521168e+04 7.5003896319e-01 
7.5997732618e-07 1.1935703842e+04 6.7379626604e-01 
1.2905730109e-08 1.1384506663e+04 7.5466444022e-01 
5.3251338543e-09 1.4842820041e+04 1.1983354583e+00 
7.9589370984e-09 1.3366024179e+04 7.4456109787e-01 
3.3963600781e-09 1.4184671420e+04 3.8449263048e-01 
1.5928079092e-07 1.1687808350e+04 6.2686164798e-01 
7.5068144743e-11 2.0447060102e+04 2.8519425757e-01 
1.7424387099e-06 2.0513232121e+04 8.9433368854e-01 
1.5608612629e-07 1.3323789474e+04 3.8058214445e-01 
8.9405051377e-11 1.1715239183e+04 4.8496711033e-01 
2.9177987694e-09 1.1722838947e+04 1.2209341122e+00 
1.8051603574e-10 1.4283758622e+04 8.4628074683e-01 
2.7723208544e-10 1.1763949045e+04 3.0188610010e-01 
2.7057695845e-11 1.2404298908e+04 1.3250209452e+00 
3.0706387085e-07 1.2357830236e+04 4.6968332304e-01 
4.0234852939e-10 1.5085354657e+04 3.0958141001e-01 
1.9520088186e-11 1.7213273830e+04 6.6630883307e-01 
1.2859480766e-08 2.3512631663e+04 1.1729891088e+00 
1.3745626020e-10 1.2034230994e+04 5.0906187341e-01 
5.5182536717e-10 1.2833869928e+04 8.5246354775e-01 
2.2165285189e-10 1.2407018551e+04 1.3704529753e+00 
9.0251018345e-10 1.2324506315e+04 6.1172246331e-01 
4.4008735407e-11 1.1840697622e+04 6.9328488137e-01 
3.5308196527e-09 1.3876030519e+04 5.4288960265e-01 
9.0012236157e-09 1.2003722027e+04 6.2060665521e-01 
1.5932471908e-08 1.2985927731e+04 7.1119103361e-01 
3.1993993697e-07 1.1859329181e+04 6.1944839475e-01 
6.3405276021e-08 1.1662971370e+04 9.4507887376e-01 
1.0783071717e-09 1.2038463273e+04 1.4686296653e+00 
5.5042751419e-11 2.2595895508e+04 5.1962138561e-01 
1.3385784076e-06 1.4801312156e+04 9.8109365290e-01 
3.1900296548e-10 1.8742528556e+04 7.6973829425e-01 
1.6949642270e-08 1.3112223985e+04 6.9913427839e-01 
5.9012804631e-10 1.4867316388e+04 1.1620010482e+00 
6.7108855020e-09 2.5000000000e+04 1.0111433936e+00 
2.9804620681e-07 1.1767926634e+04 9.4691563389e-01 
1.7995800558e-09 1.5325801604e+04 9.6326919152e-01 
1.6777987767e-07 2.5000000000e+04 6.8824050828e-01 
1.4880321075e-06 1.4591070626e+04 3.7326343632e-01 
7.3405557052e-09 1.1595701299e+04 3.7976550946e-01 
6.8328891222e-10 1.2371184824e+04 9.4114747556e-01 
1.0899837676e-09 1.2397469743e+04 6.0961849694e-01 
2.7579560806e-09 1.2201074244e+04 1.2701310945e+00 
2.9926629390e-07 1.7568558973e+04 8.4986944964e-01 
3.1826646045e-08 1.1549395923e+04 1.2168056607e+00 
1.8709933773e-10 1.2939961528e+04 8.0081947247e-01 
3.8724610598e-08 1.3038719552e+04 9.3607792306e-01 
1.5428058552e-09 1.2001518970e+04 1.0360800125e+00 
1.9140221904e-06 1.1214561573e+04 5.3354255768e-01 
7.4508391831e-09 1.1657393675e+04 9.5009531464e-01 
2.8996632744e-08 1.5537933267e+04 1.4246439121e+00 
5.9599822809e-11 1.1883812819e+04 9.7695982286e-01 
6.8907242823e-08 1.7560292673e+04 1.0773628592e+00 
5.1523624729e-09 1.4431131139e+04 7.9612031969e-01 
5.2374153569e-08 1.6878836130e+04 7.9350465341e-01 
6.2069175281e-06 2.0987141300e+04 4.4916660358e-01 
5.7054953051e-10 1.1904466609e+04 8.0464096328e-01 
3.4366330436e-10 1.2825853820e+04 6.8551512804e-01 
2.7145352271e-07 1.4462421473e+04 3.6308983721e-01 
1.4114675873e-08 1.3011159488e+04 6.9391922120e-01 
1.4528791308e-10 1.1324643407e+04 5.0216309909e-01 
2.1505668453e-10 1.2659455282e+04 8.6049003984e-01 
3.8178818827e-09 2.3482279610e+04 9.2551455847e-01 
6.4613083303e-08 1.2183891071e+04 5.0405202754e-01 
4.5917138392e-08 1.3764911270e+04 1.2854787416e+00 
2.0960843649e-08 1.1682356793e+04 1.4605036003e+00 
1.6992171652e-10 1.1765624821e+04 1.0837210033e+00 
1.4334083624e-09 1.8413170668e+04 4.2824499998e-01 
6.0400409339e-09 1.7129743814e+04 7.6380180263e-01 
1.8523738693e-11 1.2320342704e+04 8.9481586221e-01 
1.6463541462e-09 1.1798534790e+04 1.1550690566e+00 
1.1517081185e-10 1.1249800635e+04 1.0708119873e+00 
7.5890545684e-11 1.2658484507e+04 4.7098172256e-01 
1.4075388562e-09 1.4350646126e+04 4.3536395954e-01 
1.8255509703e-09 1.2480650894e+04 6.8192163206e-01 
1.3427180989e-07 1.2890854048e+04 1.4192626092e+00 
1.2338630894e-07 1.2710524507e+04 7.8216269661e-01 
3.3753503673e-06 1.5004088475e+04 3.4527645388e-01 
1.6797112800e-09 1.3484749166e+04 1.1311560600e+00 
2.0801163717e-09 1.5832771603e+04 6.2626265203e-01 
2.2725753884e-10 1.2513978050e+04 4.7530162527e-01 
1.4025512035e-09 2.3839694739e+04 7.8007495659e-01 
3.9576325380e-09 1.3685599568e+04 1.0318190464e+00 
1.5454093879e-09 1.3915016524e+04 3.7735581763e-01 
9.3507194775e-09 1.2909787624e+04 6.6519559914e-01 
2.0705661651e-09 1.3202773122e+04 8.2798475995e-01 
3.2524182661e-09 1.9188560944e+04 1.5184060904e+00 
7.1907666040e-07 1.6122519614e+04 3.4041394984e-01 
3.7910162369e-08 1.1454975241e+04 5.1294133214e-01 
7.8690186064e-09 1.2280231993e+04 1.2176326558e+00 
9.8717495774e-11 1.7579069538e+04 5.8097727504e-01 
1.0406973421e-09 1.3679099465e+04 2.3938453565e-01 
3.8862654080e-08 1.6171710302e+04 3.3168682857e-01 
4.1526319405e-11 1.2911866717e+04 6.9987708868e-01 
4.4058024924e-07 1.1322274835e+04 9.3603924393e-01 
2.7171874909e-08 1.5604601838e+04 8.5972860807e-01 
3.5081853085e-10 1.3522701524e+04 8.3006312806e-01 
4.2428052575e-08 1.9409804868e+04 5.8240149988e-01 
3.6880136043e-07 1.3224619203e+04 6.4682337340e-01 
1.5494291286e-08 1.1372935852e+04 9.3740812908e-01 
2.1482802923e-06 1.2013972222e+04 9.5043819944e-02 
5.5963372890e-07 1.4631111596e+04 1.0177235452e+00 
2.0624489848e-07 1.2423541604e+04 7.3410242624e-01 
9.9940767281e-08 1.3229110686e+04 1.2662468882e+00 
2.2910687938e-09 1.1744277329e+04 6.9476093787e-01 
8.4561784236e-09 1.1237666370e+04 2.6941188594e-01 
1.2591228637e-09 1.2711871699e+04 7.7215598392e-01 
4.6983839556e-10 1.3854915834e+04 5.8399848274e-01 
1.4169736319e-09 1.1412526461e+04 1.1837101677e+00 
4.7372283452e-11 1.5286295778e+04 3.7329905170e-01 
9.5813868539e-10 1.6727334267e+04 5.5963160853e-01 
3.3368989209e-08 1.4345474869e+04 7.6360432518e-01 
1.9379552968e-08 2.5000000000e+04 1.3157562341e+00 
1.9666233114e-09 1.7152004153e+04 2.7644894744e-01 
1.2170980238e-08 1.1302730015e+04 1.3031433484e+00 
1.8375785328e-06 1.2644997285e+04 3.9582232792e-01 
3.3373389571e-10 1.1402545318e+04 1.2316140446e+00 
8.8328735668e-08 2.4444892444e+04 5.9478739518e-01 
2.8715860261e-07 1.1966457045e+04 1.2877057815e+00 
1.7751582511e-08 1.2019425726e+04 9.9878206462e-01 
5.7057984683e-06 1.1239277307e+04 7.8082366628e-01 
4.9739518507e-06 1.1756643530e+04 9.4959369067e-01 
9.2932463939e-09 1.1547460294e+04 5.6858230850e-01 
3.3616460061e-11 1.2479159560e+04 6.4715008337e-01 
1.3398196315e-08 1.3496818643e+04 9.0522187257e-01 
1.5082255436e-10 1.2370037982e+04 8.3647755959e-01 
7.3273699850e-09 1.3915897443e+04 1.0880490331e+00 
6.2711020958e-09 1.3148973874e+04 6.0880809103e-01 
9.9826121379e-09 1.1378374537e+04 1.4974296294e+00 
1.1769441662e-09 1.5504728934e+04 1.5471718212e+00 
7.7671197999e-08 1.6159746523e+04 8.4864035420e-01 
6.7834233465e-09 1.1350646491e+04 1.4122620529e+00 
2.8809182012e-09 1.2178858363e+04 7.7577267095e-01 
2.1248205222e-08 1.1435171833e+04 7.6003413463e-01 
1.2430276461e-09 1.2904536030e+04 6.3413288313e-01 
8.3418446478e-07 1.3454836597e+04 6.2919322964e-01 
1.7716380099e-09 1.9191895814e+04 1.0267679919e+00 
7.5829541016e-10 1.3006476156e+04 3.4339656517e-01 
4.7641214537e-10 1.3876190524e+04 1.4048115408e+00 
3.8424806238e-08 1.3177435812e+04 9.7855653315e-01 
1.3845877397e-07 1.4897061771e+04 1.1261123976e+00 
1.3348648146e-06 1.3801109256e+04 1.3065692821e+00 
1.6975835751e-08 1.6423205226e+04 9.9496519126e-01 
5.9538055951e-10 1.4085233524e+04 8.4432884343e-01 
4.9742932746e-06 1.1933107898e+04 9.5710397691e-01 
2.9441096994e-10 1.2452254651e+04 7.9390820876e-01 
1.8395535239e-08 1.1886683346e+04 4.7927700879e-01 
8.1313717973e-11 1.5164222917e+04 9.9999191449e-01 
4.7051976544e-11 1.1771990050e+04 1.2316231870e+00 
2.0690565493e-10 1.5214117142e+04 5.5610312194e-01 
7.6743544811e-09 2.4687610516e+04 6.9611548747e-01 
1.2278841647e-09 1.3900690119e+04 5.6846624024e-01 
3.3816673285e-09 1.1964251685e+04 7.9526883252e-01 
1.7074264005e-09 1.7201931567e+04 6.4545898342e-01 
7.3110417967e-10 1.2171670164e+04 8.2806806648e-01 
2.1063683610e-09 2.5000000000e+04 9.6117861465e-01 
7.5203263018e-12 1.3533169005e+04 6.2745272289e-01 
2.8547721734e-09 1.3066649258e+04 5.5510560924e-01 
