2.3014600530e-05 1.0000000000e+00 
6.2368881049e-05 1.7858365687e-01 
2.6113924020e-05 1.0000000000e+00 
1.7837959711e-05 5.1888005924e-01 
1.3530670716e-04 0.0000000000e+00 
5.0016559598e-06 9.7580869725e-01 
3.5396255884e-05 0.0000000000e+00 
3.7915041693e-05 0.0000000000e+00 
8.8368715064e-05 1.5305526334e-01 
8.8707679700e-05 1.9293364232e-01 
2.0234368867e-05 3.4443628003e-01 
1.2586778856e-05 1.0000000000e+00 
4.2980727283e-05 1.7647760819e-01 
9.0878432768e-05 0.0000000000e+00 
1.1321338674e-04 2.4767939626e-01 
3.1970185768e-05 0.0000000000e+00 
2.7083725521e-05 1.0000000000e+00 
7.2561383863e-06 1.0000000000e+00 
9.4897932842e-05 0.0000000000e+00 
2.7595562106e-05 3.1086920664e-01 
5.7143090903e-05 2.1798125120e-01 
3.6794427841e-05 2.9565869089e-01 
4.9996086554e-06 9.9771852286e-01 
7.3782290168e-05 0.0000000000e+00 
1.4624580022e-04 9.5608530462e-02 
2.1564474570e-05 8.7353538238e-02 
1.3022927988e-05 2.8395753180e-01 
4.5921505797e-05 0.0000000000e+00 
1.3291413851e-05 1.1827846819e-01 
7.5546754358e-05 0.0000000000e+00 
1.7370924305e-04 1.4170628073e-01 
3.8286506203e-04 0.0000000000e+00 
6.6550063513e-05 1.6436318086e-01 
9.3970609421e-06 1.0000000000e+00 
7.7823532633e-05 1.8125483240e-01 
3.8195109237e-05 2.3930213078e-01 
4.5862637745e-05 0.0000000000e+00 
4.1569299907e-05 3.8093148475e-01 
1.6377744721e-05 1.0000000000e+00 
4.9990539180e-06 9.9816270184e-01 
6.5400992474e-05 1.6943205924e-01 
8.9396737421e-06 1.0000000000e+00 
6.3432710800e-05 3.8753868871e-01 
4.8201362180e-05 0.0000000000e+00 
2.9345925536e-05 1.6903721087e-01 
3.3272005350e-05 1.4819876168e-01 
2.0674385613e-04 1.0904845893e-01 
5.3115459879e-06 1.0000000000e+00 
2.0450724194e-05 2.9910601481e-02 
8.1534331592e-06 1.0000000000e+00 
2.0440017935e-05 2.9441204220e-01 
2.0502781888e-04 1.1962580787e-01 
1.3592014311e-04 1.0763807714e-01 
1.0524034145e-05 1.0000000000e+00 
2.3054037354e-05 3.0479861802e-01 
5.6094403709e-05 2.2971423030e-01 
2.5411048273e-05 1.6497143259e-01 
3.8792309163e-05 5.8302721845e-02 
1.6271589428e-05 1.0000000000e+00 
4.9683293343e-05 0.0000000000e+00 
2.6549866801e-05 1.7614125700e-01 
5.1819442464e-05 2.1197774413e-01 
1.5345686165e-05 2.8746476301e-01 
5.3894150370e-05 2.4201535057e-01 
7.8875756915e-05 1.6937131658e-01 
8.8864206493e-05 0.0000000000e+00 
1.4841280490e-05 3.0775330652e-02 
2.1588487320e-04 0.0000000000e+00 
2.0447515250e-04 1.7639718523e-01 
1.7973696481e-05 1.0000000000e+00 
1.7732976513e-05 2.7931452513e-01 
1.3087218837e-05 3.1273849058e-01 
2.3061344731e-05 2.8197678882e-01 
1.3539740395e-04 1.4806237999e-01 
5.8025961341e-05 0.0000000000e+00 
2.6553209766e-05 2.7803043760e-01 
1.7711620075e-05 6.3425485398e-02 
1.0653848103e-05 3.2126591923e-01 
8.6199420515e-06 1.0000000000e+00 
1.3111440822e-05 1.6691219966e-01 
1.0837403779e-04 1.5094850980e-01 
7.4910271014e-05 2.1965227290e-01 
3.9532032242e-05 0.0000000000e+00 
9.6939448865e-05 1.6345093443e-01 
4.3385214586e-05 0.0000000000e+00 
6.1469921390e-06 1.0000000000e+00 
2.8083503774e-05 2.5986044210e-01 
1.5631142321e-04 1.3853414035e-01 
6.5001300917e-05 0.0000000000e+00 
3.1919928214e-05 2.8870759776e-01 
1.1334158776e-04 1.7598471733e-01 
1.2068848761e-04 1.4345962697e-01 
2.1467173194e-05 1.4496798030e-01 
1.7491718900e-05 2.0097302244e-01 
9.9098345281e-05 1.4751214753e-01 
3.3459327244e-04 0.0000000000e+00 
4.9997449868e-06 9.9911764133e-01 
2.5907138822e-05 9.0671951731e-02 
5.0231140207e-05 3.8669454328e-02 
1.7350185525e-04 1.1269804903e-01 
1.9562138734e-05 1.0000000000e+00 
6.7296743777e-05 0.0000000000e+00 
5.9253751244e-05 1.3377485327e-01 
1.0920046761e-04 1.0000000000e+00 
2.2644678476e-05 2.7124981699e-01 
9.5031830706e-06 3.6447977781e-01 
4.9999492449e-06 9.9751830711e-01 
1.9292376324e-04 1.7020666280e-01 
3.7044236279e-05 3.3123770498e-02 
2.3489150046e-05 3.0350463935e-01 
1.7485477156e-05 1.0000000000e+00 
8.0512068447e-06 1.0000000000e+00 
3.5687469795e-05 1.1894199901e-01 
2.2371883354e-04 1.0000000000e+00 
4.9927670130e-06 9.9380987264e-01 
5.3400155833e-05 0.0000000000e+00 
4.9936410147e-05 2.3454150795e-01 
1.4204901189e-04 1.2630017720e-01 
4.6058493688e-05 0.0000000000e+00 
3.0343699665e-05 1.4140652123e-01 
5.0653781029e-05 2.6489956909e-01 
6.3582438307e-06 1.0000000000e+00 
6.8957568458e-06 1.0000000000e+00 
3.0457759236e-05 1.5265831032e-01 
9.1833756840e-06 3.3231155606e-01 
7.0144925388e-06 3.6390216725e-01 
2.8079287950e-05 2.5118325558e-01 
1.1748921745e-04 0.0000000000e+00 
9.1659970664e-05 1.3686877507e-01 
3.2824930718e-05 3.9893360666e-01 
8.3735129175e-05 1.6323237218e-01 
-1.0000000000e+00 -1.0000000000e+00 
2.7967427450e-05 2.2854222876e-01 
5.8023813251e-05 1.0000000000e+00 
2.9341619202e-05 2.5713128140e-01 
9.6555309004e-05 1.0000000000e+00 
7.8808429357e-05 1.7108436228e-01 
1.9136578975e-05 2.8918292116e-01 
1.7532911020e-05 1.0000000000e+00 
3.5238796822e-05 2.3257863774e-01 
9.6589549527e-05 1.6020302865e-01 
2.1404161359e-05 2.6195703158e-02 
1.0918538588e-05 1.0000000000e+00 
1.4423984074e-05 3.2649122734e-01 
4.5159051092e-05 0.0000000000e+00 
2.1225798738e-05 4.0071586359e-01 
6.0495241224e-05 2.3639106968e-01 
1.0545861952e-04 1.9887488226e-01 
4.1347403768e-05 0.0000000000e+00 
1.9038777963e-05 1.0000000000e+00 
1.6089042697e-05 1.0000000000e+00 
2.5995941557e-05 1.2465336289e-01 
2.9145497442e-04 0.0000000000e+00 
8.1399779249e-06 1.0000000000e+00 
5.5968700632e-06 1.0000000000e+00 
1.1119165029e-05 1.0000000000e+00 
2.3500904401e-05 8.7561461728e-03 
2.0138740722e-05 1.0000000000e+00 
2.6081354182e-05 1.0438861887e-01 
2.3419464593e-05 9.0692050704e-02 
4.3544476603e-04 0.0000000000e+00 
3.5546498164e-05 2.4074737124e-01 
2.7651417206e-05 2.6097549032e-01 
1.8033601523e-04 8.6177208593e-02 
3.8008624571e-05 0.0000000000e+00 
9.4537757685e-05 1.8389127907e-01 
1.2623373898e-04 1.2939519042e-01 
3.7068748369e-05 0.0000000000e+00 
1.8061006496e-05 2.6851815227e-01 
5.6857269478e-05 1.9880808817e-01 
4.9995237501e-06 9.9909583613e-01 
9.2585698011e-06 3.4581868347e-01 
9.2062543062e-06 3.3111343982e-01 
4.9998638586e-06 9.9739111129e-01 
4.8630699880e-05 2.0592575037e-01 
4.2166742653e-05 0.0000000000e+00 
2.6364400856e-04 1.1234432327e-01 
5.7372952132e-05 2.1724602807e-01 
4.2763319984e-05 0.0000000000e+00 
1.0558946999e-04 1.3907105042e-01 
1.9103188678e-05 8.6343643762e-02 
3.8123686672e-05 1.7785729020e-01 
1.0096389698e-04 1.0000000000e+00 
8.3367065808e-05 0.0000000000e+00 
1.6089468985e-04 0.0000000000e+00 
2.7825328149e-05 4.5728142589e-01 
3.7467008576e-05 3.2659052779e-01 
2.2889140670e-04 7.6731557142e-02 
3.6691344291e-05 2.5510492744e-01 
1.2128719859e-05 1.0000000000e+00 
1.3542325010e-05 1.0000000000e+00 
1.9153284929e-05 2.4905140256e-01 
9.2349849893e-05 4.7564039884e-01 
4.2357870604e-04 0.0000000000e+00 
2.9728882626e-04 3.8265243945e-02 
5.4855538055e-06 1.0000000000e+00 
7.4640793489e-05 1.6733228825e-01 
1.4328999388e-05 1.0781272445e-01 
5.2370257001e-06 1.0000000000e+00 
5.1767052925e-05 2.6091038329e-01 
1.4612035402e-04 1.0000000000e+00 
1.0546600786e-05 1.0000000000e+00 
3.7018926556e-05 1.1171298290e-02 
3.9500119898e-04 1.4313113646e-01 
7.8946442095e-05 1.1395206785e-01 
1.1981715765e-05 3.8511290616e-01 
5.2164876509e-05 1.0332309453e-01 
3.2317753118e-04 5.4140668066e-02 
9.0391240482e-06 1.0000000000e+00 
4.2205249135e-04 7.4337423717e-02 
3.0673375997e-05 1.1641602480e-01 
1.9509350310e-04 2.0885156488e-01 
7.3431527646e-05 1.7821935303e-01 
9.8133394644e-05 0.0000000000e+00 
6.8363270872e-06 1.0000000000e+00 
7.1581370470e-06 1.0000000000e+00 
7.7261032150e-05 0.0000000000e+00 
2.4319097131e-05 1.6646997335e-01 
9.4720172398e-05 1.7084483567e-01 
2.8863823672e-05 6.5350307883e-02 
1.7167368261e-05 1.0000000000e+00 
5.1640223635e-05 1.0000000000e+00 
2.1954209425e-05 0.0000000000e+00 
1.8887830571e-05 2.9081084917e-01 
4.0420163388e-05 1.0064199817e-01 
5.4464815217e-05 1.8870105131e-01 
1.1806924457e-04 1.7216767862e-01 
3.1061439522e-05 0.0000000000e+00 
6.2494020931e-06 1.0000000000e+00 
1.6028797188e-04 0.0000000000e+00 
1.9315343958e-05 1.0000000000e+00 
7.6598972229e-06 2.9702360930e-01 
1.0056376204e-04 1.6259867544e-01 
4.9996127371e-06 9.9799779940e-01 
9.2078383201e-05 2.1214653770e-01 
2.5794313678e-04 3.4498151102e-02 
1.9842606393e-05 3.5340327529e-01 
5.0000493173e-06 9.9013312901e-01 
3.2084152068e-05 2.5818624329e-01 
2.6900605981e-05 1.0000000000e+00 
4.9984500947e-06 9.9239768284e-01 
2.5995305593e-05 2.5628903601e-01 
4.1081808528e-05 6.8449850273e-02 
2.0345374715e-05 3.4408282547e-01 
7.8413899819e-06 1.0000000000e+00 
6.6802150488e-05 1.4720086425e-01 
2.0718159180e-04 7.7333010875e-02 
8.4293395975e-06 3.4648247483e-01 
1.2556092163e-04 0.0000000000e+00 
1.3904609252e-05 2.9140252038e-01 
1.1477613748e-04 1.3774431874e-01 
2.3189993529e-04 1.1272778048e-01 
2.4739399690e-05 1.0000000000e+00 
3.1128880110e-05 1.7212536065e-01 
2.3637142245e-05 3.1711011151e-01 
3.1159362478e-05 2.6078601477e-01 
9.4314040445e-05 0.0000000000e+00 
1.9930927583e-05 1.0000000000e+00 
7.9519890468e-05 0.0000000000e+00 
1.7735421232e-05 1.0000000000e+00 
7.6117653935e-05 1.7922930808e-01 
5.7290790524e-06 3.6159190098e-01 
5.8866697783e-05 0.0000000000e+00 
4.7295455200e-05 0.0000000000e+00 
3.2442404895e-05 2.6439472977e-01 
1.0730419871e-04 1.7038567674e-01 
1.3026303784e-05 1.8532979594e-01 
2.4557705825e-05 2.6747404459e-01 
1.9007228857e-04 1.9988083591e-01 
3.3162181503e-05 1.0000000000e+00 
4.9840486832e-05 0.0000000000e+00 
8.5928204818e-06 1.0000000000e+00 
4.5939542241e-05 0.0000000000e+00 
2.4584467314e-05 4.5672018672e-01 
1.4855098816e-04 1.9348457532e-01 
4.0668072631e-05 2.5063994940e-01 
4.9968667058e-06 9.9565934774e-01 
1.6350743645e-05 1.0000000000e+00 
8.5571736505e-06 4.4786626156e-01 
3.7359501103e-05 2.2970300105e-01 
2.7500405714e-05 0.0000000000e+00 
5.4966900422e-05 0.0000000000e+00 
8.7939118717e-06 3.2709489021e-01 
3.4401939995e-04 6.8149771483e-02 
2.5443040104e-05 2.7697428443e-01 
2.9817913247e-05 8.4029048773e-02 
3.4512429121e-05 5.1378862372e-02 
1.5731727641e-05 3.0256378780e-01 
8.4332965944e-05 2.2897984794e-01 
2.1030182320e-05 1.0000000000e+00 
4.9992003764e-06 9.9789650052e-01 
5.4525328173e-05 0.0000000000e+00 
4.0925103304e-05 9.4340499695e-02 
8.7143434557e-05 1.5839812641e-01 
6.7510287331e-05 1.6644284212e-01 
6.7490373822e-06 3.3846245541e-01 
5.6397566356e-05 1.9571795479e-01 
2.2980970432e-05 0.0000000000e+00 
2.2152544405e-05 1.0000000000e+00 
1.3012668136e-04 5.7736487025e-02 
1.7522539303e-05 2.8079698953e-01 
1.0534171232e-04 1.4286717673e-01 
3.4445574424e-05 0.0000000000e+00 
1.9658561905e-05 2.0013722643e-01 
3.7418287786e-05 1.4432733599e-01 
1.4930667495e-04 1.2660367499e-01 
1.6755522828e-05 1.3943152403e-01 
9.6602285697e-06 3.2741668292e-01 
3.8959351605e-05 1.0000000000e+00 
2.9378125968e-05 1.0000000000e+00 
4.9972726668e-06 9.9584008149e-01 
6.3840512884e-05 1.8716828467e-01 
1.5150075306e-04 0.0000000000e+00 
7.9570035588e-05 1.4736023666e-01 
3.2457073013e-05 1.5952438861e-01 
2.8144355225e-05 2.0583568014e-01 
2.6506405550e-05 0.0000000000e+00 
1.9155035970e-05 3.5241314236e-01 
2.8517629979e-04 6.9058083599e-02 
4.4744543723e-05 2.2698255706e-01 
2.1594218247e-04 9.9917132757e-02 
9.7893053133e-05 1.6957147015e-01 
4.9991612533e-06 9.9621769925e-01 
1.2844057774e-04 1.7553961864e-01 
4.6375645415e-05 1.9146937232e-01 
5.5227413667e-05 9.5301817859e-02 
1.3744461394e-05 6.9015918911e-02 
3.1064102186e-04 0.0000000000e+00 
3.1849966182e-05 0.0000000000e+00 
8.3863117660e-05 0.0000000000e+00 
3.0755223845e-05 1.0000000000e+00 
5.4207855812e-05 2.1350667187e-01 
1.5432107763e-04 0.0000000000e+00 
2.1702623090e-05 0.0000000000e+00 
2.9982604790e-05 2.5490829596e-01 
1.0070625881e-04 0.0000000000e+00 
5.3044938476e-05 0.0000000000e+00 
7.5766843247e-05 0.0000000000e+00 
4.9962368685e-06 9.9477220984e-01 
1.1333741010e-05 1.0000000000e+00 
7.9189163084e-05 1.6176748734e-01 
2.9731513186e-05 0.0000000000e+00 
2.2326962479e-05 1.3368656238e-01 
1.9615926670e-05 1.0000000000e+00 
4.8204207352e-05 0.0000000000e+00 
1.4313012129e-04 0.0000000000e+00 
8.0567663757e-06 1.0000000000e+00 
1.4173082857e-04 1.1285883754e-01 
5.7670442795e-05 5.1806221070e-02 
3.2734559614e-05 0.0000000000e+00 
7.3901350404e-05 1.0000000000e+00 
4.5569633410e-05 0.0000000000e+00 
3.7924438325e-05 1.6394548462e-01 
8.7357038849e-05 4.6392920229e-01 
1.7601030400e-04 1.0430082034e-01 
4.1782889911e-05 1.0000000000e+00 
3.5892322023e-05 2.3046998494e-01 
3.4515867144e-05 8.1608631726e-02 
1.8640128798e-05 1.0000000000e+00 
2.0128516544e-05 2.7914832467e-01 
2.5052860524e-05 1.8725778250e-01 
4.8424831415e-05 2.6704874613e-01 
3.0720194710e-05 3.0081014835e-01 
4.6376702871e-05 2.4330867866e-01 
2.4548658090e-05 1.6817187943e-01 
1.1450309244e-04 1.6333438653e-01 
6.0247865998e-05 1.9843127354e-01 
1.1036192203e-04 4.9178837306e-02 
6.5481911785e-05 2.5071278473e-01 
3.2713454919e-05 2.6322758439e-01 
4.3767674360e-05 1.0000000000e+00 
4.9298883237e-05 4.9750778043e-02 
4.4217619995e-05 2.7286296930e-01 
1.1314972096e-04 1.4155768859e-01 
5.6785096541e-05 2.6679539534e-01 
6.7705574406e-05 1.0000000000e+00 
4.0379278070e-05 2.3172248533e-01 
4.1046628358e-05 1.0000000000e+00 
1.1341036625e-04 1.5616960201e-01 
2.6609435721e-05 2.4694500191e-02 
3.8600243859e-05 2.4165479487e-01 
3.5910879653e-05 0.0000000000e+00 
6.5214415556e-05 0.0000000000e+00 
2.6049535057e-04 1.0870020377e-01 
1.6426515796e-04 1.1000331563e-01 
3.4518101249e-05 2.4245924552e-01 
4.6854072014e-05 2.3467228948e-01 
1.3606266202e-05 3.2465811157e-01 
4.1903538087e-05 1.0000000000e+00 
6.8840746766e-05 0.0000000000e+00 
2.5707547593e-05 2.9852327922e-01 
7.7958670241e-05 0.0000000000e+00 
7.9210282979e-05 1.7400754815e-01 
2.5078142490e-05 6.2420438774e-02 
1.1365020155e-04 1.7609100964e-01 
1.1251948920e-04 1.6160854172e-01 
5.7935893812e-06 1.0000000000e+00 
1.5792675177e-04 0.0000000000e+00 
9.4164845890e-05 2.1899084010e-01 
1.1560062936e-04 0.0000000000e+00 
8.3792487597e-06 3.2038103354e-01 
2.3521083965e-05 1.0000000000e+00 
2.2632778026e-05 3.2591622991e-01 
2.0238379703e-05 2.0334191182e-01 
5.4935457587e-05 9.4278850384e-02 
1.2799897128e-04 0.0000000000e+00 
4.9997890597e-06 9.9826215219e-01 
1.1605945894e-04 1.3342812485e-01 
6.4645022936e-05 2.2324573076e-01 
1.9443044246e-05 1.1474858288e-01 
1.7910880611e-04 0.0000000000e+00 
2.3821504540e-05 2.8854205011e-01 
1.3863963810e-05 2.9554547425e-01 
2.0734081980e-05 0.0000000000e+00 
8.5333870176e-05 0.0000000000e+00 
3.7468469371e-05 2.4747671189e-01 
1.4949297735e-05 1.0000000000e+00 
9.6926247302e-05 1.8116214486e-01 
1.1802740443e-05 1.0000000000e+00 
3.9644436481e-05 1.1004094436e-01 
1.4338232119e-04 1.9994956409e-01 
8.9579693981e-06 1.0000000000e+00 
7.3114934008e-05 0.0000000000e+00 
1.5364469333e-05 1.0000000000e+00 
4.9980272093e-06 9.9515572196e-01 
8.6203706853e-06 1.0000000000e+00 
7.2496965244e-05 0.0000000000e+00 
9.0283285974e-05 1.0000000000e+00 
6.3392496941e-06 3.4273743161e-01 
5.1608216077e-05 0.0000000000e+00 
8.7097481159e-05 1.8010655761e-01 
3.5136116748e-05 0.0000000000e+00 
4.9767788534e-05 9.0925562404e-02 
4.5302942687e-05 2.4273561057e-01 
2.9625699804e-05 2.5254147077e-01 
4.9990734277e-06 9.9704000868e-01 
6.2119434227e-05 0.0000000000e+00 
2.3608957674e-04 1.3053940803e-01 
3.4982894432e-05 2.7485946313e-01 
1.0398478330e-04 1.1789144321e-01 
3.2965410502e-05 1.6102441738e-01 
1.2187170809e-05 2.3678010950e-01 
8.1608716649e-06 1.0000000000e+00 
3.9036336181e-05 2.3729438231e-01 
5.5034546951e-06 1.0000000000e+00 
2.9778276271e-04 7.1912078191e-02 
1.3697017502e-04 1.3200871627e-01 
7.8300388102e-05 1.7266493979e-01 
5.5306371539e-05 1.6286887382e-01 
1.1646732552e-05 3.2256451568e-01 
1.8345522041e-04 1.0291353789e-01 
2.5751779808e-05 2.9083023173e-01 
8.3283373570e-05 0.0000000000e+00 
1.9328954663e-04 1.2486571953e-01 
1.2904281947e-05 2.7772868256e-01 
1.4064075161e-04 1.2745665142e-01 
3.1418912409e-05 2.5822264816e-01 
9.7655417020e-05 1.4081323689e-01 
5.9717482577e-05 0.0000000000e+00 
4.9998964054e-06 9.9905007934e-01 
2.6047228782e-05 1.0000000000e+00 
9.1140868652e-06 1.0000000000e+00 
4.9973403554e-06 9.9576593273e-01 
1.2767619146e-04 1.4164585933e-01 
4.0173040473e-05 2.8505684003e-01 
7.5670472485e-05 1.9106582534e-01 
5.0474260302e-05 0.0000000000e+00 
3.0204781208e-05 0.0000000000e+00 
5.8267115836e-05 2.0604028201e-01 
5.2163120492e-05 1.0825641799e-01 
1.3906418798e-05 1.0000000000e+00 
4.8054238522e-05 2.7178248703e-01 
5.5123834378e-05 0.0000000000e+00 
1.7005671114e-04 7.5985394592e-02 
6.1880429180e-05 1.9450897599e-01 
3.4922028574e-05 1.0000000000e+00 
1.0873168503e-05 3.5131943602e-01 
3.1173100012e-05 9.5880666062e-02 
7.1069034864e-06 1.0000000000e+00 
1.2582246996e-05 4.0004053816e-01 
6.0193886030e-05 1.5190363133e-01 
7.8095285153e-05 0.0000000000e+00 
6.7738296130e-06 3.5995308904e-01 
4.8634019403e-05 2.2413060117e-01 
1.2343435111e-04 1.1216109521e-01 
1.0422794807e-05 1.0000000000e+00 
3.0480844285e-05 2.2619842248e-01 
3.6625840715e-05 2.2779946788e-01 
3.5496482760e-05 3.2647984736e-01 
5.0842782875e-05 0.0000000000e+00 
3.4993565792e-05 2.5079930898e-01 
2.9213524618e-05 1.1579150572e-01 
2.8512293096e-05 0.0000000000e+00 
4.9994909094e-06 9.9422756276e-01 
1.5862590690e-05 3.5521131684e-01 
3.9556297101e-05 0.0000000000e+00 
1.1494878068e-05 1.0000000000e+00 
2.9556486834e-05 3.2026004023e-01 
2.4646254250e-05 2.5930989968e-01 
4.9993563096e-06 9.9845502101e-01 
