3.9743614414e-06 1.2644905383e+04 7.8539816340e-01 7.5000000000e-01 
1.9738230787e-08 1.2022739572e+04 7.8539816340e-01 7.5000000000e-01 
2.3180152075e-10 1.2083975944e+04 7.8539816340e-01 7.5000000000e-01 
1.1339815991e-09 1.1844717204e+04 7.8539816340e-01 7.5000000000e-01 
1.8519453912e-09 1.1663836411e+04 7.8539816340e-01 7.5000000000e-01 
1.7350571164e-07 1.2943538174e+04 7.8539816340e-01 7.5000000000e-01 
1.8541315541e-09 1.4394533109e+04 7.8539816340e-01 7.5000000000e-01 
3.4644388961e-10 1.2736127323e+04 7.8539816340e-01 7.5000000000e-01 
1.9566304159e-08 1.2983633120e+04 7.8539816340e-01 7.5000000000e-01 
1.5998878801e-06 1.1462879964e+04 7.8539816340e-01 7.5000000000e-01 
1.4192103687e-10 1.1314630292e+04 7.8539816340e-01 7.5000000000e-01 
2.8782293483e-08 1.1749706638e+04 7.8539816340e-01 7.5000000000e-01 
5.9690039720e-10 1.1580010632e+04 7.8539816340e-01 7.5000000000e-01 
5.8592720210e-10 2.4343032326e+04 7.8539816340e-01 7.5000000000e-01 
3.3794360279e-08 1.1775210985e+04 7.8539816340e-01 7.5000000000e-01 
4.0291434523e-11 1.6213837419e+04 7.8539816340e-01 7.5000000000e-01 
5.4064272241e-10 1.3363061725e+04 7.8539816340e-01 7.5000000000e-01 
8.1619905938e-10 1.8732380835e+04 7.8539816340e-01 7.5000000000e-01 
2.2842259722e-05 1.1201523880e+04 7.8539816340e-01 7.5000000000e-01 
1.7576082374e-08 1.2241504695e+04 7.8539816340e-01 7.5000000000e-01 
3.6207274391e-08 1.5937916316e+04 7.8539816340e-01 7.5000000000e-01 
1.0536279457e-10 1.1710520603e+04 7.8539816340e-01 7.5000000000e-01 
1.1234944889e-10 1.3689033415e+04 7.8539816340e-01 7.5000000000e-01 
4.4402377297e-07 1.4576779718e+04 7.8539816340e-01 7.5000000000e-01 
4.4932088809e-09 1.3095448149e+04 7.8539816340e-01 7.5000000000e-01 
9.6386104011e-09 1.4410137391e+04 7.8539816340e-01 7.5000000000e-01 
2.8540029735e-10 2.5000000000e+04 7.8539816340e-01 7.5000000000e-01 
3.1935704001e-09 1.4804343821e+04 7.8539816340e-01 7.5000000000e-01 
1.8893401586e-08 2.5000000000e+04 7.8539816340e-01 7.5000000000e-01 
6.0983314839e-11 2.4661924250e+04 7.8539816340e-01 7.5000000000e-01 
6.9510920624e-11 1.3371805610e+04 7.8539816340e-01 7.5000000000e-01 
8.4259348663e-10 1.4436710114e+04 7.8539816340e-01 7.5000000000e-01 
6.9089390099e-09 1.1570865889e+04 7.8539816340e-01 7.5000000000e-01 
1.1111530009e-08 1.6823179179e+04 7.8539816340e-01 7.5000000000e-01 
7.9531933718e-10 1.3197074017e+04 7.8539816340e-01 7.5000000000e-01 
4.1672530183e-06 1.6379206480e+04 7.8539816340e-01 7.5000000000e-01 
5.7376769920e-08 1.4244865460e+04 7.8539816340e-01 7.5000000000e-01 
2.6330750510e-10 2.0689829033e+04 7.8539816340e-01 7.5000000000e-01 
2.8566929834e-06 1.6614959973e+04 7.8539816340e-01 7.5000000000e-01 
5.6259717843e-06 1.1815080598e+04 7.8539816340e-01 7.5000000000e-01 
1.1258517885e-06 2.1318173410e+04 7.8539816340e-01 7.5000000000e-01 
1.8599590629e-09 1.1534364334e+04 7.8539816340e-01 7.5000000000e-01 
6.0690992943e-09 1.2762014067e+04 7.8539816340e-01 7.5000000000e-01 
3.0046094064e-09 1.4943483460e+04 7.8539816340e-01 7.5000000000e-01 
1.2487384649e-09 1.3453931841e+04 7.8539816340e-01 7.5000000000e-01 
5.9759751604e-12 1.2116881211e+04 7.8539816340e-01 7.5000000000e-01 
2.8416791201e-09 1.2899384966e+04 7.8539816340e-01 7.5000000000e-01 
4.5848450621e-12 1.3294116953e+04 7.8539816340e-01 7.5000000000e-01 
1.4878546167e-10 1.3167523643e+04 7.8539816340e-01 7.5000000000e-01 
3.3748080430e-08 1.2380105166e+04 7.8539816340e-01 7.5000000000e-01 
1.0648173274e-10 1.1407504929e+04 7.8539816340e-01 7.5000000000e-01 
3.7534548829e-06 1.2807995889e+04 7.8539816340e-01 7.5000000000e-01 
6.0314782234e-09 1.8418900129e+04 7.8539816340e-01 7.5000000000e-01 
7.5348909166e-10 1.3834267925e+04 7.8539816340e-01 7.5000000000e-01 
9.6934980302e-07 1.2106551421e+04 7.8539816340e-01 7.5000000000e-01 
8.7067628951e-11 1.1530384471e+04 7.8539816340e-01 7.5000000000e-01 
1.8844141354e-09 1.6919029611e+04 7.8539816340e-01 7.5000000000e-01 
3.5376270244e-07 1.1569038735e+04 7.8539816340e-01 7.5000000000e-01 
1.4260675571e-08 1.2417064411e+04 7.8539816340e-01 7.5000000000e-01 
8.2781756082e-08 1.2471507451e+04 7.8539816340e-01 7.5000000000e-01 
2.4664147660e-09 1.9632952822e+04 7.8539816340e-01 7.5000000000e-01 
2.0299064865e-08 1.3148188262e+04 7.8539816340e-01 7.5000000000e-01 
4.3375216568e-10 1.1922953944e+04 7.8539816340e-01 7.5000000000e-01 
1.1649639937e-08 2.5000000000e+04 7.8539816340e-01 7.5000000000e-01 
2.3983211705e-08 1.1613713179e+04 7.8539816340e-01 7.5000000000e-01 
5.6535940201e-11 1.3321233476e+04 7.8539816340e-01 7.5000000000e-01 
4.6460509873e-11 1.1354580265e+04 7.8539816340e-01 7.5000000000e-01 
2.2318727611e-10 1.2653524838e+04 7.8539816340e-01 7.5000000000e-01 
3.5005978676e-08 1.1617844634e+04 7.8539816340e-01 7.5000000000e-01 
4.9672201562e-10 1.4724041274e+04 7.8539816340e-01 7.5000000000e-01 
2.4934694543e-09 1.4456057792e+04 7.8539816340e-01 7.5000000000e-01 
1.2597523350e-09 1.3714336923e+04 7.8539816340e-01 7.5000000000e-01 
2.6981074208e-10 1.1797437057e+04 7.8539816340e-01 7.5000000000e-01 
3.2506273583e-09 1.2462649919e+04 7.8539816340e-01 7.5000000000e-01 
3.2129746296e-07 1.6566440167e+04 7.8539816340e-01 7.5000000000e-01 
2.2800976241e-10 2.5000000000e+04 7.8539816340e-01 7.5000000000e-01 
5.2967175429e-07 1.2228389004e+04 7.8539816340e-01 7.5000000000e-01 
3.1579210621e-10 1.2426140434e+04 7.8539816340e-01 7.5000000000e-01 
3.0651200604e-07 1.4246703335e+04 7.8539816340e-01 7.5000000000e-01 
4.8866152564e-09 1.8907870917e+04 7.8539816340e-01 7.5000000000e-01 
3.4618579548e-08 1.3625810434e+04 7.8539816340e-01 7.5000000000e-01 
8.3550826465e-08 1.2506504293e+04 7.8539816340e-01 7.5000000000e-01 
1.7423416753e-08 1.2207159558e+04 7.8539816340e-01 7.5000000000e-01 
8.1804254566e-07 2.5000000000e+04 7.8539816340e-01 7.5000000000e-01 
1.1459207292e-11 1.2044240021e+04 7.8539816340e-01 7.5000000000e-01 
2.2132079615e-10 1.5559884256e+04 7.8539816340e-01 7.5000000000e-01 
2.2041103907e-09 1.5306019780e+04 7.8539816340e-01 7.5000000000e-01 
1.7742579662e-05 2.5000000000e+04 7.8539816340e-01 7.5000000000e-01 
8.2851221162e-11 1.6166833204e+04 7.8539816340e-01 7.5000000000e-01 
6.0400613849e-07 1.2845358356e+04 7.8539816340e-01 7.5000000000e-01 
8.8601365445e-10 2.0461354139e+04 7.8539816340e-01 7.5000000000e-01 
2.1009404921e-10 1.7292488253e+04 7.8539816340e-01 7.5000000000e-01 
5.3646188065e-09 1.4163686175e+04 7.8539816340e-01 7.5000000000e-01 
6.7134962723e-06 1.2329585228e+04 7.8539816340e-01 7.5000000000e-01 
2.3294879484e-08 1.2318689648e+04 7.8539816340e-01 7.5000000000e-01 
3.6685581356e-07 1.2283094715e+04 7.8539816340e-01 7.5000000000e-01 
6.7210603088e-09 1.2123708588e+04 7.8539816340e-01 7.5000000000e-01 
1.2003467216e-08 1.2096437934e+04 7.8539816340e-01 7.5000000000e-01 
6.1887299860e-09 1.5265056006e+04 7.8539816340e-01 7.5000000000e-01 
1.1839056621e-05 1.1666946198e+04 7.8539816340e-01 7.5000000000e-01 
9.3310416790e-08 1.1567757559e+04 7.8539816340e-01 7.5000000000e-01 
3.9577479585e-08 1.2978596748e+04 7.8539816340e-01 7.5000000000e-01 
3.8708694534e-12 1.4481761210e+04 7.8539816340e-01 7.5000000000e-01 
3.6405015448e-08 1.5408674471e+04 7.8539816340e-01 7.5000000000e-01 
1.6618477656e-08 1.5508798568e+04 7.8539816340e-01 7.5000000000e-01 
5.6127642011e-07 1.1736110229e+04 7.8539816340e-01 7.5000000000e-01 
1.8212147722e-09 1.2510888619e+04 7.8539816340e-01 7.5000000000e-01 
1.5159155274e-10 1.2238320944e+04 7.8539816340e-01 7.5000000000e-01 
3.0246942729e-09 1.3577091352e+04 7.8539816340e-01 7.5000000000e-01 
7.6608287190e-08 1.8119633829e+04 7.8539816340e-01 7.5000000000e-01 
6.3729531914e-10 2.5000000000e+04 7.8539816340e-01 7.5000000000e-01 
1.2854286089e-08 1.7235856088e+04 7.8539816340e-01 7.5000000000e-01 
1.6070775987e-11 1.1273290423e+04 7.8539816340e-01 7.5000000000e-01 
6.1616295008e-08 1.5044406024e+04 7.8539816340e-01 7.5000000000e-01 
9.8234894647e-10 1.3922066030e+04 7.8539816340e-01 7.5000000000e-01 
1.4645400216e-07 1.4014929662e+04 7.8539816340e-01 7.5000000000e-01 
4.2009082195e-08 1.2128393389e+04 7.8539816340e-01 7.5000000000e-01 
2.2286178138e-07 1.1385047769e+04 7.8539816340e-01 7.5000000000e-01 
2.6995444980e-11 1.1512980996e+04 7.8539816340e-01 7.5000000000e-01 
8.9741614298e-12 1.1246790410e+04 7.8539816340e-01 7.5000000000e-01 
3.9825324831e-09 2.0119115842e+04 7.8539816340e-01 7.5000000000e-01 
3.0511981069e-08 1.3699491025e+04 7.8539816340e-01 7.5000000000e-01 
3.2433710849e-06 1.6193378456e+04 7.8539816340e-01 7.5000000000e-01 
1.6420641394e-07 2.5000000000e+04 7.8539816340e-01 7.5000000000e-01 
6.3096617613e-12 1.2329790168e+04 7.8539816340e-01 7.5000000000e-01 
9.3898103966e-07 1.2162518512e+04 7.8539816340e-01 7.5000000000e-01 
3.5398435059e-09 1.2404099518e+04 7.8539816340e-01 7.5000000000e-01 
3.9013732447e-10 1.1969489917e+04 7.8539816340e-01 7.5000000000e-01 
2.5825211120e-11 1.1854508701e+04 7.8539816340e-01 7.5000000000e-01 
1.3721721988e-09 1.2605126194e+04 7.8539816340e-01 7.5000000000e-01 
2.2119034182e-09 1.1739189123e+04 7.8539816340e-01 7.5000000000e-01 
1.2758553742e-07 1.1607683429e+04 7.8539816340e-01 7.5000000000e-01 
4.2102250467e-11 1.1201884603e+04 7.8539816340e-01 7.5000000000e-01 
6.7587168572e-11 1.3822304486e+04 7.8539816340e-01 7.5000000000e-01 
4.9366615701e-10 1.2935114888e+04 7.8539816340e-01 7.5000000000e-01 
2.4812601117e-07 1.2921943863e+04 7.8539816340e-01 7.5000000000e-01 
2.8022001176e-05 1.5423214881e+04 7.8539816340e-01 7.5000000000e-01 
2.2417280914e-09 1.1252856855e+04 7.8539816340e-01 7.5000000000e-01 
3.3962119733e-09 1.7216061072e+04 7.8539816340e-01 7.5000000000e-01 
8.4293814176e-12 1.5987527031e+04 7.8539816340e-01 7.5000000000e-01 
2.0611124513e-06 1.6337787357e+04 7.8539816340e-01 7.5000000000e-01 
5.6905568909e-10 1.1920224205e+04 7.8539816340e-01 7.5000000000e-01 
1.0733094018e-07 1.4097307760e+04 7.8539816340e-01 7.5000000000e-01 
1.1697501552e-07 1.5920935263e+04 7.8539816340e-01 7.5000000000e-01 
2.1315553297e-11 1.2222291936e+04 7.8539816340e-01 7.5000000000e-01 
1.0118938109e-06 1.5446239446e+04 7.8539816340e-01 7.5000000000e-01 
6.0068172077e-11 1.6734164662e+04 7.8539816340e-01 7.5000000000e-01 
1.7366793812e-09 2.0555240412e+04 7.8539816340e-01 7.5000000000e-01 
1.7331081685e-07 1.1203414556e+04 7.8539816340e-01 7.5000000000e-01 
4.0893025991e-08 1.3164511141e+04 7.8539816340e-01 7.5000000000e-01 
2.6701950204e-08 1.3807569476e+04 7.8539816340e-01 7.5000000000e-01 
1.1711865921e-11 1.1802974809e+04 7.8539816340e-01 7.5000000000e-01 
5.5550057532e-07 1.3272136647e+04 7.8539816340e-01 7.5000000000e-01 
9.5386880909e-08 1.1251635964e+04 7.8539816340e-01 7.5000000000e-01 
1.6174614806e-09 1.4257859852e+04 7.8539816340e-01 7.5000000000e-01 
7.6680104926e-10 2.5000000000e+04 7.8539816340e-01 7.5000000000e-01 
8.0308291906e-09 1.1811827044e+04 7.8539816340e-01 7.5000000000e-01 
7.3257257117e-09 1.1415507214e+04 7.8539816340e-01 7.5000000000e-01 
2.2624884358e-06 1.4886192112e+04 7.8539816340e-01 7.5000000000e-01 
1.7843711541e-10 1.1524438182e+04 7.8539816340e-01 7.5000000000e-01 
3.1747654339e-07 1.2253828912e+04 7.8539816340e-01 7.5000000000e-01 
1.2473197538e-11 1.1510543495e+04 7.8539816340e-01 7.5000000000e-01 
1.4563286226e-10 1.2213958884e+04 7.8539816340e-01 7.5000000000e-01 
2.7327851104e-09 1.2415898402e+04 7.8539816340e-01 7.5000000000e-01 
5.6460337621e-08 1.3235857832e+04 7.8539816340e-01 7.5000000000e-01 
3.1435859653e-08 1.5850325421e+04 7.8539816340e-01 7.5000000000e-01 
1.6596654573e-11 1.1440842763e+04 7.8539816340e-01 7.5000000000e-01 
1.2924411346e-10 1.2230184184e+04 7.8539816340e-01 7.5000000000e-01 
5.4182458947e-09 1.1216166809e+04 7.8539816340e-01 7.5000000000e-01 
2.5656000602e-06 1.5970088096e+04 7.8539816340e-01 7.5000000000e-01 
3.3826902950e-10 1.1921330468e+04 7.8539816340e-01 7.5000000000e-01 
1.2407252159e-09 1.4075170506e+04 7.8539816340e-01 7.5000000000e-01 
2.8999087743e-08 1.8187830236e+04 7.8539816340e-01 7.5000000000e-01 
1.3735077075e-07 1.6972535529e+04 7.8539816340e-01 7.5000000000e-01 
7.9286660893e-08 1.5256867414e+04 7.8539816340e-01 7.5000000000e-01 
1.4228344113e-06 1.4121562525e+04 7.8539816340e-01 7.5000000000e-01 
5.3296219752e-06 1.5048389259e+04 7.8539816340e-01 7.5000000000e-01 
1.6676773012e-10 1.2613097519e+04 7.8539816340e-01 7.5000000000e-01 
1.0989299157e-07 1.6205179357e+04 7.8539816340e-01 7.5000000000e-01 
4.3028796582e-06 1.4947084882e+04 7.8539816340e-01 7.5000000000e-01 
7.5712982358e-12 1.5309561826e+04 7.8539816340e-01 7.5000000000e-01 
9.0637543808e-07 1.1604820622e+04 7.8539816340e-01 7.5000000000e-01 
1.4910696956e-11 1.9585948982e+04 7.8539816340e-01 7.5000000000e-01 
1.4934940662e-05 1.1608500344e+04 7.8539816340e-01 7.5000000000e-01 
3.0096345188e-10 1.3741841997e+04 7.8539816340e-01 7.5000000000e-01 
6.0737241641e-09 2.3202891097e+04 7.8539816340e-01 7.5000000000e-01 
6.7583783345e-11 2.1622833188e+04 7.8539816340e-01 7.5000000000e-01 
1.0029929411e-10 1.3459180474e+04 7.8539816340e-01 7.5000000000e-01 
3.9528652942e-10 1.1448274621e+04 7.8539816340e-01 7.5000000000e-01 
1.0582589709e-09 2.1336549860e+04 7.8539816340e-01 7.5000000000e-01 
4.2763478569e-11 1.2369865757e+04 7.8539816340e-01 7.5000000000e-01 
2.0751225736e-09 1.2231052927e+04 7.8539816340e-01 7.5000000000e-01 
1.4261021595e-06 1.1439695171e+04 7.8539816340e-01 7.5000000000e-01 
1.3272769728e-08 1.2005736461e+04 7.8539816340e-01 7.5000000000e-01 
1.8149889750e-09 1.4110369223e+04 7.8539816340e-01 7.5000000000e-01 
6.6994393320e-09 1.7999573990e+04 7.8539816340e-01 7.5000000000e-01 
5.9395744607e-07 1.5078235454e+04 7.8539816340e-01 7.5000000000e-01 
1.3218812030e-09 1.4359551639e+04 7.8539816340e-01 7.5000000000e-01 
5.5151466018e-11 1.2467324453e+04 7.8539816340e-01 7.5000000000e-01 
1.0815419854e-08 1.7065105363e+04 7.8539816340e-01 7.5000000000e-01 
