4.0817808190e-09 1.4245497842e+04 5.7657365116e-01 1.8000000000e-01 
2.6042803021e-08 1.3441377997e+04 2.1337006399e-01 1.8000000000e-01 
1.6323334602e-05 1.5498353674e+04 7.2709847310e-01 1.8000000000e-01 
1.3198780219e-09 1.1210518092e+04 4.1799087610e-01 1.8000000000e-01 
1.1643879954e-07 1.2346074965e+04 5.2344677246e-01 1.8000000000e-01 
2.2428037398e-08 2.3986573269e+04 7.8230524005e-01 1.8000000000e-01 
1.3185170516e-07 1.3340532377e+04 5.8972384843e-01 1.8000000000e-01 
6.6280261924e-07 1.5415606165e+04 8.8770048569e-01 1.8000000000e-01 
7.0038897822e-08 1.1783424756e+04 5.6915802531e-01 1.8000000000e-01 
1.6470489615e-08 1.7896498059e+04 1.3398992794e+00 1.8000000000e-01 
8.6271838901e-11 1.1252982886e+04 1.2629255879e+00 1.8000000000e-01 
2.0558526150e-08 1.2530367537e+04 2.4731311922e-01 1.8000000000e-01 
3.1333355208e-08 1.2044348326e+04 8.9738742587e-01 1.8000000000e-01 
2.6795653616e-05 1.1914304507e+04 1.4333402110e+00 1.8000000000e-01 
4.0277512954e-10 1.2989562543e+04 5.2317462166e-01 1.8000000000e-01 
4.6783931697e-09 1.3879431354e+04 6.9019537460e-01 1.8000000000e-01 
3.8186809005e-10 1.2907103277e+04 9.4772427538e-01 1.8000000000e-01 
1.5355379601e-10 1.3074910314e+04 8.5092498198e-01 1.8000000000e-01 
1.8959111598e-06 1.3672893117e+04 3.3305868099e-01 1.8000000000e-01 
1.6100116324e-11 1.8620391004e+04 4.7223813402e-01 1.8000000000e-01 
6.7882339196e-11 1.4119181856e+04 6.0175991066e-01 1.8000000000e-01 
1.1879427928e-06 1.6652565526e+04 1.2042030268e+00 1.8000000000e-01 
1.2299575726e-08 2.5000000000e+04 2.1978125987e-01 1.8000000000e-01 
1.5876401370e-08 1.8946338157e+04 6.6640202676e-01 1.8000000000e-01 
1.8984268412e-09 1.2507192367e+04 1.1087573659e+00 1.8000000000e-01 
1.6780569090e-10 1.6820805476e+04 1.0134565378e+00 1.8000000000e-01 
2.8798362835e-10 1.2748204874e+04 4.5979139479e-01 1.8000000000e-01 
2.1544647315e-07 1.3539244043e+04 2.0276836841e-01 1.8000000000e-01 
5.4299308454e-07 2.5000000000e+04 8.6170979282e-01 1.8000000000e-01 
1.8403168577e-08 1.2373237901e+04 1.3543047046e+00 1.8000000000e-01 
3.1484441882e-07 1.3507943405e+04 4.1901979875e-01 1.8000000000e-01 
2.3249194714e-08 1.2185218368e+04 7.4288171092e-01 1.8000000000e-01 
6.0809542471e-10 1.2609825820e+04 9.4584073408e-01 1.8000000000e-01 
1.4897472480e-10 2.4765188317e+04 3.2710323855e-01 1.8000000000e-01 
3.2871759132e-09 1.4824969103e+04 2.2130483091e-01 1.8000000000e-01 
3.9797340597e-09 1.2467158861e+04 6.4750666081e-01 1.8000000000e-01 
7.9360960966e-07 1.1831235632e+04 4.7909682713e-01 1.8000000000e-01 
4.8803935309e-06 1.4321760027e+04 8.5181275273e-01 1.8000000000e-01 
6.3698598449e-10 1.1725320739e+04 4.7446904235e-01 1.8000000000e-01 
7.5133011053e-09 1.2495758815e+04 1.0506800637e+00 1.8000000000e-01 
3.5982267506e-08 1.6534960039e+04 5.5471313162e-01 1.8000000000e-01 
2.8210308951e-07 1.4348166597e+04 1.3258523487e+00 1.8000000000e-01 
3.5184159705e-09 1.7696873736e+04 2.1198544601e-01 1.8000000000e-01 
7.6667989612e-10 1.1825558963e+04 6.2143073739e-01 1.8000000000e-01 
1.1408412948e-07 1.2182897612e+04 3.7939326148e-01 1.8000000000e-01 
8.1744482541e-10 1.1623157074e+04 1.1150688488e+00 1.8000000000e-01 
1.4618722277e-11 1.4511717082e+04 1.2563993472e+00 1.8000000000e-01 
4.7055390150e-08 1.1883300076e+04 3.9535299881e-01 1.8000000000e-01 
3.4641774050e-07 1.4335900042e+04 1.2338087868e+00 1.8000000000e-01 
3.7370142359e-09 1.1751313440e+04 1.0526065908e+00 1.8000000000e-01 
1.8063856737e-11 1.4369225023e+04 1.2726973766e+00 1.8000000000e-01 
3.4440740481e-09 1.1354735673e+04 9.5929448513e-01 1.8000000000e-01 
1.8122888268e-08 1.1966381182e+04 1.0497033087e+00 1.8000000000e-01 
6.0574638776e-07 1.5226667393e+04 8.1311066612e-01 1.8000000000e-01 
1.7541544869e-07 1.5495693815e+04 8.2322114635e-01 1.8000000000e-01 
2.4756894302e-11 1.1843819483e+04 4.5081489090e-01 1.8000000000e-01 
3.4677133734e-09 1.4347499911e+04 6.2902531780e-01 1.8000000000e-01 
9.8405418448e-07 1.2132406966e+04 9.7332265007e-01 1.8000000000e-01 
6.8733156980e-11 1.2096872536e+04 4.7387355523e-01 1.8000000000e-01 
6.5228923803e-10 1.1997384139e+04 6.6827019238e-01 1.8000000000e-01 
1.5401170714e-09 1.1315213159e+04 1.1069678099e+00 1.8000000000e-01 
1.3441374466e-08 1.1931069515e+04 7.1192480506e-01 1.8000000000e-01 
3.2757091237e-09 1.2054260969e+04 2.9753293821e-01 1.8000000000e-01 
1.5550459038e-10 1.1572138580e+04 2.3061825913e-01 1.8000000000e-01 
8.1964950674e-10 1.2195870728e+04 7.9456983455e-01 1.8000000000e-01 
1.6679854287e-09 1.2634884686e+04 5.4374126532e-01 1.8000000000e-01 
4.3168377365e-09 1.1506592022e+04 2.5938933302e-01 1.8000000000e-01 
1.5976146376e-06 1.2161871590e+04 9.0853368696e-01 1.8000000000e-01 
4.3471307029e-11 1.6045358755e+04 3.4543481591e-01 1.8000000000e-01 
1.0198673707e-10 1.3806441865e+04 4.9083756643e-01 1.8000000000e-01 
8.1174641106e-09 1.1834997211e+04 8.5125815077e-01 1.8000000000e-01 
7.1600432183e-11 1.4231341512e+04 1.2863635487e+00 1.8000000000e-01 
5.7021689190e-10 1.1920418191e+04 2.6886752688e-01 1.8000000000e-01 
6.7560204934e-10 1.9276891492e+04 5.1474818376e-01 1.8000000000e-01 
3.8167366789e-10 1.3288221412e+04 1.0450074255e+00 1.8000000000e-01 
4.3697424812e-08 1.1413562802e+04 5.3753555237e-01 1.8000000000e-01 
6.1550137912e-09 1.7587448727e+04 1.1554091752e+00 1.8000000000e-01 
8.8679715828e-08 1.1928991894e+04 5.9893386466e-01 1.8000000000e-01 
1.0917054808e-08 1.7423316777e+04 5.9807539199e-01 1.8000000000e-01 
3.0522285792e-06 1.2209233177e+04 8.9208032254e-01 1.8000000000e-01 
5.3034460286e-10 1.1238382271e+04 1.1635719375e+00 1.8000000000e-01 
1.7518579239e-09 1.3133056829e+04 6.9063568694e-01 1.8000000000e-01 
4.1703351131e-07 1.7097752502e+04 9.8163962761e-01 1.8000000000e-01 
7.3375840096e-06 1.3415519300e+04 7.3572106805e-01 1.8000000000e-01 
3.0564341601e-10 1.3506426421e+04 3.7714751066e-01 1.8000000000e-01 
3.5730259485e-08 1.8359774796e+04 2.2512551574e-01 1.8000000000e-01 
9.6136858007e-08 1.1421212903e+04 6.3534769572e-01 1.8000000000e-01 
3.9884605525e-11 1.3299651843e+04 1.2300525255e+00 1.8000000000e-01 
2.5226616864e-09 1.1856541838e+04 1.1741488366e+00 1.8000000000e-01 
8.2554416836e-09 1.1708554650e+04 9.6189325836e-01 1.8000000000e-01 
1.5317795142e-06 1.4623736081e+04 3.0606018194e-01 1.8000000000e-01 
9.0864412560e-10 1.1671497095e+04 1.5074062536e+00 1.8000000000e-01 
3.4303869695e-08 1.4642663882e+04 3.6012645382e-01 1.8000000000e-01 
3.9555489005e-10 2.1013931163e+04 7.1922191360e-01 1.8000000000e-01 
1.6939614626e-11 1.3962334945e+04 6.1136506525e-01 1.8000000000e-01 
2.1243159035e-10 1.1580886521e+04 1.1486129205e+00 1.8000000000e-01 
7.5174966363e-06 1.1301335334e+04 6.3731290549e-01 1.8000000000e-01 
3.5176992730e-09 1.4612179171e+04 6.5827457738e-01 1.8000000000e-01 
1.9011270382e-11 2.1412790851e+04 9.0681890903e-01 1.8000000000e-01 
4.6971287762e-08 1.3492179170e+04 2.1512420231e-01 1.8000000000e-01 
1.5881821392e-08 1.3038647596e+04 1.2982457859e+00 1.8000000000e-01 
1.6130138511e-08 1.1226279391e+04 6.5046365596e-01 1.8000000000e-01 
9.8043336176e-09 2.0998114759e+04 8.0366791449e-01 1.8000000000e-01 
2.6290204645e-09 1.3003971871e+04 1.0290234881e+00 1.8000000000e-01 
3.4042054922e-08 1.1500866912e+04 4.3956337223e-01 1.8000000000e-01 
2.3826048172e-07 1.1448378585e+04 5.3249734984e-01 1.8000000000e-01 
1.1079309549e-07 1.1219597717e+04 1.2284733860e+00 1.8000000000e-01 
6.1773292228e-09 1.1526623832e+04 1.0297412287e+00 1.8000000000e-01 
3.2377919193e-09 1.2584252744e+04 8.3256953691e-01 1.8000000000e-01 
2.5317865619e-09 1.4100050396e+04 3.7630946779e-01 1.8000000000e-01 
6.7871764452e-10 1.3344927547e+04 7.9720688442e-01 1.8000000000e-01 
1.1920229091e-08 1.8770341496e+04 1.3463385170e+00 1.8000000000e-01 
2.5239754730e-07 1.1258817141e+04 1.4147323675e+00 1.8000000000e-01 
1.2525409040e-10 1.3032769011e+04 1.3105703553e+00 1.8000000000e-01 
5.4102893111e-08 2.2077363133e+04 8.8789044043e-01 1.8000000000e-01 
8.4267100330e-10 1.1964940066e+04 8.0330997656e-01 1.8000000000e-01 
1.3000184504e-09 2.5000000000e+04 6.1763058597e-01 1.8000000000e-01 
2.7686302763e-10 1.1459717551e+04 1.0495511627e+00 1.8000000000e-01 
5.9245291341e-11 2.0815140071e+04 1.6422488615e-01 1.8000000000e-01 
1.0095341624e-09 2.1272610323e+04 7.1990071190e-01 1.8000000000e-01 
2.5166674926e-09 2.4390290122e+04 8.5771944954e-01 1.8000000000e-01 
6.7512720565e-10 1.1355555112e+04 1.1059201428e+00 1.8000000000e-01 
1.1104287112e-07 1.6592499062e+04 1.1494771658e+00 1.8000000000e-01 
1.0621492467e-09 1.1354868371e+04 5.3269057947e-01 1.8000000000e-01 
3.2152052734e-06 1.5321026068e+04 1.4992795283e+00 1.8000000000e-01 
9.7608908801e-08 1.1768545704e+04 3.9115333765e-01 1.8000000000e-01 
1.0661264496e-07 1.3284872265e+04 9.7922789967e-01 1.8000000000e-01 
1.4124079781e-09 2.5000000000e+04 1.4829124207e+00 1.8000000000e-01 
1.6946664869e-07 1.5172667501e+04 9.8867996331e-01 1.8000000000e-01 
5.6808867042e-06 1.8451181920e+04 4.2532060202e-01 1.8000000000e-01 
4.8094404321e-08 2.2551978174e+04 1.4354973766e+00 1.8000000000e-01 
1.1891653896e-07 2.3015913225e+04 6.6332154077e-01 1.8000000000e-01 
2.2754078887e-05 1.4720197203e+04 1.3069713844e+00 1.8000000000e-01 
2.8693191490e-10 1.5013319996e+04 6.9489954540e-01 1.8000000000e-01 
5.2938474371e-12 1.1861244210e+04 2.3981857616e-01 1.8000000000e-01 
1.9794888458e-11 2.5000000000e+04 1.1172826276e+00 1.8000000000e-01 
1.0433395931e-09 1.5971700046e+04 6.7587809364e-01 1.8000000000e-01 
2.3609879639e-08 1.9535732358e+04 1.0326131612e+00 1.8000000000e-01 
2.9619152091e-09 2.2951509435e+04 1.9942038447e-01 1.8000000000e-01 
2.4047643887e-07 1.1535387554e+04 1.4121511945e+00 1.8000000000e-01 
2.2586159319e-09 1.3288555467e+04 1.4375341316e+00 1.8000000000e-01 
8.7977328635e-09 1.1203754406e+04 4.7023309246e-01 1.8000000000e-01 
8.5694139108e-08 1.4993916952e+04 1.0920937795e+00 1.8000000000e-01 
1.3723046688e-06 1.2906457472e+04 1.1191403948e+00 1.8000000000e-01 
4.5391770449e-07 1.2058895181e+04 1.3537179329e+00 1.8000000000e-01 
9.7481249933e-11 1.2818179108e+04 9.8823642965e-01 1.8000000000e-01 
2.3144813903e-08 1.5678963645e+04 6.9056954494e-01 1.8000000000e-01 
3.1139872898e-06 2.5000000000e+04 3.6220457041e-01 1.8000000000e-01 
3.2603481340e-07 1.1890950562e+04 7.2828637692e-01 1.8000000000e-01 
1.4820339768e-10 1.7289239098e+04 9.8667875327e-01 1.8000000000e-01 
4.3327445244e-08 1.1892170109e+04 1.1534674978e+00 1.8000000000e-01 
8.5256481633e-11 1.3819778270e+04 6.5893522521e-01 1.8000000000e-01 
4.0466519234e-07 1.3049272175e+04 5.4065552979e-01 1.8000000000e-01 
4.4285705478e-11 1.2504584055e+04 8.9608705864e-01 1.8000000000e-01 
8.9446050629e-09 1.1301380927e+04 4.8692102271e-01 1.8000000000e-01 
3.9407952913e-11 1.1764898277e+04 4.4874874924e-01 1.8000000000e-01 
1.7591019947e-05 1.2065500821e+04 1.4066100798e+00 1.8000000000e-01 
1.5523644261e-06 1.2229455787e+04 1.0275917217e+00 1.8000000000e-01 
1.3429239140e-07 1.5567733947e+04 3.3598128711e-01 1.8000000000e-01 
1.7032497478e-09 1.2874216022e+04 1.1147515284e+00 1.8000000000e-01 
2.9058485258e-09 1.1283114284e+04 4.6950482390e-01 1.8000000000e-01 
1.9761075010e-11 1.6215323061e+04 5.3068587978e-01 1.8000000000e-01 
3.5431550309e-08 1.2654754352e+04 4.1720258695e-01 1.8000000000e-01 
7.6984678482e-10 1.3666096022e+04 3.2734203837e-01 1.8000000000e-01 
1.1888877734e-09 1.1828393715e+04 8.0260903990e-01 1.8000000000e-01 
1.3684329057e-11 1.1475787141e+04 9.6144602054e-01 1.8000000000e-01 
1.8108285060e-07 1.7026250237e+04 9.3574575556e-01 1.8000000000e-01 
1.6915731398e-07 2.5000000000e+04 9.0744562499e-01 1.8000000000e-01 
3.1518258616e-10 1.2909982870e+04 7.6499100798e-01 1.8000000000e-01 
1.7410146859e-09 1.1982374610e+04 5.6514714688e-01 1.8000000000e-01 
1.5674442529e-08 1.2049118002e+04 8.8578456206e-01 1.8000000000e-01 
1.0501534213e-08 1.4774531656e+04 1.6151677581e-01 1.8000000000e-01 
3.6625793015e-08 2.1412932160e+04 3.0970593675e-01 1.8000000000e-01 
2.8451205595e-08 1.4805018460e+04 8.5959954449e-02 1.8000000000e-01 
5.9487290086e-12 1.9528266412e+04 1.2883055026e+00 1.8000000000e-01 
3.1339289971e-06 1.2030583041e+04 6.6368135471e-01 1.8000000000e-01 
2.7424991798e-10 1.1520958793e+04 8.9139964890e-01 1.8000000000e-01 
9.4148098169e-09 1.1269808880e+04 5.9687207643e-01 1.8000000000e-01 
2.4609830369e-08 1.1519524532e+04 4.8738593723e-01 1.8000000000e-01 
1.8841505512e-11 1.4695722082e+04 6.4756421513e-01 1.8000000000e-01 
1.6153281733e-10 1.4590473298e+04 1.3174180103e+00 1.8000000000e-01 
9.0818783567e-11 2.5000000000e+04 1.3576800866e+00 1.8000000000e-01 
2.0759668696e-06 1.2837069272e+04 1.0316377061e+00 1.8000000000e-01 
3.8243615237e-10 1.9583010524e+04 9.7765890279e-01 1.8000000000e-01 
3.1052506158e-09 1.2143008838e+04 7.7887958246e-01 1.8000000000e-01 
1.2101177311e-09 2.4745100111e+04 8.8151923471e-01 1.8000000000e-01 
9.1847448961e-09 1.1279540493e+04 8.5860017768e-01 1.8000000000e-01 
5.3811525244e-10 1.1428241792e+04 9.3363091266e-01 1.8000000000e-01 
6.1369096040e-06 2.4182946875e+04 3.7183618049e-01 1.8000000000e-01 
2.9443909573e-10 1.2637259101e+04 6.6622191361e-01 1.8000000000e-01 
6.2736533704e-08 2.5000000000e+04 7.4624705993e-01 1.8000000000e-01 
3.1822669166e-09 1.3442640949e+04 5.5027919726e-01 1.8000000000e-01 
1.9040017117e-09 1.5333005651e+04 9.0638427287e-01 1.8000000000e-01 
2.1732483179e-07 1.2171685928e+04 9.4969722269e-01 1.8000000000e-01 
1.5912530248e-10 1.4334755798e+04 8.0820256696e-01 1.8000000000e-01 
5.8088331468e-09 2.1267065402e+04 4.2041577879e-01 1.8000000000e-01 
4.5119979416e-08 1.3058379119e+04 9.8024577420e-01 1.8000000000e-01 
2.9257813497e-09 1.5946731997e+04 1.4504328378e+00 1.8000000000e-01 
1.2306393732e-05 1.1274665049e+04 3.4491515400e-01 1.8000000000e-01 
8.2343983595e-10 1.1626954850e+04 4.3236557096e-01 1.8000000000e-01 
3.0159253517e-06 1.4801410868e+04 1.0652307976e+00 1.8000000000e-01 
6.6147257758e-09 1.3182858350e+04 9.8981962705e-01 1.8000000000e-01 
7.7499856927e-07 1.1446384278e+04 1.1325923211e+00 1.8000000000e-01 
2.2307357120e-10 2.2039806762e+04 1.1615821726e+00 1.8000000000e-01 
1.5873532727e-08 1.1857923639e+04 6.3832860210e-01 1.8000000000e-01 
4.3777552397e-09 1.3019148428e+04 9.1742413115e-01 1.8000000000e-01 
2.2293614310e-10 1.4685890884e+04 7.4289806442e-01 1.8000000000e-01 
5.3718975152e-08 1.7576269134e+04 4.1179389659e-01 1.8000000000e-01 
5.9945001365e-08 1.6465267530e+04 1.0567690448e+00 1.8000000000e-01 
1.6668110668e-07 1.9001499397e+04 1.2454577313e+00 1.8000000000e-01 
4.1178457732e-09 1.5003024087e+04 7.1845870677e-01 1.8000000000e-01 
1.5727027841e-08 1.3498792152e+04 1.8363471102e-01 1.8000000000e-01 
2.4653845400e-06 1.2911945939e+04 1.2410918831e+00 1.8000000000e-01 
2.9681676584e-09 1.2992092879e+04 1.4054541304e+00 1.8000000000e-01 
1.1681996875e-08 1.2365408760e+04 1.0666717325e+00 1.8000000000e-01 
1.0615106677e-08 1.1250309534e+04 7.2970414711e-01 1.8000000000e-01 
1.8941553291e-09 1.1544001588e+04 4.3714014579e-01 1.8000000000e-01 
2.1246949743e-08 1.1359925068e+04 6.1588073005e-01 1.8000000000e-01 
1.1454078054e-09 1.5189579073e+04 1.1589377023e+00 1.8000000000e-01 
4.0351696369e-09 1.6695557898e+04 1.0280647059e+00 1.8000000000e-01 
4.9593127306e-11 1.1875293358e+04 6.4114119894e-01 1.8000000000e-01 
6.8646774152e-10 1.2303887523e+04 3.1816564421e-01 1.8000000000e-01 
1.1461898131e-10 1.8280763343e+04 3.3870339065e-01 1.8000000000e-01 
1.1339360481e-10 1.2390818969e+04 6.1980062677e-01 1.8000000000e-01 
7.5571648005e-08 1.3061646649e+04 1.3379214753e+00 1.8000000000e-01 
6.6637736888e-09 1.4508670247e+04 8.1813349060e-01 1.8000000000e-01 
1.7228751559e-07 1.1246190414e+04 5.0666962292e-01 1.8000000000e-01 
3.0978634521e-08 1.2425837360e+04 6.0348708643e-01 1.8000000000e-01 
7.8150937559e-08 1.5803713243e+04 4.8258903912e-01 1.8000000000e-01 
1.5321169398e-10 1.4367170005e+04 6.7238341054e-01 1.8000000000e-01 
2.8885858581e-06 1.1859514147e+04 4.8153537135e-01 1.8000000000e-01 
2.7265102755e-09 1.6952793240e+04 7.6192150292e-01 1.8000000000e-01 
1.0868688788e-09 1.7419032140e+04 6.7405528325e-01 1.8000000000e-01 
2.1078711728e-08 1.1480705205e+04 8.8365900374e-01 1.8000000000e-01 
9.4840857092e-11 1.1632461036e+04 1.0533218292e+00 1.8000000000e-01 
2.4777422510e-07 1.5432433467e+04 1.1587767175e+00 1.8000000000e-01 
6.2061812006e-09 1.2579389318e+04 1.0923644249e+00 1.8000000000e-01 
3.5122502542e-09 1.1555073196e+04 9.5622973104e-01 1.8000000000e-01 
3.4614297407e-11 1.6826432602e+04 3.2059288575e-01 1.8000000000e-01 
2.1819280463e-09 2.1233416018e+04 2.7987446196e-01 1.8000000000e-01 
6.9480832985e-06 1.1225836216e+04 8.2851072431e-01 1.8000000000e-01 
6.8307681039e-09 1.1502258800e+04 8.0316733808e-01 1.8000000000e-01 
6.3431861421e-07 1.1695985697e+04 1.3609592739e+00 1.8000000000e-01 
1.1860957149e-06 2.5000000000e+04 4.0578868155e-01 1.8000000000e-01 
1.6565706787e-08 2.0782064876e+04 1.1317910582e+00 1.8000000000e-01 
7.5225946118e-07 1.5654453854e+04 1.2137326810e-01 1.8000000000e-01 
5.1853748052e-07 1.1518958152e+04 1.0813023663e+00 1.8000000000e-01 
1.0235361164e-08 1.5651569495e+04 3.5715249089e-01 1.8000000000e-01 
2.8031715839e-09 1.7580035397e+04 1.6843966621e-01 1.8000000000e-01 
3.9768136737e-08 1.6457462448e+04 5.3234648074e-01 1.8000000000e-01 
3.9357525006e-10 1.6382206583e+04 1.3735761821e+00 1.8000000000e-01 
1.7724883687e-10 1.1384333697e+04 3.2102387886e-01 1.8000000000e-01 
1.5049296937e-09 1.4057647101e+04 1.0901994670e+00 1.8000000000e-01 
1.4102191908e-09 1.3456420889e+04 1.1061567518e+00 1.8000000000e-01 
1.4309594301e-10 1.4061702125e+04 1.1148812196e+00 1.8000000000e-01 
3.3257712478e-08 1.6408058019e+04 1.3243723913e+00 1.8000000000e-01 
4.0383676366e-08 1.1634971422e+04 7.1896452362e-01 1.8000000000e-01 
3.0705285641e-10 1.1477405396e+04 9.0233434246e-01 1.8000000000e-01 
2.2535187763e-11 1.1645530447e+04 1.1345233200e+00 1.8000000000e-01 
1.3911128189e-09 1.2424464540e+04 9.7343581888e-01 1.8000000000e-01 
5.2175874194e-10 1.2667905596e+04 5.7477653597e-01 1.8000000000e-01 
9.8281220031e-10 1.2580397818e+04 4.2742408280e-01 1.8000000000e-01 
8.5743589012e-07 1.2541011515e+04 1.0427925059e+00 1.8000000000e-01 
2.0752677322e-07 1.2734695704e+04 1.0430430211e+00 1.8000000000e-01 
4.1044453080e-07 1.3139592209e+04 8.5760493801e-01 1.8000000000e-01 
7.6285771974e-10 1.2375136096e+04 8.5967063285e-01 1.8000000000e-01 
2.7764931281e-09 1.3625808547e+04 7.5427759036e-01 1.8000000000e-01 
7.5842262550e-11 1.1550946169e+04 7.4643783577e-01 1.8000000000e-01 
2.0476235618e-10 1.6973950921e+04 1.3993370305e+00 1.8000000000e-01 
2.4171368082e-07 1.2326311718e+04 4.8402961969e-01 1.8000000000e-01 
3.1905339930e-08 1.2033059928e+04 7.4339190590e-01 1.8000000000e-01 
2.1796669672e-11 1.3362302015e+04 1.0131169690e+00 1.8000000000e-01 
1.9644258810e-09 1.1815697551e+04 1.0512617356e+00 1.8000000000e-01 
1.6421467672e-09 1.2481095604e+04 1.3851320840e+00 1.8000000000e-01 
1.4875258975e-11 1.1900980391e+04 7.5437592009e-01 1.8000000000e-01 
1.2284398501e-08 1.4647379323e+04 1.2942250839e+00 1.8000000000e-01 
5.4841570295e-10 2.5000000000e+04 9.3366556935e-01 1.8000000000e-01 
6.9425314812e-07 1.5374121587e+04 9.8682335444e-01 1.8000000000e-01 
3.9322702412e-10 1.1757417789e+04 9.6469686056e-01 1.8000000000e-01 
1.3300156065e-06 2.4722666879e+04 1.1691099605e+00 1.8000000000e-01 
1.8536859227e-09 1.3028976996e+04 7.3683738091e-01 1.8000000000e-01 
1.7788949503e-08 1.2079587517e+04 2.7030187357e-01 1.8000000000e-01 
4.9719242160e-08 1.1701235202e+04 6.8196269877e-01 1.8000000000e-01 
3.8552907623e-09 1.4049414523e+04 6.5461436833e-01 1.8000000000e-01 
1.8910764427e-11 1.7787650105e+04 6.9589815289e-01 1.8000000000e-01 
1.7554479781e-10 1.6578807331e+04 1.4823758978e+00 1.8000000000e-01 
1.3211728060e-10 1.1560957292e+04 3.9685183272e-01 1.8000000000e-01 
6.3920059951e-10 1.1899185648e+04 1.0635092916e+00 1.8000000000e-01 
3.9387492111e-11 1.2382868811e+04 3.8307428478e-01 1.8000000000e-01 
2.4930799602e-07 1.4021122271e+04 7.2241880301e-01 1.8000000000e-01 
8.1532950609e-08 2.0948223982e+04 1.0779469495e+00 1.8000000000e-01 
1.1976363224e-08 1.1402786251e+04 9.7158980325e-01 1.8000000000e-01 
1.9602577555e-05 1.2252120294e+04 1.1147131970e+00 1.8000000000e-01 
7.8695736324e-10 1.1558323801e+04 7.3012680413e-01 1.8000000000e-01 
3.7797120572e-08 1.2268796691e+04 8.5953698009e-01 1.8000000000e-01 
5.9546908971e-09 1.3668981368e+04 3.0516152444e-01 1.8000000000e-01 
1.3163027416e-10 1.3896434174e+04 6.5135702154e-01 1.8000000000e-01 
1.4386784960e-09 1.2564463120e+04 4.9365633135e-01 1.8000000000e-01 
1.6735635628e-08 1.1691813060e+04 8.5067654732e-01 1.8000000000e-01 
5.2872807608e-09 1.1867075597e+04 1.1870185528e+00 1.8000000000e-01 
4.2220142716e-10 1.1447643415e+04 9.5896562554e-01 1.8000000000e-01 
3.1558034254e-11 1.2336506503e+04 9.2970421205e-01 1.8000000000e-01 
3.4920210166e-07 1.2900295129e+04 8.7664104775e-01 1.8000000000e-01 
7.5061763642e-07 1.3022517206e+04 6.9550348271e-01 1.8000000000e-01 
1.2131022452e-09 1.8589050401e+04 1.0912053946e+00 1.8000000000e-01 
1.0880690128e-08 1.8013936799e+04 9.0529714473e-01 1.8000000000e-01 
4.6590650010e-09 1.1811766424e+04 9.3992294791e-01 1.8000000000e-01 
4.3522448537e-12 1.3400793654e+04 1.2893300898e+00 1.8000000000e-01 
2.0170765421e-10 1.4748728022e+04 1.4558590573e-01 1.8000000000e-01 
2.2670695597e-09 1.4572609142e+04 1.4615479807e+00 1.8000000000e-01 
9.7287181474e-11 1.1769518216e+04 1.2701950140e+00 1.8000000000e-01 
3.3608994881e-07 1.1390753533e+04 3.6363974555e-01 1.8000000000e-01 
2.1874513634e-08 1.1302216087e+04 7.3014221818e-01 1.8000000000e-01 
2.0917669362e-09 1.6196507259e+04 6.3082337054e-01 1.8000000000e-01 
3.6885394410e-09 1.3483971323e+04 3.6986456149e-01 1.8000000000e-01 
1.8126440617e-09 1.4280564336e+04 5.9490996756e-01 1.8000000000e-01 
6.3400377002e-10 1.1913434467e+04 1.1300690345e+00 1.8000000000e-01 
3.1989559758e-07 1.6602876947e+04 3.7867854405e-01 1.8000000000e-01 
1.8803062616e-09 2.1848420939e+04 2.5427851188e-01 1.8000000000e-01 
1.1010036505e-09 1.2286579660e+04 1.1968646923e+00 1.8000000000e-01 
9.1928516445e-07 1.6292525307e+04 9.5642822431e-01 1.8000000000e-01 
2.6002773093e-09 1.8356800548e+04 1.2503754668e+00 1.8000000000e-01 
1.5280863985e-07 1.2847332588e+04 1.0570979819e+00 1.8000000000e-01 
7.6759623479e-07 1.5501343307e+04 8.0265978447e-01 1.8000000000e-01 
4.7985117900e-10 1.2623171477e+04 5.6288729901e-02 1.8000000000e-01 
9.4393757562e-09 1.9451101713e+04 4.1492261949e-01 1.8000000000e-01 
9.4505886203e-09 1.2179955380e+04 1.1611355642e+00 1.8000000000e-01 
8.8636425084e-11 1.3809346657e+04 9.6986927007e-01 1.8000000000e-01 
1.8027378257e-06 1.3152179521e+04 9.7855763920e-01 1.8000000000e-01 
2.2751434618e-09 1.1317431090e+04 2.6169156760e-01 1.8000000000e-01 
1.8818499169e-09 1.1787679588e+04 1.0533486904e+00 1.8000000000e-01 
4.5253827057e-12 1.5336186908e+04 1.4753878559e+00 1.8000000000e-01 
1.0875052260e-09 2.2253427170e+04 4.5434835705e-01 1.8000000000e-01 
4.8305970281e-08 1.2478684681e+04 8.8784486189e-01 1.8000000000e-01 
3.7904157198e-08 1.1461687082e+04 1.0752624864e+00 1.8000000000e-01 
1.5325017651e-11 1.4801106261e+04 6.5761841210e-01 1.8000000000e-01 
1.7302620773e-07 1.2106597054e+04 1.1851199700e+00 1.8000000000e-01 
1.6420994145e-06 2.4038390192e+04 9.3013867826e-01 1.8000000000e-01 
1.2680545257e-08 1.3551924759e+04 8.4290812096e-01 1.8000000000e-01 
3.8752082292e-10 2.0149559256e+04 1.2442220010e+00 1.8000000000e-01 
1.8994653545e-10 1.1535338604e+04 1.1648167495e-01 1.8000000000e-01 
7.2626755333e-08 1.2612940913e+04 9.0465202097e-01 1.8000000000e-01 
1.3974512762e-09 1.3183110070e+04 9.1604177247e-01 1.8000000000e-01 
3.5135731427e-09 1.1449421332e+04 1.2496946390e+00 1.8000000000e-01 
3.1884458979e-09 1.2972941383e+04 1.5296150228e+00 1.8000000000e-01 
3.3735346940e-10 1.1274143822e+04 9.6583585161e-01 1.8000000000e-01 
2.4143370874e-06 1.1518089694e+04 9.2432113828e-01 1.8000000000e-01 
2.9039849181e-09 1.3554604582e+04 1.1426050681e+00 1.8000000000e-01 
1.0456680102e-06 1.4077148349e+04 2.1375525938e-01 1.8000000000e-01 
9.0941991676e-09 1.2351236695e+04 1.2642825150e+00 1.8000000000e-01 
1.8865461942e-10 1.2733769331e+04 1.1276548837e+00 1.8000000000e-01 
6.5511414352e-07 1.7903232164e+04 7.9531565412e-01 1.8000000000e-01 
7.5378919569e-10 1.2486282975e+04 1.3498898701e+00 1.8000000000e-01 
6.2242599449e-08 1.2113138553e+04 1.3040735238e+00 1.8000000000e-01 
8.2253740486e-11 1.2213284601e+04 1.3969659799e+00 1.8000000000e-01 
5.4851145697e-07 1.2888752851e+04 1.3585716159e+00 1.8000000000e-01 
9.4111268687e-10 2.5000000000e+04 7.5868850036e-01 1.8000000000e-01 
3.3036735651e-10 1.2913338681e+04 2.6005820910e-01 1.8000000000e-01 
1.7559469748e-05 1.3107301366e+04 7.4750388557e-01 1.8000000000e-01 
6.3510467114e-10 1.2708291531e+04 8.9729947541e-01 1.8000000000e-01 
1.8052451141e-08 1.1643111031e+04 4.6682926268e-01 1.8000000000e-01 
4.0403983233e-07 1.1333849710e+04 2.4896574900e-01 1.8000000000e-01 
1.4656097254e-08 1.1844217493e+04 8.1691348272e-01 1.8000000000e-01 
1.9163216118e-10 1.1225812362e+04 8.2170818738e-01 1.8000000000e-01 
8.0929228431e-07 1.8821697558e+04 9.5171534568e-01 1.8000000000e-01 
8.1822889597e-09 1.3208868705e+04 3.5732924608e-01 1.8000000000e-01 
1.5702431993e-07 1.2673075144e+04 3.9196294911e-01 1.8000000000e-01 
1.8940106130e-09 1.2382014744e+04 8.3403066203e-01 1.8000000000e-01 
8.0103956884e-09 1.2354057258e+04 9.0582242350e-01 1.8000000000e-01 
1.7398908770e-09 1.7715851253e+04 9.5736865956e-01 1.8000000000e-01 
9.6654666307e-09 1.1636938920e+04 6.8353850918e-01 1.8000000000e-01 
2.8830123834e-08 1.2603043141e+04 5.4341209661e-01 1.8000000000e-01 
1.9326425222e-10 1.3762401481e+04 1.3184038145e+00 1.8000000000e-01 
2.4354502333e-07 1.3574491373e+04 3.3813774605e-01 1.8000000000e-01 
6.2784405873e-09 1.4321980548e+04 9.7298722428e-01 1.8000000000e-01 
4.4431877899e-08 1.7175232099e+04 2.8840917208e-01 1.8000000000e-01 
1.1661546217e-08 1.9606200790e+04 9.0757347779e-01 1.8000000000e-01 
9.2941403366e-11 1.1269397081e+04 1.4221562804e-01 1.8000000000e-01 
5.9965660049e-07 1.1425556274e+04 1.2980324683e+00 1.8000000000e-01 
1.1356014590e-06 1.2098856571e+04 5.4398795555e-01 1.8000000000e-01 
5.2857892693e-10 1.1661677908e+04 5.8909002731e-01 1.8000000000e-01 
8.8909372677e-10 1.3808223600e+04 1.1345149728e+00 1.8000000000e-01 
9.0331967022e-08 1.2299355088e+04 1.2299142412e+00 1.8000000000e-01 
1.2196175514e-09 1.5219598633e+04 8.0723315688e-01 1.8000000000e-01 
1.9978229111e-08 1.2994881700e+04 1.1727107674e+00 1.8000000000e-01 
3.5568204680e-10 1.1639041794e+04 1.0244913790e+00 1.8000000000e-01 
2.1551018006e-09 1.2407248929e+04 5.2768590114e-01 1.8000000000e-01 
2.1303044773e-09 1.4118621784e+04 8.3818706416e-01 1.8000000000e-01 
2.1503046894e-08 1.2639997246e+04 8.4902669538e-01 1.8000000000e-01 
1.5687343343e-10 1.1967153421e+04 1.1899728525e+00 1.8000000000e-01 
1.0447884995e-07 1.2558267864e+04 1.3242266802e+00 1.8000000000e-01 
6.4812658722e-11 1.1734987301e+04 9.6114378108e-01 1.8000000000e-01 
1.5279565196e-07 1.4050094492e+04 8.4678124646e-01 1.8000000000e-01 
3.3797361799e-11 2.5000000000e+04 4.2527756028e-01 1.8000000000e-01 
7.2338335466e-08 1.5068522300e+04 1.0332070587e+00 1.8000000000e-01 
2.3028715770e-08 1.3672682473e+04 1.3971707608e+00 1.8000000000e-01 
7.5643504632e-11 1.3156017131e+04 6.7832995021e-01 1.8000000000e-01 
5.6147902473e-10 2.1733672812e+04 7.3364714022e-01 1.8000000000e-01 
2.0661949967e-11 1.2144334406e+04 8.8684554561e-01 1.8000000000e-01 
1.4344164656e-09 1.1403563946e+04 1.4300457904e+00 1.8000000000e-01 
2.5062366271e-09 1.1780045783e+04 1.1421550740e+00 1.8000000000e-01 
6.5499289250e-07 1.2618182612e+04 3.3067928427e-01 1.8000000000e-01 
7.9841375729e-10 1.6105333083e+04 1.1221000544e+00 1.8000000000e-01 
3.7543125369e-12 1.1934640113e+04 4.1499727237e-01 1.8000000000e-01 
4.7144383499e-12 1.1916656055e+04 1.3318431152e+00 1.8000000000e-01 
4.1065144771e-09 1.3413265674e+04 6.2795909449e-01 1.8000000000e-01 
3.5767762239e-09 1.1837454508e+04 9.5728858229e-01 1.8000000000e-01 
3.5622636085e-06 1.1736833023e+04 1.0504930919e+00 1.8000000000e-01 
1.2310140308e-11 2.4448686205e+04 1.5165181139e+00 1.8000000000e-01 
6.2130301834e-11 1.1701397996e+04 1.1546580530e+00 1.8000000000e-01 
3.5280859560e-10 1.9435582485e+04 7.8835483879e-01 1.8000000000e-01 
6.6676494768e-10 1.6924200896e+04 1.3028671476e+00 1.8000000000e-01 
5.5867984366e-09 1.4882551552e+04 3.3441922484e-01 1.8000000000e-01 
8.0976957900e-07 1.1685679486e+04 1.0411987880e+00 1.8000000000e-01 
1.0269863075e-11 1.9183807552e+04 6.4019774919e-01 1.8000000000e-01 
3.5679612120e-07 1.1684305459e+04 9.2884371589e-01 1.8000000000e-01 
1.3236263764e-07 1.2738299276e+04 9.5782715390e-01 1.8000000000e-01 
6.7493405221e-08 1.2454627720e+04 7.1736090847e-01 1.8000000000e-01 
8.0342540406e-11 1.2886031409e+04 1.0142974337e+00 1.8000000000e-01 
3.0722900083e-09 2.5000000000e+04 1.0621400052e+00 1.8000000000e-01 
9.9147759182e-09 1.1235338066e+04 9.0293488025e-01 1.8000000000e-01 
1.4274216187e-08 1.1206179479e+04 1.0526221068e+00 1.8000000000e-01 
2.5491731313e-07 1.3718300975e+04 9.1929682542e-01 1.8000000000e-01 
2.4627849698e-11 1.2896442726e+04 1.0641903789e+00 1.8000000000e-01 
5.4248223039e-11 1.3189127572e+04 8.5461239341e-01 1.8000000000e-01 
4.4650572903e-07 1.8326358880e+04 1.2325998151e+00 1.8000000000e-01 
4.0508910538e-09 1.2352740939e+04 1.3746372617e+00 1.8000000000e-01 
3.2615933098e-10 1.2999796232e+04 4.7956212160e-01 1.8000000000e-01 
1.0805402566e-07 1.2428840383e+04 1.2486661359e+00 1.8000000000e-01 
1.0138936042e-08 1.2684097779e+04 3.2578775393e-01 1.8000000000e-01 
1.8721212008e-08 1.4325375257e+04 8.5106577851e-01 1.8000000000e-01 
1.3519464291e-11 1.1532601309e+04 9.2879694128e-01 1.8000000000e-01 
1.8262954508e-09 1.2417107330e+04 8.0807294980e-01 1.8000000000e-01 
2.8116582643e-05 1.3091161252e+04 9.2619326842e-01 1.8000000000e-01 
4.8069253083e-06 1.6913490387e+04 1.1540175632e+00 1.8000000000e-01 
1.9760793353e-07 1.4979099937e+04 8.3294981018e-01 1.8000000000e-01 
1.1097899841e-10 1.3215538884e+04 2.3621204131e-01 1.8000000000e-01 
1.0660657855e-08 1.5489462653e+04 5.3557632840e-01 1.8000000000e-01 
9.0341272361e-10 1.1799925808e+04 6.5922069187e-01 1.8000000000e-01 
1.4505259602e-09 1.1967679694e+04 9.1404225522e-01 1.8000000000e-01 
4.3531375768e-07 1.4595165391e+04 7.4687403260e-01 1.8000000000e-01 
5.6440544858e-09 1.3100165491e+04 2.8940813579e-01 1.8000000000e-01 
1.3856224887e-09 1.1244874659e+04 6.1071263160e-01 1.8000000000e-01 
9.2572572824e-10 1.1657096843e+04 7.5255019207e-01 1.8000000000e-01 
1.0710037066e-10 2.3432582920e+04 5.4929611562e-01 1.8000000000e-01 
2.7576366350e-05 1.2015085998e+04 9.1345182028e-01 1.8000000000e-01 
1.2968611794e-09 2.0785157199e+04 5.1768648236e-01 1.8000000000e-01 
4.4208935195e-09 1.1296418545e+04 6.4097228713e-01 1.8000000000e-01 
9.4821506485e-06 1.4104344957e+04 6.0212392963e-01 1.8000000000e-01 
3.8743576593e-09 1.8307479868e+04 4.2439977253e-01 1.8000000000e-01 
2.2792681954e-08 1.1753384910e+04 6.7632621028e-01 1.8000000000e-01 
1.5397228070e-08 1.2872719028e+04 8.6943720133e-01 1.8000000000e-01 
7.0545360925e-08 2.5000000000e+04 9.5861383305e-01 1.8000000000e-01 
7.0407196206e-09 1.5089319000e+04 1.0109921425e+00 1.8000000000e-01 
3.3015575141e-10 1.2372318678e+04 1.4460369771e+00 1.8000000000e-01 
7.2250164676e-07 1.1992670717e+04 1.0216996466e+00 1.8000000000e-01 
7.3862885891e-10 1.1917918019e+04 1.0007872610e+00 1.8000000000e-01 
4.0240774175e-08 1.6482750007e+04 1.4867356663e+00 1.8000000000e-01 
6.1366890173e-09 1.4814984252e+04 2.3345541835e-01 1.8000000000e-01 
3.7975473598e-07 1.5959220835e+04 6.3629091666e-01 1.8000000000e-01 
1.4812021668e-09 1.1283315762e+04 4.2949252184e-01 1.8000000000e-01 
2.5300467666e-07 1.1782725305e+04 7.5585259942e-01 1.8000000000e-01 
1.4012888750e-06 1.7694895437e+04 1.3250296212e+00 1.8000000000e-01 
1.3079107946e-08 1.1315167782e+04 1.2539395397e+00 1.8000000000e-01 
4.7734485959e-09 2.5000000000e+04 1.3527845442e+00 1.8000000000e-01 
1.5536954665e-08 1.1488174939e+04 4.9851448213e-01 1.8000000000e-01 
7.8045416899e-09 1.3407299454e+04 4.7454862594e-01 1.8000000000e-01 
5.2266969851e-08 1.2498299116e+04 3.8581139145e-01 1.8000000000e-01 
1.0660045221e-09 1.2606433463e+04 8.4835175734e-01 1.8000000000e-01 
6.8050634642e-07 1.1211697732e+04 1.0288040904e+00 1.8000000000e-01 
1.0024696364e-10 1.6369983229e+04 5.2000690322e-01 1.8000000000e-01 
5.8547474622e-07 1.1235111313e+04 5.8177355173e-01 1.8000000000e-01 
4.9098454385e-11 1.2008118541e+04 6.4313064897e-01 1.8000000000e-01 
1.8195159214e-10 1.6835448248e+04 1.0297057186e+00 1.8000000000e-01 
5.2439884450e-08 1.3115018646e+04 1.0587811080e+00 1.8000000000e-01 
6.1382274220e-10 1.3168309443e+04 5.8792935875e-01 1.8000000000e-01 
6.3154011878e-08 1.5911042163e+04 3.5814025968e-01 1.8000000000e-01 
9.1901979660e-06 1.4985710209e+04 1.0022749400e+00 1.8000000000e-01 
5.9229997565e-09 1.6061146072e+04 6.9128140023e-01 1.8000000000e-01 
2.9745377706e-10 1.3379218536e+04 4.4036444693e-01 1.8000000000e-01 
4.9521430761e-10 1.2777776939e+04 1.1500039670e+00 1.8000000000e-01 
9.4735405286e-10 1.4193998754e+04 2.8352235599e-01 1.8000000000e-01 
3.0609193420e-08 1.2448048101e+04 5.8562760941e-02 1.8000000000e-01 
4.3749286630e-06 1.1916985743e+04 7.9726893336e-01 1.8000000000e-01 
9.7382527237e-10 1.1768193643e+04 7.1653422724e-01 1.8000000000e-01 
2.9459133122e-09 1.1570878147e+04 1.1025902325e+00 1.8000000000e-01 
7.3309888787e-08 1.2469237850e+04 7.8629043374e-01 1.8000000000e-01 
1.2847878464e-09 1.5052917202e+04 1.1663437544e+00 1.8000000000e-01 
7.3689197867e-08 2.1390131051e+04 1.3987965702e-01 1.8000000000e-01 
3.6652340461e-09 1.1365353242e+04 6.3593857770e-01 1.8000000000e-01 
2.2593911438e-11 1.2112730923e+04 1.2662918579e+00 1.8000000000e-01 
2.1788498348e-09 1.2549472107e+04 1.2235689928e+00 1.8000000000e-01 
3.5071563058e-06 1.3131382399e+04 1.0187976304e+00 1.8000000000e-01 
5.2831984256e-09 1.2253589764e+04 5.9659084340e-01 1.8000000000e-01 
4.0633601998e-07 1.1499643515e+04 6.7697912456e-01 1.8000000000e-01 
1.9964810783e-10 1.6993174614e+04 1.0406930361e+00 1.8000000000e-01 
5.9494073161e-10 1.5753881675e+04 3.6168930392e-01 1.8000000000e-01 
8.5444042074e-07 1.7684736206e+04 4.7732161015e-01 1.8000000000e-01 
1.9685875500e-05 1.2042636323e+04 9.4265213794e-01 1.8000000000e-01 
6.1393350632e-09 1.3771292495e+04 1.1610926211e+00 1.8000000000e-01 
