5.1346088370e-06 1.1603712777e+04 2.4497506681e-01 
1.8446989037e-04 2.2205369113e+04 1.2359579380e+00 
3.1394785307e-05 1.2589631963e+04 2.0732698442e-01 
4.8057828716e-04 1.3135015628e+04 4.2890281163e-01 
6.2681596889e-05 1.4980313843e+04 1.2982804786e+00 
4.6781029672e-05 1.2310254085e+04 6.7672333781e-01 
2.0205439142e-05 1.2241668635e+04 3.8400678258e-01 
5.3026415666e-05 1.1593633726e+04 4.3579942676e-01 
5.4943955984e-05 1.4576534442e+04 4.9215418371e-01 
8.1923596105e-05 1.1312977474e+04 3.8994237282e-01 
1.1489116012e-05 1.2176251679e+04 1.0650017663e+00 
3.8215769881e-05 1.2784544738e+04 6.3826117439e-01 
5.9961715296e-05 1.1870184362e+04 5.6729033119e-01 
2.1634245314e-04 1.2819035787e+04 8.4713179622e-01 
8.9802076520e-05 1.2720743818e+04 4.2238288849e-01 
4.5874530028e-04 1.1596643966e+04 7.9756091629e-01 
1.2432038122e-04 1.2244461270e+04 7.7873021320e-01 
2.9637480825e-05 2.2284410642e+04 1.0671626845e+00 
2.3518819072e-05 1.2934592359e+04 2.8289650268e-01 
1.4063513265e-04 2.2136662479e+04 1.3415303506e+00 
5.5815590957e-05 1.2939466611e+04 5.5639073437e-01 
7.0769316510e-05 1.2420239005e+04 7.0669332238e-01 
4.8110291134e-04 1.2129323067e+04 8.3454196405e-01 
4.0441548886e-04 1.5849635959e+04 1.2187903073e+00 
1.2159065107e-04 1.1460380568e+04 7.2038173052e-01 
1.4734381249e-05 1.1720769698e+04 3.1769371073e-01 
7.7162114430e-06 2.5000000000e+04 7.7195534233e-01 
1.0742312384e-04 1.3487669883e+04 6.8564085929e-01 
3.4378459776e-05 1.6781436109e+04 9.2693472213e-01 
1.3821421924e-05 1.2668538547e+04 1.1174961293e+00 
2.0311376579e-05 1.1283059183e+04 5.7829268236e-01 
2.7348286638e-04 1.1320156543e+04 8.6197361416e-01 
6.2758608416e-05 1.2767053296e+04 1.9070983148e-01 
9.5869912695e-05 1.1815502614e+04 6.7137259224e-01 
1.6051583639e-05 1.1381733683e+04 3.7586560051e-01 
1.6046885681e-04 2.1204258877e+04 4.1642801993e-01 
1.1124417300e-05 1.3847268034e+04 7.8156664128e-01 
1.3177948188e-04 1.1334818189e+04 1.3283594451e-01 
1.3038461341e-05 1.8720350331e+04 4.2888550661e-01 
4.3778123115e-05 1.1894249715e+04 1.4320938053e+00 
1.7890707482e-05 1.1437987119e+04 1.0995405516e+00 
2.1217702194e-05 1.3739990523e+04 9.0233517211e-01 
3.8555690564e-04 1.4405639605e+04 4.8825505509e-01 
3.1630976233e-04 1.1375345802e+04 1.0823917984e+00 
1.1243578888e-04 2.5000000000e+04 9.0579338151e-01 
5.1006065056e-04 1.1214332521e+04 7.8385172720e-01 
1.5499145623e-04 1.6977354866e+04 1.2983412966e-01 
5.2112431254e-05 2.0725422892e+04 1.3677641107e+00 
6.7674775804e-05 1.3097266365e+04 1.0063634945e-01 
9.1316888459e-05 1.2805984904e+04 8.5250048938e-01 
1.7627593348e-05 1.3299490699e+04 1.2481587793e+00 
1.8901229185e-05 1.1357416102e+04 6.2180929676e-01 
1.4861095728e-05 1.3321524948e+04 1.1256951589e+00 
1.1563884261e-04 1.2056720236e+04 6.2461129787e-01 
3.4991387640e-05 1.2313642533e+04 1.1733335320e+00 
8.0917992591e-05 1.3019175396e+04 9.3500040967e-01 
7.0745985411e-05 1.6599270601e+04 1.4573727343e+00 
2.9571295559e-05 2.5000000000e+04 4.3194924488e-01 
1.1235929368e-05 1.1227071403e+04 1.2829980320e+00 
8.9740942080e-06 1.2031229794e+04 1.1016629842e+00 
8.0355919404e-05 1.1228496775e+04 9.5294159880e-01 
1.1466268815e-04 2.5000000000e+04 1.1021392833e+00 
1.3621792439e-05 1.1895561489e+04 9.1766762640e-01 
1.6826690577e-04 1.3789487137e+04 6.2341976089e-01 
4.6072282255e-05 1.1443870526e+04 7.7431397834e-01 
9.6473849892e-05 1.3043620119e+04 1.3143854896e+00 
5.5649020711e-05 1.2875673442e+04 3.8263797004e-01 
8.3799995029e-05 2.1500283941e+04 1.0624165998e+00 
8.3842165994e-05 1.3368324377e+04 8.9003930518e-01 
6.1319354666e-05 1.2774365204e+04 8.9604705963e-01 
1.9572842650e-05 1.1420803342e+04 1.1051894819e+00 
3.3040587154e-05 1.1945654934e+04 1.4216366864e-01 
2.1880054928e-04 1.2740715718e+04 1.2923259814e+00 
5.7684612596e-05 1.4982758378e+04 8.9018157478e-01 
2.2301828372e-04 1.1919823033e+04 1.1512986057e+00 
3.2678918341e-05 1.2355352838e+04 5.9255218477e-01 
9.1644621738e-06 1.2188845854e+04 8.6646963223e-01 
1.5154089292e-05 1.1954836758e+04 8.1919924106e-01 
1.2353852092e-04 1.1307118737e+04 3.3222232087e-01 
2.1201762802e-05 1.7236503780e+04 2.3190986548e-01 
2.9127419228e-05 1.5194305365e+04 1.9425248022e-01 
1.0888623976e-04 1.4610907364e+04 5.1873249436e-01 
9.1910059152e-05 1.5548621736e+04 7.4473586446e-01 
7.9357697518e-05 1.1347649955e+04 8.7503794010e-01 
1.0876046044e-04 1.1248211051e+04 4.6571740682e-01 
8.9943574821e-05 1.3182059431e+04 9.9120415927e-01 
7.2106664660e-04 1.1291247135e+04 6.6846990532e-01 
2.8153678189e-04 1.2743578702e+04 1.0781555470e+00 
3.1455199259e-05 1.1363430411e+04 4.2631758719e-01 
3.0334162652e-05 1.2565180975e+04 5.6454706650e-01 
8.4258631009e-05 1.1711964859e+04 6.6590252808e-01 
3.7744298276e-05 1.2999239993e+04 1.3645640167e+00 
2.6443267199e-04 1.2045825215e+04 8.9372783681e-01 
2.0888750430e-05 1.1405669261e+04 1.0205053519e+00 
1.1243193592e-04 1.3871257804e+04 7.5457351818e-01 
8.7853398831e-06 1.3905822338e+04 7.4499265137e-01 
2.7651393862e-04 1.1634700824e+04 2.7987768501e-01 
1.9135327060e-04 1.3786484661e+04 5.7491567635e-01 
7.5625626296e-06 1.1697528640e+04 7.4603877787e-01 
2.0293754521e-05 1.4133962777e+04 5.3665037656e-01 
6.3384163547e-04 1.1683607990e+04 7.7488560478e-01 
4.1400601085e-05 1.6263342911e+04 1.0742449655e+00 
2.4582877793e-05 1.1253709925e+04 2.9328318476e-01 
4.2584130938e-05 1.3139468929e+04 1.3947732483e+00 
2.9518707081e-05 2.5000000000e+04 8.6988493208e-01 
4.7686065626e-05 1.3368318747e+04 1.2529527330e+00 
3.3793000664e-04 1.1321589871e+04 4.9702362304e-01 
9.8610065953e-05 2.0756490683e+04 1.8178266778e-01 
5.5071775281e-05 1.2287498268e+04 7.9732050173e-01 
9.5771418940e-05 1.3952706592e+04 1.0483833778e+00 
1.0070026149e-05 1.1568478567e+04 7.3914849758e-01 
2.2088364825e-05 1.2068693101e+04 8.4432015414e-01 
2.5091665550e-05 1.2496514093e+04 6.7727832908e-01 
5.2474403793e-05 1.2323765619e+04 1.3278238838e+00 
2.3929797840e-04 1.2789415101e+04 7.5034697324e-01 
1.4996404636e-04 1.3679034318e+04 8.1105753449e-01 
6.3376971804e-05 2.5000000000e+04 1.6841902805e-02 
3.7701105746e-05 1.3683468542e+04 4.2637620983e-01 
8.6663446783e-06 1.6093784266e+04 1.1441973021e+00 
1.4259809694e-05 1.3399348206e+04 4.5059043816e-01 
2.8754666104e-05 1.1757901322e+04 3.7316926960e-01 
1.4823959290e-05 1.1956443113e+04 3.8078815554e-01 
3.3414855716e-05 1.6824941639e+04 3.9187420322e-01 
5.5818646955e-05 1.1390561716e+04 1.3321243168e+00 
6.2556635727e-05 1.2111438918e+04 1.0729985047e+00 
1.8239221244e-04 2.1227571658e+04 7.8261895704e-01 
1.4263406668e-04 1.5586190949e+04 1.0784223478e+00 
5.8433414466e-05 1.6682640888e+04 7.3343234253e-01 
8.4018465900e-06 1.5942004111e+04 1.3337258211e+00 
1.3465954868e-05 1.6267540404e+04 6.3631479041e-01 
4.9353683249e-05 1.1698317751e+04 1.0609165394e+00 
1.9940533838e-05 1.6697310725e+04 8.4658148609e-01 
4.7246143737e-04 1.3298337761e+04 9.9274230586e-01 
5.0423241575e-06 1.5003269217e+04 9.9627408474e-01 
7.9476398052e-04 1.2197351236e+04 9.1186473569e-01 
3.5204042790e-04 1.4225429257e+04 8.0338174542e-01 
3.5816802779e-04 1.1652655382e+04 6.7087268048e-01 
9.1360509475e-04 1.1447470132e+04 6.7166073349e-02 
6.6579725019e-06 1.4804038535e+04 3.8893258587e-01 
1.1540168624e-04 1.4225418193e+04 6.2522018630e-01 
2.7532307684e-04 1.2303604019e+04 4.1760048444e-01 
1.0627486557e-04 1.4217638144e+04 7.0997465701e-01 
4.3972830043e-05 1.1256033177e+04 6.2851207287e-01 
1.5058311011e-05 1.4563182099e+04 1.1145100402e+00 
2.0185700818e-05 1.7562525117e+04 8.5808061646e-01 
5.0021318754e-04 1.4481636566e+04 4.9785261204e-01 
4.7879174879e-05 1.2967058991e+04 4.0847024507e-01 
6.1603248372e-05 1.8157725358e+04 1.2985475823e+00 
7.2026553729e-05 1.2971669556e+04 1.1392414915e+00 
1.8818063664e-04 1.1530353179e+04 8.0445924987e-01 
1.3325895242e-04 1.7702930333e+04 2.9657317822e-01 
1.7987748001e-05 1.2027155738e+04 1.4730127131e-01 
1.5888136183e-05 1.2623259667e+04 7.3480398805e-01 
3.9838806072e-05 1.5841549816e+04 9.1003971561e-01 
1.1258726651e-04 1.1764862858e+04 6.2339478754e-01 
1.8104403639e-04 1.6371840381e+04 7.0158665713e-01 
5.0115062328e-05 1.2964753522e+04 4.0703783667e-01 
5.5329469022e-05 1.1295122603e+04 7.5697851262e-01 
3.4492994786e-05 2.4523651077e+04 4.7032359917e-01 
6.4987912438e-05 1.1219883077e+04 2.2809908707e-01 
2.5743201955e-05 1.3834398974e+04 2.5713002704e-01 
2.6369586489e-04 1.2183365819e+04 7.3487567196e-01 
1.8235137711e-04 1.2411270938e+04 1.0933546016e+00 
2.2960444227e-04 1.2879104119e+04 5.1884963010e-01 
3.3073402264e-05 2.5000000000e+04 9.4206672867e-01 
2.2853012213e-04 1.2644972384e+04 3.3508932517e-01 
2.1577537159e-04 1.6328901169e+04 7.6315412822e-01 
1.0918938810e-05 1.3551297592e+04 8.2555569718e-01 
9.7072873926e-05 2.1420134784e+04 7.7285554661e-01 
2.9804030061e-04 1.4517263817e+04 3.7014729842e-01 
5.3523723864e-05 1.1520175737e+04 8.1077153553e-01 
6.1405363256e-05 1.2054307157e+04 5.0156710488e-01 
1.9845619227e-05 1.5935016510e+04 7.2966515027e-01 
9.4099865497e-06 1.1404453375e+04 7.5389695320e-01 
6.1054972121e-05 2.5000000000e+04 9.3133838941e-01 
9.3501066521e-06 1.7474508706e+04 8.1975075188e-01 
1.3706631964e-04 1.6526347801e+04 8.0631933542e-01 
7.2368475983e-05 1.2263309719e+04 6.6874603282e-01 
4.9699441789e-05 1.6184020302e+04 5.0255655765e-01 
2.6702919128e-05 1.4539282050e+04 6.1466426945e-01 
9.6504676451e-06 1.9067479524e+04 8.8513645596e-01 
8.6136989685e-06 1.1420499595e+04 1.1572553586e+00 
3.6272376401e-05 1.1818669510e+04 6.6742978622e-01 
4.5097742319e-05 1.6803747118e+04 2.5367188035e-01 
1.1319219799e-05 1.2185281134e+04 5.8114869520e-01 
9.6838833721e-05 1.1631602688e+04 6.1968156339e-01 
4.8671735102e-05 1.4533669074e+04 8.1585651199e-01 
3.6310287727e-05 1.7101293854e+04 1.0602021033e+00 
1.3523227426e-04 1.4536948376e+04 7.4816159258e-01 
7.3948977513e-05 2.5000000000e+04 7.7745037369e-01 
2.9487131696e-04 1.1205641241e+04 7.4324157473e-01 
1.1481506735e-04 1.4236006057e+04 1.2623825398e+00 
5.8011826537e-05 1.7059320788e+04 9.6915467480e-01 
5.9067931017e-05 1.2184795842e+04 4.1617722980e-01 
1.0855712742e-04 2.0116869230e+04 1.7208375620e-01 
9.1092647709e-06 1.2951936135e+04 8.4227926492e-01 
1.8259123096e-05 2.2438166175e+04 7.9085493396e-01 
1.5885466656e-04 1.4571500420e+04 4.0436132203e-01 
3.6562747997e-05 1.8091429593e+04 1.0417016410e+00 
1.5939061696e-04 1.1896319106e+04 4.7104979141e-01 
3.5379540002e-05 1.2893476691e+04 1.1451731526e+00 
4.2677060017e-04 1.4110797832e+04 8.2789145610e-01 
1.1605171702e-05 1.9456986669e+04 4.7959811588e-01 
1.9312642023e-04 1.1534352324e+04 1.2140255663e+00 
7.8380084936e-05 1.3606002775e+04 9.8095997520e-01 
1.4762277104e-05 1.1827232521e+04 8.8747483001e-01 
1.8939243838e-04 2.1138859752e+04 1.2486547841e+00 
7.0855616951e-06 1.2369984961e+04 2.9663792700e-01 
4.3791415252e-05 1.3282755622e+04 8.2950027116e-01 
4.0664567914e-05 1.2176255570e+04 3.4611922287e-01 
1.7417458999e-04 1.1635085750e+04 1.2807536668e+00 
5.1003783709e-04 1.1288991256e+04 1.1238302290e+00 
1.9800702882e-04 2.5000000000e+04 8.0139936043e-01 
1.0177456083e-04 1.4910871346e+04 9.3276848436e-01 
6.8868540470e-05 1.7522555788e+04 8.0944998426e-01 
2.8969826258e-05 2.3534509582e+04 6.4431409733e-01 
3.2862896544e-05 1.5878889270e+04 8.1411163978e-01 
1.3468642102e-05 1.2390206015e+04 1.1560538678e+00 
1.9790551367e-05 2.0418551966e+04 3.6049598659e-01 
6.1147324946e-05 1.1455986655e+04 2.2162012955e-01 
1.9837714197e-04 1.1753750360e+04 1.2314833026e+00 
1.1608329139e-05 1.1274810888e+04 8.8906719834e-01 
1.6860200801e-04 1.2258188682e+04 9.5739018593e-01 
7.0865990115e-05 1.3883387147e+04 9.2464464195e-01 
8.0315619076e-04 1.1678063415e+04 9.5100299706e-01 
3.3440991037e-04 1.1560484223e+04 1.0720060717e+00 
9.5437109434e-05 1.1499451463e+04 3.5953074940e-01 
2.7271296798e-04 1.8066587883e+04 9.4070740306e-01 
5.7816725230e-05 1.4358944074e+04 8.5591883420e-01 
1.7668702723e-05 1.5769122208e+04 7.4886985869e-01 
6.5345692397e-05 1.3882097462e+04 4.4406352561e-01 
9.3400228792e-05 1.1919875489e+04 5.0411595034e-01 
2.5389136315e-04 1.2077584757e+04 5.2967867175e-01 
8.7432308967e-05 1.1731166294e+04 5.9628529429e-01 
1.8059863480e-05 1.1624957701e+04 8.9107580761e-01 
6.4956028675e-05 1.1386687579e+04 1.2515563789e+00 
5.2379407289e-05 1.2679363287e+04 9.9439918420e-01 
5.5931723609e-05 1.5124656938e+04 2.8288884228e-01 
3.6044124663e-05 1.1391049333e+04 9.5573120282e-01 
4.8355180709e-05 2.0833405184e+04 9.9943257866e-01 
2.8388952297e-05 1.1783619072e+04 5.0159050624e-01 
1.7466989959e-05 1.3869899659e+04 1.1794580332e+00 
1.5889623585e-05 1.1740631820e+04 1.2144284714e+00 
3.7710545951e-05 1.4767358365e+04 5.9753689707e-01 
3.2097968679e-04 1.5170381392e+04 1.0429046358e+00 
3.3010018845e-05 1.1230122197e+04 7.9157065682e-01 
9.8491532858e-05 1.2106458164e+04 6.1650444075e-01 
1.0281461000e-04 1.1494830186e+04 1.1128550663e+00 
1.3947309956e-04 1.2650121512e+04 3.2214838752e-01 
4.3591501115e-05 1.7228060294e+04 8.6124823511e-01 
2.4290046980e-04 1.1578096594e+04 1.3537128446e+00 
2.4766642916e-05 1.1672907363e+04 1.3315772169e+00 
1.9395551111e-04 1.5117391971e+04 9.9397860294e-01 
8.8991552373e-05 1.3919512140e+04 9.5956394701e-01 
9.1243783672e-05 1.2919317531e+04 5.9623601604e-01 
8.5155926119e-05 1.6584273167e+04 1.3088251516e+00 
1.7123843185e-05 1.1830921034e+04 1.1076300607e+00 
1.6415279574e-05 1.7716744156e+04 9.9544229700e-01 
3.8395461963e-04 1.5497704836e+04 9.5825741417e-01 
2.3378149553e-04 2.4077165146e+04 1.3390491066e+00 
3.0142792200e-05 1.1470526032e+04 6.5682648472e-01 
3.4511614672e-05 2.5000000000e+04 8.4219458082e-01 
1.5449812334e-05 1.4651463524e+04 1.4851053668e+00 
3.1649134972e-05 1.3251279095e+04 5.9508062113e-01 
1.1702114549e-04 1.1209917812e+04 1.0923753435e+00 
2.6065422194e-05 1.8239084031e+04 8.9921030111e-01 
5.1739014425e-04 2.1296647830e+04 6.9614106561e-01 
8.2529241413e-05 1.1688845167e+04 1.0086581641e+00 
1.3593737866e-05 1.7948036551e+04 6.0897483889e-01 
2.5118455307e-04 1.5278321053e+04 5.7271678778e-01 
3.5823979098e-05 2.0701972186e+04 6.3241729826e-01 
1.5611269390e-04 1.1245906462e+04 3.4218199803e-01 
4.2269862941e-04 1.3407508364e+04 1.3152727371e+00 
2.2038676604e-05 1.6217471173e+04 7.1222738527e-01 
1.2042228701e-05 2.3334882041e+04 3.3538151182e-01 
1.3518103407e-05 1.5005888690e+04 5.8402587092e-01 
1.2447532560e-05 1.3460346363e+04 1.2025644334e+00 
7.1918633154e-06 1.6427942478e+04 7.3993294769e-01 
3.0421565745e-05 1.4635395051e+04 4.9160398322e-01 
3.2849211329e-04 1.4740773808e+04 4.9893645605e-01 
1.3883052505e-04 1.3370391605e+04 3.8295873688e-01 
1.5695877022e-05 1.8535988016e+04 9.7045337452e-01 
5.0810617480e-05 1.5533403714e+04 1.0666350615e+00 
8.7135815046e-05 1.3176022991e+04 1.7682527593e-01 
1.2504388101e-05 1.6361922357e+04 1.4563474581e+00 
1.4218507214e-05 1.1324957387e+04 1.1232101287e+00 
1.4256385292e-04 1.3401158080e+04 1.1972820750e+00 
3.8596834719e-05 1.2741748921e+04 7.9302472683e-01 
9.3579125657e-05 1.3844868243e+04 1.1688344377e+00 
7.7056869827e-04 2.1630163925e+04 1.4681040614e+00 
7.1875751152e-05 1.3342124025e+04 7.4755941816e-01 
3.3966757699e-05 1.3173241401e+04 1.0014351529e+00 
1.7541259205e-05 1.2757648067e+04 9.8499449593e-01 
3.1021207443e-04 2.5000000000e+04 8.2014586221e-01 
5.4722664055e-05 1.3085081015e+04 2.0432563033e-01 
9.0526987363e-05 1.1675843696e+04 5.0439693918e-01 
3.2980134111e-04 1.1700020802e+04 9.3286733599e-01 
1.3569383241e-05 1.1978484246e+04 7.7799459691e-01 
4.8549928931e-05 1.8705347722e+04 1.0007647878e+00 
1.7734607009e-04 1.1294310747e+04 8.9609307252e-01 
2.5210633786e-05 1.1243646666e+04 6.1913124413e-01 
1.8663224543e-05 2.2379551444e+04 7.6763014073e-01 
9.7911796507e-05 1.3141093874e+04 9.1481357551e-01 
1.3975211016e-04 1.1487439239e+04 6.7982799374e-01 
2.2914277765e-04 1.1719940055e+04 1.0723555201e+00 
4.3897589269e-05 1.3196127808e+04 5.1425239593e-01 
1.6190127043e-04 1.2518611297e+04 3.0828415917e-01 
8.1389709465e-06 1.6706148152e+04 6.7589852452e-01 
1.0160337873e-04 1.4273057204e+04 6.4807092266e-01 
3.7054311394e-05 1.4691355893e+04 3.4943831146e-01 
2.8093842126e-05 1.4602212952e+04 9.3372964802e-01 
3.3508537804e-04 1.4363550597e+04 1.1335443348e+00 
2.0772150023e-05 1.1414626534e+04 4.0882330815e-01 
4.1007900530e-05 1.6711632851e+04 1.3316443480e+00 
1.1804760784e-04 1.8120499412e+04 1.1822613546e+00 
2.2749351023e-05 1.4562175498e+04 1.0982656073e+00 
2.5377559971e-05 1.5375333847e+04 2.7240362429e-01 
1.6033079025e-04 1.1327282970e+04 1.4619550723e+00 
2.5171504270e-05 1.4829756060e+04 2.7300824343e-01 
9.5023352012e-05 1.2412723889e+04 2.2279272541e-01 
3.9205932346e-04 1.4855567988e+04 7.3900768830e-01 
1.1410248756e-04 1.7831058351e+04 1.4423540917e+00 
5.3257639810e-05 1.2856008094e+04 7.2356512625e-01 
6.4491263111e-04 1.9827566104e+04 1.1590396593e+00 
3.3285123559e-05 1.1581390362e+04 1.3526607913e+00 
1.6058369545e-04 1.4365501391e+04 4.0486154630e-01 
2.4233353275e-04 1.1885004303e+04 1.2469902941e-01 
8.6173792937e-05 1.2213481584e+04 5.0077903583e-01 
7.7302851605e-05 2.5000000000e+04 9.0962040012e-01 
4.2253150033e-05 1.1904828882e+04 1.0395536749e+00 
9.2792103586e-05 2.5000000000e+04 1.1866170412e+00 
5.6031953560e-06 1.1768797226e+04 9.7211060598e-01 
1.0408494417e-05 1.4117299451e+04 1.1020763724e+00 
1.1933321204e-05 1.1459873104e+04 1.5280756215e-01 
1.9531705853e-05 1.5721140680e+04 8.1196493572e-01 
5.9859077838e-05 1.8702842645e+04 7.9331091077e-01 
6.9371741898e-05 1.3824227402e+04 5.9048606846e-01 
7.8324496369e-05 1.1613627326e+04 5.0373535556e-01 
9.1002645560e-06 1.3258921486e+04 2.6791145060e-01 
2.6461983422e-05 1.3453927851e+04 1.4563032757e+00 
4.7730993150e-05 1.7994664455e+04 5.4314354192e-01 
1.7304574579e-05 1.5963734635e+04 6.8924731778e-01 
5.4281700932e-05 1.2913200168e+04 4.9288346093e-01 
4.3727022239e-04 1.4791470164e+04 7.6949843711e-01 
7.1702035181e-05 1.1234032184e+04 5.5666918329e-01 
2.1723284772e-05 1.5362390818e+04 1.1054405162e+00 
6.5459674250e-05 1.1534834492e+04 6.7081314462e-01 
3.3006648678e-05 1.1491423379e+04 6.7502343422e-01 
6.3058706689e-05 2.0913687737e+04 5.5807106426e-01 
4.9333298318e-04 1.1648621120e+04 7.7517900882e-01 
4.2538318211e-04 1.1583502735e+04 5.1498406766e-01 
2.9864280840e-05 1.1785833142e+04 6.3045683074e-01 
1.8708176301e-05 1.7654674556e+04 1.3636137164e+00 
3.4851454872e-05 1.1238185732e+04 4.7620559892e-01 
3.1718993546e-04 1.3655332358e+04 4.5055797233e-01 
1.3578363416e-04 1.2288095100e+04 7.5396434843e-01 
6.5631397949e-05 1.1517875551e+04 3.1799292911e-01 
2.3052120774e-05 1.3149459859e+04 5.7884451368e-01 
5.0499898098e-05 1.1258462866e+04 1.2551443248e+00 
6.8653643930e-05 1.2075616389e+04 7.9168088767e-01 
1.5943615478e-05 1.4816246680e+04 8.9719064663e-01 
2.1413350214e-04 1.1976888702e+04 1.1335304341e+00 
5.6599302586e-05 1.5682294104e+04 1.0011687416e+00 
7.6477957775e-05 1.1929634519e+04 1.0302928662e+00 
1.5473406766e-04 1.1893996463e+04 1.0575783674e+00 
4.2953924309e-04 1.2134033932e+04 3.3260475616e-01 
2.1442454566e-05 1.4233926397e+04 8.9178714960e-01 
4.2598900483e-05 1.4790738313e+04 2.9946911804e-01 
2.4245755422e-05 1.1838947565e+04 1.0513009565e+00 
7.7018574475e-05 1.3265435304e+04 3.9694398808e-01 
5.7808055769e-05 1.2176488951e+04 2.4373368830e-01 
1.2972815804e-05 1.1687180042e+04 5.4936685386e-01 
4.4538054800e-04 1.9117707683e+04 1.3410121212e+00 
1.9929779764e-05 1.9505406835e+04 8.5134466870e-01 
4.0349071679e-05 2.0143743530e+04 7.1205894255e-01 
2.3553174353e-05 1.1228723387e+04 1.0762422558e+00 
1.0392686394e-04 1.2973407877e+04 7.6544931677e-01 
6.5232232351e-05 2.0932138044e+04 1.0481324502e+00 
2.1800089579e-04 1.2584929230e+04 8.8174745615e-01 
1.0552352168e-04 2.5000000000e+04 8.3862436475e-01 
1.5765084827e-04 1.1977303295e+04 6.0889858282e-01 
2.0774646713e-05 1.2102706795e+04 1.0025325937e+00 
3.0219535066e-04 1.2406269961e+04 5.0265050185e-01 
6.5271279531e-05 1.1311512575e+04 1.1199050854e-01 
2.1253618459e-05 1.2453051462e+04 1.2566139917e+00 
3.7638318081e-04 1.9246546908e+04 1.0561232170e+00 
1.4926820747e-04 1.3702799448e+04 6.8989886354e-01 
1.1692459582e-04 1.4328329511e+04 6.1764713776e-01 
1.9255456709e-05 1.1820274025e+04 5.4490884792e-01 
9.8878819364e-04 1.1541687457e+04 7.5588796789e-01 
7.8471459552e-05 1.3204825142e+04 1.2548945137e+00 
1.9313134411e-04 1.2672055510e+04 1.3748678837e+00 
6.7806425071e-06 1.1525315701e+04 5.6441813119e-01 
2.3392422017e-05 1.5764764401e+04 1.0220908775e+00 
1.7825906690e-04 1.4728015212e+04 3.2435515216e-01 
6.6493280324e-05 1.1334013062e+04 1.1087886950e+00 
9.2353455695e-05 1.6472093487e+04 5.9033978606e-01 
1.8246488455e-05 1.7124941784e+04 8.9776583752e-01 
8.1744009884e-06 1.1500004584e+04 2.9631752584e-01 
2.3024075992e-04 1.1476093332e+04 7.9284568212e-01 
8.8219395692e-05 1.3949669193e+04 9.6930719329e-01 
9.5661372139e-05 1.1824617778e+04 5.7210406570e-01 
2.6634214413e-04 1.6055883910e+04 8.4254969822e-02 
5.5625355214e-05 1.1889845246e+04 5.9612700882e-01 
3.6494912462e-05 1.2510491737e+04 7.8800675187e-01 
1.0803340101e-04 1.1560585248e+04 8.3082995957e-01 
1.5445462453e-04 1.9058613953e+04 1.2160205052e+00 
2.6452213323e-05 1.2274799552e+04 1.2861742285e+00 
3.5640601264e-04 1.4355627102e+04 5.9004360344e-01 
3.4269516624e-04 1.1575991183e+04 8.2816215691e-01 
1.2727028556e-05 1.5148254286e+04 6.6718251086e-01 
3.7132092193e-05 1.6411074050e+04 5.9118372895e-01 
1.0353911022e-04 1.5237594204e+04 5.9796191511e-01 
9.4496892760e-05 1.2342843266e+04 5.4792800299e-01 
5.5276449492e-05 1.8862729828e+04 7.8518755559e-01 
5.5658219547e-05 2.4151302509e+04 1.0068531503e+00 
2.7329250697e-05 1.2094968985e+04 1.3213154307e+00 
3.7932489136e-05 1.7309056547e+04 1.0039610594e+00 
9.3169260231e-05 1.3321219921e+04 6.1689069593e-01 
1.6934068231e-04 2.0000721206e+04 6.0325647382e-01 
4.9753486987e-05 1.1310350691e+04 1.1677208378e+00 
2.4331789067e-05 1.4288211554e+04 6.6527762070e-01 
6.1674288119e-04 1.3132829786e+04 1.5167084329e-01 
4.4532239761e-05 1.1521798319e+04 1.4952846090e+00 
9.8613175711e-06 1.2739798352e+04 9.8804398857e-01 
6.5996978578e-06 1.1532448826e+04 8.9674040229e-01 
5.4270917941e-04 1.1442071968e+04 4.8378239384e-01 
6.8054295453e-05 1.1395575797e+04 7.2962822064e-01 
1.2745897333e-05 1.2400289527e+04 7.5900901046e-01 
2.2179744225e-05 2.5000000000e+04 3.0456322673e-01 
8.5767658329e-05 1.4817725973e+04 8.8582719582e-01 
1.0494880266e-04 1.2479393121e+04 7.2855478396e-01 
3.4161005239e-05 1.4048786400e+04 9.6281775028e-01 
2.6123474114e-05 2.4128324634e+04 6.7711025004e-01 
1.2016704303e-04 1.2220200562e+04 6.2934870501e-01 
2.1010706947e-04 1.4816873055e+04 4.4673798632e-01 
1.2406201768e-04 1.3652725025e+04 1.2870623340e+00 
1.4569705260e-05 1.1758090604e+04 1.2126986723e+00 
4.8011223911e-05 1.4183644210e+04 8.9165960976e-01 
2.9576594539e-05 1.2872584079e+04 9.6212065539e-01 
5.5842220508e-04 1.4361066098e+04 1.2361445293e+00 
8.6318548978e-04 1.6472810278e+04 7.6540501607e-01 
5.6141313364e-05 1.4201783754e+04 8.9642222351e-01 
8.8989650572e-05 1.4653495682e+04 3.1032508344e-01 
9.3522162688e-06 1.2547362079e+04 2.7519715744e-01 
2.3201552264e-05 2.0569620106e+04 1.3169269079e+00 
9.7352483582e-05 1.3596158707e+04 9.8214176261e-01 
1.2863664102e-04 1.1757354769e+04 4.7417576299e-01 
2.5382710120e-05 1.6967835150e+04 6.4314363824e-01 
1.5300331993e-04 1.1791846824e+04 9.4572101158e-01 
2.3307277145e-05 1.2133634682e+04 4.9662022457e-01 
2.5786747874e-05 1.5683899311e+04 6.4849911027e-01 
1.3028631741e-05 1.1773558319e+04 1.1779896677e+00 
6.8082480970e-05 1.4641594168e+04 1.0119496977e+00 
6.1051316079e-04 1.2859341227e+04 8.2758482851e-01 
2.8173652977e-05 1.1832670292e+04 4.4435890079e-01 
4.9652263205e-05 1.4073363717e+04 1.1864554706e+00 
1.0646544963e-04 1.4389259408e+04 7.4264050435e-01 
3.4048046895e-05 1.1204711433e+04 1.2152691973e+00 
2.0713753868e-05 1.1545435118e+04 4.5714098991e-01 
3.7386214988e-05 1.2736935052e+04 1.1087836600e+00 
7.0753177345e-05 1.2023426686e+04 1.1665328400e-01 
2.3630575518e-04 1.2700770270e+04 6.2682529441e-01 
2.4111593304e-05 1.7559919707e+04 3.0416646301e-01 
2.0073201642e-05 1.9955738067e+04 1.2686435152e+00 
1.1520072375e-04 1.3306281640e+04 1.3015497568e+00 
6.1196082423e-05 1.1853043695e+04 1.3469562363e+00 
6.4132772608e-05 1.1521476945e+04 9.7975335281e-01 
4.9895613549e-05 1.4291959122e+04 7.2992270535e-01 
5.0627946616e-05 1.4945768373e+04 1.0326360799e+00 
4.4639219581e-04 1.1202393260e+04 1.3671629355e+00 
4.8045585577e-05 1.3637374987e+04 1.9003713565e-01 
1.3796996769e-04 1.2917018896e+04 1.1394511290e+00 
2.1753320673e-05 1.1215237666e+04 6.1405695907e-01 
7.9131711748e-05 1.2001430911e+04 5.7915368223e-01 
7.2868325472e-05 1.3033494536e+04 9.6276477438e-01 
4.1508899485e-05 1.2580968820e+04 2.7472620397e-01 
1.4516298017e-05 1.1337489109e+04 3.2099977298e-01 
2.2020177237e-05 1.2564454130e+04 1.3310513063e+00 
7.7821277050e-06 1.1747355683e+04 1.0221418307e+00 
1.8877364211e-04 1.8450558111e+04 1.1005792460e+00 
5.5571469615e-04 1.1976694776e+04 1.0038907639e+00 
2.5518953544e-04 1.5929790685e+04 1.3598733657e+00 
8.7397254737e-06 1.2806419334e+04 2.1627072858e-01 
1.2200879554e-04 1.4254584618e+04 1.2842099424e+00 
1.4545981472e-05 1.4292280887e+04 2.5962050356e-01 
4.9617485593e-05 1.5605772060e+04 8.8001414130e-01 
4.5566672405e-05 1.1776663922e+04 1.2118900036e+00 
2.7500688698e-05 1.4284437553e+04 6.7835652926e-01 
5.5563216778e-05 1.1227307404e+04 1.3078691585e+00 
1.8097553226e-05 1.2342416870e+04 7.9307678920e-01 
2.0097707318e-04 1.6623701849e+04 4.0565772654e-01 
4.6497338316e-05 1.3188880247e+04 1.4270353707e+00 
5.4612019761e-04 1.1318753482e+04 8.6389337297e-01 
5.8827638848e-05 1.2536446408e+04 3.9045777287e-01 
7.4085472222e-06 1.5344685301e+04 3.5475898717e-01 
3.1538984812e-05 1.2971809880e+04 6.4359861470e-01 
2.2293009860e-05 1.1294026359e+04 2.7346459283e-01 
1.3724177071e-05 1.1619428572e+04 9.0066335437e-01 
5.5856371980e-05 1.7251508408e+04 7.5186812380e-01 
