6.1969627744e-11 1.5262437688e+04 4.4832423361e-01 
1.9542335266e-08 1.3022430803e+04 1.2460494662e+00 
2.5335872488e-10 1.1971992161e+04 9.3841139035e-01 
1.3155634964e-10 1.5297347073e+04 8.2571858879e-01 
3.7714656365e-08 1.2736476385e+04 6.9310394986e-01 
1.2281680825e-05 1.3082507146e+04 1.2184888215e+00 
9.3083196029e-10 1.5123910585e+04 1.1260603395e+00 
4.1416786678e-06 1.1415386719e+04 1.0171603466e+00 
1.6175681465e-10 1.6404276899e+04 1.1218955922e+00 
7.4380294099e-10 1.2216326925e+04 6.4199080392e-01 
1.2205652860e-08 1.2381280144e+04 1.1123154718e+00 
4.5003040588e-11 1.2377009219e+04 1.1478815257e+00 
2.4452202471e-09 1.9413176189e+04 1.1285335148e+00 
3.8135405138e-08 1.1415805776e+04 1.1325520123e-01 
5.2468668266e-11 1.4051134027e+04 8.7674169841e-01 
3.7751606327e-10 1.1303972267e+04 3.0753697000e-01 
1.1165355438e-06 1.3284697550e+04 6.0702146088e-01 
3.4194442646e-06 1.2692210023e+04 1.4005361554e+00 
2.3681898327e-07 1.2672657313e+04 6.1215750596e-01 
9.6926182506e-08 1.6520030732e+04 1.4553692798e+00 
2.9739741148e-11 1.1731936998e+04 8.5480922826e-01 
2.0971170638e-09 1.1918987994e+04 9.7771082775e-01 
3.6567340339e-10 1.1261833252e+04 5.4930169076e-01 
1.7584221874e-05 1.4317762419e+04 1.1478254575e+00 
2.9454829487e-09 1.2280374341e+04 1.1887599150e+00 
5.4317386620e-11 1.2320374933e+04 1.2955752057e+00 
1.6131247087e-10 1.5984653864e+04 1.1280320963e+00 
3.9557896788e-07 1.3461470763e+04 6.6543368092e-01 
4.8475118104e-11 1.1262720110e+04 6.0365181957e-01 
6.8170623307e-10 1.5973860183e+04 1.1988200518e+00 
2.4267617551e-09 1.2010011872e+04 9.7981241472e-01 
6.6849880785e-11 2.4000796745e+04 4.3434575054e-01 
2.0637232158e-09 1.2167593132e+04 9.3355145379e-01 
4.2489423218e-09 2.4095432847e+04 2.9950618469e-01 
1.8424947293e-07 1.1798981169e+04 9.3813033286e-01 
6.2565130760e-10 1.3934546880e+04 1.1773403971e+00 
2.1506196087e-10 1.4567037018e+04 3.4569190559e-01 
5.1396291932e-06 1.1784329317e+04 6.4967483315e-01 
1.7194712267e-08 1.1216303871e+04 1.8727016858e-01 
1.5219242089e-10 1.4533331874e+04 1.3246968135e+00 
2.0183846503e-09 1.3295002351e+04 6.0417397606e-01 
1.1797460572e-06 1.6074081192e+04 4.6066610696e-01 
7.4497262911e-10 1.9274673442e+04 7.9849697077e-01 
9.2336755246e-12 1.2429943282e+04 1.0486849202e+00 
2.5805327001e-09 1.3314926456e+04 1.1268595953e+00 
9.1062058762e-12 1.3137863549e+04 7.6025450696e-01 
4.8479871486e-08 1.3298477310e+04 5.3483224828e-01 
5.1167024155e-11 1.2077953780e+04 1.0036749014e+00 
5.8574308547e-08 1.2122255344e+04 7.4317511163e-01 
5.7815070440e-09 1.6489782522e+04 5.2335146022e-01 
3.1572422732e-06 1.8139629790e+04 1.2395686520e+00 
1.9247649435e-09 1.2416031170e+04 1.1297843163e+00 
6.4426234726e-09 1.2001650808e+04 8.9001828428e-01 
2.4650154230e-08 1.2625985965e+04 5.7668782211e-01 
1.1804125086e-11 1.3028571884e+04 8.2294477419e-01 
7.1159014432e-10 1.3391447424e+04 3.9542686577e-01 
7.5037205680e-11 1.4825271940e+04 8.7849776492e-01 
1.7853132675e-07 1.4103757560e+04 7.4803904953e-01 
4.4788659020e-06 1.5993185523e+04 4.4242792461e-01 
3.8257573988e-10 1.5205812655e+04 3.4564774992e-01 
1.0587400712e-07 1.2822703969e+04 5.9455612585e-01 
2.0060101680e-09 2.1421743131e+04 7.0052858951e-01 
1.2862878163e-06 1.3328970828e+04 1.2384421323e+00 
4.1866913737e-07 1.7120408043e+04 8.9297205861e-01 
2.6662692836e-10 1.3634819065e+04 7.0757089397e-01 
3.5066073533e-07 1.4710994703e+04 4.9087745704e-01 
3.9383509720e-10 2.2212145917e+04 1.0275790089e+00 
1.3632626728e-06 1.1818765163e+04 5.4034577954e-01 
3.0553386112e-10 1.1341375448e+04 1.1446356811e+00 
3.4909252387e-11 1.2050208302e+04 1.2014793214e+00 
3.3425691670e-10 1.6333718893e+04 1.0984243004e+00 
5.2438214205e-06 1.3904044201e+04 4.0485932013e-01 
4.9309775079e-09 1.1591213282e+04 3.0534484063e-01 
1.5589690231e-08 1.3808935593e+04 1.2183668839e+00 
1.2708838359e-06 1.1309682713e+04 7.5175492687e-01 
6.0561011267e-07 1.1477142812e+04 1.0804907030e+00 
3.5457263604e-10 1.1809965505e+04 9.6807785015e-01 
3.0922010705e-10 1.1652157557e+04 7.0886980799e-01 
7.6446478514e-08 2.4395854067e+04 7.1018253480e-01 
1.4088694172e-08 1.3129350568e+04 1.3844274522e+00 
3.6831826742e-09 1.2348105356e+04 4.8563104368e-01 
8.6035967220e-11 1.6648268140e+04 1.0799871257e+00 
2.2299415459e-09 1.1557925978e+04 4.5219412835e-01 
1.6766595707e-09 1.2982252244e+04 5.7384398965e-01 
1.7218477872e-10 1.2133899960e+04 5.3231226222e-01 
1.5994337495e-07 1.2521365643e+04 4.8122909818e-01 
5.5071867272e-09 1.2168920783e+04 1.1161174801e+00 
7.3470004799e-10 1.3380691673e+04 1.1638855664e+00 
3.6487051549e-06 1.3215098362e+04 5.4208743524e-02 
1.8083849169e-10 1.1549112478e+04 9.5825401333e-01 
7.7182203713e-09 2.5000000000e+04 5.0992361015e-01 
1.7267974834e-11 1.3666809472e+04 9.0250397037e-01 
5.8987199163e-10 1.1887405748e+04 8.3243080910e-01 
2.2307447509e-09 1.8371165309e+04 7.7749499272e-01 
8.0680203844e-09 1.1569246577e+04 7.5005919012e-01 
5.9140905387e-06 1.9362081474e+04 1.0819925613e+00 
9.3297635195e-07 1.2261067724e+04 2.5875752559e-01 
1.7855866922e-10 1.3414151558e+04 1.3460720131e+00 
2.2636150254e-08 1.7425282044e+04 4.3480734647e-01 
1.3911338057e-06 2.1670136898e+04 7.7247252527e-01 
5.5194252997e-10 1.1729947608e+04 1.0169036798e+00 
2.7053404069e-06 1.4085187772e+04 7.7425428402e-01 
8.6448678414e-10 1.4517332644e+04 8.1840675713e-01 
2.3211267779e-05 1.2127751421e+04 8.6540459400e-01 
4.3984989726e-06 1.1636967326e+04 5.7290241648e-01 
8.4260868181e-10 2.5000000000e+04 1.1486063315e+00 
1.0665659697e-08 1.1929898877e+04 9.6381736629e-01 
8.8938915565e-08 1.6160211097e+04 1.1238175203e+00 
4.4386142496e-07 1.1750467257e+04 1.0683721977e+00 
5.2609633917e-11 1.3057286898e+04 9.1021359480e-01 
6.9946378160e-11 1.1469432141e+04 7.0588265045e-01 
1.9169927909e-08 1.6744526721e+04 6.6784915217e-01 
9.7598637319e-12 1.3410014750e+04 1.0633661357e+00 
3.8443592639e-11 1.2861045828e+04 1.1454601958e+00 
6.3446700942e-11 2.5000000000e+04 1.1652824173e+00 
2.3264477599e-07 1.3701578325e+04 6.0594219243e-01 
6.7368893677e-10 1.3284791701e+04 5.8917652444e-01 
1.2930269703e-08 1.4327145178e+04 1.1354658460e+00 
9.0086785919e-08 1.3918114058e+04 3.6423940440e-01 
3.6182823353e-07 1.5856265336e+04 9.2557783110e-01 
2.0328212763e-07 1.1277987844e+04 1.1729193873e+00 
1.8643027968e-07 1.4872841473e+04 2.2049707713e-01 
9.3056160753e-09 1.2063261788e+04 9.9898612032e-01 
1.3294869016e-08 1.8070201962e+04 5.6384941412e-01 
7.3902511097e-11 1.1815391902e+04 1.0114591753e+00 
3.0484074282e-09 1.1548646526e+04 9.0762422976e-01 
8.3009374964e-07 1.4459789143e+04 8.0871136695e-01 
3.6116392070e-11 1.8244215126e+04 8.1004680975e-01 
3.3974972577e-09 1.4205358751e+04 4.7846115228e-01 
2.9103600817e-11 1.1521809774e+04 1.3218608168e+00 
3.5825491802e-06 1.4407934724e+04 2.5012919999e-01 
6.3770101225e-07 1.3585001191e+04 1.1903217967e+00 
8.8598790781e-08 1.1961108010e+04 9.0394038822e-01 
6.6458374642e-07 1.1721165452e+04 5.7841454670e-01 
6.7580886455e-07 1.2324080422e+04 3.1944556546e-01 
3.0813883323e-08 1.1414928096e+04 3.5230069441e-01 
3.7080938098e-10 1.3861295916e+04 2.2496561767e-01 
7.5967791472e-10 1.9888529238e+04 8.6978317958e-01 
3.8813051454e-06 1.4648530641e+04 8.6310039730e-01 
1.2081666729e-06 1.1787183177e+04 8.5518265622e-01 
4.7345466059e-08 1.1462580128e+04 3.6375073614e-01 
1.0479672359e-07 1.8494560678e+04 4.1631203961e-01 
3.6108634932e-11 1.2134626759e+04 1.0554759761e+00 
4.1054525159e-09 1.2904349101e+04 8.4917001718e-02 
1.6438536185e-08 1.3245597745e+04 1.0264163216e+00 
1.7948540308e-09 1.3053239302e+04 7.7430745348e-01 
4.3550942799e-10 1.1954448077e+04 1.3994055957e+00 
2.8028408173e-07 1.7003518462e+04 9.1631276797e-02 
1.2836611840e-10 1.1353309648e+04 7.4479827319e-01 
7.4630395264e-10 1.4882962437e+04 7.6467024208e-01 
1.4644050746e-10 1.2740164253e+04 4.5185921761e-01 
2.7501386684e-09 1.2765503621e+04 8.5479649170e-01 
6.7563378750e-09 1.5027655448e+04 4.8108336861e-01 
1.2493336274e-08 1.6965823349e+04 3.6949005520e-01 
9.9419822991e-07 1.4498092290e+04 3.9598505938e-01 
1.0849100308e-09 1.3458451827e+04 5.7182984990e-01 
2.1773472533e-08 1.5053694718e+04 1.2342448930e+00 
1.0550612593e-08 1.1993867792e+04 8.1919455274e-01 
4.9225256964e-09 1.7112995038e+04 2.8192649026e-01 
1.7371284338e-09 1.2604644667e+04 2.5112819644e-01 
1.1111222764e-10 1.1549856755e+04 7.5721001141e-01 
2.4920900534e-10 1.2444413614e+04 2.5120767151e-01 
1.1003126089e-09 2.5000000000e+04 1.1430909615e+00 
1.0848435426e-07 1.3872803932e+04 8.0677989943e-01 
6.4623325315e-08 1.4747334164e+04 1.5344827314e+00 
2.9076991666e-08 1.1682935567e+04 1.2241911255e+00 
1.0481712390e-06 1.6187357601e+04 1.0900856163e+00 
1.4316981672e-09 1.2609455479e+04 4.8096844533e-01 
1.7217466639e-05 1.1415288344e+04 4.4715988284e-01 
3.0209158041e-11 1.3038725054e+04 1.3471115362e+00 
4.0824933265e-11 2.4890384966e+04 5.0928898997e-01 
3.4222237496e-06 1.2789033896e+04 1.1465808931e+00 
1.7079569014e-09 1.1549327745e+04 8.3612481279e-01 
1.1095902666e-11 1.2099815473e+04 4.0357837411e-01 
1.9809297000e-07 1.2041002804e+04 9.8978785125e-01 
1.6527267423e-08 1.3250957203e+04 3.9142781081e-01 
1.2812541139e-09 1.2398393504e+04 8.4788048162e-01 
1.8127876099e-09 1.4256165178e+04 1.0012347790e+00 
5.9307850105e-08 1.2114634381e+04 9.0194975484e-01 
1.2967465566e-10 1.3433191504e+04 1.2761604041e+00 
1.9609995801e-09 1.3829042741e+04 1.0804057144e+00 
1.9243127637e-09 1.6215987040e+04 3.8879729346e-01 
1.3760739526e-09 1.1860964034e+04 1.1446797255e+00 
3.3685284132e-09 1.2422433222e+04 6.7745994000e-01 
1.4235534089e-09 2.1103254690e+04 3.9654442611e-01 
1.5358795408e-10 1.4142962656e+04 6.7350934558e-01 
6.1123406878e-09 1.2913740585e+04 8.5893341482e-01 
3.2399808220e-09 1.5629046811e+04 7.2987776966e-01 
3.6057888635e-08 1.3040560484e+04 1.0499747031e+00 
5.6346899321e-12 1.6678847814e+04 6.1929886952e-01 
2.5016014163e-06 1.1884367533e+04 7.7035049708e-01 
3.5352048270e-09 1.3549748708e+04 1.3569758208e+00 
2.3718678321e-09 1.4525737061e+04 5.1750317534e-01 
1.6758253239e-10 1.3565541436e+04 8.9997923542e-02 
7.1217951167e-08 1.2562770466e+04 1.0162915204e+00 
2.6998204366e-08 1.3129568084e+04 4.2877749704e-01 
4.0169335918e-08 1.3709826842e+04 9.8955635322e-01 
4.4215335243e-10 1.3613611502e+04 2.3889327468e-01 
1.2716384007e-10 1.1539416368e+04 1.1939193429e+00 
3.4713528920e-10 1.2489267169e+04 1.0613905489e+00 
