1.3494857672e-05 4.2243730540e-01 
8.6694560216e-05 4.2981518961e-01 
2.3266443375e-05 4.0742397348e-01 
1.6392793131e-05 4.6170394859e-01 
9.8957712092e-05 4.1752123725e-01 
6.5968885662e-04 3.2363568247e-01 
3.1223251634e-05 4.5799161174e-01 
4.6604512004e-04 3.3807583692e-01 
1.8928738336e-05 3.9197571196e-01 
3.1650057950e-05 3.6953936775e-01 
7.3830007179e-05 4.2204197178e-01 
1.1535021351e-05 1.0000000000e+00 
3.8541641712e-05 4.6826780840e-01 
1.0567848919e-04 4.7629519039e-01 
1.3777512000e-05 3.9350023856e-01 
2.6401904827e-05 4.1461731112e-01 
2.8875475562e-04 3.6106354457e-01 
4.6097340833e-04 3.8384623340e-01 
1.7777418992e-04 3.9015901243e-01 
1.4173143375e-04 4.6782001206e-01 
1.0047318700e-05 1.0000000000e+00 
4.5709091133e-05 3.4219954946e-01 
2.6434725325e-05 3.7685759186e-01 
7.1446334565e-04 3.0801090299e-01 
5.2756906951e-05 3.4637601995e-01 
1.2281480954e-05 1.0000000000e+00 
1.9475367197e-05 3.7131537440e-01 
2.0567282716e-04 3.8220745653e-01 
1.1824353608e-05 1.0000000000e+00 
2.8474171270e-05 4.6258172472e-01 
4.7116076445e-05 3.5470303532e-01 
1.1322121225e-05 5.1242419762e-01 
4.3646117430e-05 3.7506459569e-01 
4.2829994818e-05 4.6245349466e-01 
1.6936368127e-04 3.9381580410e-01 
3.1372156036e-05 3.6209543639e-01 
1.9296429817e-05 4.8360761462e-01 
4.8803508148e-04 3.2538488603e-01 
8.2444703698e-05 4.6237839911e-01 
1.7314187860e-05 1.0000000000e+00 
3.9240475368e-05 4.4965557051e-01 
2.8275437292e-04 3.5960596297e-01 
2.5494265472e-05 4.7919988731e-01 
6.8034519197e-06 1.0000000000e+00 
4.5845459743e-05 4.1005013070e-01 
6.7719998292e-06 1.0000000000e+00 
1.0625788234e-04 4.1635616006e-01 
1.2039298157e-05 1.0000000000e+00 
1.1552798127e-04 4.0996633517e-01 
5.0990092375e-05 4.4989217852e-01 
3.9243072556e-04 3.5676983014e-01 
4.5578593080e-05 3.4297751737e-01 
5.9087078608e-05 4.2451611318e-01 
8.6936905420e-05 4.2367760772e-01 
7.3838418215e-06 1.0000000000e+00 
2.8599967305e-05 4.6663868006e-01 
1.5318713964e-05 3.5933774472e-01 
1.5737234896e-04 3.9735507161e-01 
4.3791678289e-04 3.2638126785e-01 
2.2655904489e-05 4.8712272718e-01 
1.3717640144e-04 4.0340240618e-01 
3.3670774942e-05 4.6830993155e-01 
3.1897336261e-04 3.7551793525e-01 
1.9729162455e-04 3.8581454390e-01 
2.1965496600e-05 3.9588655279e-01 
1.9499475290e-04 3.8468608950e-01 
2.0463605362e-05 4.9212414814e-01 
3.1906141668e-04 3.5582314001e-01 
2.1841924406e-05 1.0000000000e+00 
1.0598668277e-05 1.0000000000e+00 
2.2054938604e-05 4.6858434294e-01 
4.7986053145e-04 3.2358342705e-01 
5.5101415005e-05 4.4941972795e-01 
7.8399948905e-05 4.3540673228e-01 
3.1403653503e-04 3.5783767305e-01 
2.5378378920e-04 3.7729196932e-01 
2.6080424971e-05 4.0021565113e-01 
2.5047324247e-05 3.6732825293e-01 
1.0355728786e-04 4.1522459724e-01 
8.7453596180e-05 3.7332616802e-01 
4.8740630826e-05 4.4097132153e-01 
1.5610767372e-05 3.7929218534e-01 
4.3614850507e-05 4.1676251862e-01 
3.7406683685e-05 4.4774811651e-01 
2.0495686580e-05 3.8293342687e-01 
1.5862349024e-04 3.9746552987e-01 
6.1008635924e-05 3.6887356671e-01 
3.3257127536e-05 3.6193135233e-01 
4.4901784642e-04 4.1355975533e-01 
2.0204103424e-05 5.0007975227e-01 
4.9873166514e-05 4.5107350117e-01 
8.3820758391e-06 1.0000000000e+00 
3.0937942166e-05 3.3955802510e-01 
3.6469544143e-05 4.6396116266e-01 
6.3480179308e-05 4.2180598161e-01 
4.5898084677e-04 3.3226460931e-01 
2.8830206846e-04 3.7730329714e-01 
1.8261289034e-05 1.0000000000e+00 
7.7970797205e-05 4.3270871086e-01 
2.7233731059e-04 3.5831787962e-01 
3.0317692665e-05 3.8863685643e-01 
3.7761359389e-04 3.4348684259e-01 
2.9423112634e-05 4.6177208319e-01 
7.9302800672e-04 2.8729189642e-01 
4.6710269841e-04 3.2874957827e-01 
2.5673666576e-05 4.8774340841e-01 
6.9708013756e-05 4.2069732686e-01 
1.2590371581e-04 4.1669938856e-01 
2.2787166245e-04 3.8276200399e-01 
1.3455741566e-05 4.8305856043e-01 
1.4468317471e-05 5.5398392135e-01 
7.3704517345e-05 4.3432824512e-01 
6.9303053205e-06 1.0000000000e+00 
1.0944916159e-05 1.0000000000e+00 
1.1531495879e-05 5.1282964622e-01 
1.7296062957e-04 3.9174218778e-01 
2.8032971228e-05 4.5469163233e-01 
7.1615748839e-05 4.3660218703e-01 
1.2976527065e-04 4.1204416814e-01 
1.9264783478e-04 3.8868857268e-01 
1.8432874365e-04 3.9375412568e-01 
1.6435405638e-04 4.1279032623e-01 
6.7095706983e-05 4.2078559207e-01 
6.4453416113e-05 4.4125221548e-01 
1.3608936323e-05 1.0000000000e+00 
5.0529575400e-05 3.5542667712e-01 
2.5618335920e-04 3.7016664492e-01 
1.0264331117e-05 4.9239085945e-01 
4.5299430967e-05 4.5214770573e-01 
9.9751635555e-06 1.0000000000e+00 
4.3041424715e-04 3.4117186471e-01 
2.5083073614e-04 3.8513919434e-01 
1.3344357637e-04 4.0425020796e-01 
2.5320452140e-04 3.7021611320e-01 
2.5735650389e-04 3.7768760719e-01 
9.7785968597e-05 4.2613010655e-01 
2.3359824136e-05 4.9585701025e-01 
2.5522995890e-05 4.8020068387e-01 
4.2135897999e-04 3.3672764445e-01 
3.0645350949e-04 3.6110676660e-01 
1.1168610916e-04 4.1993384482e-01 
1.2553522511e-04 4.0813535825e-01 
1.0718684152e-05 1.0000000000e+00 
5.0518075046e-05 5.1198198656e-01 
7.7540449342e-05 4.2759244361e-01 
3.8197020224e-05 4.4543102445e-01 
2.4581231521e-05 1.0000000000e+00 
1.8486132332e-04 4.4013678375e-01 
1.8161055930e-05 4.7651129547e-01 
2.7755556981e-05 4.6567944792e-01 
1.9302722514e-05 3.7980953661e-01 
4.4236275352e-05 4.3850183031e-01 
5.5238841807e-05 4.4626575683e-01 
6.5474338174e-05 4.4463816570e-01 
2.7683453133e-04 3.6439516224e-01 
3.2211063310e-05 4.5583640671e-01 
8.4986727259e-05 4.3761550046e-01 
6.8320997790e-05 4.2297789860e-01 
4.9193592386e-05 4.6328231039e-01 
3.8766538731e-05 4.7458003469e-01 
1.7304692139e-05 4.7693574774e-01 
2.2770977066e-05 4.1179399937e-01 
2.7892191781e-05 4.8398313303e-01 
1.3512164985e-04 4.0578170873e-01 
1.3013702794e-04 1.0000000000e+00 
1.0310541325e-04 3.9283364266e-01 
2.7498013161e-04 3.7246001046e-01 
3.6118221346e-05 4.4966936622e-01 
7.4042461718e-04 2.9028446355e-01 
1.0099905818e-05 1.0000000000e+00 
9.5392319745e-06 5.1668827368e-01 
4.3304225254e-04 3.4888951499e-01 
4.2743862686e-05 3.3956062543e-01 
7.2331143281e-06 1.0000000000e+00 
1.7324162918e-04 3.9416701304e-01 
7.6532144954e-05 4.3600989177e-01 
3.6813619084e-05 3.8968965304e-01 
3.7984521961e-05 4.5284235676e-01 
1.1712600427e-04 4.0965733449e-01 
1.6414317060e-05 1.0000000000e+00 
4.0171121307e-05 4.4485939826e-01 
3.6665441408e-05 4.6687159259e-01 
4.1187873335e-05 3.7663973120e-01 
4.7088323029e-05 4.3694916133e-01 
3.0914757391e-05 4.7412790746e-01 
1.8408157464e-05 3.9466582956e-01 
5.6371817932e-05 4.3497324457e-01 
4.3031024363e-05 4.5382127797e-01 
9.9867973375e-05 4.1979148760e-01 
6.4796031494e-06 4.2081982616e-01 
3.8530415501e-04 3.4436978701e-01 
5.5847271653e-05 3.9287700783e-01 
4.0102729137e-05 4.5595762067e-01 
1.9458414730e-05 4.5190976458e-01 
1.2434788824e-04 4.0979373060e-01 
8.9311160746e-05 4.2694556279e-01 
1.0062156150e-04 4.2111925481e-01 
2.4804048459e-05 4.9075715107e-01 
1.6307685536e-05 1.0000000000e+00 
2.5873071357e-05 4.0094311751e-01 
