2.2777458443e-08 1.2407567907e+04 1.1011841370e+00 4.2000000000e-01 
5.7989167460e-10 1.4103804300e+04 3.6910252076e-01 4.2000000000e-01 
2.7871254193e-08 2.1127997553e+04 1.3334147419e+00 4.2000000000e-01 
6.5403682260e-08 1.1685352406e+04 9.4037096248e-01 4.2000000000e-01 
1.3825644392e-09 1.9850715063e+04 7.0223169085e-01 4.2000000000e-01 
4.5023789948e-11 1.4361809744e+04 4.0517787963e-01 4.2000000000e-01 
2.1019082474e-08 1.4313452062e+04 7.0127160377e-01 4.2000000000e-01 
7.5727495757e-08 2.5000000000e+04 1.3181626356e+00 4.2000000000e-01 
9.7520001214e-08 1.5024095140e+04 9.6180107614e-01 4.2000000000e-01 
7.6998999679e-10 1.3213771339e+04 5.1078571830e-01 4.2000000000e-01 
3.5426656932e-08 1.2613274739e+04 4.0586499627e-01 4.2000000000e-01 
2.3326008134e-10 1.6481542198e+04 1.1197520659e+00 4.2000000000e-01 
1.7579734570e-08 1.2406966138e+04 8.7407956723e-01 4.2000000000e-01 
5.5769789948e-10 1.4704037735e+04 8.4817213024e-01 4.2000000000e-01 
3.2615074914e-10 1.5051571473e+04 3.0211642793e-01 4.2000000000e-01 
5.9802355853e-08 1.2575276157e+04 3.7243913997e-01 4.2000000000e-01 
5.4870416214e-08 1.1586169524e+04 8.2368334570e-01 4.2000000000e-01 
3.2268091807e-08 1.4421569169e+04 3.0444804933e-01 4.2000000000e-01 
6.5194695518e-09 1.5404118776e+04 9.6553504178e-01 4.2000000000e-01 
1.3819993248e-11 1.1374128011e+04 7.0454692507e-01 4.2000000000e-01 
8.5214636549e-06 2.5000000000e+04 6.0275284449e-01 4.2000000000e-01 
1.6951876494e-09 1.2965263551e+04 2.9446456927e-01 4.2000000000e-01 
5.8541902600e-10 1.1533020491e+04 1.1145013488e+00 4.2000000000e-01 
8.8787994088e-10 1.3749432534e+04 6.0116028134e-01 4.2000000000e-01 
6.0111317710e-09 1.1493658059e+04 6.8280262059e-01 4.2000000000e-01 
1.3785740875e-08 1.2726058661e+04 1.5027111099e+00 4.2000000000e-01 
1.7306937449e-06 1.1529437390e+04 1.4068590026e+00 4.2000000000e-01 
2.4484780551e-10 2.5000000000e+04 3.8584432994e-01 4.2000000000e-01 
9.4444833954e-09 1.2684017459e+04 8.2934463700e-02 4.2000000000e-01 
7.8817767875e-11 1.2864465989e+04 4.6080442751e-01 4.2000000000e-01 
1.5352423670e-09 1.4511947412e+04 1.1640805223e+00 4.2000000000e-01 
3.9433025871e-10 1.1368801148e+04 1.2233020428e+00 4.2000000000e-01 
3.4664317459e-07 1.9252752566e+04 6.2427620292e-01 4.2000000000e-01 
3.7272158849e-12 1.3231209755e+04 3.8768856240e-01 4.2000000000e-01 
8.7863955384e-08 1.1988137313e+04 9.0740676557e-01 4.2000000000e-01 
1.2908726962e-08 1.2566310803e+04 2.4189531128e-01 4.2000000000e-01 
6.8585088945e-11 1.9485352644e+04 5.2532157451e-01 4.2000000000e-01 
4.7134902746e-10 2.5000000000e+04 7.4403856954e-01 4.2000000000e-01 
6.8449621360e-10 1.5511029478e+04 8.1510436447e-01 4.2000000000e-01 
3.5199158950e-09 1.3236370150e+04 1.0406643369e+00 4.2000000000e-01 
4.0741539490e-11 1.1287692313e+04 4.1159808599e-01 4.2000000000e-01 
8.4862690111e-09 2.3053786411e+04 2.4239054632e-01 4.2000000000e-01 
3.6548057250e-09 1.1818134018e+04 8.7732695892e-01 4.2000000000e-01 
3.7793855694e-09 1.1636703089e+04 8.9400096057e-01 4.2000000000e-01 
5.1022564310e-11 1.2015324045e+04 1.0754839665e+00 4.2000000000e-01 
1.1557962108e-08 1.8591025998e+04 4.3429732006e-01 4.2000000000e-01 
4.5237351542e-11 1.1322994879e+04 5.9775388591e-01 4.2000000000e-01 
1.0656248190e-07 1.2994582714e+04 1.2649431931e+00 4.2000000000e-01 
3.6787516171e-10 2.5000000000e+04 8.5560465627e-01 4.2000000000e-01 
7.1427332722e-08 1.1424272549e+04 1.0565192187e+00 4.2000000000e-01 
5.4450479760e-09 1.2484485913e+04 1.3246728686e+00 4.2000000000e-01 
1.7120017604e-08 1.2331549921e+04 1.0563405731e+00 4.2000000000e-01 
6.4685590205e-10 1.2922239263e+04 1.4922479003e+00 4.2000000000e-01 
6.9095557060e-10 1.5077478021e+04 6.8846469707e-01 4.2000000000e-01 
7.1253404382e-08 1.2346810893e+04 6.5472751217e-01 4.2000000000e-01 
2.2324865779e-10 1.1941851945e+04 1.2515401930e+00 4.2000000000e-01 
2.8019198020e-08 1.6789676758e+04 1.2100028102e+00 4.2000000000e-01 
1.6597997407e-08 1.1456835186e+04 1.0378690667e+00 4.2000000000e-01 
3.7731678623e-08 1.4079778208e+04 9.7143064199e-01 4.2000000000e-01 
1.8485020487e-09 1.5841141669e+04 7.7653380587e-01 4.2000000000e-01 
1.2657380243e-08 1.3124219534e+04 5.1461077617e-01 4.2000000000e-01 
1.3485846342e-10 1.3125174662e+04 5.4456380360e-01 4.2000000000e-01 
2.3389035029e-07 1.3375754105e+04 1.6695385980e-01 4.2000000000e-01 
2.5455367176e-10 1.2452792728e+04 1.2025136509e+00 4.2000000000e-01 
2.1378777200e-11 1.2527535033e+04 8.6134314251e-01 4.2000000000e-01 
9.4586763239e-10 1.5542959298e+04 1.2735775018e+00 4.2000000000e-01 
2.5622462983e-08 1.1745518066e+04 8.1224943598e-01 4.2000000000e-01 
1.3683314871e-09 1.5840202951e+04 9.6288561033e-01 4.2000000000e-01 
4.0358074520e-09 1.2631228769e+04 9.4610370976e-01 4.2000000000e-01 
2.5333235808e-09 1.5564725645e+04 8.3734162224e-01 4.2000000000e-01 
5.4824953411e-11 1.3975947422e+04 8.2062344308e-01 4.2000000000e-01 
7.1770766820e-07 1.2243397650e+04 3.6714163650e-01 4.2000000000e-01 
2.9756279701e-10 1.5737908446e+04 1.1647569414e+00 4.2000000000e-01 
4.6537710969e-09 1.1482310394e+04 6.3810873343e-02 4.2000000000e-01 
4.5354858157e-07 1.2069621112e+04 1.9151066674e-01 4.2000000000e-01 
3.7660516903e-11 1.1419921117e+04 4.2836293809e-01 4.2000000000e-01 
7.6038217155e-09 1.3254749261e+04 5.8850488133e-01 4.2000000000e-01 
5.1906756873e-10 1.5070298703e+04 7.8613623461e-01 4.2000000000e-01 
2.7156260927e-10 1.5384878209e+04 8.4810048023e-01 4.2000000000e-01 
3.5137581177e-10 1.4541407614e+04 1.3643131420e+00 4.2000000000e-01 
4.2215185598e-08 2.5000000000e+04 5.9174760851e-01 4.2000000000e-01 
2.4555762419e-08 1.1319471007e+04 6.7346568272e-01 4.2000000000e-01 
3.1048027785e-08 1.4330569829e+04 1.2183581682e+00 4.2000000000e-01 
8.7735425780e-09 1.2008209076e+04 9.5110001068e-01 4.2000000000e-01 
1.0634642114e-08 2.1377321328e+04 1.1859417158e+00 4.2000000000e-01 
2.5834192623e-09 1.2415341218e+04 6.8527167538e-01 4.2000000000e-01 
3.0410593169e-09 2.5000000000e+04 1.0037191429e+00 4.2000000000e-01 
3.2088971884e-08 1.2476018646e+04 1.2474163644e+00 4.2000000000e-01 
3.2142363744e-11 1.1329030168e+04 1.3985807169e+00 4.2000000000e-01 
1.3595188490e-11 1.6461028451e+04 7.4388289784e-01 4.2000000000e-01 
4.3227174899e-08 1.3465157441e+04 8.6265960315e-01 4.2000000000e-01 
8.6739748640e-06 1.1760615538e+04 9.7062505021e-01 4.2000000000e-01 
8.0586808535e-10 1.1840562466e+04 5.2400673295e-01 4.2000000000e-01 
3.7325184974e-08 1.1876320031e+04 6.3050809493e-01 4.2000000000e-01 
7.4984275534e-10 1.1326950197e+04 1.3571406014e+00 4.2000000000e-01 
6.6351828534e-09 1.2966350588e+04 3.7107140827e-01 4.2000000000e-01 
1.6365071791e-06 2.5000000000e+04 5.7120792176e-01 4.2000000000e-01 
6.5273877934e-07 1.9262950318e+04 4.1689625149e-01 4.2000000000e-01 
8.0961743652e-11 1.3406963324e+04 1.0127082528e+00 4.2000000000e-01 
1.8798646253e-10 1.2174125497e+04 9.7214751615e-01 4.2000000000e-01 
2.9573096347e-10 1.2036581540e+04 8.5235890583e-01 4.2000000000e-01 
5.3878153689e-08 2.4717887745e+04 6.7156619083e-01 4.2000000000e-01 
3.4991880262e-07 1.3609580428e+04 1.6015081933e-01 4.2000000000e-01 
1.8379413487e-06 1.1215926991e+04 6.2659364820e-01 4.2000000000e-01 
2.4985620928e-10 1.3580190078e+04 5.3846199862e-01 4.2000000000e-01 
8.7342861618e-10 2.5000000000e+04 1.2085848715e+00 4.2000000000e-01 
6.4122313053e-09 1.2585505878e+04 7.0729693337e-01 4.2000000000e-01 
5.4187966412e-09 1.2003164743e+04 1.3118388945e+00 4.2000000000e-01 
3.6088635118e-09 1.2681358274e+04 9.0687963952e-01 4.2000000000e-01 
1.1207375797e-09 1.1789346863e+04 8.8720477489e-02 4.2000000000e-01 
1.6126155292e-08 1.9396984330e+04 7.6227631269e-01 4.2000000000e-01 
1.2036123510e-09 1.3243331046e+04 2.6635026208e-01 4.2000000000e-01 
1.5869169168e-09 1.2845464725e+04 8.4036999157e-01 4.2000000000e-01 
1.4216544066e-08 1.3718536767e+04 7.3795459404e-01 4.2000000000e-01 
8.2814045724e-11 1.1395135373e+04 4.0124721247e-01 4.2000000000e-01 
7.9207702517e-08 1.2463775187e+04 1.0432882244e+00 4.2000000000e-01 
1.7460638047e-07 1.6611570958e+04 1.1741299334e+00 4.2000000000e-01 
3.8441414872e-06 1.1643960015e+04 4.6106750390e-01 4.2000000000e-01 
6.1171340943e-09 2.5000000000e+04 8.4464834373e-01 4.2000000000e-01 
2.7518520067e-07 1.5573687187e+04 1.0556551814e+00 4.2000000000e-01 
1.4422392526e-08 1.1919561155e+04 9.0490636251e-01 4.2000000000e-01 
2.5101335260e-06 1.6092114888e+04 6.4679828076e-01 4.2000000000e-01 
5.4041522341e-09 1.3183513855e+04 1.3476623127e+00 4.2000000000e-01 
3.3530408478e-09 1.3369412203e+04 4.2110436399e-01 4.2000000000e-01 
1.5566475207e-09 2.5000000000e+04 2.1340518396e-01 4.2000000000e-01 
1.1840269478e-06 1.3237739668e+04 7.5547320834e-01 4.2000000000e-01 
4.4413800041e-10 1.3237602757e+04 1.6790312756e-01 4.2000000000e-01 
5.5826198600e-10 1.5570459405e+04 9.4782117161e-01 4.2000000000e-01 
5.4720292189e-08 1.1965081447e+04 9.9643531357e-01 4.2000000000e-01 
5.8326115500e-09 1.2411177623e+04 4.7068585853e-01 4.2000000000e-01 
3.1673755835e-10 1.4264798830e+04 8.7888479550e-01 4.2000000000e-01 
1.2227156051e-10 1.5538838542e+04 1.0860466944e+00 4.2000000000e-01 
4.2664378344e-09 1.1257118329e+04 1.1044301818e+00 4.2000000000e-01 
8.2266071333e-08 1.4617273288e+04 7.0824229097e-01 4.2000000000e-01 
1.5716199708e-10 1.9601789153e+04 3.7201283377e-01 4.2000000000e-01 
4.9703729291e-06 1.5363688515e+04 7.6971034097e-01 4.2000000000e-01 
2.6910564927e-09 2.0737851593e+04 1.0782431941e+00 4.2000000000e-01 
1.1668314820e-10 1.2611789923e+04 1.3881917653e+00 4.2000000000e-01 
1.6971007336e-06 1.2888646376e+04 5.0431975868e-01 4.2000000000e-01 
9.1385954887e-07 1.5322081311e+04 1.0196745225e+00 4.2000000000e-01 
6.6015263974e-11 1.5097941173e+04 1.4221986963e+00 4.2000000000e-01 
1.3369659612e-08 1.5186831466e+04 3.2985463072e-01 4.2000000000e-01 
4.9814989288e-07 1.6754266040e+04 1.0458284260e+00 4.2000000000e-01 
4.7099178666e-06 2.5000000000e+04 1.2379845977e+00 4.2000000000e-01 
4.5584260653e-07 1.1419982422e+04 3.1786015417e-01 4.2000000000e-01 
3.9344943937e-08 1.2842979438e+04 9.1633303788e-01 4.2000000000e-01 
1.0303540831e-09 1.1967488571e+04 1.3901128983e+00 4.2000000000e-01 
2.0689579794e-08 1.1844942417e+04 9.6184263160e-01 4.2000000000e-01 
1.4918523713e-10 1.2202570428e+04 9.5915939721e-01 4.2000000000e-01 
2.2286431350e-07 1.2810387815e+04 7.7975884718e-01 4.2000000000e-01 
8.3517354605e-08 1.3038863462e+04 4.7484121155e-01 4.2000000000e-01 
3.1762303061e-08 1.6950106762e+04 9.6314561039e-01 4.2000000000e-01 
2.1384629437e-10 1.1839887566e+04 1.2709957225e+00 4.2000000000e-01 
1.4253747005e-05 2.5000000000e+04 1.0267819336e+00 4.2000000000e-01 
8.7356855330e-10 2.4682934333e+04 7.8463967365e-01 4.2000000000e-01 
1.0757348279e-07 1.4039752148e+04 1.3139863043e+00 4.2000000000e-01 
1.4454764185e-08 1.1872196113e+04 5.6959700668e-01 4.2000000000e-01 
1.9894672209e-11 1.2549316161e+04 3.7085101688e-01 4.2000000000e-01 
7.0888169165e-10 1.2689118067e+04 2.3054537170e-01 4.2000000000e-01 
4.5165220106e-10 1.1668708221e+04 9.7988775972e-01 4.2000000000e-01 
1.9759916686e-10 1.4169014789e+04 3.7288801339e-01 4.2000000000e-01 
3.3290184974e-08 1.2215473122e+04 1.0740013598e+00 4.2000000000e-01 
1.1640265728e-06 1.6782413004e+04 8.7149458315e-01 4.2000000000e-01 
7.3060560159e-10 1.2463731834e+04 6.8326390537e-01 4.2000000000e-01 
1.1834768612e-10 1.1996304775e+04 3.7536154473e-01 4.2000000000e-01 
2.9439319629e-10 1.2988915851e+04 2.9604547232e-01 4.2000000000e-01 
5.5187646196e-10 1.1482077076e+04 5.5127648151e-01 4.2000000000e-01 
1.2583657605e-07 1.1325437817e+04 8.8149035139e-01 4.2000000000e-01 
1.3048689923e-09 1.2414630573e+04 1.0943209688e+00 4.2000000000e-01 
1.8308116226e-07 1.2339082155e+04 9.2410035338e-01 4.2000000000e-01 
2.7526161327e-11 1.4243434037e+04 4.4095236505e-01 4.2000000000e-01 
3.3225074550e-08 1.7076263446e+04 1.0026507229e+00 4.2000000000e-01 
1.8356854358e-07 2.2621857725e+04 7.8593851059e-01 4.2000000000e-01 
7.0394987228e-10 1.3706104874e+04 4.6781617938e-01 4.2000000000e-01 
4.4535678466e-09 1.6708621043e+04 5.8597206004e-01 4.2000000000e-01 
9.3725198067e-09 1.4820760443e+04 5.6118593055e-01 4.2000000000e-01 
2.9795725216e-09 1.2831739781e+04 7.2578287144e-01 4.2000000000e-01 
8.4279209899e-10 1.6634372252e+04 8.3832078329e-01 4.2000000000e-01 
5.6656535948e-10 1.1254587053e+04 1.2012964583e+00 4.2000000000e-01 
4.3591982010e-09 1.3466672873e+04 7.5427596352e-01 4.2000000000e-01 
2.1233135520e-05 1.4404245287e+04 1.0144519956e+00 4.2000000000e-01 
4.2511848240e-09 1.2394858184e+04 3.4918440374e-01 4.2000000000e-01 
2.0421740111e-09 1.4980222033e+04 1.0578896906e+00 4.2000000000e-01 
3.2619413034e-09 1.6357779889e+04 1.2843179572e+00 4.2000000000e-01 
1.7443424949e-07 1.3582353492e+04 1.6779578399e-01 4.2000000000e-01 
2.1830332340e-11 1.2813181702e+04 8.6253237589e-01 4.2000000000e-01 
5.8715193389e-06 1.1657519645e+04 2.0598122291e-01 4.2000000000e-01 
4.8756643451e-07 1.2223168932e+04 1.1354845727e+00 4.2000000000e-01 
5.8037094781e-11 1.3800680832e+04 2.5252209294e-01 4.2000000000e-01 
1.4220288801e-09 1.1526967739e+04 1.0639739046e+00 4.2000000000e-01 
1.0693640842e-08 1.7916196114e+04 8.4621768976e-01 4.2000000000e-01 
3.3048328771e-09 1.1457057531e+04 7.2206471252e-01 4.2000000000e-01 
1.1196857799e-09 1.2458266989e+04 7.9225940308e-01 4.2000000000e-01 
6.5931525854e-10 1.2697866491e+04 3.9113497976e-01 4.2000000000e-01 
4.5203233763e-11 1.5978928291e+04 1.4676966834e+00 4.2000000000e-01 
5.0507662873e-07 1.3860859656e+04 5.4472837922e-01 4.2000000000e-01 
2.0192130637e-10 1.1525078372e+04 7.1080424341e-01 4.2000000000e-01 
2.5717685742e-09 1.4019024410e+04 1.2135867081e+00 4.2000000000e-01 
8.5492956621e-08 1.1438576293e+04 8.7430381431e-01 4.2000000000e-01 
8.2910316762e-08 1.2563244500e+04 7.2386011880e-01 4.2000000000e-01 
4.7498005422e-10 1.3501749683e+04 9.6228508239e-01 4.2000000000e-01 
4.3520697843e-08 1.6107663466e+04 3.7795711557e-01 4.2000000000e-01 
3.1598631353e-08 1.4839417574e+04 1.1520566857e+00 4.2000000000e-01 
4.8544945148e-07 1.1970577181e+04 1.1901140703e+00 4.2000000000e-01 
3.5541275070e-07 1.3597576126e+04 7.3109129930e-01 4.2000000000e-01 
5.8830079006e-06 1.4650543944e+04 1.2582651913e+00 4.2000000000e-01 
1.0286006903e-08 2.0937903481e+04 3.8281604968e-01 4.2000000000e-01 
2.2192752004e-08 1.7588160476e+04 7.2524268797e-01 4.2000000000e-01 
2.1963940948e-10 1.2829614263e+04 1.0151846985e+00 4.2000000000e-01 
2.7064790424e-07 1.5143551219e+04 9.6720476425e-01 4.2000000000e-01 
1.7396011602e-11 1.1215053591e+04 8.8462314021e-01 4.2000000000e-01 
3.2700465566e-08 1.2494406284e+04 6.3676523138e-01 4.2000000000e-01 
2.2347101719e-09 1.6093134088e+04 9.1824383739e-01 4.2000000000e-01 
5.0386899411e-12 2.5000000000e+04 6.9823787186e-01 4.2000000000e-01 
2.6442347705e-10 1.2615326488e+04 5.3684990660e-01 4.2000000000e-01 
5.2434231452e-09 1.1889594920e+04 1.3055940904e+00 4.2000000000e-01 
2.4538798428e-09 1.1804367544e+04 7.5957752373e-01 4.2000000000e-01 
9.3658956248e-07 1.2433921515e+04 5.4750156369e-01 4.2000000000e-01 
4.3602284101e-09 1.5514857770e+04 8.1554530067e-01 4.2000000000e-01 
5.6830363753e-07 1.3699389946e+04 1.1778521670e+00 4.2000000000e-01 
3.3339893569e-07 2.2168176910e+04 6.9686898448e-01 4.2000000000e-01 
9.0813346747e-09 1.4151859928e+04 6.1544932195e-01 4.2000000000e-01 
1.8703000276e-10 1.4652414196e+04 1.2444811753e+00 4.2000000000e-01 
4.1886367828e-10 1.3193870844e+04 1.0856198498e+00 4.2000000000e-01 
9.2001948254e-09 1.4837596975e+04 6.9043195023e-01 4.2000000000e-01 
3.1342133004e-10 1.3626509544e+04 6.2105411347e-01 4.2000000000e-01 
1.6212236290e-07 1.1487200714e+04 1.2400514610e+00 4.2000000000e-01 
1.1811164331e-11 1.1479198838e+04 1.0135641286e+00 4.2000000000e-01 
2.2616562811e-09 1.1629846605e+04 2.6929280854e-01 4.2000000000e-01 
1.4660952910e-10 2.0906126256e+04 4.0958605950e-01 4.2000000000e-01 
1.6602369440e-08 1.3021821847e+04 7.9341723995e-01 4.2000000000e-01 
7.0624330059e-10 1.5886462513e+04 9.6484450741e-01 4.2000000000e-01 
1.1194946041e-08 1.3091762656e+04 5.2399605572e-01 4.2000000000e-01 
1.4124968965e-05 1.5602659067e+04 8.2096627043e-01 4.2000000000e-01 
7.1959962585e-09 1.2098308095e+04 7.5461770689e-01 4.2000000000e-01 
9.5730910977e-09 1.4327473469e+04 2.0353469151e-01 4.2000000000e-01 
2.7151024369e-10 1.2405169254e+04 4.0440983755e-01 4.2000000000e-01 
2.2220129649e-10 1.4724196951e+04 7.4681200445e-01 4.2000000000e-01 
1.1538802144e-11 1.2657488316e+04 5.7597190546e-01 4.2000000000e-01 
1.4485582501e-08 1.5736277604e+04 1.2118579757e-01 4.2000000000e-01 
3.0765849551e-08 1.2174680532e+04 6.5259928814e-01 4.2000000000e-01 
2.6934260873e-07 1.2765748436e+04 7.3963690663e-01 4.2000000000e-01 
5.5710446492e-07 1.1652578198e+04 3.9115506435e-01 4.2000000000e-01 
2.3520480307e-10 2.0184637204e+04 7.4739489420e-01 4.2000000000e-01 
3.9335725082e-08 1.4436469882e+04 7.7075610814e-01 4.2000000000e-01 
3.0272211159e-11 1.9592199948e+04 6.3610599349e-01 4.2000000000e-01 
1.5949367245e-08 1.2316420770e+04 5.0540134753e-01 4.2000000000e-01 
4.9719980351e-12 1.3280877135e+04 1.2053658069e+00 4.2000000000e-01 
1.3023386667e-06 1.4903033332e+04 5.2570325511e-01 4.2000000000e-01 
3.8353093865e-06 1.1262828379e+04 5.9507876586e-01 4.2000000000e-01 
1.0676292676e-10 1.4351426908e+04 1.4219401629e-01 4.2000000000e-01 
4.8395736224e-08 1.2286322292e+04 5.6337744191e-01 4.2000000000e-01 
2.4570916672e-10 1.3425301698e+04 1.2693701916e+00 4.2000000000e-01 
2.4294686029e-06 1.1781221702e+04 9.6721909568e-01 4.2000000000e-01 
3.8840590733e-09 1.3126145591e+04 8.8956603993e-01 4.2000000000e-01 
1.9937971191e-10 1.2204610479e+04 2.1628262391e-01 4.2000000000e-01 
8.3808779119e-08 1.5614290564e+04 2.1987385931e-01 4.2000000000e-01 
9.1992158919e-10 1.1718822368e+04 7.0436211852e-01 4.2000000000e-01 
9.6286656154e-07 1.2712708092e+04 9.8934580861e-01 4.2000000000e-01 
4.9547815066e-08 1.3429059186e+04 9.7877666059e-01 4.2000000000e-01 
2.9524538149e-11 1.3780511926e+04 1.1548836698e+00 4.2000000000e-01 
1.2633229076e-06 1.2220982113e+04 4.3348595750e-01 4.2000000000e-01 
4.9768923634e-07 1.1387999343e+04 8.5035173530e-01 4.2000000000e-01 
1.2555737445e-07 1.1814572333e+04 7.2564071436e-01 4.2000000000e-01 
8.0509986455e-11 1.1935167548e+04 9.9457198881e-01 4.2000000000e-01 
4.9722354744e-10 1.7813388491e+04 9.4075776512e-01 4.2000000000e-01 
1.0058106285e-06 2.5000000000e+04 6.1605766834e-01 4.2000000000e-01 
3.6092841861e-11 1.3089548629e+04 6.9257113946e-01 4.2000000000e-01 
6.9693277748e-11 1.5315373603e+04 6.0383988355e-01 4.2000000000e-01 
2.2672153928e-10 1.2573773036e+04 7.6914810035e-01 4.2000000000e-01 
1.7372963309e-07 1.6444330692e+04 2.7029026453e-01 4.2000000000e-01 
4.6806763018e-11 2.1346764471e+04 2.0242715320e-01 4.2000000000e-01 
9.7091465686e-10 1.9919546860e+04 1.7678935965e-01 4.2000000000e-01 
1.4240738834e-09 1.6084515596e+04 1.1551716922e+00 4.2000000000e-01 
3.5377894392e-08 1.1290135911e+04 1.2649250423e+00 4.2000000000e-01 
9.6897450302e-06 1.6003598106e+04 1.2635861211e+00 4.2000000000e-01 
4.1818395961e-11 1.1826310668e+04 1.1693948033e+00 4.2000000000e-01 
9.5144282427e-08 1.9407442617e+04 1.2415175473e+00 4.2000000000e-01 
5.2549338689e-09 1.2888811879e+04 6.3055741077e-01 4.2000000000e-01 
1.5812989581e-10 2.2298714844e+04 1.5072352381e+00 4.2000000000e-01 
1.8865834316e-08 1.1222589845e+04 9.6577938510e-01 4.2000000000e-01 
1.7832327871e-08 1.2740801569e+04 1.1400691616e+00 4.2000000000e-01 
9.0777218559e-10 1.1977181181e+04 2.2374335428e-01 4.2000000000e-01 
6.7279843960e-11 1.4233686344e+04 4.6542047640e-01 4.2000000000e-01 
8.7819087930e-08 1.3205514146e+04 6.5908242281e-01 4.2000000000e-01 
3.4267372476e-07 1.6182376229e+04 5.0423718848e-01 4.2000000000e-01 
6.3970080727e-12 1.2176889022e+04 9.4191832132e-01 4.2000000000e-01 
2.1342060208e-08 1.1583196280e+04 5.2871934745e-01 4.2000000000e-01 
5.6977400240e-06 1.8310549424e+04 8.1554528190e-01 4.2000000000e-01 
1.5876597102e-06 1.3865464138e+04 9.8165085300e-01 4.2000000000e-01 
4.9625132929e-07 1.4155582444e+04 7.7363030119e-01 4.2000000000e-01 
3.5771683921e-09 1.2894635152e+04 5.1566196860e-01 4.2000000000e-01 
1.7761352986e-09 1.1799655261e+04 8.7906393325e-01 4.2000000000e-01 
1.4774020652e-09 1.2928442439e+04 9.0515162708e-01 4.2000000000e-01 
2.2917989660e-08 1.2535372291e+04 1.1207578340e+00 4.2000000000e-01 
4.9515881639e-12 1.4583218740e+04 6.0262145862e-01 4.2000000000e-01 
2.9344961514e-09 1.1352046828e+04 9.9115707418e-01 4.2000000000e-01 
1.1702058123e-08 1.2803315476e+04 1.2910927323e+00 4.2000000000e-01 
1.0724443603e-07 1.2523355048e+04 1.1115022930e+00 4.2000000000e-01 
5.7248724565e-07 1.2076360001e+04 1.1023305052e+00 4.2000000000e-01 
2.3956129859e-09 1.8866716831e+04 2.3453953022e-01 4.2000000000e-01 
1.3736643117e-10 1.3168735957e+04 5.8635582704e-01 4.2000000000e-01 
2.7107707398e-07 1.4829469677e+04 5.9356709948e-01 4.2000000000e-01 
4.2683099622e-09 2.2826528012e+04 7.2596995712e-01 4.2000000000e-01 
6.3671163690e-12 1.9348000010e+04 1.4130055304e+00 4.2000000000e-01 
5.4174775875e-09 1.3811826813e+04 8.8180394041e-01 4.2000000000e-01 
3.5764529467e-09 1.2185297209e+04 4.2763751506e-01 4.2000000000e-01 
2.9749808036e-07 1.8931209620e+04 5.8009761814e-01 4.2000000000e-01 
2.8189458565e-09 1.6932237516e+04 7.9538633738e-01 4.2000000000e-01 
8.8238546053e-10 1.3589922457e+04 3.5353672518e-01 4.2000000000e-01 
1.3573283585e-06 1.1357374753e+04 9.7815697099e-01 4.2000000000e-01 
8.6905279617e-08 1.8387869670e+04 1.4618618091e+00 4.2000000000e-01 
3.1711629136e-10 1.4617818099e+04 1.0908330607e+00 4.2000000000e-01 
1.5522382791e-08 1.3645781471e+04 5.7110078799e-01 4.2000000000e-01 
2.2862726231e-08 1.3760914801e+04 8.8982218343e-01 4.2000000000e-01 
1.3507569684e-10 1.1774710303e+04 1.1534617615e+00 4.2000000000e-01 
2.0208530309e-11 1.6362447361e+04 7.4302721058e-01 4.2000000000e-01 
2.2321508414e-08 1.1412473846e+04 3.8317739029e-01 4.2000000000e-01 
3.8165599704e-08 1.5438282120e+04 1.2160187266e+00 4.2000000000e-01 
1.8988815886e-10 1.1549934563e+04 1.2467963828e+00 4.2000000000e-01 
5.3812026711e-10 1.1379471045e+04 1.0065313709e+00 4.2000000000e-01 
3.4349738041e-06 1.5885340625e+04 4.1992390291e-01 4.2000000000e-01 
2.9048037941e-08 1.2577527192e+04 3.4456234952e-01 4.2000000000e-01 
2.8047228104e-09 1.1591815287e+04 1.0201578290e+00 4.2000000000e-01 
1.2585077377e-10 1.3981415598e+04 1.0636406957e+00 4.2000000000e-01 
5.6369113196e-10 1.2626866766e+04 1.3560187772e+00 4.2000000000e-01 
8.1236994962e-12 1.1720119465e+04 1.4062227682e+00 4.2000000000e-01 
1.3245551037e-11 1.1858618012e+04 6.8650258344e-01 4.2000000000e-01 
3.6407081302e-06 1.3067842647e+04 7.5548906822e-01 4.2000000000e-01 
1.1399352189e-10 1.1641247842e+04 1.3472694874e+00 4.2000000000e-01 
1.2845118758e-07 1.4783683450e+04 7.4555846927e-01 4.2000000000e-01 
7.3934354250e-06 1.2368508495e+04 2.1612918749e-01 4.2000000000e-01 
2.6071326093e-11 1.2801693712e+04 1.0757341989e+00 4.2000000000e-01 
1.3787661352e-06 2.5000000000e+04 8.2605331276e-01 4.2000000000e-01 
8.1564456911e-09 2.5000000000e+04 8.0672173911e-01 4.2000000000e-01 
1.9196091667e-09 1.1631189919e+04 4.3423533489e-01 4.2000000000e-01 
5.0138757764e-07 1.1227016218e+04 5.8811749869e-01 4.2000000000e-01 
1.2978263338e-06 1.2079636832e+04 3.2948207146e-01 4.2000000000e-01 
1.0613952101e-11 1.1930032459e+04 8.5637382528e-01 4.2000000000e-01 
1.0769638145e-08 1.1313571375e+04 5.9208062736e-01 4.2000000000e-01 
5.9979264904e-11 1.1240035250e+04 4.2224997645e-01 4.2000000000e-01 
6.3160771059e-09 1.3960389717e+04 5.6584132588e-01 4.2000000000e-01 
8.1426435125e-12 1.5341452440e+04 1.1295983540e+00 4.2000000000e-01 
3.5822202735e-11 2.0328015221e+04 5.3146585083e-01 4.2000000000e-01 
1.3603116272e-08 1.2283530425e+04 7.1713279097e-01 4.2000000000e-01 
8.9700767882e-09 1.7514384462e+04 5.9854913666e-01 4.2000000000e-01 
2.8877427663e-09 1.2060568731e+04 5.7341437070e-01 4.2000000000e-01 
4.5570689516e-08 1.5238939129e+04 1.1068662496e+00 4.2000000000e-01 
3.8602299961e-07 1.6543622215e+04 1.7077244612e-01 4.2000000000e-01 
2.8833611591e-08 1.3033222849e+04 1.2612673513e+00 4.2000000000e-01 
5.8184391656e-09 1.3424061524e+04 6.6042447680e-01 4.2000000000e-01 
5.7714456169e-07 1.1330511360e+04 9.9169840848e-01 4.2000000000e-01 
2.2782975209e-10 1.4263039424e+04 1.2088981900e+00 4.2000000000e-01 
1.4098573986e-09 1.4978481014e+04 1.2588383522e+00 4.2000000000e-01 
6.9976865586e-09 1.5936348414e+04 9.7963897692e-01 4.2000000000e-01 
6.0666639933e-10 1.8002373493e+04 1.4631989000e+00 4.2000000000e-01 
1.3768985115e-10 1.1691046754e+04 3.1708629424e-01 4.2000000000e-01 
5.5691624966e-10 1.3127270244e+04 4.6111545794e-01 4.2000000000e-01 
2.7810656646e-09 1.5688910783e+04 3.5546220033e-01 4.2000000000e-01 
2.6147396964e-09 1.4974644620e+04 7.0761986796e-01 4.2000000000e-01 
2.3305250080e-08 2.5000000000e+04 1.2878632219e+00 4.2000000000e-01 
2.6652351532e-08 1.6184229511e+04 1.2036239076e+00 4.2000000000e-01 
1.6593131219e-09 1.6424278085e+04 1.3898592802e+00 4.2000000000e-01 
2.5967927172e-09 1.1313910742e+04 7.8731002983e-01 4.2000000000e-01 
3.4980726592e-09 1.1498832823e+04 1.4004312861e+00 4.2000000000e-01 
4.9973538424e-06 1.1398948030e+04 7.5220398551e-01 4.2000000000e-01 
1.1511572992e-10 1.2179230688e+04 1.1865322411e+00 4.2000000000e-01 
4.6336828807e-10 1.3597470754e+04 7.7536757793e-01 4.2000000000e-01 
5.8151583288e-08 1.2060174024e+04 6.4360336144e-01 4.2000000000e-01 
1.9577645757e-09 1.1741363414e+04 6.6380956465e-01 4.2000000000e-01 
2.2255423705e-10 1.2174332784e+04 7.5691271976e-01 4.2000000000e-01 
6.1817909643e-08 1.8106348888e+04 8.4782044952e-01 4.2000000000e-01 
7.4128367351e-08 1.1753088472e+04 7.1226665666e-01 4.2000000000e-01 
1.4807797220e-10 1.1872354942e+04 3.8111662588e-01 4.2000000000e-01 
1.2032583594e-07 1.4409393370e+04 7.7238839311e-01 4.2000000000e-01 
1.2194437791e-09 1.3960058298e+04 7.2516359538e-01 4.2000000000e-01 
1.2928475418e-09 1.2438541878e+04 1.3912809403e+00 4.2000000000e-01 
3.2336528177e-10 1.3087116346e+04 1.2665577017e+00 4.2000000000e-01 
3.6965382180e-09 1.5104856332e+04 1.0496774222e+00 4.2000000000e-01 
6.7555663447e-08 1.1400971494e+04 8.4690981818e-01 4.2000000000e-01 
2.2488497084e-09 2.1014141777e+04 8.3948902808e-01 4.2000000000e-01 
2.8840337237e-06 1.3055283412e+04 3.7366334893e-01 4.2000000000e-01 
3.6825188432e-10 1.3953340972e+04 5.9290970314e-01 4.2000000000e-01 
1.3406207690e-07 1.6537176255e+04 6.4842890522e-01 4.2000000000e-01 
3.1524560429e-11 1.8901240837e+04 6.0659780338e-01 4.2000000000e-01 
1.0296565027e-07 1.2690078750e+04 8.0583103356e-01 4.2000000000e-01 
2.0351746736e-09 1.1752781830e+04 1.2959544961e+00 4.2000000000e-01 
8.6473508664e-10 1.1597130858e+04 7.3346426541e-01 4.2000000000e-01 
1.7954619398e-08 1.9713842281e+04 5.9190776485e-01 4.2000000000e-01 
8.8949586478e-07 1.1757278172e+04 3.7321412486e-01 4.2000000000e-01 
3.7196620779e-07 1.2110229325e+04 9.2603559747e-01 4.2000000000e-01 
5.7097328168e-11 1.1368464339e+04 1.2866507086e-01 4.2000000000e-01 
2.2457838789e-08 1.1234891180e+04 1.9250232159e-01 4.2000000000e-01 
1.7742762814e-11 1.6082909892e+04 5.5050622705e-01 4.2000000000e-01 
3.5047779264e-11 1.1372845051e+04 1.3437843388e+00 4.2000000000e-01 
6.3751256487e-11 1.2177792960e+04 8.9437556297e-01 4.2000000000e-01 
1.1483861334e-09 1.4543227223e+04 5.1404775826e-01 4.2000000000e-01 
3.5520427022e-09 1.2285942136e+04 3.3867810253e-01 4.2000000000e-01 
1.0811992350e-09 1.4839012625e+04 5.6183478922e-01 4.2000000000e-01 
1.1837727174e-11 1.1470851161e+04 1.0652925150e+00 4.2000000000e-01 
5.5329122206e-09 2.3448107945e+04 9.4740749957e-01 4.2000000000e-01 
4.8243964181e-12 1.8586315821e+04 3.5643987904e-01 4.2000000000e-01 
4.6422415334e-08 1.7032950925e+04 6.9806764262e-01 4.2000000000e-01 
3.1253575081e-10 1.1342128320e+04 4.9862292712e-01 4.2000000000e-01 
1.3687887161e-08 1.2414480932e+04 9.4003917865e-01 4.2000000000e-01 
1.2792672609e-09 1.2581073134e+04 1.0687872969e+00 4.2000000000e-01 
4.8151551584e-11 1.1498173823e+04 9.8379001849e-01 4.2000000000e-01 
4.9362189841e-08 1.1928411811e+04 7.8486425961e-01 4.2000000000e-01 
1.7071404353e-08 1.4697872760e+04 9.2007082326e-01 4.2000000000e-01 
1.6805604479e-10 1.2297907569e+04 6.9872637115e-01 4.2000000000e-01 
6.2709571840e-08 1.4997102438e+04 5.7261306129e-01 4.2000000000e-01 
1.1277979310e-10 1.1698623343e+04 4.8017721715e-01 4.2000000000e-01 
2.7526194942e-08 1.1315507962e+04 5.4629862342e-01 4.2000000000e-01 
9.9203333191e-12 1.1434731268e+04 5.6692474726e-01 4.2000000000e-01 
2.8903468437e-08 1.3810578486e+04 8.3882889519e-01 4.2000000000e-01 
3.3891251481e-06 2.4336906499e+04 1.3958561511e+00 4.2000000000e-01 
2.2574287980e-08 1.6508589201e+04 8.7962413534e-01 4.2000000000e-01 
1.9647586260e-10 1.3472998234e+04 7.8870944433e-01 4.2000000000e-01 
1.3532608771e-08 1.4732344474e+04 2.9576234663e-01 4.2000000000e-01 
7.4331196945e-09 1.1413563764e+04 8.2333453934e-01 4.2000000000e-01 
1.1260884406e-09 1.2424467922e+04 1.0529487851e+00 4.2000000000e-01 
1.4461144221e-10 1.2340419428e+04 1.5246793733e+00 4.2000000000e-01 
7.6457328206e-10 1.6623661012e+04 4.4351535909e-01 4.2000000000e-01 
3.2144326968e-07 1.6390851738e+04 1.2007091255e+00 4.2000000000e-01 
1.6403386963e-08 1.2109607300e+04 9.5358721962e-01 4.2000000000e-01 
5.7851600259e-11 1.8358364313e+04 5.2543248608e-01 4.2000000000e-01 
1.2255696521e-08 1.1203882697e+04 7.8300638083e-01 4.2000000000e-01 
2.2767801178e-07 1.1481898200e+04 1.4148959774e+00 4.2000000000e-01 
8.0283572927e-07 1.6697743681e+04 9.3782306034e-01 4.2000000000e-01 
2.1923774350e-09 1.3495132484e+04 8.8687209195e-01 4.2000000000e-01 
4.3342710592e-10 1.3420383192e+04 5.4891118194e-01 4.2000000000e-01 
8.9241810341e-11 2.2476001121e+04 4.6961264926e-01 4.2000000000e-01 
2.8847037796e-10 1.1314122390e+04 1.5603002894e-01 4.2000000000e-01 
1.1147407925e-06 1.2975434968e+04 2.6636888372e-01 4.2000000000e-01 
2.0620332423e-09 1.2226800458e+04 8.4154153064e-01 4.2000000000e-01 
6.0699647040e-10 1.2581273618e+04 7.9354788368e-01 4.2000000000e-01 
2.0931245599e-08 1.5116633507e+04 1.4749726167e+00 4.2000000000e-01 
2.1870422963e-08 1.2682431565e+04 2.2708325054e-01 4.2000000000e-01 
2.7869069819e-09 1.3762374927e+04 1.2636272839e+00 4.2000000000e-01 
1.1314501555e-10 1.1208065304e+04 3.9887048313e-01 4.2000000000e-01 
7.9647073860e-09 1.9345416778e+04 6.5735656585e-01 4.2000000000e-01 
2.6011777557e-09 1.4987096068e+04 7.4107846305e-01 4.2000000000e-01 
2.3426807500e-08 1.2017087714e+04 5.2335951733e-01 4.2000000000e-01 
1.3294874466e-08 1.2320041512e+04 3.7110874082e-01 4.2000000000e-01 
1.5014885926e-09 1.2075891631e+04 4.1071863585e-01 4.2000000000e-01 
3.4821007704e-09 1.2943729014e+04 1.0872168350e+00 4.2000000000e-01 
2.4665900320e-10 1.2557925838e+04 5.6634358019e-01 4.2000000000e-01 
9.5684939277e-11 1.3094410747e+04 1.2234863981e+00 4.2000000000e-01 
5.2290015981e-09 1.3783324603e+04 5.3435079636e-01 4.2000000000e-01 
6.2453627980e-09 1.1625044587e+04 1.4651159153e+00 4.2000000000e-01 
4.1305196243e-09 1.5397386670e+04 2.9577400378e-01 4.2000000000e-01 
2.8930399098e-07 1.4984343210e+04 8.1263074804e-01 4.2000000000e-01 
9.9294023053e-06 1.2173175244e+04 4.5563761162e-01 4.2000000000e-01 
1.3428106520e-09 1.5754482913e+04 1.4271495406e+00 4.2000000000e-01 
4.8549548369e-10 2.5000000000e+04 7.9775562020e-01 4.2000000000e-01 
8.8632286571e-11 1.2032515073e+04 5.8349692821e-01 4.2000000000e-01 
7.6410236109e-10 1.5419520290e+04 2.8729643878e-01 4.2000000000e-01 
3.2469219310e-11 2.5000000000e+04 3.2174865773e-01 4.2000000000e-01 
7.2372307740e-07 2.5000000000e+04 1.0638834750e+00 4.2000000000e-01 
3.1568166561e-09 1.1250094211e+04 6.9859697533e-01 4.2000000000e-01 
1.9397700256e-10 1.2185629253e+04 9.7758052968e-01 4.2000000000e-01 
6.5274782016e-11 1.8110576346e+04 1.1510595762e+00 4.2000000000e-01 
9.1032621249e-10 1.6169757210e+04 5.5296615851e-01 4.2000000000e-01 
1.0185389937e-10 1.4731482721e+04 1.3846987176e+00 4.2000000000e-01 
3.7533003105e-10 1.1858524558e+04 1.3175182745e-01 4.2000000000e-01 
4.0742769845e-11 1.6883421833e+04 5.0676992739e-01 4.2000000000e-01 
4.2552977113e-08 2.1265011262e+04 7.4458703415e-01 4.2000000000e-01 
1.3189964927e-10 1.2358879474e+04 1.3746705551e+00 4.2000000000e-01 
1.0898838507e-10 1.2976079015e+04 1.2174937443e+00 4.2000000000e-01 
9.5309486087e-09 2.5000000000e+04 9.8560998185e-01 4.2000000000e-01 
6.0151188907e-10 1.1934701055e+04 6.7078364471e-01 4.2000000000e-01 
1.0060718193e-07 2.2881967360e+04 2.8575565479e-01 4.2000000000e-01 
6.3783139881e-10 1.6870963308e+04 1.2159435587e+00 4.2000000000e-01 
6.7529009625e-12 1.2006630840e+04 3.7631844782e-02 4.2000000000e-01 
6.0291222595e-09 1.1680528787e+04 1.0300271543e+00 4.2000000000e-01 
1.0469870814e-09 1.1698355289e+04 5.1810118344e-01 4.2000000000e-01 
4.4204630816e-11 1.2022666747e+04 1.3809593941e+00 4.2000000000e-01 
5.1790681205e-10 2.0911042098e+04 1.3876428145e+00 4.2000000000e-01 
1.0140098474e-08 1.4623567487e+04 6.2568936018e-01 4.2000000000e-01 
2.0802238122e-06 1.1826951457e+04 9.9006162211e-01 4.2000000000e-01 
1.1274491517e-08 1.4666498881e+04 5.8292352425e-01 4.2000000000e-01 
1.6519011440e-10 1.1920962098e+04 4.0635357144e-01 4.2000000000e-01 
3.9546073294e-11 1.2116930508e+04 1.9681850255e-01 4.2000000000e-01 
2.4948773667e-09 1.4314746747e+04 5.6730614638e-01 4.2000000000e-01 
2.6667834112e-08 1.3707550842e+04 9.1622394458e-01 4.2000000000e-01 
4.1973521602e-10 1.9383018690e+04 1.2353611455e+00 4.2000000000e-01 
1.9769130901e-10 1.5101313808e+04 6.8781398467e-01 4.2000000000e-01 
2.6049833237e-09 2.5000000000e+04 7.5956986750e-01 4.2000000000e-01 
8.2528391303e-11 1.1807177651e+04 5.4275637804e-01 4.2000000000e-01 
1.3135129841e-09 2.3529890364e+04 1.4169467814e+00 4.2000000000e-01 
1.4147241525e-09 1.5400781868e+04 7.2254923417e-01 4.2000000000e-01 
6.0168573655e-10 1.1364518610e+04 4.4577205758e-01 4.2000000000e-01 
1.5846376374e-09 1.1316363577e+04 4.6863348817e-01 4.2000000000e-01 
1.3767437184e-08 1.2917585383e+04 8.9198300218e-01 4.2000000000e-01 
5.0273193842e-10 1.2578618746e+04 7.9014234499e-01 4.2000000000e-01 
6.2269377749e-07 1.2829404624e+04 5.3785359419e-01 4.2000000000e-01 
3.3051211544e-10 1.3392259040e+04 8.8476811454e-01 4.2000000000e-01 
1.0242454699e-07 1.1619814751e+04 4.7732648978e-01 4.2000000000e-01 
9.3303881799e-11 1.1556018366e+04 4.7099765993e-01 4.2000000000e-01 
3.5589506978e-11 1.7398735423e+04 1.3612258761e+00 4.2000000000e-01 
