5.9815211373e-05 1.3954252052e-02 
1.5209059352e-05 3.0869863603e-01 
2.2025614413e-05 1.7894559439e-01 
2.9564997993e-05 5.3429535129e-02 
4.0877755296e-04 1.2755673475e-02 
1.6798318094e-04 1.6598810790e-01 
2.1003359730e-05 2.8547088079e-01 
8.7415471144e-05 2.6029753289e-01 
7.2393317433e-05 2.5855332121e-01 
2.9748482308e-05 2.9080285747e-01 
4.9042201144e-05 2.6430685990e-01 
7.8039194257e-05 2.7758850400e-01 
3.9865149228e-05 2.1780875868e-01 
2.1634866352e-05 1.0000000000e+00 
2.8128897078e-05 3.1238466467e-01 
5.5610946620e-05 2.5725026478e-01 
2.6152666288e-05 3.2551546775e-01 
1.1732814941e-04 2.0024254155e-01 
3.5874610681e-05 2.6821313639e-01 
1.3268370068e-05 1.0000000000e+00 
2.8174904983e-05 2.8765992281e-01 
1.0389778238e-04 2.2062986238e-01 
2.2543534429e-05 1.7603326002e-01 
3.3164533282e-05 9.9439801807e-02 
2.6908801346e-05 2.1050056643e-01 
5.1080996510e-05 2.5453602255e-01 
5.1899956216e-05 2.5900530218e-01 
1.1215353869e-04 1.0000000000e+00 
5.3839554080e-05 1.9887180323e-01 
1.3725617618e-04 1.8952973197e-01 
8.1886914432e-05 2.0652515731e-01 
1.2292514174e-04 2.7465063434e-01 
1.4866162559e-05 1.0000000000e+00 
2.6757310340e-05 1.0000000000e+00 
6.5642561364e-05 1.0000000000e+00 
3.9440228299e-05 1.1423566797e-01 
8.2338127292e-05 2.5464652217e-01 
1.8296694511e-05 3.3429302386e-01 
1.7546101243e-04 1.5336077322e-01 
8.8299048681e-06 1.0000000000e+00 
5.1265067573e-05 2.7320053136e-01 
2.8742501315e-04 8.9561069994e-02 
4.5272428000e-05 2.1389027920e-01 
4.8424892495e-05 2.6473149138e-01 
1.7049386016e-04 1.6388102407e-01 
6.4306246751e-05 6.4504693147e-01 
2.3244496939e-05 3.0708881803e-01 
1.9213456813e-04 8.0670029911e-01 
6.4177261843e-05 2.3170143643e-01 
1.1429891290e-04 9.8199129093e-01 
2.9756493896e-05 1.8636918868e-01 
4.4947393261e-05 2.6523556403e-01 
2.0315334571e-04 1.1608040187e-01 
6.2992673203e-05 3.0069238378e-01 
4.9002974606e-05 2.2592578956e-01 
1.7267870160e-05 2.5893045165e-01 
2.4814583026e-04 1.1846429068e-01 
6.1849839355e-05 2.6250632792e-01 
5.4168204749e-05 2.6072250316e-01 
2.4957931258e-04 1.3452118252e-01 
2.5836746556e-05 2.9110801975e-01 
4.7623752037e-05 8.6886880019e-02 
4.1154412365e-05 1.9324549450e-01 
9.6315005719e-05 2.2638128556e-01 
3.6865148123e-05 5.4381768446e-02 
1.3386204875e-05 1.0000000000e+00 
5.0446404266e-05 1.3487637985e-01 
3.6263792079e-05 2.6870725214e-02 
2.5228325660e-05 3.1027985485e-01 
2.7348440209e-04 1.1182721640e-01 
7.6504416733e-05 2.4125575830e-01 
6.9875432961e-05 2.4434925355e-01 
3.0026539399e-04 1.0000000000e+00 
2.4522899208e-05 1.7835094712e-01 
2.0566641529e-04 1.4512642504e-01 
1.7665357075e-05 2.5346035075e-01 
8.7344298370e-06 4.2118412755e-01 
4.0272367072e-05 3.6754370551e-02 
8.9854842364e-05 2.2679334106e-01 
1.6609580545e-05 2.1367847902e-01 
5.2001607050e-04 0.0000000000e+00 
4.2872339988e-04 0.0000000000e+00 
1.0417097520e-04 2.0717829346e-01 
1.6953897017e-05 1.7478920871e-01 
7.1247304440e-05 7.6104677299e-01 
2.1370458405e-04 9.4037440155e-01 
1.4266319964e-04 2.0495678512e-01 
8.4906799282e-05 2.1099139928e-01 
2.3976777495e-05 2.3362647552e-01 
6.3616737466e-05 4.2770044180e-02 
5.6485225785e-05 2.2063849624e-01 
2.8701542974e-05 2.7334986853e-01 
3.8488133942e-05 2.0831402113e-01 
5.7650834053e-04 0.0000000000e+00 
1.9310602509e-05 3.3330871736e-01 
3.0899675966e-05 1.4719719709e-01 
1.8973564928e-05 3.3253369387e-01 
1.8592494562e-05 2.7673227738e-01 
9.6358113896e-06 3.8418262794e-01 
2.9569511557e-04 9.1891165116e-01 
