1.6946332658e-07 1.6630653126e+04 3.7864343325e-01 3.9000000000e-01 
2.6619973869e-06 1.2720124649e+04 7.3870556317e-01 3.9000000000e-01 
8.1399245254e-08 1.3523830630e+04 5.5730724010e-01 3.9000000000e-01 
8.1003349734e-07 1.5329681942e+04 4.9682908830e-01 3.9000000000e-01 
1.7657942515e-11 1.3669342742e+04 9.2097041625e-01 3.9000000000e-01 
2.4010936129e-08 1.1271638961e+04 7.2339493513e-01 3.9000000000e-01 
1.5684906723e-07 1.1379021510e+04 7.9764510765e-01 3.9000000000e-01 
1.1772870742e-08 1.9577299876e+04 1.3026181398e+00 3.9000000000e-01 
1.8099083386e-10 2.5000000000e+04 1.2771779242e+00 3.9000000000e-01 
7.0832022047e-08 1.1609416803e+04 4.7842655474e-01 3.9000000000e-01 
9.1654600451e-11 1.9914040962e+04 2.3613984245e-01 3.9000000000e-01 
5.8541331474e-10 1.2214078766e+04 1.1523126700e+00 3.9000000000e-01 
7.8675782793e-08 2.5000000000e+04 1.0225854249e+00 3.9000000000e-01 
5.8760037536e-08 1.9381878918e+04 4.5804441419e-01 3.9000000000e-01 
1.4009076791e-09 1.1234594269e+04 2.4469625983e-01 3.9000000000e-01 
3.4696687232e-07 1.1685625669e+04 1.2048215241e+00 3.9000000000e-01 
8.3280888970e-12 1.5646768368e+04 7.9681319194e-01 3.9000000000e-01 
1.0991411394e-05 2.1184138510e+04 9.0895448810e-01 3.9000000000e-01 
8.0705175718e-10 1.2959979378e+04 8.1662065876e-01 3.9000000000e-01 
7.9000711483e-11 1.2746270213e+04 1.2492542055e+00 3.9000000000e-01 
1.0686078037e-08 2.2171997032e+04 9.7088263456e-01 3.9000000000e-01 
1.6333460442e-08 1.2518805001e+04 8.2599361422e-01 3.9000000000e-01 
1.6384049598e-10 2.3314136735e+04 3.5549904484e-01 3.9000000000e-01 
3.0416140027e-10 1.1618376396e+04 4.3920425356e-01 3.9000000000e-01 
5.7389550994e-08 1.2015153318e+04 8.9445812478e-01 3.9000000000e-01 
1.7721341096e-08 1.5067784968e+04 1.0375627498e+00 3.9000000000e-01 
1.8340422934e-09 2.2575608052e+04 6.9362108107e-01 3.9000000000e-01 
3.0889090334e-11 1.3647635425e+04 3.4424065425e-01 3.9000000000e-01 
3.8195189160e-10 1.3865987618e+04 4.1756284467e-01 3.9000000000e-01 
3.2585690242e-07 1.2545576681e+04 9.7529661042e-01 3.9000000000e-01 
2.7357166295e-08 1.2898605619e+04 6.8786363340e-01 3.9000000000e-01 
2.6791193194e-10 1.4872704368e+04 1.0882882392e+00 3.9000000000e-01 
8.2850767681e-08 1.9280760807e+04 9.1068745163e-01 3.9000000000e-01 
1.4394055973e-06 1.3514797745e+04 8.3605409502e-01 3.9000000000e-01 
8.1217909317e-10 1.4425619601e+04 9.5297517954e-01 3.9000000000e-01 
2.2245067841e-08 1.3149347346e+04 9.0629724608e-01 3.9000000000e-01 
1.2158440202e-11 1.5221177780e+04 8.1170626355e-01 3.9000000000e-01 
3.6203716366e-08 1.7914648038e+04 1.1727851510e+00 3.9000000000e-01 
3.5606314362e-08 1.3677258894e+04 4.1018525686e-01 3.9000000000e-01 
2.8120731135e-08 1.4225498303e+04 1.4129221726e+00 3.9000000000e-01 
3.9512806910e-08 1.3623089017e+04 8.9627839492e-01 3.9000000000e-01 
1.5394401983e-07 1.1974551942e+04 5.6164413616e-01 3.9000000000e-01 
6.7486795833e-11 1.2469123039e+04 7.3477113885e-01 3.9000000000e-01 
6.0666842773e-08 1.1929312608e+04 9.8941636233e-01 3.9000000000e-01 
2.2915761057e-07 1.4821330123e+04 6.4233430308e-01 3.9000000000e-01 
3.9331916336e-08 1.1393995345e+04 4.0068378087e-01 3.9000000000e-01 
1.8639444845e-05 1.1204918126e+04 5.4482626955e-01 3.9000000000e-01 
3.4349894758e-10 1.2469041950e+04 2.8914976531e-01 3.9000000000e-01 
7.0292348603e-10 1.7607612660e+04 1.1160875849e+00 3.9000000000e-01 
5.5475854465e-10 1.9667906471e+04 7.5758265092e-01 3.9000000000e-01 
2.8886293818e-10 2.0122226283e+04 5.0745092578e-01 3.9000000000e-01 
2.0606196874e-09 1.1312891994e+04 5.9000574336e-01 3.9000000000e-01 
2.0170771773e-08 1.8076122135e+04 1.3509058408e+00 3.9000000000e-01 
4.5791923196e-10 1.1839767919e+04 6.9691059513e-01 3.9000000000e-01 
5.3354443913e-09 2.5000000000e+04 8.0624257635e-01 3.9000000000e-01 
1.5741657257e-09 2.2465224946e+04 1.3107188972e+00 3.9000000000e-01 
2.0241592455e-09 1.1333083241e+04 7.8147968624e-01 3.9000000000e-01 
1.8170337588e-10 1.2375015076e+04 2.6876997402e-01 3.9000000000e-01 
8.2296468157e-09 1.3846807010e+04 6.7291201940e-01 3.9000000000e-01 
1.1818008546e-08 1.1570766343e+04 1.0421532864e+00 3.9000000000e-01 
1.6010309726e-08 1.5879774479e+04 3.2462708852e-01 3.9000000000e-01 
1.0073192828e-08 1.5296818547e+04 1.6961735306e-01 3.9000000000e-01 
1.4642485205e-06 1.3042845727e+04 6.8520020887e-01 3.9000000000e-01 
2.2168975747e-06 1.4114887329e+04 9.1063197113e-01 3.9000000000e-01 
3.0128980255e-07 1.2539926346e+04 6.0501762341e-01 3.9000000000e-01 
3.5922084572e-10 1.8152732393e+04 1.3076825466e+00 3.9000000000e-01 
1.0130780647e-05 1.8811976496e+04 7.9669665689e-01 3.9000000000e-01 
4.0071689585e-07 2.2322948278e+04 6.8093920280e-01 3.9000000000e-01 
2.5794567497e-09 2.0487233893e+04 7.6610340198e-01 3.9000000000e-01 
5.6568150084e-09 1.8306694367e+04 1.7169830663e-01 3.9000000000e-01 
5.5819327112e-09 1.2591956390e+04 7.4505633931e-01 3.9000000000e-01 
1.9747098442e-08 1.8368561900e+04 1.1794420765e+00 3.9000000000e-01 
1.0886594012e-09 1.8764211375e+04 1.0919282291e+00 3.9000000000e-01 
2.1088303935e-08 1.4630924539e+04 1.0112139790e+00 3.9000000000e-01 
1.7271425932e-09 1.2654888438e+04 9.2894594757e-01 3.9000000000e-01 
1.1067393038e-09 1.2070666784e+04 6.5832486693e-01 3.9000000000e-01 
2.5587854879e-06 1.3638576923e+04 1.1444940581e+00 3.9000000000e-01 
6.1128069776e-11 1.1567576763e+04 3.5340992789e-01 3.9000000000e-01 
2.4175094277e-10 1.5242386241e+04 5.7337067509e-01 3.9000000000e-01 
2.1227496982e-08 1.1454481477e+04 7.4022131204e-02 3.9000000000e-01 
5.8913734934e-10 1.8596938393e+04 8.6430023660e-01 3.9000000000e-01 
1.5445187497e-10 1.1356911136e+04 3.9256264145e-01 3.9000000000e-01 
1.1696206734e-08 1.6981798335e+04 9.5892410603e-01 3.9000000000e-01 
2.6461113403e-07 1.4717231824e+04 3.8493285371e-01 3.9000000000e-01 
3.8314526597e-09 1.3499636768e+04 1.1883890758e+00 3.9000000000e-01 
5.2100729176e-11 1.1697423595e+04 1.0781799676e+00 3.9000000000e-01 
4.7431765211e-08 1.5840078300e+04 6.4412989183e-01 3.9000000000e-01 
1.9677293362e-09 1.3619798931e+04 1.1946988348e+00 3.9000000000e-01 
2.2769401909e-07 1.8228473955e+04 1.2636880327e+00 3.9000000000e-01 
1.1402455274e-06 1.1312636342e+04 7.0345530210e-01 3.9000000000e-01 
1.5925013173e-05 1.3236914604e+04 3.2091094621e-01 3.9000000000e-01 
5.7449990594e-09 1.2895233316e+04 6.2352846669e-01 3.9000000000e-01 
3.1111604715e-10 1.2794998645e+04 3.9702873734e-01 3.9000000000e-01 
2.1373400388e-08 1.4568345244e+04 1.3821557687e+00 3.9000000000e-01 
7.9459791567e-11 1.7697998617e+04 8.9839456260e-01 3.9000000000e-01 
1.3730756557e-09 1.2697880611e+04 3.5868025026e-01 3.9000000000e-01 
8.2560970563e-11 1.8935032072e+04 1.4401079274e+00 3.9000000000e-01 
6.7832115164e-11 1.2436320740e+04 2.2259480600e-01 3.9000000000e-01 
2.0316683157e-09 2.0008967373e+04 7.8989051420e-01 3.9000000000e-01 
6.5208016060e-11 1.1642252632e+04 4.7352455223e-01 3.9000000000e-01 
3.2331249355e-09 1.1271243445e+04 9.4762069908e-01 3.9000000000e-01 
3.3815378718e-08 1.2644932469e+04 7.3374581949e-01 3.9000000000e-01 
3.3617105995e-11 1.2657138311e+04 8.0414217034e-01 3.9000000000e-01 
1.4720236377e-09 1.4336962272e+04 4.8322758639e-01 3.9000000000e-01 
8.2901483603e-09 1.1607377106e+04 6.1622825742e-01 3.9000000000e-01 
1.3144490118e-09 2.5000000000e+04 1.0310476777e+00 3.9000000000e-01 
5.3684706560e-09 1.6271805004e+04 8.9651002042e-01 3.9000000000e-01 
1.3345184646e-09 1.4983599468e+04 5.3457418578e-01 3.9000000000e-01 
4.0059771459e-11 1.3213667976e+04 3.1465025352e-01 3.9000000000e-01 
6.9085435576e-10 1.1704733258e+04 2.7476497908e-01 3.9000000000e-01 
3.0792245902e-09 1.5370939526e+04 4.3065179665e-01 3.9000000000e-01 
1.6443971158e-08 1.5533796930e+04 7.7523866476e-01 3.9000000000e-01 
1.5762413166e-08 1.3660583989e+04 4.5120364357e-01 3.9000000000e-01 
4.8344279115e-09 1.2704373292e+04 2.7369726801e-01 3.9000000000e-01 
1.1567066114e-07 1.1655171921e+04 8.2858441291e-01 3.9000000000e-01 
1.2612292007e-05 1.2893168439e+04 5.8094801587e-01 3.9000000000e-01 
8.0333842548e-07 1.1545916742e+04 1.1156987539e+00 3.9000000000e-01 
4.9376444777e-06 1.5365914493e+04 5.2844686732e-01 3.9000000000e-01 
1.8364284354e-05 1.5539828950e+04 4.8476561196e-01 3.9000000000e-01 
6.4190120645e-08 1.3971918547e+04 8.9183206320e-01 3.9000000000e-01 
1.6785379274e-08 1.3171565178e+04 6.0880786116e-01 3.9000000000e-01 
5.7893625144e-11 1.1409582554e+04 1.2838126000e+00 3.9000000000e-01 
3.0115073462e-09 2.5000000000e+04 7.7953136693e-01 3.9000000000e-01 
1.7486486934e-08 1.2285170553e+04 5.4067077343e-01 3.9000000000e-01 
2.2938955488e-07 1.2036741279e+04 4.4539939231e-01 3.9000000000e-01 
5.5405686774e-08 1.3482975109e+04 3.8627920042e-01 3.9000000000e-01 
1.6698499820e-08 1.2436798421e+04 1.2128858543e+00 3.9000000000e-01 
1.2648353510e-06 2.5000000000e+04 4.4335013466e-01 3.9000000000e-01 
2.7709466881e-07 2.0262853310e+04 8.8145963971e-01 3.9000000000e-01 
2.6395019003e-09 1.1366579853e+04 8.7713705276e-01 3.9000000000e-01 
2.2355283793e-10 1.2677880405e+04 9.8081215809e-01 3.9000000000e-01 
5.0048051452e-09 1.1682350709e+04 1.8429161710e-01 3.9000000000e-01 
1.9291661034e-07 1.8519391539e+04 7.4154010694e-01 3.9000000000e-01 
1.7210468782e-10 1.2791181978e+04 7.8591669937e-01 3.9000000000e-01 
5.2789586725e-07 1.1625661021e+04 7.9824626935e-01 3.9000000000e-01 
6.3528561800e-11 1.1991573806e+04 2.2535378246e-01 3.9000000000e-01 
1.2354322070e-11 1.2869331272e+04 5.5532803895e-01 3.9000000000e-01 
1.0632412268e-09 1.1530361434e+04 5.1869274136e-01 3.9000000000e-01 
2.8683134732e-07 1.2955280325e+04 5.1126751173e-01 3.9000000000e-01 
5.2281305534e-08 1.2799227059e+04 1.0885992979e+00 3.9000000000e-01 
2.1037014139e-07 1.2755461305e+04 1.3635453264e+00 3.9000000000e-01 
2.5202465760e-07 1.3221630798e+04 1.0163618861e+00 3.9000000000e-01 
5.9795544182e-10 2.0960507292e+04 1.0358517640e+00 3.9000000000e-01 
3.8831810140e-10 1.4668107297e+04 1.3950714464e+00 3.9000000000e-01 
4.9807460186e-10 1.5694054007e+04 1.4209642847e+00 3.9000000000e-01 
1.6596754183e-10 1.2142315743e+04 1.3629738216e+00 3.9000000000e-01 
1.5817608249e-06 1.2641853005e+04 5.0738110685e-01 3.9000000000e-01 
1.9765628236e-07 1.2278209021e+04 9.9439981439e-01 3.9000000000e-01 
2.2806005901e-05 1.9131304077e+04 9.2615999116e-01 3.9000000000e-01 
3.3855487273e-08 1.2791743140e+04 9.1427630774e-01 3.9000000000e-01 
7.9278379900e-07 1.4645602520e+04 8.5763240042e-01 3.9000000000e-01 
5.1489850207e-11 1.7090651608e+04 8.5245123263e-01 3.9000000000e-01 
2.2237951010e-08 1.3311089999e+04 1.3326084852e+00 3.9000000000e-01 
1.9939659772e-07 1.3485312567e+04 1.0567325984e+00 3.9000000000e-01 
8.9830314920e-08 1.2526260981e+04 1.0059462746e+00 3.9000000000e-01 
9.5673747013e-11 1.1682583823e+04 8.1141907987e-01 3.9000000000e-01 
5.0336970150e-10 1.2247203417e+04 1.0520878595e+00 3.9000000000e-01 
4.6152386442e-10 1.2476246564e+04 1.0258517849e+00 3.9000000000e-01 
3.0776545382e-09 1.3003656030e+04 1.1306714308e+00 3.9000000000e-01 
8.9041522137e-08 1.1420569819e+04 9.5685418245e-01 3.9000000000e-01 
1.5558238869e-10 1.3572066581e+04 4.7883400136e-01 3.9000000000e-01 
4.9453817299e-08 1.1634396691e+04 4.2216968811e-01 3.9000000000e-01 
1.5767391951e-11 1.7778433075e+04 5.0267660744e-01 3.9000000000e-01 
9.4768949736e-07 1.5717446260e+04 1.1883611742e+00 3.9000000000e-01 
5.8377859338e-09 2.5000000000e+04 1.0373636551e+00 3.9000000000e-01 
1.1725594758e-05 1.2740203515e+04 9.8347518718e-01 3.9000000000e-01 
9.5908031365e-08 1.7702586409e+04 7.3487304688e-01 3.9000000000e-01 
1.7678560177e-09 1.2307833711e+04 4.7868060747e-01 3.9000000000e-01 
7.3285269453e-10 1.6663484979e+04 5.5896144784e-01 3.9000000000e-01 
1.0428022118e-09 1.4005749982e+04 1.1696169780e+00 3.9000000000e-01 
1.9222494571e-09 1.4113713627e+04 1.3204356375e+00 3.9000000000e-01 
2.0186347430e-08 1.2646368709e+04 3.3525687631e-01 3.9000000000e-01 
4.8908817891e-09 1.5612387585e+04 8.1667689253e-01 3.9000000000e-01 
4.0926617815e-08 1.5772226604e+04 1.0238762302e+00 3.9000000000e-01 
5.7846596706e-09 1.3403533607e+04 1.0539907100e+00 3.9000000000e-01 
7.0736319117e-10 2.3528189996e+04 1.3489942708e+00 3.9000000000e-01 
7.3384484778e-09 1.9632615635e+04 9.9657921676e-02 3.9000000000e-01 
3.1716885006e-10 1.5303730156e+04 2.8131021681e-01 3.9000000000e-01 
2.2850710411e-11 1.1974028045e+04 4.2634415243e-01 3.9000000000e-01 
1.0461658277e-09 1.1660502549e+04 1.2070203185e+00 3.9000000000e-01 
1.5356728095e-11 1.1420846761e+04 4.2697453200e-01 3.9000000000e-01 
8.9132642909e-08 1.1587595791e+04 1.1206367341e+00 3.9000000000e-01 
4.4017536924e-10 1.2257282090e+04 1.0421966134e+00 3.9000000000e-01 
6.7387642377e-10 1.6107738698e+04 8.0743879095e-01 3.9000000000e-01 
9.6651172015e-07 1.1419789614e+04 9.3437015705e-01 3.9000000000e-01 
2.4476802890e-11 1.6502266579e+04 5.5950982882e-01 3.9000000000e-01 
2.7352033271e-10 1.1552892568e+04 2.9928234923e-01 3.9000000000e-01 
2.2894555492e-09 1.1655380404e+04 9.1575528977e-01 3.9000000000e-01 
4.4845945789e-08 1.4357640068e+04 4.7902806393e-01 3.9000000000e-01 
3.6168660582e-07 1.1817047839e+04 9.1280182629e-01 3.9000000000e-01 
2.0087363803e-10 1.3037386969e+04 9.8671345122e-01 3.9000000000e-01 
1.1350528372e-06 1.2996129220e+04 6.8115546439e-01 3.9000000000e-01 
4.0003327387e-09 1.1295175169e+04 4.5302480420e-01 3.9000000000e-01 
7.8042954318e-10 1.4435088026e+04 1.0034314766e+00 3.9000000000e-01 
6.9207548097e-07 1.5510921168e+04 8.9236369990e-01 3.9000000000e-01 
9.2461000081e-09 1.2963040341e+04 9.5061298452e-01 3.9000000000e-01 
7.2695736842e-10 1.1258592639e+04 1.0931577488e+00 3.9000000000e-01 
2.0281355659e-08 1.7073480676e+04 1.2992538368e+00 3.9000000000e-01 
1.5999285342e-08 1.1923974754e+04 1.2322960160e+00 3.9000000000e-01 
3.9471229796e-10 1.1420781637e+04 1.1656255868e+00 3.9000000000e-01 
4.7221393033e-10 1.3648238081e+04 7.1479850032e-01 3.9000000000e-01 
2.9468309772e-11 1.2693589283e+04 5.2256869013e-02 3.9000000000e-01 
5.7693282701e-09 1.5108063870e+04 1.0866384309e+00 3.9000000000e-01 
2.5383550454e-09 1.4330960333e+04 6.3884265465e-01 3.9000000000e-01 
2.1374643918e-09 2.1101986681e+04 5.0252674496e-01 3.9000000000e-01 
8.6270599110e-09 1.8601431945e+04 1.2938438386e+00 3.9000000000e-01 
4.4760817538e-08 1.1451677856e+04 6.6320918999e-02 3.9000000000e-01 
2.3674134273e-09 1.3003535912e+04 7.5356581015e-01 3.9000000000e-01 
1.2319810546e-08 1.6749152419e+04 9.9753523549e-01 3.9000000000e-01 
1.3623732956e-08 1.7170977688e+04 1.0521655816e+00 3.9000000000e-01 
4.2003158966e-10 1.3752170144e+04 1.1397378654e+00 3.9000000000e-01 
6.5990993756e-09 1.1789996001e+04 5.1084926671e-01 3.9000000000e-01 
1.6640566576e-10 1.7508224315e+04 1.0884758846e+00 3.9000000000e-01 
1.3335252891e-09 1.3474966095e+04 6.1507632915e-01 3.9000000000e-01 
5.2247529097e-11 1.8563381029e+04 4.8519239628e-01 3.9000000000e-01 
6.4671333906e-09 2.5000000000e+04 3.9399389446e-01 3.9000000000e-01 
2.3918099953e-10 1.4587121333e+04 7.7175779703e-01 3.9000000000e-01 
1.2269795081e-11 1.3898028125e+04 1.1700987584e+00 3.9000000000e-01 
9.4834830533e-10 1.1606186873e+04 1.4766020689e+00 3.9000000000e-01 
6.1681202024e-09 1.1530135015e+04 1.3593626189e+00 3.9000000000e-01 
1.6188193225e-08 1.2030246282e+04 3.2191264917e-01 3.9000000000e-01 
7.5262720132e-10 1.4766223394e+04 1.2083554035e+00 3.9000000000e-01 
1.3416759865e-07 1.9089011602e+04 1.0670804037e+00 3.9000000000e-01 
5.9367525369e-11 1.1216456134e+04 6.8834059583e-02 3.9000000000e-01 
7.1173232008e-10 1.1237212630e+04 6.5257492369e-01 3.9000000000e-01 
4.5167226065e-07 1.5574424445e+04 1.1764153074e+00 3.9000000000e-01 
3.9567864021e-09 1.2166274428e+04 1.2239637006e+00 3.9000000000e-01 
1.8077049333e-10 1.8218856138e+04 8.4137387999e-01 3.9000000000e-01 
1.7344994702e-07 1.1466372855e+04 8.8381720162e-01 3.9000000000e-01 
4.4328165071e-10 1.5126176768e+04 3.9088504192e-01 3.9000000000e-01 
8.1299463023e-10 1.6479475441e+04 9.3491127601e-01 3.9000000000e-01 
1.8738575353e-09 1.1410091602e+04 1.0407468293e+00 3.9000000000e-01 
1.2160310023e-10 1.1340585036e+04 5.9074016565e-01 3.9000000000e-01 
1.3787999609e-09 1.1962211702e+04 9.5112267563e-01 3.9000000000e-01 
1.1741554514e-07 1.3438019484e+04 1.3897227856e+00 3.9000000000e-01 
6.8688445593e-07 1.1854343038e+04 4.9154923708e-01 3.9000000000e-01 
8.8042585529e-11 1.1820133613e+04 3.7236034466e-01 3.9000000000e-01 
1.1114761768e-10 1.2852504329e+04 1.0880514144e+00 3.9000000000e-01 
1.5498554420e-08 2.5000000000e+04 5.0861318610e-01 3.9000000000e-01 
4.8669992712e-07 1.5042550231e+04 9.0802963691e-01 3.9000000000e-01 
1.0606060028e-10 2.1300795818e+04 1.2655741560e-01 3.9000000000e-01 
1.6046135732e-10 1.1517258819e+04 8.4425467257e-01 3.9000000000e-01 
2.1343415437e-09 2.0165716375e+04 9.2850172085e-01 3.9000000000e-01 
2.6251912547e-10 1.1424157257e+04 3.4425668244e-01 3.9000000000e-01 
1.3950929799e-07 1.9251993210e+04 5.0519865696e-01 3.9000000000e-01 
2.3667991621e-09 1.1634375989e+04 1.0874773127e+00 3.9000000000e-01 
2.7142410069e-09 1.2761536357e+04 1.2868833255e+00 3.9000000000e-01 
4.4980373718e-10 1.5518269215e+04 7.2844744739e-01 3.9000000000e-01 
6.6547197988e-08 1.9252621920e+04 8.7103510894e-01 3.9000000000e-01 
1.4003564846e-08 1.7858735350e+04 9.2411057553e-01 3.9000000000e-01 
1.8251414326e-09 1.1419053682e+04 6.5977956306e-01 3.9000000000e-01 
6.3511793145e-07 1.4092976047e+04 9.6122884910e-01 3.9000000000e-01 
2.0323479118e-10 1.3914708496e+04 2.9549083748e-01 3.9000000000e-01 
4.2026548772e-08 1.1776212045e+04 4.3326648326e-01 3.9000000000e-01 
1.8762048150e-09 1.2143240958e+04 1.0181053502e+00 3.9000000000e-01 
6.2853556140e-07 1.4014588682e+04 5.6726771451e-01 3.9000000000e-01 
9.4146459511e-10 1.6198367944e+04 6.5767005206e-01 3.9000000000e-01 
1.3970702972e-08 1.3949036245e+04 6.1384902377e-01 3.9000000000e-01 
4.3575726359e-10 1.7889769401e+04 6.2791373846e-01 3.9000000000e-01 
7.0943908232e-11 1.1899402049e+04 1.3603905703e+00 3.9000000000e-01 
9.0052920843e-06 1.2930528485e+04 7.7067049625e-01 3.9000000000e-01 
1.0566335961e-09 1.4601413358e+04 8.1227288309e-01 3.9000000000e-01 
5.7559305253e-08 1.6822664493e+04 5.6029620711e-01 3.9000000000e-01 
3.3497386601e-08 1.3250715445e+04 1.1345459648e+00 3.9000000000e-01 
9.6224705088e-06 1.2534042084e+04 1.1059815339e+00 3.9000000000e-01 
3.1311046012e-10 1.2231536263e+04 9.7174254142e-01 3.9000000000e-01 
3.2314439556e-10 1.9354358573e+04 7.0151003641e-01 3.9000000000e-01 
3.7850283446e-09 1.2364431589e+04 8.2999627363e-01 3.9000000000e-01 
1.4169341779e-08 1.5244135969e+04 1.3287302516e+00 3.9000000000e-01 
2.4500096208e-07 1.7537758141e+04 5.0522234304e-01 3.9000000000e-01 
2.7815354089e-11 1.3658423996e+04 1.1452974719e+00 3.9000000000e-01 
3.6910070115e-09 1.1317304666e+04 4.6229259515e-01 3.9000000000e-01 
2.1204533408e-10 1.5767686205e+04 1.0169114622e+00 3.9000000000e-01 
9.3198862997e-10 1.1207355505e+04 8.0920440691e-01 3.9000000000e-01 
6.3037180108e-10 1.2125043917e+04 9.7854903935e-01 3.9000000000e-01 
1.4309868679e-05 1.6940478779e+04 5.7305463264e-01 3.9000000000e-01 
1.3161323051e-09 1.2860992355e+04 4.8665394418e-01 3.9000000000e-01 
4.5927303055e-09 1.4850294853e+04 5.0986395074e-01 3.9000000000e-01 
1.7066518200e-10 1.6386918457e+04 4.3962922418e-01 3.9000000000e-01 
1.7522120991e-10 1.5670068330e+04 2.7971656472e-01 3.9000000000e-01 
3.1354468956e-08 1.1832389053e+04 6.8815717077e-01 3.9000000000e-01 
1.1106565607e-08 1.2292594875e+04 8.7879879590e-01 3.9000000000e-01 
2.2840955827e-10 1.7484942386e+04 7.3563438257e-01 3.9000000000e-01 
4.1833551385e-07 1.3559826844e+04 1.4554426047e+00 3.9000000000e-01 
2.6370747911e-07 1.3854014375e+04 1.9926389262e-01 3.9000000000e-01 
2.0964792517e-07 1.6643173974e+04 4.1896104915e-01 3.9000000000e-01 
3.3148871949e-10 1.1218862395e+04 1.1512564964e+00 3.9000000000e-01 
1.0096390983e-08 1.1876007613e+04 1.3923804452e+00 3.9000000000e-01 
1.0506776544e-10 1.3213042284e+04 1.2539026207e+00 3.9000000000e-01 
5.2535009594e-09 1.1963344791e+04 4.0714218441e-01 3.9000000000e-01 
4.5525390770e-06 1.1437636584e+04 1.8482283202e-01 3.9000000000e-01 
1.2760209304e-10 1.7543437944e+04 5.7517644762e-01 3.9000000000e-01 
3.4131497528e-09 1.1518431403e+04 7.5820502308e-01 3.9000000000e-01 
3.2963764714e-06 1.2486414647e+04 3.0100317329e-01 3.9000000000e-01 
1.7901508922e-09 1.3521280830e+04 9.1000843489e-01 3.9000000000e-01 
1.2011992352e-08 1.7567531324e+04 1.4759721522e+00 3.9000000000e-01 
1.1176204054e-08 1.2412287597e+04 1.1759577730e+00 3.9000000000e-01 
2.3108575247e-10 1.1407605334e+04 9.6569521543e-01 3.9000000000e-01 
4.5491423110e-09 1.1557441543e+04 1.3013137887e+00 3.9000000000e-01 
1.0048353132e-10 1.3201805518e+04 1.4483459930e+00 3.9000000000e-01 
4.8769888627e-09 1.4132957176e+04 9.0165921879e-01 3.9000000000e-01 
1.1747940148e-10 1.3137632994e+04 1.1679475108e+00 3.9000000000e-01 
1.2354013868e-09 1.2805323267e+04 1.2208603698e+00 3.9000000000e-01 
1.7054418166e-09 1.2354886652e+04 6.2180954590e-01 3.9000000000e-01 
7.1752530650e-11 1.4275209203e+04 3.8763070612e-01 3.9000000000e-01 
6.9507421709e-12 1.1768082881e+04 5.3690048729e-01 3.9000000000e-01 
1.0199151851e-06 1.1556565740e+04 9.5737301415e-01 3.9000000000e-01 
4.7486325661e-07 1.2547769466e+04 1.1234348484e+00 3.9000000000e-01 
3.9233700215e-07 1.1749592079e+04 7.8770511671e-01 3.9000000000e-01 
9.8642408682e-07 1.1365488893e+04 9.9219514316e-01 3.9000000000e-01 
1.2996723353e-09 1.1835388185e+04 6.2598747180e-01 3.9000000000e-01 
3.2490004423e-08 1.3678771449e+04 4.6927948209e-01 3.9000000000e-01 
2.9900248677e-09 1.4833269761e+04 2.5997999231e-01 3.9000000000e-01 
1.0479658579e-07 1.2077135062e+04 9.8986404990e-01 3.9000000000e-01 
1.2933600764e-07 1.7525469676e+04 6.3308030192e-01 3.9000000000e-01 
8.0975253709e-11 1.3393334272e+04 5.0793711691e-01 3.9000000000e-01 
6.2867694533e-09 1.1369022495e+04 4.8736153272e-01 3.9000000000e-01 
8.2237339507e-06 1.2706716807e+04 5.9368945294e-01 3.9000000000e-01 
3.0926068303e-07 1.1435542528e+04 7.0045006733e-01 3.9000000000e-01 
6.1346806110e-09 1.1979672325e+04 3.6473080022e-01 3.9000000000e-01 
6.1608227528e-09 1.4185362538e+04 1.0782620863e+00 3.9000000000e-01 
1.0475981882e-07 1.3545604399e+04 6.6008820901e-01 3.9000000000e-01 
6.0599067161e-10 1.3648045489e+04 1.2097010682e+00 3.9000000000e-01 
7.2089008168e-06 1.7093723521e+04 1.0081502419e+00 3.9000000000e-01 
9.0484895337e-06 1.2611203483e+04 8.3259491768e-01 3.9000000000e-01 
1.4563158839e-11 1.2111076832e+04 1.1007618160e+00 3.9000000000e-01 
1.6811021520e-08 2.5000000000e+04 1.2856095955e+00 3.9000000000e-01 
4.5712106208e-09 1.1764454853e+04 9.4215728989e-01 3.9000000000e-01 
1.2274930777e-08 1.4182349472e+04 9.3066679031e-01 3.9000000000e-01 
1.4168658235e-08 1.1939048433e+04 3.5277664914e-01 3.9000000000e-01 
4.0704662329e-06 1.1388547084e+04 1.0519075638e+00 3.9000000000e-01 
5.0432014060e-11 1.3870452139e+04 6.9338925627e-01 3.9000000000e-01 
2.0385140117e-08 1.4205229590e+04 4.0181860762e-01 3.9000000000e-01 
8.2949195707e-08 2.5000000000e+04 1.1094933033e+00 3.9000000000e-01 
3.9439300791e-07 2.0374728758e+04 1.2800854515e+00 3.9000000000e-01 
3.8299460763e-08 1.1962750500e+04 5.5920177798e-01 3.9000000000e-01 
2.3025866814e-07 1.5926696719e+04 7.6564365505e-01 3.9000000000e-01 
5.5151713692e-07 1.2581969744e+04 1.0370461959e+00 3.9000000000e-01 
1.4707447514e-08 1.4319247077e+04 1.0322416402e+00 3.9000000000e-01 
1.2669572185e-09 1.5633416095e+04 8.7975599106e-01 3.9000000000e-01 
2.1189018440e-07 2.2701851169e+04 2.4701993928e-01 3.9000000000e-01 
6.3971620406e-07 1.2012599663e+04 7.6702405026e-01 3.9000000000e-01 
3.7787560706e-08 1.1560728663e+04 8.6857075306e-01 3.9000000000e-01 
1.1262808074e-08 1.5718751570e+04 5.1134379316e-01 3.9000000000e-01 
2.0365320808e-10 1.1524326163e+04 8.5104643983e-01 3.9000000000e-01 
6.0228074859e-10 1.2288093729e+04 3.9262790541e-01 3.9000000000e-01 
2.8274207997e-11 1.4892644379e+04 1.1010885488e+00 3.9000000000e-01 
6.0586345113e-09 1.1337989872e+04 1.0262840404e+00 3.9000000000e-01 
5.7892960663e-08 1.3240165309e+04 4.5085045823e-01 3.9000000000e-01 
3.9301135370e-09 1.6151896568e+04 4.6741146135e-01 3.9000000000e-01 
1.0728612299e-08 1.9434356890e+04 1.1889640864e+00 3.9000000000e-01 
6.4698613244e-09 2.0223109437e+04 5.0991535090e-01 3.9000000000e-01 
1.8062191717e-10 1.1393856235e+04 1.2191163779e+00 3.9000000000e-01 
4.5813354849e-09 1.1351946118e+04 1.1496487470e+00 3.9000000000e-01 
1.1025202434e-08 1.6215778567e+04 5.9063572270e-01 3.9000000000e-01 
1.1787471510e-10 1.5652874676e+04 7.1144469826e-01 3.9000000000e-01 
2.9199243885e-09 1.3296006475e+04 4.1990658367e-01 3.9000000000e-01 
4.3236242052e-06 1.1975021099e+04 1.2562414008e+00 3.9000000000e-01 
7.3157711832e-10 1.2069220687e+04 4.9566514719e-01 3.9000000000e-01 
8.7541710041e-06 1.8380881896e+04 4.0854822866e-01 3.9000000000e-01 
3.1023881312e-10 1.1803617484e+04 4.5202002506e-01 3.9000000000e-01 
8.8504515956e-08 1.6069070354e+04 1.0274276655e+00 3.9000000000e-01 
1.2727013130e-08 1.4071543150e+04 8.4228290670e-01 3.9000000000e-01 
3.3701932886e-09 1.3330829012e+04 3.8021371927e-01 3.9000000000e-01 
1.8008634828e-08 2.5000000000e+04 2.4607065054e-01 3.9000000000e-01 
5.7446767906e-09 1.1531593365e+04 4.3668691336e-01 3.9000000000e-01 
6.6358757201e-11 1.2436737460e+04 1.0149106970e+00 3.9000000000e-01 
9.0300036017e-11 1.1381245641e+04 7.2094047627e-01 3.9000000000e-01 
5.8212156615e-09 1.2349752434e+04 7.8441375022e-01 3.9000000000e-01 
4.3784096896e-09 1.2304499900e+04 1.0461864076e+00 3.9000000000e-01 
5.8953669071e-06 1.2908176873e+04 5.9377999120e-01 3.9000000000e-01 
1.2938192496e-08 1.4613371900e+04 3.6654219811e-01 3.9000000000e-01 
5.4801044764e-07 1.2024422500e+04 1.0424215985e+00 3.9000000000e-01 
3.6166625922e-08 1.2878107148e+04 2.4308947046e-01 3.9000000000e-01 
2.0544795119e-06 1.4020284143e+04 4.2882406934e-01 3.9000000000e-01 
5.0718615767e-07 1.5600094139e+04 1.0657489942e+00 3.9000000000e-01 
3.3183346174e-09 1.5652299463e+04 6.4154940963e-01 3.9000000000e-01 
1.3798571520e-11 1.2300424541e+04 4.3728673925e-01 3.9000000000e-01 
2.4589073356e-08 1.5738225802e+04 1.4417637597e+00 3.9000000000e-01 
6.8421338708e-09 1.2147601877e+04 4.8919144361e-01 3.9000000000e-01 
1.6999197428e-07 1.9461700433e+04 5.0631084469e-01 3.9000000000e-01 
3.1105075580e-11 1.2151761494e+04 4.4265128189e-01 3.9000000000e-01 
2.8649213505e-08 1.1686189596e+04 8.2226244674e-01 3.9000000000e-01 
2.9767608438e-10 1.2112670127e+04 1.3569447024e+00 3.9000000000e-01 
3.4454177564e-10 1.1239379671e+04 1.3144412168e+00 3.9000000000e-01 
7.6791473672e-07 1.1879945689e+04 2.5999334674e-02 3.9000000000e-01 
2.4836248268e-07 1.9899124419e+04 1.0010923442e+00 3.9000000000e-01 
5.7611154770e-09 1.1230234807e+04 9.2243116055e-01 3.9000000000e-01 
1.5678709785e-07 1.3396145933e+04 1.3162193052e+00 3.9000000000e-01 
2.0418894914e-09 1.1464641217e+04 1.3245967249e+00 3.9000000000e-01 
6.0954259158e-11 1.2680608532e+04 9.1867925795e-01 3.9000000000e-01 
8.1167252478e-11 1.1207974708e+04 4.1867828148e-01 3.9000000000e-01 
2.7565060867e-09 2.0029417192e+04 1.0410876954e+00 3.9000000000e-01 
1.4704841767e-06 1.1417576979e+04 3.5366445500e-01 3.9000000000e-01 
7.3179249805e-07 1.8197145494e+04 5.9392531725e-01 3.9000000000e-01 
8.4281161974e-07 1.2898640364e+04 8.3154326807e-02 3.9000000000e-01 
4.1638880038e-08 1.4740623778e+04 7.1319737194e-01 3.9000000000e-01 
1.2109616081e-08 1.3205517782e+04 2.3779796844e-01 3.9000000000e-01 
2.6430838317e-09 1.5098115161e+04 1.2185357284e+00 3.9000000000e-01 
5.8737665667e-09 1.3534581310e+04 8.2684729215e-01 3.9000000000e-01 
1.5485912578e-05 1.5194350009e+04 8.9018979363e-01 3.9000000000e-01 
2.0759989941e-08 1.3549759745e+04 5.0333968476e-01 3.9000000000e-01 
2.6647466099e-07 1.6869640872e+04 1.1923831205e+00 3.9000000000e-01 
2.7908403661e-08 1.5400253018e+04 1.1315181552e+00 3.9000000000e-01 
1.6722621867e-09 1.4055545296e+04 4.3254366820e-01 3.9000000000e-01 
4.6782010151e-10 1.1242252772e+04 1.0938096441e+00 3.9000000000e-01 
1.6087317115e-09 1.4744425145e+04 4.7709086179e-01 3.9000000000e-01 
6.5210204949e-06 1.3325907368e+04 7.4850987697e-01 3.9000000000e-01 
3.2549090558e-07 1.8125501974e+04 3.5832927892e-01 3.9000000000e-01 
4.1052575710e-10 1.7458274460e+04 1.1791132843e+00 3.9000000000e-01 
3.9853100805e-10 1.3313592908e+04 6.2461121319e-01 3.9000000000e-01 
3.9073761297e-09 1.1334955554e+04 4.1222687507e-01 3.9000000000e-01 
9.5524126984e-10 1.1228114690e+04 9.2430714695e-01 3.9000000000e-01 
4.1637276972e-09 1.2603455372e+04 6.6941554122e-01 3.9000000000e-01 
3.5485783518e-08 1.1608275746e+04 7.1429456072e-01 3.9000000000e-01 
3.7322326246e-09 1.1229131692e+04 8.5314129143e-01 3.9000000000e-01 
2.7876358732e-10 1.6215493015e+04 4.9294733797e-01 3.9000000000e-01 
1.5055552500e-10 1.1627491606e+04 1.0440453283e+00 3.9000000000e-01 
3.6372780446e-07 2.3495487016e+04 7.3084272992e-01 3.9000000000e-01 
5.0816563487e-06 1.1717578838e+04 9.1628443671e-01 3.9000000000e-01 
1.8324050299e-06 1.5753052410e+04 1.1508425260e-01 3.9000000000e-01 
3.9699241212e-09 1.7735502236e+04 8.3928883327e-01 3.9000000000e-01 
3.3964336539e-10 1.2222635513e+04 6.2730531386e-01 3.9000000000e-01 
1.7231449582e-06 1.2754338336e+04 1.4368811345e-01 3.9000000000e-01 
3.4225999621e-10 1.5005406050e+04 4.9245786563e-01 3.9000000000e-01 
7.2798170321e-09 1.2254277844e+04 1.2780828622e+00 3.9000000000e-01 
3.3662718354e-10 1.1263231161e+04 8.6049248063e-01 3.9000000000e-01 
3.9606491962e-08 1.8265725718e+04 6.7284397959e-01 3.9000000000e-01 
2.6013692953e-10 1.2295781447e+04 9.4859145653e-01 3.9000000000e-01 
4.2861468853e-06 1.1446030827e+04 5.1615682544e-01 3.9000000000e-01 
5.9809251562e-06 1.4368595041e+04 9.6619951941e-01 3.9000000000e-01 
5.7847806730e-11 1.2328474963e+04 1.4503450153e+00 3.9000000000e-01 
8.2785365785e-07 1.2118459965e+04 4.4200812861e-01 3.9000000000e-01 
3.0927277864e-10 1.3924745858e+04 1.4573882411e+00 3.9000000000e-01 
3.3028385537e-09 1.4610726254e+04 3.4899697067e-01 3.9000000000e-01 
4.8567706981e-10 1.8900555051e+04 7.6775911380e-01 3.9000000000e-01 
2.3069597770e-07 1.3860768700e+04 4.8236491586e-01 3.9000000000e-01 
1.7570343281e-09 1.5836901167e+04 1.0462463549e+00 3.9000000000e-01 
9.1023275188e-10 1.1421771439e+04 9.7817822556e-01 3.9000000000e-01 
6.8549837443e-08 1.3863840098e+04 2.1515379235e-01 3.9000000000e-01 
1.0631682209e-10 1.1592858510e+04 3.0505477462e-01 3.9000000000e-01 
1.6887092508e-06 1.2757345365e+04 1.0872362370e+00 3.9000000000e-01 
1.7684839802e-09 1.4760057866e+04 8.9546201090e-01 3.9000000000e-01 
1.6485430056e-07 1.9596512282e+04 5.7558021189e-01 3.9000000000e-01 
1.5232288736e-05 1.2947910125e+04 4.3059549749e-01 3.9000000000e-01 
2.3615447401e-06 1.9655423092e+04 5.1976151159e-01 3.9000000000e-01 
1.4648939732e-08 1.5636491715e+04 1.1317904249e+00 3.9000000000e-01 
1.9985060414e-08 1.1275365857e+04 3.1857013176e-01 3.9000000000e-01 
1.9654022717e-08 2.2083757464e+04 7.5571923554e-01 3.9000000000e-01 
1.6126316185e-07 1.2238481742e+04 5.2578588075e-01 3.9000000000e-01 
8.0529724440e-09 1.3725102528e+04 1.0924418340e+00 3.9000000000e-01 
3.7796319565e-09 1.6028188452e+04 1.3218509529e+00 3.9000000000e-01 
9.7529553349e-08 1.6119479983e+04 9.5078765299e-01 3.9000000000e-01 
1.9093277210e-08 1.7320757190e+04 6.8229348138e-01 3.9000000000e-01 
7.9386520265e-10 1.6741068892e+04 8.2456868855e-01 3.9000000000e-01 
1.5957600423e-10 1.3566616213e+04 1.1887271956e+00 3.9000000000e-01 
6.9493312895e-09 1.2423084457e+04 4.1721288206e-01 3.9000000000e-01 
2.7635467247e-09 1.2245254706e+04 9.3398552461e-01 3.9000000000e-01 
2.4201701258e-08 1.1642076891e+04 5.1620458868e-01 3.9000000000e-01 
1.8813753330e-09 1.2947075826e+04 1.2895916210e+00 3.9000000000e-01 
1.0372344542e-09 2.5000000000e+04 6.5976520562e-01 3.9000000000e-01 
1.4254292915e-07 1.6994347436e+04 1.2096372468e+00 3.9000000000e-01 
4.5635666657e-10 1.1518538565e+04 2.6733782989e-01 3.9000000000e-01 
8.1935799246e-08 1.4837149863e+04 6.1163858860e-01 3.9000000000e-01 
1.4689476425e-10 1.1634814937e+04 4.9679833914e-01 3.9000000000e-01 
4.9341495924e-07 1.1463851462e+04 5.2539044455e-01 3.9000000000e-01 
1.2156703516e-11 1.3269843134e+04 1.6621956663e-01 3.9000000000e-01 
2.2924628995e-09 1.2362492791e+04 9.8307602923e-01 3.9000000000e-01 
8.3345998032e-07 1.4580450538e+04 8.9899529218e-01 3.9000000000e-01 
8.8730830212e-09 1.5396413930e+04 1.0715735984e+00 3.9000000000e-01 
1.3080435916e-07 1.1732022314e+04 6.4774898378e-01 3.9000000000e-01 
1.0062400418e-06 1.3135275195e+04 1.2927290891e+00 3.9000000000e-01 
2.4126712911e-10 1.2686054424e+04 5.2777567330e-01 3.9000000000e-01 
1.8422449920e-10 1.8378133751e+04 7.0813595179e-01 3.9000000000e-01 
2.9193892438e-09 1.2702469191e+04 1.1665020668e+00 3.9000000000e-01 
4.3388061285e-09 1.2539026556e+04 1.4519967040e+00 3.9000000000e-01 
1.8399499898e-08 1.3528629745e+04 1.4164978862e+00 3.9000000000e-01 
6.5723280184e-11 1.1472920004e+04 6.3680238234e-01 3.9000000000e-01 
3.5163012391e-09 1.1671990722e+04 5.7209292428e-01 3.9000000000e-01 
3.8888813987e-07 1.2994739698e+04 1.0264875488e+00 3.9000000000e-01 
1.4719576010e-06 1.2024237237e+04 1.0774303995e+00 3.9000000000e-01 
1.0805633029e-10 1.5258320830e+04 9.7697258055e-01 3.9000000000e-01 
1.8783587774e-10 1.9908330272e+04 2.7038492989e-01 3.9000000000e-01 
6.8341120257e-09 1.3851607012e+04 7.2119649145e-01 3.9000000000e-01 
1.3191132364e-07 1.2870669567e+04 8.7575594347e-01 3.9000000000e-01 
1.9960748137e-11 1.1567236163e+04 5.9385442283e-01 3.9000000000e-01 
6.4006171303e-08 1.4650775264e+04 7.5759948197e-01 3.9000000000e-01 
6.6267842319e-09 1.8176127842e+04 9.7775260953e-01 3.9000000000e-01 
1.0640163125e-08 1.6622451215e+04 3.6642780112e-01 3.9000000000e-01 
1.8838105988e-10 1.4428945639e+04 1.3993202350e+00 3.9000000000e-01 
4.7904505632e-10 1.9242497529e+04 2.6259477051e-01 3.9000000000e-01 
2.3057715139e-09 1.3739124074e+04 1.3792056441e+00 3.9000000000e-01 
1.3776614657e-09 1.3700078253e+04 6.5192321272e-01 3.9000000000e-01 
1.5784843557e-09 1.2346832724e+04 4.1868667787e-01 3.9000000000e-01 
8.4957061810e-12 1.3826788922e+04 1.1134350169e+00 3.9000000000e-01 
8.9705704036e-10 1.6972812018e+04 6.6348176866e-01 3.9000000000e-01 
2.9935970561e-09 1.1467921995e+04 5.4124533120e-01 3.9000000000e-01 
3.7215644617e-09 1.1430416267e+04 1.7668967824e-01 3.9000000000e-01 
2.9663776709e-06 1.3840219428e+04 7.5629046957e-01 3.9000000000e-01 
1.8802090193e-10 1.1234095009e+04 7.4110836290e-01 3.9000000000e-01 
