2.2634186998e-05 7.5296176970e-01 
3.4790843835e-05 7.9227339738e-01 
7.5298910871e-06 1.0000000000e+00 
3.8025144199e-05 7.9141491389e-01 
7.5840011049e-06 8.2175826068e-01 
4.2049217998e-05 7.8048121223e-01 
6.0252453635e-05 7.8578379897e-01 
3.7027337648e-05 7.9491266082e-01 
9.0155273521e-05 7.7463095805e-01 
1.7818178127e-05 7.6298081915e-01 
1.6659608484e-05 8.1106203708e-01 
4.1988633454e-05 8.1558887063e-01 
9.6739885828e-06 1.0000000000e+00 
2.7396131656e-05 7.7734452475e-01 
7.2506583095e-05 1.0000000000e+00 
6.6404317684e-06 8.2590025608e-01 
2.3803832925e-04 7.6216339769e-01 
7.1006149985e-05 7.8783257112e-01 
1.1987969641e-05 8.1934570503e-01 
7.7009580264e-05 7.8545744001e-01 
1.5017873459e-05 7.8050222687e-01 
3.7041630653e-05 7.9451356964e-01 
6.0814787636e-05 7.8221339623e-01 
1.5101223336e-05 8.0818446726e-01 
4.9996257859e-06 9.9947647802e-01 
8.6213982905e-06 8.1899027745e-01 
3.1358995452e-05 1.0000000000e+00 
2.0351557414e-05 7.9625799062e-01 
9.2178320330e-06 1.0000000000e+00 
7.3181594413e-06 1.0000000000e+00 
5.6499177876e-05 7.8371372553e-01 
3.9524559294e-05 7.8931101551e-01 
3.8174664662e-05 7.8930865875e-01 
3.7349168080e-05 7.6616502027e-01 
1.4112241498e-05 8.1034990238e-01 
1.1083334500e-04 7.8993778500e-01 
2.2426523880e-05 7.5885148928e-01 
6.9569294533e-06 1.0000000000e+00 
4.9235709600e-05 7.9223077069e-01 
4.8499334902e-05 7.8736383914e-01 
6.5968599699e-05 7.8475992844e-01 
3.4154413023e-05 7.9421251764e-01 
4.7503338768e-05 8.0531915444e-01 
2.4458226743e-04 1.0000000000e+00 
4.5062837025e-05 7.8504014498e-01 
2.0494434000e-05 8.0683592058e-01 
8.5440057672e-05 7.8132015463e-01 
4.1465857737e-05 7.9369521132e-01 
1.9347669108e-05 7.9792355311e-01 
4.9843985590e-06 9.9653179727e-01 
4.9982502130e-06 9.9920449189e-01 
7.0877519778e-06 8.1794273861e-01 
8.6881522957e-05 7.7764945128e-01 
8.2220135099e-06 8.2341379985e-01 
4.5140765534e-05 1.0000000000e+00 
2.8422628540e-05 1.0000000000e+00 
1.9039465514e-05 7.9755374145e-01 
7.9859618387e-05 7.8938722976e-01 
1.0921488414e-04 7.8015985193e-01 
8.8432666358e-05 7.8199370274e-01 
2.7372292854e-05 8.0539007697e-01 
5.2398225387e-05 7.9370139691e-01 
3.6224962989e-05 7.9593865545e-01 
1.4997271653e-05 8.1531391179e-01 
4.2453090398e-05 7.9052118458e-01 
3.8086858927e-05 7.8122114921e-01 
1.1981218566e-05 7.5522526267e-01 
1.0396208227e-05 8.1691936315e-01 
1.0226527301e-05 1.0000000000e+00 
1.0056073513e-04 7.7427370214e-01 
7.8597456904e-05 7.9338688478e-01 
2.7818810485e-05 7.9901789916e-01 
4.6820813915e-05 7.8680765899e-01 
9.2581196854e-05 7.8016734010e-01 
3.9019690239e-05 7.8407035722e-01 
6.0528603461e-06 1.0000000000e+00 
4.9996807645e-06 9.9939103841e-01 
3.9020870517e-05 7.9419229312e-01 
1.2178010887e-04 7.9409935586e-01 
2.4389677334e-05 1.0000000000e+00 
1.2611202726e-05 1.0000000000e+00 
2.7177181401e-05 7.3996420243e-01 
1.2215871462e-05 8.1093679668e-01 
1.8959907330e-05 8.1633733752e-01 
1.9333155323e-04 7.5822599091e-01 
1.1340674199e-05 1.0000000000e+00 
4.9927876200e-06 9.9788604386e-01 
1.6691119400e-05 8.1079189318e-01 
2.1870199038e-05 1.0000000000e+00 
4.4467871074e-05 7.8830083678e-01 
2.1204211262e-05 1.0000000000e+00 
3.7905927164e-05 7.9387310884e-01 
1.2467591299e-05 8.1635341093e-01 
2.9376142902e-05 7.6870477353e-01 
3.7346147079e-05 7.8214051287e-01 
3.3537161440e-05 7.9322094024e-01 
3.3904690212e-05 7.9811949066e-01 
3.0209388243e-05 7.4155389367e-01 
7.5422931612e-06 1.0000000000e+00 
5.5873886752e-05 7.8560043670e-01 
1.6789049910e-04 7.6235245521e-01 
1.1003753636e-04 7.7999359802e-01 
2.9242076988e-05 7.5929594814e-01 
3.6647832941e-05 8.0696457503e-01 
1.2746407455e-05 7.6714909967e-01 
3.2125161630e-05 7.9605283736e-01 
2.9532840161e-05 7.9414720070e-01 
1.5833402595e-04 1.0000000000e+00 
6.1131002868e-05 7.8200451902e-01 
7.6864007613e-05 7.7523776731e-01 
1.0617519813e-04 7.7743363462e-01 
4.9910180774e-06 9.9754934903e-01 
9.3747393443e-05 7.9225535678e-01 
4.2493634497e-05 7.7994737084e-01 
8.6471430930e-05 7.7531480525e-01 
2.8542832222e-05 7.9244555837e-01 
4.4649243915e-05 8.0308429223e-01 
5.3731644805e-05 7.8046688187e-01 
7.7829668477e-06 8.2706275553e-01 
1.3064957739e-05 8.2489233243e-01 
8.2691162909e-06 1.0000000000e+00 
3.9106803601e-05 8.0251820051e-01 
1.4802692737e-05 1.0000000000e+00 
7.9852664305e-06 1.0000000000e+00 
4.4260549199e-05 7.6488237986e-01 
6.5258531549e-06 1.0000000000e+00 
2.5324035594e-05 7.4651254719e-01 
2.1562097438e-05 8.0094628536e-01 
3.4523035543e-05 7.8192593189e-01 
2.5949933939e-05 7.5804440615e-01 
3.5140101913e-05 7.9840422977e-01 
6.6952886971e-06 8.2532407176e-01 
4.8288699501e-05 7.9130161658e-01 
9.4037167657e-05 7.8767324775e-01 
1.2383648053e-05 8.1592985847e-01 
1.0371200323e-04 7.8489793932e-01 
4.9943574717e-06 9.9779021104e-01 
8.5305829493e-05 7.8026445722e-01 
6.9260466673e-06 8.2231376549e-01 
5.8744773196e-05 7.8030649635e-01 
8.4080888620e-05 7.8266875436e-01 
4.9936213848e-06 9.9591008244e-01 
5.7392003182e-05 1.0000000000e+00 
1.1772018484e-05 8.0490899378e-01 
7.5023948192e-06 1.0000000000e+00 
4.8241597463e-05 7.8941927687e-01 
3.6390381494e-05 7.9307015847e-01 
1.8655578527e-05 8.1426477895e-01 
5.1961505007e-05 7.8885750349e-01 
7.4583171880e-06 8.3607337740e-01 
1.4368075762e-05 1.0000000000e+00 
4.9936918234e-06 9.9809046064e-01 
9.3659347015e-06 8.0339860145e-01 
2.8242722454e-05 7.4346596613e-01 
4.8240891535e-05 7.9986252109e-01 
7.4491246314e-06 8.2175896863e-01 
4.9965597074e-06 9.9591462897e-01 
5.9378504341e-05 1.0000000000e+00 
9.0439824919e-05 7.7621862784e-01 
4.7219283777e-05 7.8757535003e-01 
4.6322792452e-05 8.0402899337e-01 
6.9422748313e-05 7.8244058333e-01 
4.4371696749e-05 7.8864731497e-01 
2.2113390860e-05 7.9860223719e-01 
2.5680420176e-05 8.0018926593e-01 
4.8641504406e-05 7.9064088298e-01 
9.2269901607e-05 7.7369021371e-01 
5.7674312723e-06 8.1794653822e-01 
4.9991995305e-06 9.9805985656e-01 
2.7810371862e-05 7.8939109550e-01 
1.1788370072e-05 1.0000000000e+00 
5.9904959076e-06 1.0000000000e+00 
3.0616096587e-04 7.7482927376e-01 
1.1091544400e-04 7.7280648302e-01 
1.3236243511e-04 7.8190325479e-01 
5.6417831544e-06 1.0000000000e+00 
1.0427834602e-05 8.1889474797e-01 
2.8778653226e-05 8.0885002441e-01 
9.2591400324e-05 7.7803580681e-01 
4.2292160343e-05 8.0110906053e-01 
1.1577541277e-05 1.0000000000e+00 
4.9990812607e-06 9.9646955595e-01 
4.2967844612e-05 7.9619253304e-01 
1.6834224999e-05 7.5175987535e-01 
2.0438753688e-05 7.9729454857e-01 
9.2125677283e-06 1.0000000000e+00 
6.1847769777e-06 8.1745664139e-01 
3.3075097839e-05 7.4537501241e-01 
2.0964569841e-05 7.7026628137e-01 
2.3601992595e-05 7.9823760103e-01 
7.4755232806e-06 1.0000000000e+00 
1.1555493265e-04 7.4004267516e-01 
3.7028500987e-05 7.9681517067e-01 
2.7495623462e-05 7.9741524820e-01 
7.6498002769e-04 7.7994315939e-01 
9.3937747683e-05 7.7710258379e-01 
5.2811663351e-05 7.4907932776e-01 
4.9998305930e-06 9.9765640001e-01 
3.8154821431e-05 7.7307264536e-01 
1.6468074768e-05 7.8302026978e-01 
1.3302238202e-04 7.8772581402e-01 
-1.0000000000e+00 -1.0000000000e+00 
2.2482702666e-05 8.0132426324e-01 
1.3096628549e-05 8.1681079325e-01 
1.2881866855e-05 8.1831943646e-01 
1.7594935612e-04 7.6910394676e-01 
6.7884325251e-05 7.8747865775e-01 
4.9599626519e-05 7.9649833196e-01 
1.1658356470e-05 8.1120954590e-01 
4.1356354340e-05 7.4808708319e-01 
1.1178266056e-05 7.5799158160e-01 
5.4211547052e-06 1.0000000000e+00 
4.9727818258e-05 8.0019699650e-01 
8.5428431836e-05 7.8347211328e-01 
1.9043463910e-05 8.0642454528e-01 
2.9459230224e-05 7.8694704650e-01 
5.7015451709e-05 7.8434334730e-01 
8.2769335493e-05 7.9047283113e-01 
1.0382538004e-04 7.8327144808e-01 
4.9925493704e-06 9.9744928579e-01 
5.5866606083e-05 1.0000000000e+00 
3.4604287327e-05 7.9729186937e-01 
7.3430286604e-05 7.7932414429e-01 
6.8027906496e-05 7.8458630576e-01 
3.2956759195e-05 7.9085707663e-01 
4.9871410883e-06 9.9760300418e-01 
8.1049064291e-05 7.7994396839e-01 
2.4323068347e-05 7.6954975367e-01 
4.0309961019e-05 7.9107909138e-01 
1.2297034871e-04 7.8299411418e-01 
2.7181778736e-05 1.0000000000e+00 
4.7392588366e-05 8.0106448439e-01 
2.7664169115e-05 8.0571705370e-01 
1.0693882981e-05 8.2173640204e-01 
2.0790463624e-05 1.0000000000e+00 
2.5484524169e-05 8.1239796913e-01 
3.2215212132e-05 8.0089799067e-01 
2.0813728738e-05 7.9770735038e-01 
4.9994850173e-06 9.9855990130e-01 
5.9809983618e-06 1.0000000000e+00 
5.4742454167e-05 7.9350242372e-01 
3.4292062328e-05 7.9956505068e-01 
4.9993352913e-06 9.9901767777e-01 
1.8851234089e-05 8.0010711782e-01 
4.2147011662e-05 7.9082372168e-01 
5.3336303145e-05 7.9619899732e-01 
6.4033589000e-06 8.2866475214e-01 
4.9988301768e-06 9.9656030525e-01 
5.5216600867e-05 7.8251503274e-01 
2.8680539006e-05 8.0283935086e-01 
1.9577834447e-04 7.6810056447e-01 
6.9014774653e-05 7.8520378692e-01 
6.6816260282e-05 7.5127984682e-01 
1.1254119275e-04 7.8996971633e-01 
1.2081669234e-05 7.5744870697e-01 
1.1287228799e-05 8.1811828901e-01 
3.4558720061e-05 7.4565142376e-01 
2.8563933151e-05 7.9793981519e-01 
1.7162151605e-05 8.1407178938e-01 
6.7275638630e-06 8.3296433396e-01 
8.2463328554e-05 7.7530273464e-01 
2.6486626066e-05 8.2918930091e-01 
4.3559524836e-05 7.3988679285e-01 
1.1623206765e-04 7.6806187676e-01 
3.3050431903e-05 7.9066147344e-01 
5.8471161835e-05 7.8388566653e-01 
2.0949169447e-05 8.0500370303e-01 
1.9881210454e-05 7.4254625924e-01 
5.9096721110e-05 7.8155630331e-01 
9.5257051150e-05 7.8823796536e-01 
3.0959013870e-05 7.8685698799e-01 
5.5050312550e-06 8.2864025649e-01 
2.5937188818e-05 8.0689207918e-01 
2.6396272434e-05 7.4790636289e-01 
1.0926385380e-05 8.1738589385e-01 
5.2542130509e-06 1.0000000000e+00 
9.5811747163e-06 8.1149077466e-01 
8.2867498887e-06 7.8342656358e-01 
8.3008580010e-05 7.8940211528e-01 
3.4245638992e-05 7.9694387610e-01 
5.0066827786e-05 7.9010407123e-01 
3.3150027835e-05 7.9620517867e-01 
5.3391189211e-06 8.4139926083e-01 
2.5542398782e-05 7.9528544839e-01 
5.7926871015e-05 7.8595606412e-01 
3.6148777150e-05 7.8130176856e-01 
2.5936933538e-05 7.8826517735e-01 
1.1771672413e-05 1.0000000000e+00 
1.8313898492e-05 8.1224014058e-01 
4.7631876373e-05 8.1047437132e-01 
2.6806398823e-05 1.0000000000e+00 
8.0988627237e-05 7.4013532918e-01 
8.2409896851e-05 7.7712271567e-01 
2.7795915193e-05 7.6357829426e-01 
2.5611342560e-05 7.8932209459e-01 
4.0381298833e-04 7.8292356942e-01 
2.5370812561e-05 7.3765301884e-01 
9.3615665100e-06 1.0000000000e+00 
2.4835844800e-05 7.9512044875e-01 
1.0873989117e-05 1.0000000000e+00 
1.6019025536e-04 7.7016622323e-01 
1.4229873715e-05 1.0000000000e+00 
3.0780397698e-05 7.8829444538e-01 
1.8326545823e-05 8.1080909547e-01 
2.5311911377e-04 7.7709730008e-01 
2.5453918585e-05 7.9823858917e-01 
1.4881298582e-05 1.0000000000e+00 
1.1804368303e-05 8.3087811202e-01 
9.3503319400e-06 1.0000000000e+00 
3.6501241373e-05 7.9949472619e-01 
2.8157217727e-05 7.6056424098e-01 
1.0975326680e-04 7.8042980238e-01 
3.7550980866e-05 7.5550095948e-01 
1.8118296118e-05 7.9612109578e-01 
1.9685978005e-05 1.0000000000e+00 
7.5020675696e-05 7.8213428141e-01 
7.4211820495e-06 1.0000000000e+00 
3.2036387120e-05 8.0549620286e-01 
1.7739152246e-05 1.0000000000e+00 
4.9976529483e-06 9.9818938761e-01 
5.4917503113e-05 7.8095743318e-01 
1.1999832570e-05 8.1150760117e-01 
3.6695689583e-05 7.9616592786e-01 
5.4275890966e-05 7.9044042511e-01 
2.0770248773e-05 8.0879264776e-01 
1.7008090334e-05 7.6434314317e-01 
9.9507622205e-05 1.0000000000e+00 
7.8114152700e-06 1.0000000000e+00 
2.8310936044e-05 7.9510262885e-01 
1.3001469561e-05 8.1242032584e-01 
1.3051012347e-05 8.0402073962e-01 
2.7871910599e-05 7.7400708870e-01 
3.8314780725e-05 7.9152092127e-01 
5.9852903477e-05 7.8367359513e-01 
8.5977806054e-06 1.0000000000e+00 
3.1290008827e-05 7.5018522900e-01 
4.9943218980e-06 9.9669599021e-01 
3.0411821675e-05 8.0299918074e-01 
1.5301418337e-04 7.7183091273e-01 
6.0289836378e-05 7.9531461512e-01 
1.1243001472e-04 7.8436435564e-01 
8.5320305794e-06 8.1781885838e-01 
9.2169016412e-06 7.6062814784e-01 
5.5014395051e-05 7.8404413393e-01 
5.0098624961e-05 7.8635923865e-01 
4.1706576341e-05 8.0664316086e-01 
9.1898947998e-05 7.8401805939e-01 
7.6902984710e-05 8.0173473514e-01 
8.5740956581e-06 1.0000000000e+00 
4.7085554259e-05 7.9200906258e-01 
4.4392692419e-05 7.9203093183e-01 
5.1018587241e-05 7.3890621154e-01 
9.4389138600e-05 7.8373432649e-01 
3.8865261530e-05 7.9439542932e-01 
8.1647730604e-06 8.2075741402e-01 
5.3257561783e-05 7.9176711159e-01 
5.3393983638e-06 8.2806583568e-01 
6.8256277229e-06 1.0000000000e+00 
8.2542409658e-05 7.8378081882e-01 
6.1625762016e-05 7.8865492058e-01 
3.0455740520e-05 7.9434798918e-01 
8.6834415125e-05 7.8704705173e-01 
3.1368067934e-05 1.0000000000e+00 
9.1487454485e-05 7.8664777159e-01 
3.9434856607e-05 1.0000000000e+00 
1.9692130005e-04 1.0000000000e+00 
3.8151086317e-05 7.9216989965e-01 
3.5770305789e-05 7.5441842552e-01 
1.5212637809e-05 8.0723693213e-01 
2.2642261336e-05 7.5237143293e-01 
3.0096538480e-05 7.8763007566e-01 
6.8400593815e-06 1.0000000000e+00 
3.9212682847e-05 7.8752969193e-01 
7.1954633645e-05 7.8339990335e-01 
4.2410623322e-05 7.9963188079e-01 
1.6830241288e-05 8.1300538699e-01 
2.6476657704e-05 8.1704563138e-01 
2.3013550921e-04 7.6551382274e-01 
1.0267650141e-05 8.1811267894e-01 
5.2079917014e-05 7.9179822712e-01 
3.8347655064e-05 7.9209145788e-01 
4.9919057767e-06 9.9486576192e-01 
4.1128895943e-05 7.5004348666e-01 
8.1315166823e-06 1.0000000000e+00 
1.1117095709e-05 1.0000000000e+00 
1.0172375703e-04 7.9502094414e-01 
6.3536275519e-04 8.4330687721e-01 
1.4295307902e-04 7.7402551262e-01 
1.3075591537e-05 8.1320827166e-01 
1.5249438460e-05 8.2412653659e-01 
2.1981154286e-05 1.0000000000e+00 
1.7113146932e-05 1.0000000000e+00 
5.2685594032e-05 7.8525507424e-01 
5.8554480239e-05 1.0000000000e+00 
4.9916701478e-06 9.9780247599e-01 
2.7543241893e-05 8.2057246648e-01 
6.6680797951e-06 1.0000000000e+00 
3.6006096120e-05 7.8947802515e-01 
4.9997698438e-06 9.9701943486e-01 
2.1897068403e-05 8.2277981696e-01 
2.8048472144e-05 7.9314485793e-01 
2.9077946604e-05 7.8423608774e-01 
5.4322551872e-06 1.0000000000e+00 
1.4224169248e-05 1.0000000000e+00 
7.9491452087e-05 7.9089858465e-01 
4.9984538739e-06 9.9700888281e-01 
4.1763936540e-05 8.0568737833e-01 
1.0805708667e-04 7.9172029665e-01 
4.9908443875e-06 9.9801239535e-01 
4.1430890576e-05 1.0000000000e+00 
6.3296588374e-05 7.9695684451e-01 
2.3767965244e-05 1.0000000000e+00 
5.1541247734e-06 8.5886746777e-01 
3.5609861170e-05 7.8880568641e-01 
7.2738951083e-06 1.0000000000e+00 
1.0402354542e-04 7.7837485954e-01 
1.7165057869e-05 7.5198718814e-01 
3.1683561583e-05 7.6542468358e-01 
1.2784141718e-05 7.9587501463e-01 
4.9994808269e-06 9.9939472411e-01 
4.9871381397e-05 7.6922240403e-01 
3.2725183439e-05 8.0526330600e-01 
3.5659405404e-05 7.9688492299e-01 
6.1098189923e-05 7.8178226153e-01 
2.4522351039e-04 7.8973191312e-01 
1.2645199164e-05 1.0000000000e+00 
1.1440738386e-05 8.3061208929e-01 
4.9985187753e-06 9.9899256264e-01 
2.5795835563e-05 8.0670559269e-01 
4.9948895278e-06 9.9787947112e-01 
-1.0000000000e+00 -1.0000000000e+00 
5.9810000525e-05 7.8775186885e-01 
1.4486688861e-04 7.7251676288e-01 
4.9969911485e-06 9.9557568985e-01 
1.4677715288e-05 8.1253045417e-01 
1.1942817712e-04 7.8338317093e-01 
5.8034550782e-05 8.2348936250e-01 
2.3611490405e-04 7.5275658970e-01 
4.2960643983e-05 1.0000000000e+00 
3.4656679471e-05 7.8860929104e-01 
8.6089290375e-05 7.8582932917e-01 
1.2204298245e-05 8.1384541501e-01 
2.2764956127e-05 7.5017217899e-01 
4.2319269618e-05 7.6047115131e-01 
9.1241403818e-06 1.0000000000e+00 
3.1330541753e-05 1.0000000000e+00 
4.0461024940e-05 7.8420067152e-01 
1.7051781741e-04 7.5305485467e-01 
4.5430230038e-05 7.8674158945e-01 
3.6584901106e-05 7.7250172795e-01 
1.4947787054e-05 7.9985051393e-01 
1.1626489234e-04 7.7867345643e-01 
5.1551739324e-05 1.0000000000e+00 
1.5204943641e-05 8.1185555640e-01 
1.7711720326e-04 7.9436101259e-01 
1.2137116978e-05 1.0000000000e+00 
7.5590812200e-06 1.0000000000e+00 
1.6298430235e-05 8.1142103160e-01 
2.7968216353e-05 1.0000000000e+00 
4.4800635449e-05 7.8882380826e-01 
1.0338754010e-04 7.8330435568e-01 
1.4217364559e-05 7.5784037558e-01 
1.4019796292e-05 7.4873169773e-01 
4.9995229370e-06 9.9845612515e-01 
4.9481766631e-05 7.9291330741e-01 
3.0691955808e-05 1.0000000000e+00 
2.2220268566e-05 7.7048398040e-01 
3.1067974657e-05 7.9945249357e-01 
1.7333900138e-05 8.1467297867e-01 
1.4764993884e-04 7.8155879383e-01 
8.8893904454e-06 8.1290126284e-01 
4.9995898211e-06 9.9802288717e-01 
2.6147848181e-05 7.9496805643e-01 
1.8266785068e-04 7.8551105643e-01 
4.5118779014e-05 7.8943469457e-01 
6.7929865880e-06 1.0000000000e+00 
2.2666455476e-05 8.0009258755e-01 
5.6989369162e-05 7.9842162436e-01 
5.2746896277e-05 7.8643529110e-01 
1.6237051165e-04 7.6516216456e-01 
1.5946131268e-05 1.0000000000e+00 
8.1160748248e-05 7.9234554070e-01 
7.3039676348e-05 7.8081314777e-01 
4.9970586215e-06 9.9619247296e-01 
1.3926876107e-05 1.0000000000e+00 
2.9821441062e-05 1.0000000000e+00 
4.0437266174e-05 1.0000000000e+00 
3.1445964339e-05 7.9750426493e-01 
6.6086318601e-05 7.8127557334e-01 
1.6033329666e-04 8.2644724743e-01 
4.9183673046e-05 7.8627996569e-01 
2.0110518675e-05 8.0704283548e-01 
8.6305423146e-06 1.0000000000e+00 
4.2922802866e-05 7.9174551057e-01 
2.7035304532e-05 7.4704353528e-01 
2.8391558022e-05 7.9626483717e-01 
1.5173579517e-05 1.0000000000e+00 
4.2067819569e-05 7.8606333791e-01 
1.1722153782e-04 7.7949786528e-01 
6.5689937585e-06 8.2727265002e-01 
