1.2939704466e-05 4.5563761299e-01 
2.9038023550e-05 3.2698873133e-01 
8.3826098883e-05 3.9082434089e-01 
3.1488270255e-04 4.1401202192e-01 
2.2751269921e-05 3.3374361514e-01 
3.8699194126e-05 3.3360556033e-01 
5.7414190934e-06 5.0040009382e-01 
1.9446317899e-05 4.6819114831e-01 
1.0398953321e-04 3.0716666972e-01 
3.8871469350e-05 4.1305937620e-01 
5.1660898831e-05 3.5468221505e-01 
2.6486361227e-05 4.4013689728e-01 
1.4052720558e-04 3.6772157027e-01 
9.3031935450e-06 1.0000000000e+00 
1.8672020043e-04 3.4860577602e-01 
2.7663860293e-05 4.7034270029e-01 
3.3407751488e-05 1.0000000000e+00 
4.8597829988e-05 2.9650155280e-01 
1.1976076118e-05 1.0000000000e+00 
3.7218648087e-05 3.1077016753e-01 
2.7363363106e-05 4.1580025832e-01 
3.1605346729e-04 3.2297473171e-01 
1.2995553854e-05 4.8021867630e-01 
5.2138041699e-05 2.9912564886e-01 
7.7940448763e-05 3.8564660868e-01 
1.3252232822e-04 3.8747804938e-01 
6.6874484254e-06 4.8514894763e-01 
7.5577977444e-05 4.0433265519e-01 
4.2108577604e-06 1.0000000000e+00 
1.2183039335e-05 4.4975499784e-01 
8.5348204260e-05 3.8748626903e-01 
1.5557470738e-05 4.5379415208e-01 
1.8444975833e-05 4.3123691612e-01 
9.5739610824e-06 1.0000000000e+00 
6.3214766500e-06 5.0554447831e-01 
3.9370164710e-05 3.1495372469e-01 
3.5153690637e-04 1.0000000000e+00 
9.2580071587e-06 4.8733714975e-01 
1.3892752199e-04 3.6837885903e-01 
6.3771828587e-05 4.0440928709e-01 
3.7831216024e-05 3.6748100527e-01 
2.5532052143e-05 4.4342572167e-01 
7.8273228983e-06 5.0631951223e-01 
1.3735690611e-05 1.0000000000e+00 
1.1212671436e-05 1.0000000000e+00 
3.4393720534e-05 4.1523625220e-01 
3.6019288559e-05 3.1082118491e-01 
5.7938675014e-05 3.7891215720e-01 
1.6589815225e-05 1.0000000000e+00 
1.0235920828e-05 4.8776800345e-01 
1.6529727137e-04 3.6685020401e-01 
1.5315803160e-05 3.7133902940e-01 
3.4460984431e-05 3.7086311756e-01 
7.0236770120e-05 4.2060032130e-01 
4.1018009124e-05 4.0921113181e-01 
7.2808008974e-05 4.0428879884e-01 
1.3342041650e-04 4.1286672478e-01 
1.6896770933e-05 1.0000000000e+00 
1.1480050921e-05 5.2086721446e-01 
9.6081827568e-05 3.9076568868e-01 
4.0197268172e-04 3.5083960056e-01 
1.3439789269e-04 1.0000000000e+00 
6.4936250917e-05 3.5231771804e-01 
2.3199818608e-05 1.0000000000e+00 
1.3564430855e-05 3.3707846271e-01 
1.1678919813e-04 3.7250819923e-01 
1.3528366315e-05 5.7522195082e-01 
2.4707675765e-05 4.7175407841e-01 
6.8342331554e-05 4.0749592285e-01 
3.9197311931e-05 3.4780777110e-01 
9.8834190647e-06 4.9355791295e-01 
3.3090576277e-05 3.2049148876e-01 
8.6981613078e-06 1.0000000000e+00 
2.7579198880e-05 3.4556270048e-01 
7.7657929009e-06 5.0966335472e-01 
2.2642973542e-04 3.4800133408e-01 
2.9819172546e-05 1.0000000000e+00 
8.3743379915e-05 3.8085181447e-01 
3.9939268794e-05 4.0033440949e-01 
3.8913284192e-05 4.4827704847e-01 
5.4388443496e-05 4.0211011351e-01 
8.1568622112e-05 3.9887659872e-01 
1.1637639230e-04 3.7273956445e-01 
8.8708660364e-05 4.7514576289e-01 
3.3633578479e-05 3.1600424542e-01 
5.1628746511e-05 4.3567343584e-01 
2.1800079232e-05 1.0000000000e+00 
6.9753657062e-05 4.0580684617e-01 
2.9434969528e-05 3.5279362697e-01 
1.6395365347e-05 1.0000000000e+00 
5.7797931536e-05 3.2727836024e-01 
3.3621371300e-05 3.0858414464e-01 
1.4176811186e-04 3.6908666875e-01 
1.0373430385e-05 4.5295536699e-01 
6.9047685685e-06 5.0355463121e-01 
5.5002437435e-05 4.0531434161e-01 
6.1612054060e-05 3.0248970759e-01 
4.8323955622e-05 4.7538026662e-01 
9.9540421867e-05 3.8450481029e-01 
1.1552498575e-05 3.6008320077e-01 
1.6966612579e-05 4.7058396732e-01 
5.3156045867e-06 1.0000000000e+00 
7.8833457312e-05 3.8713765429e-01 
4.1854359197e-05 4.2326493512e-01 
2.9975964775e-05 3.4115682774e-01 
3.3833396055e-06 1.0000000000e+00 
7.0686214681e-05 3.8887103254e-01 
7.4966364933e-06 4.9265418008e-01 
6.0629263865e-06 1.0000000000e+00 
1.9216318789e-05 4.6342068851e-01 
1.9709764951e-05 5.0013445567e-01 
6.4123672117e-05 3.3534232971e-01 
2.8827722410e-05 4.3158038750e-01 
5.3500329461e-06 5.9188304579e-01 
4.4724161700e-05 4.2683460250e-01 
3.6841857124e-05 1.0000000000e+00 
1.8611072757e-05 4.2596987135e-01 
8.8377758988e-06 5.0344847818e-01 
1.2252838521e-04 3.5813823932e-01 
1.9764447084e-05 1.0000000000e+00 
6.8136635140e-05 3.9755906954e-01 
6.6437531168e-06 5.0313157594e-01 
4.4093987377e-05 3.0597517455e-01 
8.7792466480e-05 3.8765833616e-01 
1.5028494360e-04 3.7604148142e-01 
4.5898947635e-05 3.0521132273e-01 
6.6642356755e-06 4.9705358139e-01 
1.6471308269e-05 4.6307628773e-01 
3.2915524155e-05 4.3651141491e-01 
6.3768782992e-05 4.2345486152e-01 
3.2813770979e-05 3.5369238915e-01 
4.6257974199e-05 4.6469595321e-01 
1.0561244736e-05 4.5655312148e-01 
1.1242668665e-04 4.0332779144e-01 
7.4137797794e-05 4.2472425138e-01 
1.1706223166e-04 3.7296781748e-01 
9.8646494486e-06 3.7495741403e-01 
1.9745704799e-05 1.0000000000e+00 
5.5717358161e-06 5.0214143102e-01 
6.9589917134e-05 3.9007542838e-01 
1.3123132415e-05 4.7455593744e-01 
5.1123564625e-06 5.0963126082e-01 
6.5871253312e-05 4.0728295859e-01 
2.9967226226e-05 3.6373992666e-01 
6.3480024603e-06 5.0681518575e-01 
3.1470149824e-05 1.0000000000e+00 
6.5654787975e-05 4.0342471342e-01 
8.7496896460e-05 3.8061786860e-01 
9.8640966421e-06 1.0000000000e+00 
1.1474019125e-05 1.0000000000e+00 
1.9054061074e-05 1.0000000000e+00 
2.1128649686e-05 3.8814699180e-01 
1.2955693411e-05 4.9573959482e-01 
3.7882425706e-05 3.9129061683e-01 
1.2029383524e-05 4.2386733801e-01 
3.3161609686e-05 4.4222281365e-01 
1.0495550290e-04 3.8932469077e-01 
3.1201571969e-05 1.0000000000e+00 
5.5822592871e-05 4.3758029720e-01 
8.3914864178e-05 3.8762471275e-01 
1.7980452751e-05 3.5547866201e-01 
1.4980693111e-05 4.7066671676e-01 
7.2982843522e-06 1.0000000000e+00 
1.5701324715e-05 1.0000000000e+00 
1.4988524801e-04 4.6715449879e-01 
2.7710081684e-04 4.2677061988e-01 
8.0769636824e-05 3.9180463702e-01 
8.1638320354e-05 3.3176534305e-01 
1.7877063411e-05 1.0000000000e+00 
1.6090997866e-04 3.7299060963e-01 
5.3996887152e-05 3.5296429176e-01 
3.1315901562e-05 3.2950982055e-01 
1.2649121683e-05 4.6409827467e-01 
2.7419645550e-04 3.9797184089e-01 
2.0613332086e-04 3.4519260026e-01 
3.5473358641e-05 4.3220103535e-01 
3.3488646715e-05 3.3810792592e-01 
8.0229095403e-05 4.0923804448e-01 
1.2502593312e-04 3.8255711013e-01 
3.8915903952e-05 4.2966619385e-01 
2.7289982551e-05 4.4465504843e-01 
4.6477206657e-05 4.2184092241e-01 
9.3059435528e-05 3.8042420845e-01 
4.0120075831e-05 3.7856321209e-01 
2.3280967931e-05 3.8887901223e-01 
2.8255550762e-04 3.8302364183e-01 
3.1845091320e-05 3.4178319333e-01 
5.8586327427e-05 4.2215641838e-01 
2.0654482613e-04 3.5176504312e-01 
2.8413101062e-04 3.9999822018e-01 
8.5045261498e-06 5.0442688716e-01 
3.0457655764e-05 3.6846556982e-01 
1.6166528655e-05 4.7198175771e-01 
2.7741624232e-05 3.1663631052e-01 
7.4404519459e-05 3.5450317059e-01 
5.2677875462e-05 4.1363361147e-01 
3.2769925335e-05 4.4069629094e-01 
4.2686512530e-05 4.5384565928e-01 
1.9900320227e-05 4.2462988203e-01 
2.0488664969e-05 4.1942911804e-01 
6.4826630391e-05 4.1880007269e-01 
1.8269441317e-04 3.6270678426e-01 
1.0020149234e-04 4.0434051372e-01 
2.6206211568e-05 4.4597066735e-01 
5.5776471824e-05 4.1414990445e-01 
1.7260635390e-05 1.0000000000e+00 
6.3584505802e-06 4.8597458590e-01 
6.2120652368e-05 4.0045977479e-01 
7.6315418261e-05 3.3688621984e-01 
1.5562605436e-05 1.0000000000e+00 
1.2111564677e-05 1.0000000000e+00 
4.5004500616e-06 1.0000000000e+00 
7.8352190831e-05 4.1752805832e-01 
1.0017993451e-05 4.9169303912e-01 
6.5100412038e-06 4.9515199234e-01 
4.9310786748e-05 4.1568572535e-01 
4.1932911068e-06 1.0000000000e+00 
4.2271215811e-04 8.7481309403e-01 
1.0295496580e-04 3.7580131140e-01 
1.4442643614e-05 5.0537911156e-01 
6.6438171990e-05 3.9971857609e-01 
4.1972386669e-06 1.0000000000e+00 
1.3262982626e-04 2.9974212899e-01 
1.6456775942e-04 3.5222598482e-01 
7.1093754319e-05 3.8574834709e-01 
3.0254973371e-05 3.1909373852e-01 
1.7001525855e-05 4.5290463816e-01 
2.2099221123e-05 4.9289401469e-01 
1.7942149096e-05 4.1774559190e-01 
3.4321566166e-05 4.2918497604e-01 
2.3942690719e-04 3.6477325270e-01 
1.0721726662e-04 3.7761235612e-01 
1.6032513136e-05 4.0342530656e-01 
6.8465280469e-06 1.0000000000e+00 
2.7976502119e-04 3.3500818518e-01 
2.5916926663e-05 1.0000000000e+00 
6.6990169728e-06 1.0000000000e+00 
1.7315913530e-04 3.9197305995e-01 
5.6789300628e-05 1.0000000000e+00 
9.1110904436e-05 3.8324288751e-01 
6.2268149130e-05 4.4801288381e-01 
2.5031571117e-05 3.2601468453e-01 
3.8486469872e-05 3.5165880178e-01 
8.2328645025e-05 3.9061350035e-01 
9.9130822323e-05 2.9792169400e-01 
2.9903889069e-05 4.5507843480e-01 
1.1815024624e-05 5.0774303717e-01 
1.0879459757e-05 4.9648323213e-01 
5.7686615637e-06 5.0748785884e-01 
4.4058018559e-05 4.1553375374e-01 
4.1713579599e-05 3.3802112992e-01 
5.3767780889e-05 4.3399862849e-01 
1.0411648387e-04 4.0823062508e-01 
5.6080432044e-05 4.0636084740e-01 
9.7785325841e-05 3.4760146398e-01 
5.7692107242e-05 4.1034319240e-01 
6.8394624321e-05 3.1941170476e-01 
3.0519321299e-05 4.7528970775e-01 
1.1795648742e-05 4.3775393699e-01 
1.7877116267e-05 4.8153284093e-01 
7.8953593653e-05 3.9780963464e-01 
4.8783448321e-05 3.4555489124e-01 
2.0387761255e-05 4.6404472342e-01 
8.6414614353e-06 5.0851641855e-01 
3.5205863605e-05 3.1279405388e-01 
1.5747664055e-04 3.8330935326e-01 
1.4705608045e-04 3.8880117190e-01 
3.3898955226e-05 4.3440087646e-01 
6.4652725599e-05 4.0161291236e-01 
1.3778681343e-05 1.0000000000e+00 
1.3400094859e-05 1.0000000000e+00 
2.5142339442e-04 3.7829127892e-01 
8.1663661940e-05 3.4613871406e-01 
2.8782473160e-06 1.0000000000e+00 
5.7293957909e-05 3.8987040543e-01 
7.0835358814e-06 1.0000000000e+00 
1.8369827469e-05 1.0000000000e+00 
1.1459018288e-05 4.8479457322e-01 
2.0224421059e-05 4.3823324750e-01 
2.5391005427e-05 4.0733091679e-01 
2.3168565224e-05 4.1305496060e-01 
9.6599381089e-05 3.9017931879e-01 
8.5068199610e-05 3.9159643966e-01 
4.4762238169e-05 1.0000000000e+00 
9.3389876793e-05 3.0001316853e-01 
9.3353573817e-05 3.9111824263e-01 
2.7073589298e-05 4.4247439264e-01 
5.8510880711e-06 1.0000000000e+00 
5.9741572115e-04 3.8668012437e-01 
1.7503601292e-04 3.6173063204e-01 
2.2284662436e-05 4.3943689783e-01 
5.5520374067e-06 1.0000000000e+00 
1.4071392816e-04 3.7833738106e-01 
3.9588972153e-05 2.9793025354e-01 
1.3272049812e-04 4.0551448693e-01 
3.8083745006e-05 4.1444145038e-01 
2.5140563927e-05 4.3481853696e-01 
1.8255881596e-04 3.8547698514e-01 
4.9375822132e-05 4.1248606499e-01 
1.2071364567e-05 4.9314176138e-01 
4.1148229305e-05 3.2571646726e-01 
2.3726275106e-05 4.6139966656e-01 
5.5138291078e-06 5.0334554694e-01 
5.3980639881e-05 4.4704616661e-01 
4.1167121142e-05 4.2359320139e-01 
8.0850822041e-05 4.2615503215e-01 
3.5957607434e-05 4.4916275559e-01 
9.6709484547e-06 4.5995858524e-01 
6.5141591971e-05 3.2777658365e-01 
4.3485176858e-05 3.2975800360e-01 
2.0922341874e-05 4.8830539454e-01 
7.4147127601e-05 3.9742031022e-01 
2.4148188651e-05 4.5521118638e-01 
1.5104279665e-04 4.1704738793e-01 
2.0346102069e-04 3.4007387288e-01 
9.8446914555e-05 3.3019152138e-01 
2.3465706206e-05 4.5483417378e-01 
3.7692683877e-05 3.8214713174e-01 
7.7046297068e-05 4.1247080670e-01 
5.7548254572e-06 5.0107475973e-01 
1.7987348313e-05 4.5894267581e-01 
8.7718153886e-05 3.1989537610e-01 
6.3411290159e-06 1.0000000000e+00 
2.9247638423e-05 3.2698830489e-01 
7.2519216326e-05 4.0076212376e-01 
9.1434192611e-06 5.0712598127e-01 
1.4755093997e-05 1.0000000000e+00 
3.1956273577e-05 4.4441969685e-01 
6.3939567416e-05 3.9909341667e-01 
7.2634716589e-05 3.5214112250e-01 
4.5547660394e-05 3.0104787657e-01 
2.4724841286e-05 4.3683370395e-01 
5.3826712939e-05 3.8821062570e-01 
4.7395642257e-05 3.9504410910e-01 
1.6859683892e-04 3.6875211944e-01 
1.7412790274e-05 4.9339194313e-01 
4.2467556994e-05 3.1103901844e-01 
8.0764796801e-06 4.8720650961e-01 
8.7797465031e-05 3.9135129427e-01 
1.9336879522e-05 1.0000000000e+00 
1.8736974255e-05 4.3684048138e-01 
3.7522165049e-06 1.0000000000e+00 
4.2777958884e-05 3.1421312904e-01 
3.9424591232e-05 4.3585687444e-01 
7.9812453195e-06 4.7884908243e-01 
2.6986307225e-05 3.6445715064e-01 
1.6616581371e-05 4.4970811852e-01 
1.7926616674e-05 4.3248357610e-01 
4.2105276647e-05 3.3485019924e-01 
2.2202763601e-06 1.0000000000e+00 
7.9586732898e-05 3.7587319795e-01 
1.6492673985e-05 4.6831586634e-01 
7.4420159994e-05 3.9916323920e-01 
1.8416677381e-05 4.4398670780e-01 
1.0166593957e-05 1.0000000000e+00 
6.0431560912e-05 2.9615357025e-01 
8.1391975283e-05 3.7439048785e-01 
1.7551060155e-05 4.7269832136e-01 
5.8850630898e-06 4.9994581074e-01 
9.0005804064e-06 1.0000000000e+00 
8.7641584875e-06 1.0000000000e+00 
4.4883469610e-05 3.1551021743e-01 
8.2847827752e-05 3.4415827755e-01 
2.0261749379e-04 3.6321623676e-01 
4.7192604996e-05 3.2550897713e-01 
2.6631088997e-05 3.2032607800e-01 
1.3086523715e-05 1.0000000000e+00 
1.7333329266e-04 3.9453887841e-01 
3.7474640974e-04 3.1057312596e-01 
9.5624137241e-06 3.6162380662e-01 
1.8370510388e-04 3.3961082912e-01 
7.4880812062e-05 1.0000000000e+00 
9.4206378184e-06 1.0000000000e+00 
4.4289232133e-05 3.4511233756e-01 
4.1287475928e-05 4.2265336197e-01 
3.8179983901e-06 5.4841543480e-01 
6.4411407476e-05 4.0633234479e-01 
8.5521369181e-06 5.0937776247e-01 
1.3708675607e-05 4.7526984620e-01 
4.0138935666e-05 3.0655909938e-01 
5.6407730051e-05 4.3602534918e-01 
6.1405038016e-06 1.0000000000e+00 
1.5775616977e-05 1.0000000000e+00 
2.5830792828e-05 4.5802345535e-01 
3.8417345298e-05 1.0000000000e+00 
9.5321500786e-05 3.8541907582e-01 
2.5600207991e-05 3.3746433121e-01 
1.7176461755e-04 1.0000000000e+00 
2.6912392062e-05 3.2306514925e-01 
7.2721935149e-06 5.0988772513e-01 
1.1104480861e-04 3.8851096316e-01 
4.1956689527e-05 4.2838562445e-01 
4.8789810535e-05 3.4440269062e-01 
4.0026534305e-05 3.1785863358e-01 
1.9612926335e-04 3.4867008231e-01 
1.5544782045e-04 3.5332701740e-01 
1.1657247191e-05 3.3704428267e-01 
1.3637010901e-04 3.8145828842e-01 
1.3919152545e-04 3.7422228852e-01 
9.7107513638e-06 1.0000000000e+00 
4.2095483918e-05 4.4116258676e-01 
5.8305155342e-06 1.0000000000e+00 
1.0048550260e-05 4.8449348085e-01 
1.9180990556e-04 3.6932472670e-01 
3.1146415356e-05 3.4535717235e-01 
2.9682625594e-06 1.0000000000e+00 
9.4858394376e-05 3.8901703241e-01 
6.3749049150e-05 3.8840146751e-01 
3.9435972580e-04 3.0535093927e-01 
4.4415122040e-05 4.6693927478e-01 
6.4164746476e-05 3.2027735931e-01 
2.9532870447e-05 1.0000000000e+00 
5.0946074239e-06 5.0818459962e-01 
1.8503330375e-05 1.0000000000e+00 
1.2626598189e-05 1.0000000000e+00 
3.3692831471e-05 3.3783131317e-01 
2.0297169504e-05 4.2685027296e-01 
5.2241572439e-05 4.1493803043e-01 
2.3818061848e-05 3.4423242731e-01 
4.3108801563e-05 4.3911607363e-01 
2.6088854369e-04 4.1858090124e-01 
3.2833391121e-05 3.5166248967e-01 
6.1845265489e-05 2.9932062628e-01 
3.8599192460e-05 4.3249878480e-01 
1.5390753630e-05 1.0000000000e+00 
5.8197380091e-05 3.0595330561e-01 
1.9499070686e-05 1.0000000000e+00 
1.0001306331e-04 3.1639257577e-01 
2.2859986683e-05 3.4297094969e-01 
1.3027561348e-05 5.0940472671e-01 
3.4411694526e-05 4.2834798372e-01 
2.3609784464e-05 4.6337442411e-01 
2.5305371510e-05 1.0000000000e+00 
1.5272164285e-05 4.6156409857e-01 
4.8767292034e-06 1.0000000000e+00 
1.5393892704e-05 1.0000000000e+00 
1.3265056984e-04 3.2589005984e-01 
1.5975266469e-04 3.5778929116e-01 
2.2169126017e-05 4.4587872661e-01 
3.6193264584e-05 3.2024028563e-01 
1.6212673474e-05 5.3299861307e-01 
3.3332930907e-05 4.2583715259e-01 
5.7591298077e-05 3.0754825052e-01 
4.4431664513e-05 1.0000000000e+00 
1.0133703403e-05 1.0000000000e+00 
8.9621680081e-05 2.9641947461e-01 
8.9572535759e-05 4.2205596670e-01 
4.9560185008e-05 4.4100321209e-01 
2.5998431978e-04 3.9097304442e-01 
1.4312322304e-04 3.0709389925e-01 
3.0328495662e-05 4.3347593099e-01 
2.3836594387e-05 3.6642056274e-01 
3.7424501800e-05 4.5058745283e-01 
3.3121927566e-05 4.4599932094e-01 
7.5953889975e-05 1.0000000000e+00 
3.2836047599e-04 3.4656159545e-01 
5.1199446623e-06 5.0975341541e-01 
9.1041498684e-06 1.0000000000e+00 
4.0971929486e-06 1.0000000000e+00 
4.3039533343e-05 4.2691763149e-01 
1.5047223987e-05 1.0000000000e+00 
9.5301444935e-06 4.5455254301e-01 
1.6418963499e-04 3.8673824601e-01 
2.9457823538e-05 4.3351417455e-01 
3.8948592702e-05 3.2283017913e-01 
2.7756445243e-05 3.1244554409e-01 
1.0512347907e-05 4.6081638335e-01 
3.9936897693e-06 1.0000000000e+00 
1.0115659357e-05 1.0000000000e+00 
5.0734073758e-05 3.1608663952e-01 
6.2895072680e-06 1.0000000000e+00 
3.3263940454e-05 3.1896686623e-01 
6.0188489298e-05 2.9406554045e-01 
2.4625141301e-05 4.4712947388e-01 
4.3045378424e-05 4.2289554364e-01 
2.3074577449e-05 3.5755265813e-01 
1.5503603331e-05 5.4098656657e-01 
7.9424367991e-06 5.0216470374e-01 
5.3323480844e-05 3.0613867414e-01 
1.9989885289e-05 1.0000000000e+00 
6.4495162494e-05 1.0000000000e+00 
2.2559713092e-05 5.0738150180e-01 
2.8108067764e-05 1.0000000000e+00 
1.3553207819e-04 3.6670898635e-01 
8.2617712344e-05 3.8682790954e-01 
1.0107565394e-04 3.7730971870e-01 
2.9398079085e-05 4.3712978954e-01 
1.0169785674e-05 1.0000000000e+00 
4.8090287381e-05 3.0666884227e-01 
1.6416720735e-04 3.8776119196e-01 
4.5039070187e-05 2.9812724108e-01 
2.0890515923e-04 3.4150742214e-01 
1.1805218390e-04 4.0553660338e-01 
1.6136509059e-05 4.0310273431e-01 
8.3079640659e-05 3.9488624798e-01 
2.3787154234e-05 3.1963064047e-01 
1.5940639239e-05 1.0000000000e+00 
4.3376299531e-05 4.2187741701e-01 
4.6855699644e-05 3.8332280387e-01 
1.9597230657e-05 3.6088496561e-01 
