2.4739798803e-05 6.3934793983e-01 
1.1636694029e-05 1.0000000000e+00 
3.4623186382e-05 1.0000000000e+00 
1.6881294993e-05 1.0000000000e+00 
1.7987934839e-05 1.0000000000e+00 
1.4308191234e-05 6.9977754722e-01 
2.3307381501e-05 6.5295691989e-01 
1.7992844577e-05 6.6528806312e-01 
2.8009977945e-05 6.5693954062e-01 
4.9953255965e-06 9.9741734818e-01 
1.8394028200e-04 6.2382002611e-01 
1.9980984103e-05 6.7213216643e-01 
4.9993316650e-06 9.9892523469e-01 
3.6847853186e-05 5.8693430993e-01 
1.5803535495e-05 6.7677603960e-01 
5.3243282136e-05 6.2555321301e-01 
4.8726823224e-05 6.4383770408e-01 
4.9945641672e-06 9.9732341200e-01 
6.3517838627e-05 1.0000000000e+00 
6.0143589042e-05 6.2453317188e-01 
9.1246217019e-05 6.2267718828e-01 
2.9196604785e-05 6.4449590192e-01 
6.3487016208e-05 6.2133843844e-01 
2.0450070290e-05 1.0000000000e+00 
2.9638340365e-05 6.4438089803e-01 
4.9944991357e-06 9.9450147983e-01 
8.6784366534e-06 6.8071549793e-01 
2.0823596859e-05 5.8735538864e-01 
5.0032315284e-05 6.4513821611e-01 
1.2606953114e-05 5.9492656687e-01 
5.0959475024e-05 6.4027581973e-01 
7.4357341427e-06 1.0000000000e+00 
4.9980506857e-06 9.9896361865e-01 
5.5961970190e-05 5.6941114959e-01 
1.1617635132e-05 1.0000000000e+00 
2.0810906730e-05 6.0120675243e-01 
2.6222443928e-05 5.7620597441e-01 
2.4863241004e-05 6.6343386907e-01 
6.7056489734e-05 6.2318682559e-01 
1.4526675663e-05 6.7145675996e-01 
1.4506338103e-05 6.8240057191e-01 
1.0428078199e-04 1.0000000000e+00 
1.2963398262e-05 6.8161498292e-01 
4.4769846444e-05 6.5128365792e-01 
3.0094323108e-05 5.8187869941e-01 
3.1397435977e-05 5.6331710187e-01 
4.9950624554e-06 9.9721453065e-01 
4.9980460486e-06 9.9695208052e-01 
5.3202748638e-05 6.2973722914e-01 
2.8583471277e-05 6.5722142840e-01 
1.3989907443e-05 6.6399866560e-01 
1.2236268242e-05 5.8228169129e-01 
4.2597696155e-05 6.2479832439e-01 
8.0347244313e-06 1.0000000000e+00 
5.7634010732e-05 6.3031653849e-01 
9.7356842696e-05 6.1899193394e-01 
2.6575842173e-05 6.5442632616e-01 
6.1310345336e-05 6.2279701425e-01 
2.9097640191e-05 6.4570283007e-01 
4.3044465075e-05 6.3771402805e-01 
1.3620202264e-04 6.1008347476e-01 
1.1031644344e-05 6.8832485277e-01 
5.2770802013e-05 6.4590303737e-01 
4.3807347734e-05 6.3356831644e-01 
4.5811756977e-05 6.3661448052e-01 
4.5996540689e-05 6.3675968313e-01 
3.1857495068e-05 6.0778761224e-01 
7.3857330614e-05 5.9141181805e-01 
1.8012416423e-04 6.2452428125e-01 
1.1847249809e-05 1.0000000000e+00 
9.2268213300e-06 6.8423324307e-01 
5.9854359348e-05 6.2943086536e-01 
3.5582554577e-04 6.2545438256e-01 
9.4790376906e-05 6.3031068959e-01 
5.5819709254e-06 1.0000000000e+00 
1.1031172172e-05 1.0000000000e+00 
1.7067932913e-04 6.3190468608e-01 
8.6898498204e-06 1.0000000000e+00 
4.9903151020e-06 9.9564300574e-01 
5.8101246238e-06 6.9292840918e-01 
1.9945757208e-05 6.5672165016e-01 
2.7222388363e-05 5.9495733717e-01 
4.6798867377e-05 5.7437805655e-01 
9.0620097321e-06 6.8937154660e-01 
6.1925839649e-05 6.3831562180e-01 
3.4097696596e-05 5.6118571479e-01 
1.4469248757e-05 1.0000000000e+00 
1.2411658367e-05 1.0000000000e+00 
1.2658942055e-05 6.6406329225e-01 
4.9938441360e-06 9.9526505207e-01 
9.2007578732e-05 6.2497135613e-01 
1.2658940625e-05 6.8778154376e-01 
1.7248812218e-05 1.0000000000e+00 
1.8963706163e-05 6.7364109881e-01 
9.8076333723e-06 1.0000000000e+00 
6.2329132805e-05 6.3195730875e-01 
7.4054405516e-06 6.7134114708e-01 
4.9960307472e-06 9.9435074418e-01 
1.0951994100e-04 6.0967904859e-01 
2.0758283180e-05 6.1826659462e-01 
3.0824726243e-05 6.5927997958e-01 
8.2477277448e-05 6.3736954843e-01 
4.0844953519e-05 5.7847165663e-01 
1.5373885491e-05 1.0000000000e+00 
1.6286819877e-05 1.0000000000e+00 
4.7076301539e-05 5.5967772716e-01 
6.9199064688e-05 6.2343910621e-01 
1.3938554882e-05 1.0000000000e+00 
3.0780109350e-05 5.7063976603e-01 
1.5812951759e-05 6.6475834852e-01 
7.2020828662e-05 6.1788576706e-01 
7.7183454362e-06 6.9668631926e-01 
7.3330044713e-06 6.9126854418e-01 
6.6538417806e-05 6.3283766805e-01 
4.2723276329e-05 1.0000000000e+00 
3.8338676510e-05 6.1702520540e-01 
6.0895097475e-05 6.1993772589e-01 
1.5804828803e-05 6.0814463991e-01 
4.3051111949e-04 6.2513611990e-01 
2.1472981741e-05 5.7241180462e-01 
1.2635280208e-04 6.3465831646e-01 
1.0872307377e-04 6.1722145538e-01 
9.8946862366e-06 6.9346939476e-01 
1.8344313471e-05 6.5860203092e-01 
7.4454995090e-06 7.0361158070e-01 
5.9816798356e-05 6.2234480738e-01 
3.3743831973e-05 6.4664932326e-01 
4.0834631404e-05 5.7637536501e-01 
2.2846889178e-05 6.4980544244e-01 
1.4556910125e-04 6.1189696688e-01 
1.9113725059e-05 1.0000000000e+00 
1.3755245507e-04 1.0000000000e+00 
9.5217721064e-06 1.0000000000e+00 
6.2010444722e-06 6.9578018831e-01 
7.7997356299e-05 6.1690592416e-01 
5.2255691059e-05 6.4984703900e-01 
5.3757014251e-05 6.3052669996e-01 
8.9574400394e-06 1.0000000000e+00 
1.3678862412e-05 1.0000000000e+00 
4.4469292732e-05 6.3886141762e-01 
5.3659831339e-05 6.1632761839e-01 
5.5557283094e-06 6.9310788847e-01 
1.0256885698e-04 6.2754313829e-01 
3.6035724698e-05 6.6046221258e-01 
5.4011400035e-05 6.4540822096e-01 
6.6346115598e-06 7.0031291231e-01 
7.0068044119e-05 6.4786472928e-01 
5.9106710983e-05 6.2832263300e-01 
6.3213216561e-05 5.9791031674e-01 
6.0592267181e-05 6.3116837937e-01 
2.3135242226e-04 6.4590211827e-01 
1.3062149518e-05 6.7653549086e-01 
5.8354222076e-05 6.3891105245e-01 
3.3866616169e-05 5.6165020325e-01 
1.6093007777e-05 6.7049898879e-01 
2.2833017226e-04 6.1863046915e-01 
3.2220501669e-05 6.0559137517e-01 
4.3044696518e-05 5.6372025941e-01 
1.2910040969e-05 1.0000000000e+00 
3.0260199344e-05 5.8058803658e-01 
1.9708470047e-05 6.7285333446e-01 
3.4622634264e-05 6.6311646148e-01 
7.0904026789e-05 6.2579535170e-01 
1.9299166183e-05 1.0000000000e+00 
7.2913648515e-05 6.3641000593e-01 
1.7091599080e-05 6.8306251042e-01 
2.6529549596e-05 5.6547855568e-01 
1.3332570399e-05 5.9281031826e-01 
1.7584462897e-05 1.0000000000e+00 
5.8434089953e-05 6.1947481685e-01 
7.4570476830e-05 5.7035228065e-01 
3.1184116945e-05 5.7163492212e-01 
1.0840417321e-05 6.5672898356e-01 
3.1654905176e-05 6.3977240571e-01 
2.5797873350e-05 5.7804857539e-01 
1.3867724108e-05 7.0532797151e-01 
4.5935563598e-05 5.7651840425e-01 
2.4260760083e-05 6.0294478369e-01 
6.4963086112e-06 6.9633285844e-01 
1.3604234492e-04 6.0663279494e-01 
8.5283356759e-05 6.1658152223e-01 
2.6777719197e-05 6.1195064607e-01 
1.1647151112e-04 6.1055282515e-01 
2.1771366297e-05 7.0104683100e-01 
7.9802140649e-05 6.2008065916e-01 
1.2782748834e-05 1.0000000000e+00 
3.8014480795e-05 6.4785705967e-01 
9.7212157642e-05 5.6062162583e-01 
4.9977184970e-06 9.9807029492e-01 
1.3770158124e-05 6.2012430273e-01 
4.9988320732e-06 9.9909070298e-01 
4.8600429684e-05 6.4827817957e-01 
7.0982221539e-06 1.0000000000e+00 
1.4064682596e-04 6.0269860387e-01 
3.2324703340e-05 6.4803844689e-01 
8.4182692150e-06 6.8547611233e-01 
3.9348940429e-05 5.7071232908e-01 
1.9264307705e-05 6.9039502335e-01 
8.4597688297e-05 6.2036003151e-01 
1.2642616995e-04 6.2776208170e-01 
4.0987790107e-05 6.4063160685e-01 
5.7384716268e-05 5.8732681851e-01 
4.9980076390e-06 9.9707497851e-01 
4.9995778335e-06 9.9937751032e-01 
3.2763323358e-05 1.0000000000e+00 
8.8329235820e-05 6.1767901352e-01 
2.4521722367e-05 6.6968815042e-01 
1.2708533079e-05 1.0000000000e+00 
4.9998175888e-06 9.9936334591e-01 
1.3885382549e-05 5.9050796048e-01 
1.4648651152e-04 6.2165191837e-01 
3.6236281655e-05 6.5372983989e-01 
1.1418928858e-04 6.2826056986e-01 
1.9745121896e-05 1.0000000000e+00 
5.0160014148e-06 9.1816459656e-01 
9.3620963184e-05 6.1801612215e-01 
6.5061116016e-05 6.3615941614e-01 
4.4976966508e-05 6.4854028022e-01 
2.6873939308e-05 5.7169744598e-01 
2.1659056943e-05 1.0000000000e+00 
2.1152640579e-05 6.4850099336e-01 
2.5167753022e-04 5.9273995285e-01 
3.2492714245e-05 5.6438619953e-01 
3.7396909352e-05 5.6019220380e-01 
9.0133440453e-05 6.1654682419e-01 
9.8942247013e-06 6.0287225300e-01 
1.9062323368e-05 6.4510418851e-01 
9.0149451523e-05 6.2285013000e-01 
1.8821463788e-05 1.0000000000e+00 
7.2164435584e-05 6.3288867176e-01 
1.0855338598e-04 6.1371382579e-01 
5.1496536710e-05 6.3872605064e-01 
1.4030910074e-05 1.0000000000e+00 
9.6893620103e-05 6.1903134875e-01 
2.2208078892e-05 5.8887273444e-01 
3.1272181042e-05 5.6282434685e-01 
1.1739200232e-05 1.0000000000e+00 
5.9002231686e-05 6.3296530324e-01 
2.1511920559e-05 6.0866999231e-01 
6.4377455398e-05 6.3189665770e-01 
1.3693597426e-05 6.4049448542e-01 
7.1329449612e-06 1.0000000000e+00 
1.3272062585e-04 6.5207785776e-01 
1.1433858964e-05 6.5221394327e-01 
1.0315630631e-05 1.0000000000e+00 
1.3499842294e-05 6.6374552254e-01 
1.5326801346e-05 6.0320309669e-01 
2.5499829031e-05 6.5937985022e-01 
7.1895501349e-06 6.9747597287e-01 
2.3969784670e-05 5.8710670635e-01 
1.3249323374e-05 6.5434269502e-01 
3.0367774329e-05 5.6540459959e-01 
6.6826711496e-05 6.2666403613e-01 
1.5642449372e-05 7.0636123563e-01 
7.4352461677e-06 1.0000000000e+00 
1.9866879052e-05 1.0000000000e+00 
4.9996239336e-06 9.9878620989e-01 
2.5862291447e-05 6.5873233395e-01 
7.5981489515e-05 6.0964886746e-01 
4.9982170403e-06 9.9637844948e-01 
8.5645983060e-05 6.2342017864e-01 
4.9723155377e-05 6.2358678684e-01 
6.5848953530e-06 6.9207922335e-01 
7.2807357501e-05 6.2143299288e-01 
2.1846032146e-05 6.6006469571e-01 
3.8433955177e-05 6.5225431435e-01 
9.3688413068e-06 1.0000000000e+00 
4.6397917622e-05 6.5235650853e-01 
7.8901729812e-05 6.4289061941e-01 
2.7160952184e-05 5.7215979173e-01 
2.7670020940e-05 6.6279672779e-01 
2.6846610636e-05 5.6983356608e-01 
4.9999035232e-06 9.9936192287e-01 
2.6484764783e-05 6.3745458407e-01 
7.6087723328e-05 6.2319363235e-01 
6.4851026031e-05 6.2619557115e-01 
7.1271632683e-06 6.9099532581e-01 
1.6628469874e-05 6.6665339592e-01 
1.7195255361e-05 1.0000000000e+00 
1.1734961358e-05 6.6402520547e-01 
2.7761125320e-05 6.5930375403e-01 
1.8678008827e-05 6.8164190745e-01 
4.8367190661e-05 6.4500746998e-01 
4.6076356235e-05 6.5310557115e-01 
5.5623450636e-05 6.1822702328e-01 
8.4942310013e-06 6.8036166636e-01 
9.3647296731e-06 1.0000000000e+00 
2.0029957480e-05 1.0000000000e+00 
5.3600123515e-05 6.4762261886e-01 
4.4187903566e-05 6.1557368953e-01 
3.4118702639e-05 6.4163568039e-01 
1.5184470836e-04 6.0142735873e-01 
2.3609580246e-05 5.7662900048e-01 
5.2206264843e-05 6.4350659963e-01 
5.1355477968e-05 6.3469894356e-01 
8.6118910850e-06 1.0000000000e+00 
2.5219155477e-05 6.1356321338e-01 
7.9192057647e-06 1.0000000000e+00 
4.9991029255e-06 9.9892712062e-01 
1.0071559464e-05 6.6111181226e-01 
3.3121880841e-05 5.9761607598e-01 
7.6197156113e-05 6.3583221699e-01 
1.6231993294e-05 5.8968468495e-01 
4.0986048763e-05 6.4300367471e-01 
4.5933491298e-05 6.2497581061e-01 
2.9418392534e-05 6.2625063613e-01 
2.4299406052e-05 6.6290010742e-01 
2.2804590158e-05 5.6833991039e-01 
7.4366460546e-06 6.6171463783e-01 
1.4953622629e-05 5.7757018095e-01 
1.4777693526e-04 6.1099534110e-01 
5.7760604992e-05 6.4063181932e-01 
5.1845502295e-05 6.3834573906e-01 
1.0603532578e-05 1.0000000000e+00 
7.9123288391e-05 6.2454317239e-01 
1.4214436508e-05 1.0000000000e+00 
1.7049789812e-05 1.0000000000e+00 
1.2573663895e-05 1.0000000000e+00 
4.9977597704e-06 9.9753627906e-01 
4.9977628815e-06 9.9635092944e-01 
3.1916475073e-05 6.4326541673e-01 
3.5802593188e-05 6.4869012426e-01 
6.5676740634e-05 6.3013996958e-01 
4.1454577527e-05 5.6443079697e-01 
4.9997391733e-06 9.9931252668e-01 
4.9113788179e-05 6.4901057939e-01 
4.9990595237e-06 9.9932093897e-01 
4.9729910586e-06 9.9319118568e-01 
1.3490477253e-04 6.2409053177e-01 
2.3053005769e-05 6.6819719461e-01 
7.7392752716e-05 6.3018225834e-01 
2.5966137216e-05 5.7357216742e-01 
2.7434899181e-05 6.4860100437e-01 
4.2255476836e-05 6.5479502568e-01 
6.8875442878e-05 6.3580753880e-01 
7.6491718541e-05 6.1722324094e-01 
1.0408293334e-05 6.8612679709e-01 
4.9952843955e-06 9.9468571190e-01 
6.3051999991e-06 6.8808745987e-01 
1.2544196375e-05 6.7522570548e-01 
1.7341322129e-05 6.3418641880e-01 
2.9666285951e-05 7.3708134754e-01 
2.3009058503e-05 5.9936090310e-01 
2.5000178492e-05 1.0000000000e+00 
7.0075184052e-05 6.2994290385e-01 
1.0641316047e-04 6.0530518938e-01 
4.9982150786e-06 9.9736947120e-01 
5.1208085968e-05 5.6645456596e-01 
2.4354298071e-05 1.0000000000e+00 
3.5413012145e-05 5.6868236902e-01 
4.9934160123e-06 9.9517248310e-01 
1.6115676075e-05 1.0000000000e+00 
2.7411260272e-05 5.7090105362e-01 
1.0426320534e-04 6.3587648834e-01 
1.8206939260e-05 6.6515501090e-01 
2.7398791924e-05 5.6732665914e-01 
4.0383340318e-05 5.7237009572e-01 
6.9673365354e-05 6.3684253837e-01 
3.1669810819e-05 6.4887269557e-01 
3.2827045371e-05 6.5766957661e-01 
1.5666082158e-05 6.3865476825e-01 
8.9243862555e-05 6.2344614599e-01 
8.0822455510e-05 6.2041972398e-01 
1.3671694571e-05 6.6172569684e-01 
1.8385334103e-05 6.1530116526e-01 
2.9962587401e-05 5.6441560066e-01 
3.5994391054e-05 6.4205835522e-01 
4.0007806184e-05 6.4568445809e-01 
1.3323259929e-04 6.0435972066e-01 
1.2076919434e-05 6.7895759583e-01 
4.9974837912e-06 9.9780932290e-01 
7.2310384695e-05 6.2909327430e-01 
2.4868199547e-04 5.9458369154e-01 
1.2153192612e-04 6.1976729537e-01 
1.7602859440e-05 5.8417903453e-01 
5.5565299193e-05 6.3478994286e-01 
2.6957670306e-05 5.9334765788e-01 
6.8339927270e-05 6.3670415120e-01 
2.3467496652e-05 6.5158682854e-01 
2.2885060971e-05 6.6090586227e-01 
2.5516352292e-05 6.6010697283e-01 
2.0551564881e-05 6.2726145787e-01 
2.2849967916e-05 5.6952105439e-01 
1.5502150838e-05 6.8279888530e-01 
5.4645386964e-05 5.9236612453e-01 
4.1112717129e-05 6.4813849424e-01 
3.4991367047e-05 6.4592542111e-01 
9.5517125918e-05 1.0000000000e+00 
2.0699591287e-05 5.6909634420e-01 
1.2696733491e-05 6.7658330187e-01 
4.8286801167e-05 5.6491310561e-01 
2.0033282183e-05 6.5381276098e-01 
2.2246954125e-04 6.7213107872e-01 
1.7478564261e-04 6.0223755544e-01 
4.6078956133e-05 6.0547712712e-01 
7.7239778679e-06 1.0000000000e+00 
4.9993553986e-06 9.9828685869e-01 
5.3165864148e-05 6.4396747842e-01 
1.5986748360e-05 6.9071397285e-01 
6.0536610239e-05 6.3339650302e-01 
1.5134042210e-05 1.0000000000e+00 
5.3014249184e-06 7.0708049642e-01 
6.1344359780e-05 6.1981160064e-01 
1.5865442808e-05 6.8069230938e-01 
2.8366922444e-04 5.9158229328e-01 
2.4669511017e-05 6.6414734139e-01 
9.2530923944e-05 6.1742549118e-01 
5.8646781384e-05 6.5516778062e-01 
1.2669710246e-04 6.0409436700e-01 
1.5783825384e-04 6.0644101329e-01 
4.7505609271e-05 6.5010286278e-01 
3.0694804884e-05 1.0000000000e+00 
4.1575690708e-05 6.4882909442e-01 
1.7377188271e-05 1.0000000000e+00 
1.6892728700e-05 7.1555346115e-01 
1.8245461154e-05 1.0000000000e+00 
7.2679191836e-05 6.2268895896e-01 
2.0133233522e-04 6.1114640376e-01 
8.4574909415e-05 6.1587800123e-01 
4.9990195878e-06 9.9679298242e-01 
4.9912985464e-06 9.9678245660e-01 
1.5427341528e-05 5.9561829630e-01 
1.5035904666e-05 6.8119209841e-01 
4.9994494312e-06 9.9914152568e-01 
1.5016622153e-04 6.1677524568e-01 
2.7031287654e-05 6.7595832092e-01 
4.9963157385e-06 9.9738227304e-01 
9.1467210710e-05 6.3035960761e-01 
3.6210381988e-05 6.5633372158e-01 
7.0551087168e-06 1.0000000000e+00 
1.2762808405e-04 6.0577608906e-01 
3.9948788262e-05 6.4083885241e-01 
1.9079780420e-05 1.0000000000e+00 
4.9993489142e-06 9.9907233681e-01 
6.0402856578e-05 6.2627977428e-01 
5.2838850922e-05 6.5804117130e-01 
2.1610078755e-04 5.7509103568e-01 
6.6068103601e-06 1.0000000000e+00 
5.5351569430e-05 6.2812037615e-01 
1.4953655119e-05 1.0000000000e+00 
4.2869457589e-05 5.7817970216e-01 
6.3395549291e-05 6.1957892489e-01 
4.9962033705e-06 9.9660678497e-01 
1.5687427285e-05 6.7396821657e-01 
2.2384815243e-05 6.6544849885e-01 
4.2940351272e-05 6.3830949178e-01 
2.3002491003e-05 1.0000000000e+00 
1.7617246429e-04 5.9123892357e-01 
6.3255236949e-05 6.3100942610e-01 
7.1381061244e-05 5.7081891784e-01 
8.4071523020e-05 6.2011184534e-01 
1.2252528972e-04 6.4648004330e-01 
7.1001384173e-05 5.9861461647e-01 
1.3830260284e-05 6.6002833908e-01 
3.4679701209e-05 6.1171623766e-01 
8.0427337665e-05 6.3053286616e-01 
5.2518520405e-05 6.0237841789e-01 
4.9995042795e-06 9.9881878369e-01 
8.1340550674e-06 7.0228015759e-01 
1.1895453872e-04 6.2505935896e-01 
1.2097527702e-04 6.1745700173e-01 
1.7102605388e-05 6.6288953226e-01 
6.2222768915e-06 1.0000000000e+00 
4.9999250429e-06 9.9913283531e-01 
2.9605449726e-05 1.0000000000e+00 
8.2841090628e-06 6.7741026587e-01 
4.2164001432e-05 5.9775504678e-01 
7.5108524661e-05 6.2697958830e-01 
1.1592006131e-05 1.0000000000e+00 
4.5195261531e-05 6.3343362323e-01 
6.2326021893e-05 6.2050772823e-01 
3.3952772866e-05 5.5948305791e-01 
5.4394425272e-05 6.3102163901e-01 
2.6612727178e-05 5.7390173478e-01 
1.7498876986e-05 6.6013008761e-01 
1.0725583465e-05 6.8347400377e-01 
7.7586569321e-05 6.1717907178e-01 
1.6670593245e-05 1.0000000000e+00 
6.1045552858e-06 1.0000000000e+00 
4.9943519591e-06 9.9373158829e-01 
4.9993884598e-06 9.9850072848e-01 
2.3574702117e-05 6.6095750518e-01 
1.8399117901e-05 6.7123604992e-01 
4.9999153116e-06 9.9790228871e-01 
7.9400191271e-06 1.0000000000e+00 
6.5639209824e-06 7.0632951816e-01 
3.2172850129e-05 6.5814193968e-01 
3.1102528451e-05 6.2428382006e-01 
2.2405656696e-05 5.9912291563e-01 
5.3115668977e-05 6.3435554991e-01 
4.8798566215e-05 6.3663252385e-01 
7.1140754506e-05 6.3438278773e-01 
4.9998563135e-06 9.9818554242e-01 
1.2692818729e-05 5.8114462090e-01 
3.9296143607e-05 5.6559571459e-01 
3.5764679649e-05 1.0000000000e+00 
2.2021967133e-05 1.0000000000e+00 
8.7595383667e-05 6.1614911907e-01 
