3.8291493520e-10 1.1601243110e+04 8.2779112117e-01 2.7000000000e-01 
4.6548139880e-11 1.2932171226e+04 1.0101812717e+00 2.7000000000e-01 
1.2274987062e-09 1.2036075946e+04 1.3092199217e+00 2.7000000000e-01 
1.4738924760e-10 1.1538016616e+04 7.6092974276e-01 2.7000000000e-01 
1.7072013785e-10 1.2265679072e+04 1.2860940301e+00 2.7000000000e-01 
7.5336555033e-09 1.9838419727e+04 1.2180472397e+00 2.7000000000e-01 
1.5077884469e-09 1.4325992359e+04 3.2416594791e-01 2.7000000000e-01 
8.4526032304e-07 1.7834311649e+04 7.2078787708e-01 2.7000000000e-01 
5.5750835546e-09 1.4696707499e+04 6.8481894640e-01 2.7000000000e-01 
3.9916953191e-11 2.4632739435e+04 5.3164005616e-01 2.7000000000e-01 
3.5335610831e-06 1.2686982786e+04 1.1556615149e+00 2.7000000000e-01 
9.7162054461e-09 1.6382322951e+04 8.1542401729e-01 2.7000000000e-01 
4.1719185965e-09 2.3700048439e+04 1.0225108426e+00 2.7000000000e-01 
1.3490213158e-09 1.1874371074e+04 4.0724450254e-01 2.7000000000e-01 
1.5536638582e-09 1.7071303439e+04 8.7425807841e-01 2.7000000000e-01 
4.9715896426e-09 1.2149764593e+04 8.3313212043e-01 2.7000000000e-01 
5.4366419490e-09 1.3747502164e+04 1.0619906350e+00 2.7000000000e-01 
4.8005425774e-11 2.4476096785e+04 5.4440100340e-01 2.7000000000e-01 
7.5140448688e-09 1.1492756541e+04 1.4534681540e+00 2.7000000000e-01 
1.8756804521e-08 1.1899152567e+04 4.4770634807e-01 2.7000000000e-01 
2.8214274601e-08 1.1816824533e+04 1.0777731580e+00 2.7000000000e-01 
9.1568186653e-10 1.4384861764e+04 8.8837325202e-01 2.7000000000e-01 
1.5462134441e-08 1.1582336359e+04 5.1851062229e-01 2.7000000000e-01 
2.5116242413e-10 1.1280337028e+04 1.1860525940e+00 2.7000000000e-01 
1.9468115716e-09 1.3536723362e+04 4.2656589445e-01 2.7000000000e-01 
1.5688493839e-09 2.5000000000e+04 1.0791275726e+00 2.7000000000e-01 
2.1992993624e-10 1.7721514638e+04 3.1740571190e-01 2.7000000000e-01 
2.1957842025e-10 1.1870169793e+04 3.2456583215e-01 2.7000000000e-01 
3.2584801626e-08 1.3794599015e+04 8.8114681039e-01 2.7000000000e-01 
4.9708388618e-11 1.5206091450e+04 7.6944023462e-01 2.7000000000e-01 
3.3020996811e-08 1.3384827600e+04 7.4039562933e-01 2.7000000000e-01 
1.3374701744e-11 1.7280173654e+04 1.0239252894e+00 2.7000000000e-01 
5.6519373781e-10 2.5000000000e+04 2.0430010405e-01 2.7000000000e-01 
4.4525972842e-09 1.2174812707e+04 1.0473066461e+00 2.7000000000e-01 
4.6163795602e-11 1.1432014769e+04 7.8634310688e-01 2.7000000000e-01 
2.2111956343e-10 1.1694331511e+04 4.1041472015e-01 2.7000000000e-01 
4.6317123574e-10 1.3015319913e+04 6.1471599731e-01 2.7000000000e-01 
2.7024605197e-09 1.5589549894e+04 9.0308753253e-01 2.7000000000e-01 
2.0155067465e-08 1.1754800029e+04 6.5556126785e-01 2.7000000000e-01 
1.1651232710e-09 1.6334236172e+04 5.2133966962e-01 2.7000000000e-01 
3.8446416464e-08 1.7839215721e+04 8.7892796588e-01 2.7000000000e-01 
3.3250600043e-08 1.5247760567e+04 1.5067516880e+00 2.7000000000e-01 
7.9568284901e-09 1.7510120367e+04 7.3720428450e-01 2.7000000000e-01 
3.1817644346e-09 1.5685750048e+04 1.2450053384e+00 2.7000000000e-01 
7.1977739252e-10 1.2279966258e+04 3.3011523244e-01 2.7000000000e-01 
7.5417435063e-10 1.1858846735e+04 6.1752204544e-01 2.7000000000e-01 
5.4211005167e-11 2.5000000000e+04 1.6961816270e-01 2.7000000000e-01 
1.8219380085e-07 2.1610964582e+04 9.0895099533e-01 2.7000000000e-01 
7.1236809782e-09 1.2289167759e+04 7.6649314522e-01 2.7000000000e-01 
5.3127221637e-09 1.4692067532e+04 7.2368341085e-01 2.7000000000e-01 
3.1636351309e-10 1.5956190265e+04 3.5745341020e-01 2.7000000000e-01 
4.5965376966e-11 1.5564382940e+04 6.3662923279e-01 2.7000000000e-01 
2.6443242240e-09 1.2003987204e+04 4.7367957414e-01 2.7000000000e-01 
1.5221967218e-11 1.1316015128e+04 6.0472225547e-01 2.7000000000e-01 
1.0795114201e-08 1.2355222299e+04 8.1596505493e-01 2.7000000000e-01 
2.9712752552e-07 1.2098386250e+04 6.1103536864e-01 2.7000000000e-01 
9.1592440412e-09 1.4627946795e+04 3.8075598418e-01 2.7000000000e-01 
2.0300542763e-08 1.1772043952e+04 3.3812355237e-01 2.7000000000e-01 
1.1624919810e-09 1.4101395502e+04 7.7595228908e-01 2.7000000000e-01 
3.4905847614e-08 1.3408841100e+04 1.2322344346e-01 2.7000000000e-01 
4.5579258694e-06 1.2980843367e+04 7.3244683866e-01 2.7000000000e-01 
6.1703088769e-11 2.4210848857e+04 1.2753056014e+00 2.7000000000e-01 
6.6509957747e-09 1.4165925239e+04 1.1566326403e+00 2.7000000000e-01 
2.6213022346e-09 1.3187766443e+04 9.5618479188e-01 2.7000000000e-01 
1.0178301891e-08 1.2900566648e+04 6.1618160097e-01 2.7000000000e-01 
1.2715801070e-07 1.3881867073e+04 1.1426500094e-01 2.7000000000e-01 
7.9799469073e-10 1.2085577701e+04 1.0078628142e+00 2.7000000000e-01 
1.0838600269e-08 1.2942145597e+04 1.2157807613e+00 2.7000000000e-01 
3.7787585163e-06 1.2803158750e+04 1.1553839923e+00 2.7000000000e-01 
5.2041681341e-11 1.3480310275e+04 8.5097870705e-01 2.7000000000e-01 
8.1424443241e-09 1.7957987195e+04 3.9396370468e-01 2.7000000000e-01 
1.5955161623e-07 1.3154728070e+04 2.2771191395e-01 2.7000000000e-01 
3.2400337119e-06 1.2010529000e+04 1.3778295645e+00 2.7000000000e-01 
2.8933006284e-08 1.2599977315e+04 1.2141656050e+00 2.7000000000e-01 
5.1009170993e-12 1.3075206479e+04 8.7925884444e-01 2.7000000000e-01 
3.9985768412e-11 1.3175904586e+04 9.3362625911e-01 2.7000000000e-01 
3.7732613193e-06 1.3320057983e+04 1.2222046286e+00 2.7000000000e-01 
1.9349257920e-11 1.1476710024e+04 2.1463461679e-01 2.7000000000e-01 
1.2643332340e-08 2.4733399355e+04 1.6153170967e-01 2.7000000000e-01 
2.6415693834e-10 1.9005400542e+04 1.8908050103e-01 2.7000000000e-01 
1.0478899668e-09 1.4741243717e+04 2.3403025216e-01 2.7000000000e-01 
5.4766578288e-10 1.2952133480e+04 4.9010750602e-01 2.7000000000e-01 
2.6888912204e-09 1.1379239703e+04 5.9839349741e-01 2.7000000000e-01 
5.9582845344e-08 1.9005540422e+04 8.0000872120e-01 2.7000000000e-01 
1.1980155310e-07 1.3498098222e+04 8.0362775610e-01 2.7000000000e-01 
9.8853916215e-10 1.1464985604e+04 2.5295155876e-01 2.7000000000e-01 
8.8822828608e-11 1.1493286811e+04 1.4142387716e+00 2.7000000000e-01 
5.8442094515e-11 1.2826389831e+04 8.2079941439e-01 2.7000000000e-01 
1.7869717341e-10 1.6166720228e+04 2.8509809085e-01 2.7000000000e-01 
1.4440497439e-07 2.5000000000e+04 1.2815459401e+00 2.7000000000e-01 
5.1862865048e-08 1.1906374737e+04 9.8918522373e-01 2.7000000000e-01 
5.3738857921e-11 1.2757831826e+04 5.3720470233e-01 2.7000000000e-01 
1.5047496297e-10 2.0160123635e+04 1.4238592684e+00 2.7000000000e-01 
1.7912915059e-08 1.6637044028e+04 7.9147842022e-01 2.7000000000e-01 
2.8950287898e-11 1.2579126643e+04 3.8145425773e-01 2.7000000000e-01 
3.3594896531e-08 1.2582925526e+04 7.3180050037e-01 2.7000000000e-01 
3.3671398169e-06 2.0273035009e+04 6.8055890023e-01 2.7000000000e-01 
9.6570295581e-10 2.5000000000e+04 9.5235003339e-01 2.7000000000e-01 
4.9463097057e-07 1.1762989293e+04 2.4324084775e-01 2.7000000000e-01 
2.2253918958e-10 1.1854858623e+04 6.2019052966e-01 2.7000000000e-01 
2.6569231905e-07 1.6155479535e+04 8.3781939100e-01 2.7000000000e-01 
6.8693138217e-07 1.3900648099e+04 9.8677143854e-01 2.7000000000e-01 
1.8038020094e-09 1.1557676630e+04 4.5115174960e-01 2.7000000000e-01 
1.0747454165e-10 1.1440534547e+04 9.1557772503e-01 2.7000000000e-01 
1.3133253085e-10 1.2748467890e+04 1.0191750558e+00 2.7000000000e-01 
2.5274735815e-09 1.1323032321e+04 8.6816025971e-01 2.7000000000e-01 
4.8575067108e-08 1.1951589231e+04 4.0867235612e-01 2.7000000000e-01 
8.3931749398e-11 1.2270452872e+04 7.3335515542e-01 2.7000000000e-01 
7.4501334521e-10 1.2101093481e+04 4.0675441934e-01 2.7000000000e-01 
4.4397031351e-07 1.7680922411e+04 4.8671163172e-01 2.7000000000e-01 
1.8945190310e-08 1.1313696974e+04 6.3280992305e-01 2.7000000000e-01 
1.1345174874e-09 1.9345278305e+04 8.3281223036e-01 2.7000000000e-01 
9.9464624437e-08 1.9592943809e+04 7.8165768862e-01 2.7000000000e-01 
6.4333037485e-08 1.2780428383e+04 7.5839247757e-01 2.7000000000e-01 
2.2865478792e-09 1.3902719677e+04 1.4495080568e+00 2.7000000000e-01 
1.4102647112e-09 1.3871449791e+04 1.2608903404e+00 2.7000000000e-01 
1.4556276568e-08 1.1489930020e+04 2.6847925316e-01 2.7000000000e-01 
9.7664365937e-11 1.2545489710e+04 3.5347307842e-01 2.7000000000e-01 
2.4004608339e-05 1.2467138498e+04 1.3674742715e+00 2.7000000000e-01 
2.4737622579e-10 1.3418130261e+04 6.2132477526e-01 2.7000000000e-01 
6.5308247481e-07 1.3054949397e+04 1.1650099123e+00 2.7000000000e-01 
7.1076259691e-07 1.2390239956e+04 6.8180408989e-01 2.7000000000e-01 
2.7518612333e-09 1.8853149506e+04 9.1445905698e-01 2.7000000000e-01 
8.1887212540e-10 1.5067914265e+04 3.1833489218e-01 2.7000000000e-01 
3.0302412432e-10 2.1373490238e+04 1.0840681546e+00 2.7000000000e-01 
1.3942765251e-08 1.1674181463e+04 4.2979432420e-01 2.7000000000e-01 
1.5538913946e-08 1.4021279135e+04 3.9105746146e-01 2.7000000000e-01 
1.7390826659e-09 1.3423097282e+04 1.0781119479e+00 2.7000000000e-01 
9.3910268414e-10 1.4122821480e+04 2.3687859351e-01 2.7000000000e-01 
6.5155416428e-07 1.1490787516e+04 8.4930428215e-01 2.7000000000e-01 
2.0514902857e-10 1.1502722058e+04 1.1712694989e+00 2.7000000000e-01 
7.6311798446e-08 1.3480437785e+04 1.4370307057e+00 2.7000000000e-01 
2.6105213228e-11 1.2490084440e+04 4.2633390401e-01 2.7000000000e-01 
1.1731103137e-09 1.9079692467e+04 4.7762135890e-01 2.7000000000e-01 
5.2711489884e-08 1.1389876534e+04 2.2734760248e-01 2.7000000000e-01 
3.7427579349e-08 1.4094298519e+04 9.9750609142e-01 2.7000000000e-01 
3.4288094891e-08 1.2612882253e+04 2.4258670641e-01 2.7000000000e-01 
2.1073720087e-11 1.1587422261e+04 1.1815907358e+00 2.7000000000e-01 
7.5243924050e-11 1.1868090129e+04 1.0426984697e+00 2.7000000000e-01 
6.6913195599e-09 1.3002575749e+04 7.2835380510e-01 2.7000000000e-01 
6.0212985141e-09 1.1268678860e+04 1.6992762198e-01 2.7000000000e-01 
1.9447495761e-10 1.9174659970e+04 1.7858997286e-01 2.7000000000e-01 
7.2058175908e-08 1.2138026788e+04 1.0989050045e+00 2.7000000000e-01 
6.9083913542e-09 1.5219180832e+04 1.0661547858e+00 2.7000000000e-01 
1.8865417100e-07 1.4324875032e+04 8.6091607556e-01 2.7000000000e-01 
2.9235911597e-07 2.0857655369e+04 1.0766179948e+00 2.7000000000e-01 
2.5353067683e-07 1.4328704389e+04 1.0935898802e+00 2.7000000000e-01 
4.3684512485e-08 1.2451644666e+04 3.3240435784e-01 2.7000000000e-01 
6.1972113529e-09 1.2352048401e+04 1.2766657136e+00 2.7000000000e-01 
1.9314744728e-06 1.4784823507e+04 5.8426735896e-01 2.7000000000e-01 
8.4599796559e-07 1.3673221213e+04 1.3891386777e+00 2.7000000000e-01 
3.2429093699e-09 1.6876486289e+04 5.0928387360e-01 2.7000000000e-01 
2.6140142517e-07 1.4013464448e+04 7.4840276024e-01 2.7000000000e-01 
9.4015063298e-10 1.1465037718e+04 5.8704697575e-01 2.7000000000e-01 
1.0783050854e-09 1.6392587277e+04 7.1505059189e-01 2.7000000000e-01 
5.1931797671e-07 1.1459070094e+04 1.3097894398e+00 2.7000000000e-01 
9.3542265452e-10 1.2567864708e+04 5.0887699225e-01 2.7000000000e-01 
1.9859956191e-09 1.1934352926e+04 8.5877368806e-01 2.7000000000e-01 
6.3091334497e-11 1.1281035620e+04 1.3338441973e+00 2.7000000000e-01 
6.6988321702e-10 1.1380329482e+04 6.7381809826e-01 2.7000000000e-01 
1.7244015112e-09 1.6693385398e+04 9.6566799078e-01 2.7000000000e-01 
1.0741410472e-09 1.2290098850e+04 1.1689776544e+00 2.7000000000e-01 
1.3130108746e-08 1.2004888125e+04 9.7723522348e-01 2.7000000000e-01 
2.1414762957e-10 1.2365245277e+04 1.1273369508e+00 2.7000000000e-01 
6.0138522627e-08 1.2965411344e+04 9.7603544906e-01 2.7000000000e-01 
3.1013426619e-08 1.7727437368e+04 9.9511231285e-01 2.7000000000e-01 
4.6218692038e-10 1.2323148125e+04 4.6054392064e-01 2.7000000000e-01 
5.8471484752e-11 1.4324484954e+04 6.2048872402e-01 2.7000000000e-01 
1.5957702565e-10 1.1959501951e+04 1.2235629384e+00 2.7000000000e-01 
1.0609304907e-08 1.1427299897e+04 2.8369769459e-01 2.7000000000e-01 
1.0525412990e-08 1.2422516390e+04 1.2037006157e+00 2.7000000000e-01 
7.3287977377e-10 1.1859554349e+04 7.6268495037e-01 2.7000000000e-01 
3.8357279281e-11 1.7952047720e+04 7.6989172739e-01 2.7000000000e-01 
8.0216460692e-10 1.1482460776e+04 9.8927567286e-01 2.7000000000e-01 
4.3836737217e-10 1.3852072206e+04 8.6887563496e-01 2.7000000000e-01 
1.0431619994e-07 2.0291652711e+04 1.2635379667e+00 2.7000000000e-01 
2.5471752425e-09 1.1633157102e+04 6.8924329178e-01 2.7000000000e-01 
3.5162787197e-10 1.2381128617e+04 8.5056613175e-01 2.7000000000e-01 
3.5792106206e-08 1.9803460133e+04 8.0332451140e-01 2.7000000000e-01 
1.9271670460e-05 1.3980372688e+04 7.4112624275e-01 2.7000000000e-01 
7.0024940108e-07 1.2861606111e+04 8.8919259358e-02 2.7000000000e-01 
4.7416458048e-10 1.1230688179e+04 6.9172789044e-01 2.7000000000e-01 
1.4054433572e-06 1.2456526911e+04 4.9858751395e-01 2.7000000000e-01 
2.7519121547e-10 1.1307077616e+04 7.7850176617e-01 2.7000000000e-01 
2.8808507062e-08 1.1488504259e+04 7.8527607126e-01 2.7000000000e-01 
6.2400842002e-11 1.3145168369e+04 1.0048393619e+00 2.7000000000e-01 
6.1894562420e-08 1.4470878339e+04 5.8101851072e-01 2.7000000000e-01 
2.2386793132e-08 1.1563183073e+04 1.2455379793e+00 2.7000000000e-01 
2.8148022689e-09 2.5000000000e+04 6.4730885774e-01 2.7000000000e-01 
7.3528185203e-11 1.6004946882e+04 6.2934574165e-01 2.7000000000e-01 
2.7336697298e-07 2.5000000000e+04 8.0927846553e-01 2.7000000000e-01 
4.1243531834e-07 1.5034572006e+04 8.6296062813e-01 2.7000000000e-01 
1.0565229912e-11 1.3878252209e+04 8.1094095244e-01 2.7000000000e-01 
7.8576906723e-07 1.1267960429e+04 4.2072635058e-01 2.7000000000e-01 
6.2068049643e-09 1.3884100023e+04 5.1267147379e-01 2.7000000000e-01 
1.8387319567e-09 1.7917204433e+04 2.7615458279e-01 2.7000000000e-01 
1.4783393261e-09 1.2209121734e+04 9.9548045014e-01 2.7000000000e-01 
7.5976068314e-09 1.8556419822e+04 1.1934235336e+00 2.7000000000e-01 
1.7635213177e-08 1.1888776702e+04 1.1016696994e+00 2.7000000000e-01 
6.3603991681e-07 1.2610541358e+04 1.0690746114e+00 2.7000000000e-01 
4.3975562097e-08 1.3747418561e+04 2.3785878558e-01 2.7000000000e-01 
5.0531524828e-09 1.2462521114e+04 1.0568781547e+00 2.7000000000e-01 
1.3236097299e-10 2.2928080287e+04 1.0007538254e+00 2.7000000000e-01 
1.0398340449e-09 2.3631950015e+04 8.6703645504e-01 2.7000000000e-01 
1.0379891702e-09 1.2615598013e+04 1.3332870103e+00 2.7000000000e-01 
4.3495510623e-08 1.1298884334e+04 7.6125959881e-01 2.7000000000e-01 
2.3743658803e-07 1.7015342857e+04 9.4227782019e-01 2.7000000000e-01 
6.0182984732e-11 1.2250851833e+04 1.3419916542e+00 2.7000000000e-01 
1.1120278937e-06 2.1540930343e+04 8.1399625029e-01 2.7000000000e-01 
6.6121650049e-11 1.4737757384e+04 7.4938158002e-01 2.7000000000e-01 
2.3403810639e-05 1.4343458263e+04 1.0648025089e+00 2.7000000000e-01 
2.4374514870e-08 1.4570489828e+04 7.7976780305e-01 2.7000000000e-01 
1.8079064719e-06 1.3375268568e+04 9.8827790559e-01 2.7000000000e-01 
2.3647426667e-10 1.1730431815e+04 9.3166275293e-01 2.7000000000e-01 
2.6989184441e-06 2.1067005188e+04 7.8312122005e-01 2.7000000000e-01 
1.3909470279e-07 1.1675658200e+04 5.8963004483e-01 2.7000000000e-01 
6.2666180229e-08 1.3053061427e+04 8.4739814799e-01 2.7000000000e-01 
3.2581659143e-08 1.4114621863e+04 8.5475942568e-01 2.7000000000e-01 
4.9113206594e-10 1.2851671318e+04 6.3209874380e-01 2.7000000000e-01 
3.1842363355e-10 1.1535825283e+04 9.0354446531e-01 2.7000000000e-01 
5.6379342676e-10 1.4227295283e+04 2.3942386188e-01 2.7000000000e-01 
1.8442820762e-05 1.2144687606e+04 8.6924710123e-01 2.7000000000e-01 
8.4353521549e-10 1.2202386397e+04 7.3387875581e-01 2.7000000000e-01 
1.3079969885e-09 1.1203583638e+04 1.9098114348e-01 2.7000000000e-01 
5.3656044453e-08 1.1230809808e+04 6.8325564610e-01 2.7000000000e-01 
2.4079451267e-11 1.4812671036e+04 3.7388825687e-01 2.7000000000e-01 
2.1266641066e-10 1.5146504002e+04 7.0908597386e-01 2.7000000000e-01 
1.5786449892e-07 1.2084088116e+04 7.0603973273e-01 2.7000000000e-01 
2.0523050972e-10 1.2790443025e+04 1.0726172962e+00 2.7000000000e-01 
1.2402463945e-07 1.2945295361e+04 7.9650566083e-01 2.7000000000e-01 
8.9036273206e-07 1.2387070696e+04 5.1655952317e-01 2.7000000000e-01 
3.6959624968e-08 1.3312557382e+04 6.9218053943e-01 2.7000000000e-01 
8.1195835078e-11 1.2359175946e+04 1.1206556609e+00 2.7000000000e-01 
2.5454781082e-07 1.2013652162e+04 6.1671735756e-01 2.7000000000e-01 
2.6847726600e-10 1.3342177059e+04 8.9109530608e-01 2.7000000000e-01 
7.6393954038e-10 1.1625120292e+04 1.9490640113e-02 2.7000000000e-01 
4.7485123583e-11 1.1713826962e+04 1.0123331193e+00 2.7000000000e-01 
1.5600705868e-07 1.3376266767e+04 5.0461446099e-01 2.7000000000e-01 
2.4607854940e-10 1.2344764892e+04 7.5679453977e-01 2.7000000000e-01 
4.3476774350e-08 1.2625099550e+04 7.3673878991e-01 2.7000000000e-01 
6.5533660511e-11 1.3940313622e+04 8.0587564425e-01 2.7000000000e-01 
1.0840427560e-11 1.4678857229e+04 8.4060965451e-01 2.7000000000e-01 
1.3838434334e-07 1.4644596421e+04 1.3694260462e+00 2.7000000000e-01 
3.9042672910e-11 1.6853131160e+04 1.0782461956e+00 2.7000000000e-01 
3.2186659551e-11 1.3814990176e+04 1.3425150299e+00 2.7000000000e-01 
6.3700230217e-11 1.2318798909e+04 3.3393209940e-01 2.7000000000e-01 
9.7262389338e-11 1.6329140516e+04 8.6406181280e-01 2.7000000000e-01 
3.8679524695e-09 1.4932559255e+04 6.9161891742e-01 2.7000000000e-01 
4.5341091567e-09 1.9398745668e+04 8.0212901171e-01 2.7000000000e-01 
3.3916530854e-10 1.4271640235e+04 1.0549208625e+00 2.7000000000e-01 
7.5261499333e-11 1.6826822681e+04 7.3316345227e-01 2.7000000000e-01 
7.0198317096e-10 1.1971162182e+04 3.9461745254e-01 2.7000000000e-01 
2.2079538118e-08 1.2042600164e+04 7.5464099036e-01 2.7000000000e-01 
1.0312462317e-10 1.2748729292e+04 8.2444151776e-01 2.7000000000e-01 
1.2056125462e-11 1.1758766598e+04 8.1595993449e-01 2.7000000000e-01 
2.3124261663e-10 1.3542552528e+04 1.2813910092e+00 2.7000000000e-01 
3.3133034832e-09 2.3160260280e+04 8.0371577157e-01 2.7000000000e-01 
1.3376904190e-08 1.5102358407e+04 5.7130090897e-01 2.7000000000e-01 
1.2616932445e-08 1.1254269544e+04 9.1134503630e-01 2.7000000000e-01 
1.0023469604e-07 2.0525909483e+04 1.2187880246e-01 2.7000000000e-01 
2.6820529689e-08 1.1819167809e+04 1.0166885293e+00 2.7000000000e-01 
4.7615292562e-09 1.1846489179e+04 5.5930641159e-01 2.7000000000e-01 
2.5739919052e-08 1.9309489850e+04 5.8792075318e-01 2.7000000000e-01 
4.3209430801e-08 1.1746303175e+04 5.0000990026e-01 2.7000000000e-01 
1.9038260171e-09 1.5071516688e+04 5.9417103682e-01 2.7000000000e-01 
5.8161168130e-09 1.4276771355e+04 9.4762740421e-01 2.7000000000e-01 
2.4779346239e-11 1.2251310242e+04 2.6953411235e-01 2.7000000000e-01 
1.2379225705e-06 1.5877833407e+04 9.6034121629e-01 2.7000000000e-01 
2.6641870766e-05 1.6326326234e+04 1.1400867757e+00 2.7000000000e-01 
4.9859669758e-10 1.3458741474e+04 8.8767638969e-01 2.7000000000e-01 
1.9059843499e-08 1.5449369018e+04 7.9832025278e-01 2.7000000000e-01 
4.6670997719e-10 1.1589485437e+04 4.2830082771e-01 2.7000000000e-01 
9.7282470415e-10 2.5000000000e+04 6.9496074136e-01 2.7000000000e-01 
5.5587466372e-10 1.4011986018e+04 7.4701667054e-01 2.7000000000e-01 
1.4914137352e-08 1.1855040177e+04 1.0066540953e+00 2.7000000000e-01 
9.4174890781e-09 1.2126893900e+04 9.6301760501e-01 2.7000000000e-01 
2.4458512872e-09 1.8562768562e+04 3.9371097027e-01 2.7000000000e-01 
1.2916406405e-09 1.5783446114e+04 4.7515355934e-01 2.7000000000e-01 
1.5368270973e-10 1.2729313912e+04 1.0630187925e+00 2.7000000000e-01 
4.2028288939e-11 1.3179445386e+04 4.8438554521e-01 2.7000000000e-01 
3.5340928866e-08 1.5368928089e+04 6.5508460426e-01 2.7000000000e-01 
4.5747517001e-09 1.7554807424e+04 1.0619393083e+00 2.7000000000e-01 
2.0118796268e-07 1.4504974312e+04 7.5545816194e-01 2.7000000000e-01 
3.7869692625e-08 1.4474695117e+04 9.7418534732e-01 2.7000000000e-01 
6.8013826139e-09 1.1434017504e+04 4.5984589962e-01 2.7000000000e-01 
1.6586361603e-07 1.8917277690e+04 4.7208407547e-01 2.7000000000e-01 
2.4080881763e-11 1.3753138531e+04 1.4355999295e+00 2.7000000000e-01 
2.4173858694e-10 1.2697068990e+04 1.1434097057e+00 2.7000000000e-01 
1.7422478540e-06 1.5623098606e+04 9.6224855653e-01 2.7000000000e-01 
2.5394514692e-09 1.1443511007e+04 1.7827800197e-01 2.7000000000e-01 
1.1672957476e-09 1.6311158575e+04 1.2183947924e+00 2.7000000000e-01 
1.0888596239e-06 1.1303611371e+04 5.0761245485e-01 2.7000000000e-01 
3.2103777062e-10 1.2966864289e+04 7.8411317238e-01 2.7000000000e-01 
1.1237751200e-07 1.4034468115e+04 7.9051412085e-01 2.7000000000e-01 
3.1098536173e-08 1.2907227316e+04 4.7012788222e-01 2.7000000000e-01 
1.8730890686e-11 1.1992708573e+04 1.0213795662e+00 2.7000000000e-01 
3.9733891785e-10 1.1720244571e+04 7.7849641637e-01 2.7000000000e-01 
1.5080698034e-11 1.3774236931e+04 6.2083120254e-01 2.7000000000e-01 
1.9361892034e-06 2.3737646476e+04 9.7259566687e-01 2.7000000000e-01 
4.5234157645e-11 1.6933501548e+04 2.6883190935e-01 2.7000000000e-01 
8.9200055093e-10 1.2578461730e+04 1.0667855614e+00 2.7000000000e-01 
3.0934294777e-07 1.3517123758e+04 9.0428637224e-01 2.7000000000e-01 
1.0463556591e-10 1.2924566153e+04 3.8990914035e-01 2.7000000000e-01 
1.8715930732e-08 1.3631051154e+04 5.8470398076e-01 2.7000000000e-01 
4.6073642758e-09 1.1920330700e+04 2.9669038782e-01 2.7000000000e-01 
6.3667735003e-10 1.1442244065e+04 8.9534138183e-01 2.7000000000e-01 
2.0146749567e-09 1.5578948476e+04 8.9788654987e-01 2.7000000000e-01 
2.9084609444e-10 1.2709998301e+04 5.1874760708e-01 2.7000000000e-01 
1.0925620665e-11 1.8220690877e+04 9.7701968524e-01 2.7000000000e-01 
8.4454627500e-11 1.4311587040e+04 3.5792365430e-01 2.7000000000e-01 
4.7910327682e-06 1.2855097065e+04 8.2133720954e-01 2.7000000000e-01 
8.4013494124e-08 1.3586106965e+04 8.1694387959e-01 2.7000000000e-01 
1.0645349198e-08 1.2932602742e+04 8.4799570495e-01 2.7000000000e-01 
3.5117217825e-11 1.1758549315e+04 7.6734858695e-01 2.7000000000e-01 
1.2924236246e-07 1.2307131878e+04 6.0514746422e-01 2.7000000000e-01 
8.5373253212e-11 1.1769377317e+04 8.6523197591e-01 2.7000000000e-01 
1.4575388367e-10 1.1565581116e+04 1.1030007639e+00 2.7000000000e-01 
5.8331179778e-11 1.1548165225e+04 1.0531779459e+00 2.7000000000e-01 
7.6529235136e-09 2.5000000000e+04 3.1684505104e-01 2.7000000000e-01 
2.1391724352e-07 2.0772220835e+04 5.3516053653e-01 2.7000000000e-01 
1.0815180276e-06 1.6045491987e+04 8.0822584731e-02 2.7000000000e-01 
1.9332747684e-08 1.4191362054e+04 6.1539077838e-01 2.7000000000e-01 
1.6194371709e-08 1.2328122596e+04 9.1059845847e-01 2.7000000000e-01 
1.7529292825e-09 1.2233619912e+04 9.4633022610e-01 2.7000000000e-01 
1.9852782708e-09 2.2734119325e+04 8.9060044517e-01 2.7000000000e-01 
6.4390427100e-08 1.4280649681e+04 9.1337052979e-01 2.7000000000e-01 
1.0569617242e-09 2.5000000000e+04 5.4435692790e-01 2.7000000000e-01 
2.7079423751e-07 2.4817499885e+04 4.1460628804e-01 2.7000000000e-01 
1.7957172719e-06 1.2880466059e+04 1.0185370191e+00 2.7000000000e-01 
1.6990397800e-06 1.7948146197e+04 9.8925223016e-01 2.7000000000e-01 
1.3637182407e-07 1.2746555496e+04 7.9911306726e-01 2.7000000000e-01 
4.2172517355e-10 1.1266480062e+04 1.6324531069e-01 2.7000000000e-01 
1.2501810244e-09 1.4198100020e+04 7.0223585190e-01 2.7000000000e-01 
1.0284045813e-07 1.5038879780e+04 9.2866611564e-01 2.7000000000e-01 
9.5087246423e-08 1.3108111859e+04 8.5980917086e-01 2.7000000000e-01 
1.2287143578e-08 1.7821988821e+04 1.3899765388e+00 2.7000000000e-01 
1.0732276204e-07 1.8781224825e+04 8.0991346465e-01 2.7000000000e-01 
1.6678468595e-09 2.3294313278e+04 1.1581167496e+00 2.7000000000e-01 
4.4585352817e-08 1.9194200334e+04 2.5063017811e-01 2.7000000000e-01 
5.1759693783e-11 1.2944901026e+04 5.5066227552e-01 2.7000000000e-01 
1.5169616622e-10 1.5454371243e+04 7.1462227931e-01 2.7000000000e-01 
4.7248609356e-08 2.5000000000e+04 1.4009943481e+00 2.7000000000e-01 
3.3272853587e-10 1.3491005645e+04 4.6193168580e-01 2.7000000000e-01 
4.5824354006e-10 1.2732571725e+04 1.3720326215e+00 2.7000000000e-01 
5.0189647348e-08 1.2449617492e+04 7.7328068094e-01 2.7000000000e-01 
1.4236006171e-05 1.4276618489e+04 3.6130129287e-01 2.7000000000e-01 
7.6272276366e-08 2.1881464676e+04 9.6923002484e-01 2.7000000000e-01 
3.2310208613e-09 1.1201946010e+04 9.7929744037e-01 2.7000000000e-01 
4.2356217674e-10 1.4820724126e+04 1.4150565652e+00 2.7000000000e-01 
1.1241728253e-09 1.2195806749e+04 7.0851690625e-01 2.7000000000e-01 
5.6065318480e-08 2.4094818070e+04 7.0486225999e-01 2.7000000000e-01 
1.2944378201e-10 1.2281292135e+04 8.7709052795e-01 2.7000000000e-01 
5.1092457425e-10 1.3191379644e+04 8.4193462860e-01 2.7000000000e-01 
3.0645362903e-07 1.3062756757e+04 1.1095247992e+00 2.7000000000e-01 
2.0517432420e-08 1.6066579563e+04 2.4380638154e-01 2.7000000000e-01 
5.0121769897e-10 1.2326609132e+04 6.6466605484e-01 2.7000000000e-01 
1.6256538019e-09 1.3408361325e+04 1.1307829307e+00 2.7000000000e-01 
2.0384202885e-07 1.3476984242e+04 8.5184212206e-01 2.7000000000e-01 
1.5542018980e-08 1.4244416794e+04 3.8697323542e-01 2.7000000000e-01 
5.0855150446e-08 1.5225617668e+04 7.8951481916e-01 2.7000000000e-01 
9.7458766536e-11 1.2227178629e+04 4.5390871133e-01 2.7000000000e-01 
1.6993204196e-07 1.2209144488e+04 7.2676918120e-01 2.7000000000e-01 
4.0334506663e-08 1.1543818715e+04 7.0812656230e-01 2.7000000000e-01 
1.8276644619e-10 1.5918618212e+04 3.5269046129e-01 2.7000000000e-01 
1.6513846396e-10 2.3503385235e+04 1.3606067073e+00 2.7000000000e-01 
6.4965967595e-10 1.1566593721e+04 5.0567172004e-01 2.7000000000e-01 
3.8336829898e-09 1.3285277305e+04 5.7379935529e-01 2.7000000000e-01 
2.3142685277e-08 1.3920352625e+04 6.4304419927e-01 2.7000000000e-01 
1.8866782680e-06 1.2161011547e+04 4.2378250097e-01 2.7000000000e-01 
3.4434846054e-10 1.7876903534e+04 8.4378968230e-01 2.7000000000e-01 
8.9709056280e-09 2.5000000000e+04 7.7016793029e-01 2.7000000000e-01 
6.5137767941e-08 1.2455490826e+04 7.5586479285e-01 2.7000000000e-01 
1.5444589339e-05 1.2071215848e+04 8.8857309132e-01 2.7000000000e-01 
3.5167790498e-07 1.1844723798e+04 8.9531087881e-01 2.7000000000e-01 
1.3356666328e-10 1.3491343863e+04 6.6603858397e-01 2.7000000000e-01 
4.2332489964e-07 1.4133830625e+04 5.0445473638e-01 2.7000000000e-01 
4.8270322011e-10 1.4081114771e+04 1.1162601127e+00 2.7000000000e-01 
2.4651333517e-08 1.2844149822e+04 1.0143911090e+00 2.7000000000e-01 
1.4417279266e-09 1.4180244670e+04 1.9882950960e-01 2.7000000000e-01 
1.7223108304e-08 1.5436103508e+04 4.4045218353e-01 2.7000000000e-01 
3.5721826096e-09 1.5002662515e+04 7.3191230766e-01 2.7000000000e-01 
2.1712212100e-10 1.1362365486e+04 4.4786222741e-01 2.7000000000e-01 
2.9538105283e-10 1.2979511593e+04 5.7472873178e-01 2.7000000000e-01 
5.1556591118e-07 1.8730934883e+04 1.0338798386e+00 2.7000000000e-01 
4.4528944852e-09 1.1987530492e+04 9.0970180811e-01 2.7000000000e-01 
8.7017866259e-09 1.3823460418e+04 8.5052019827e-01 2.7000000000e-01 
1.3730248647e-09 1.5032431050e+04 1.1089127527e+00 2.7000000000e-01 
2.6979369077e-08 1.1825165681e+04 1.3925998926e+00 2.7000000000e-01 
2.2007690171e-10 1.2913865438e+04 3.0776966678e-01 2.7000000000e-01 
8.6660743091e-09 1.6996333072e+04 3.6212965488e-01 2.7000000000e-01 
2.8607488888e-09 1.1381504266e+04 7.2416220361e-01 2.7000000000e-01 
5.3018269477e-10 1.4909031403e+04 5.5832351069e-01 2.7000000000e-01 
5.0992767778e-07 1.6437386788e+04 1.4099934109e+00 2.7000000000e-01 
1.7941683292e-06 1.1408173578e+04 7.3771538967e-01 2.7000000000e-01 
2.7585834654e-09 1.1853294968e+04 6.6622540698e-01 2.7000000000e-01 
1.3632172724e-11 1.2303905683e+04 3.2999250232e-01 2.7000000000e-01 
1.8812754795e-09 2.5000000000e+04 7.8447789608e-01 2.7000000000e-01 
2.9272697517e-08 1.3610501668e+04 9.1447133969e-01 2.7000000000e-01 
3.8577732905e-09 1.8737037317e+04 1.1448036044e+00 2.7000000000e-01 
3.7280681697e-07 1.3843960906e+04 5.6352382403e-01 2.7000000000e-01 
1.1243331396e-10 1.4840213191e+04 1.1342345699e+00 2.7000000000e-01 
4.0561877858e-10 2.0972726427e+04 8.8313959697e-01 2.7000000000e-01 
1.1786268681e-08 1.1524608128e+04 5.2347911256e-01 2.7000000000e-01 
2.6272061481e-08 1.7500070171e+04 8.7581798517e-01 2.7000000000e-01 
1.3570107296e-05 1.1532198841e+04 9.1228278430e-01 2.7000000000e-01 
4.6740835922e-09 1.5449742276e+04 8.1361093434e-01 2.7000000000e-01 
6.2471750824e-07 1.2638762524e+04 4.3808471659e-01 2.7000000000e-01 
3.3464344985e-08 1.4493216165e+04 1.1625530943e+00 2.7000000000e-01 
3.4093879851e-06 1.2738357728e+04 3.4837286199e-01 2.7000000000e-01 
2.7295065517e-06 1.2121125748e+04 7.4532730235e-01 2.7000000000e-01 
3.2739239834e-08 1.4123374950e+04 9.2433101407e-01 2.7000000000e-01 
8.5051518051e-10 1.3548603380e+04 1.3686493863e+00 2.7000000000e-01 
4.9525105811e-09 1.4051093055e+04 9.8960188412e-01 2.7000000000e-01 
1.6425863236e-10 1.9709626151e+04 1.3672518333e+00 2.7000000000e-01 
1.3027238459e-10 1.1447038793e+04 5.3661434732e-01 2.7000000000e-01 
1.7929281044e-10 1.1233823182e+04 1.0176120824e+00 2.7000000000e-01 
7.0327285316e-08 1.2003594892e+04 3.9619425769e-01 2.7000000000e-01 
1.3811449584e-05 1.2963703235e+04 1.0436289181e+00 2.7000000000e-01 
7.0074277692e-08 1.1355296732e+04 3.7184937042e-01 2.7000000000e-01 
1.5161642318e-07 2.0637021738e+04 6.8551079683e-01 2.7000000000e-01 
2.0648394202e-10 2.5000000000e+04 6.6224196496e-01 2.7000000000e-01 
9.0724798626e-11 1.4348572324e+04 8.0791439416e-01 2.7000000000e-01 
1.1645975948e-09 1.7757828814e+04 9.7901265456e-01 2.7000000000e-01 
2.4840537564e-09 2.2659551397e+04 3.4833566943e-01 2.7000000000e-01 
5.3596669551e-07 1.1520505989e+04 9.7938025764e-01 2.7000000000e-01 
5.1156654462e-08 1.6839153995e+04 1.0836003909e+00 2.7000000000e-01 
1.4520419043e-10 2.5000000000e+04 1.0370769693e+00 2.7000000000e-01 
3.0408729042e-07 1.2882543319e+04 9.1493378829e-01 2.7000000000e-01 
1.9678433243e-08 1.4710219998e+04 8.6514305651e-01 2.7000000000e-01 
1.0296693406e-11 1.2246717213e+04 1.3533751194e+00 2.7000000000e-01 
8.3532724846e-07 1.1665153550e+04 3.8510501959e-01 2.7000000000e-01 
1.4099076790e-08 1.3425887429e+04 4.6930964886e-01 2.7000000000e-01 
2.1197121279e-10 1.2116218302e+04 1.0006921486e+00 2.7000000000e-01 
2.4938000586e-07 2.4453504654e+04 7.5314983411e-01 2.7000000000e-01 
3.2162974053e-08 1.2177210500e+04 3.5336183555e-01 2.7000000000e-01 
5.3171354637e-06 1.6719585210e+04 1.1524262884e+00 2.7000000000e-01 
2.4327298411e-07 1.1298895193e+04 1.3983063114e+00 2.7000000000e-01 
8.4584632535e-12 1.2745255533e+04 9.2234754680e-01 2.7000000000e-01 
1.6049057151e-08 1.2202253158e+04 4.9147996315e-01 2.7000000000e-01 
9.8045740240e-11 1.3503440749e+04 1.4421357029e+00 2.7000000000e-01 
1.9176858738e-09 1.2740947763e+04 1.1391424157e+00 2.7000000000e-01 
6.3774061706e-09 1.3469060184e+04 1.3437782121e+00 2.7000000000e-01 
2.6840923523e-10 2.2877747904e+04 8.6141589023e-01 2.7000000000e-01 
1.0096548032e-10 1.2521849779e+04 7.0836404744e-01 2.7000000000e-01 
3.4670766198e-09 1.5617087064e+04 7.7882380279e-01 2.7000000000e-01 
2.9139662427e-09 1.3382359402e+04 9.5310497351e-01 2.7000000000e-01 
3.5703368019e-10 1.1606134797e+04 1.2972991805e+00 2.7000000000e-01 
7.0158240329e-06 1.2191614497e+04 3.3437102185e-01 2.7000000000e-01 
3.7558491141e-08 1.2500978855e+04 6.8335648666e-01 2.7000000000e-01 
9.2907126596e-09 1.2144791047e+04 1.1493640100e+00 2.7000000000e-01 
2.5915364678e-07 1.2358166206e+04 4.0841060263e-01 2.7000000000e-01 
2.1558304023e-06 1.4395080980e+04 1.2578348819e+00 2.7000000000e-01 
9.9393783940e-09 1.1804232202e+04 1.0239647907e+00 2.7000000000e-01 
1.5603185373e-10 1.6014884076e+04 4.6442542971e-01 2.7000000000e-01 
1.1834351650e-09 1.2461296126e+04 5.4751303546e-01 2.7000000000e-01 
3.9368215937e-08 1.2383876316e+04 1.0046693743e+00 2.7000000000e-01 
4.0571357765e-09 1.1844149596e+04 8.0922702362e-01 2.7000000000e-01 
1.4921327894e-08 2.2974632195e+04 1.1064427532e+00 2.7000000000e-01 
2.1609115551e-09 2.0181170930e+04 1.0382594385e+00 2.7000000000e-01 
6.0150854387e-08 1.1963660960e+04 1.2115831320e+00 2.7000000000e-01 
6.3082101548e-08 1.1431977048e+04 1.1463801504e+00 2.7000000000e-01 
8.7000307481e-10 1.5477023292e+04 4.1093067429e-01 2.7000000000e-01 
7.0637398169e-12 1.1986196699e+04 1.2344398343e+00 2.7000000000e-01 
3.6764310759e-09 2.0760618614e+04 6.1903627265e-01 2.7000000000e-01 
7.6506386715e-10 1.5897903529e+04 1.3921110351e+00 2.7000000000e-01 
2.1412027466e-06 2.0127553582e+04 8.4695691960e-01 2.7000000000e-01 
2.0569705017e-09 1.2562519495e+04 8.5045315423e-01 2.7000000000e-01 
2.5910628977e-08 1.2100130420e+04 9.2652724796e-01 2.7000000000e-01 
4.5683749431e-11 1.2630616504e+04 1.2043878003e+00 2.7000000000e-01 
5.2583281767e-09 1.2539884428e+04 6.2516167374e-01 2.7000000000e-01 
1.1031247613e-08 1.1582924209e+04 6.4584296673e-01 2.7000000000e-01 
9.6883329137e-10 1.1399128656e+04 2.4207871928e-01 2.7000000000e-01 
9.5706376564e-09 1.2413714762e+04 7.6797797503e-01 2.7000000000e-01 
4.5524087898e-10 1.1695919947e+04 5.3187092128e-01 2.7000000000e-01 
8.3741806715e-10 1.5167819105e+04 2.0206800875e-01 2.7000000000e-01 
1.6255605365e-08 1.7921515350e+04 5.9882579493e-01 2.7000000000e-01 
1.7832705640e-08 1.1346934442e+04 8.4780092980e-01 2.7000000000e-01 
1.3947769876e-10 1.2717050919e+04 1.0587122966e+00 2.7000000000e-01 
6.6703561822e-12 1.1538084407e+04 1.1234422632e+00 2.7000000000e-01 
1.2291154760e-09 2.2038781477e+04 9.6670573557e-01 2.7000000000e-01 
7.6883615261e-09 2.3448617296e+04 5.8350318665e-01 2.7000000000e-01 
2.4183644241e-09 1.5195350312e+04 7.3753322507e-01 2.7000000000e-01 
8.6883840752e-10 1.6807597296e+04 9.5261768608e-01 2.7000000000e-01 
3.8576611901e-09 2.5000000000e+04 5.4575250647e-01 2.7000000000e-01 
1.4677822860e-11 1.1657668691e+04 1.0703022368e+00 2.7000000000e-01 
6.0789265636e-10 2.0952545357e+04 1.0110363243e+00 2.7000000000e-01 
2.3942477480e-07 1.5975268945e+04 8.3032890624e-01 2.7000000000e-01 
7.5271500301e-10 1.2183100457e+04 1.0508260535e+00 2.7000000000e-01 
3.0703025555e-10 1.3474649487e+04 3.9756932343e-01 2.7000000000e-01 
4.3245854768e-08 1.2992324359e+04 4.8773267698e-01 2.7000000000e-01 
2.0006913561e-08 1.3008716286e+04 5.9431342500e-01 2.7000000000e-01 
4.3433713437e-08 1.2780063374e+04 9.5042011465e-01 2.7000000000e-01 
2.9460465840e-11 2.1899147916e+04 5.5069881407e-01 2.7000000000e-01 
5.1905397832e-11 1.4910533069e+04 3.0497543361e-01 2.7000000000e-01 
1.5107312294e-09 1.2220211831e+04 8.6572856819e-01 2.7000000000e-01 
1.3413733305e-09 1.2250366878e+04 1.4649600942e+00 2.7000000000e-01 
3.2128780518e-10 1.1818455871e+04 1.0794550433e+00 2.7000000000e-01 
5.3435896047e-08 1.1244604217e+04 6.1249666241e-01 2.7000000000e-01 
