2.4664615775e-05 5.9562787678e-01 
2.1593124788e-05 5.9514813063e-01 
2.7639873142e-05 5.6810112632e-01 
1.1979298513e-05 5.0429959766e-01 
1.4213679003e-05 6.1559350003e-01 
1.4304675441e-05 1.0000000000e+00 
5.1526224763e-05 5.4010351639e-01 
4.9969003429e-06 9.9602936607e-01 
8.8936592437e-06 6.1952788727e-01 
5.4721736357e-05 5.3753566761e-01 
1.8137330950e-05 5.4415951113e-01 
4.0052100599e-05 5.1981187991e-01 
7.9574577432e-05 5.5373203686e-01 
1.6611423798e-05 5.7736570949e-01 
3.0728360939e-05 5.6698011622e-01 
4.3055948737e-05 5.7213784381e-01 
7.5848391340e-06 6.3216852534e-01 
6.1212687494e-05 5.7914731921e-01 
1.5505651822e-05 5.1373351816e-01 
2.6072242256e-05 5.8707565247e-01 
3.1633173839e-05 5.7848304329e-01 
1.8102736922e-05 1.0000000000e+00 
5.0865980075e-06 1.0000000000e+00 
9.4178011219e-06 1.0000000000e+00 
7.8210937374e-05 5.4846629121e-01 
6.7601480577e-05 5.5331029318e-01 
3.4150817065e-05 5.5603277809e-01 
-1.0000000000e+00 -1.0000000000e+00 
4.9978547809e-06 9.9664414389e-01 
1.2192124950e-05 1.0000000000e+00 
4.9804305814e-05 5.6321167568e-01 
1.2772033171e-05 6.3061344729e-01 
2.8554806969e-05 5.1827855804e-01 
2.8821833812e-05 5.8427755602e-01 
9.8367717800e-05 5.9668023415e-01 
4.6359745627e-05 5.6873501960e-01 
6.9738031218e-05 5.4355203131e-01 
5.3404541688e-05 5.5254042153e-01 
4.9996937260e-06 9.9922657994e-01 
6.6934060467e-06 6.3459059875e-01 
4.9955475339e-06 9.9780943433e-01 
1.4888028176e-05 5.6914816065e-01 
1.7512122758e-05 5.3628036748e-01 
5.0585851723e-05 5.4805369082e-01 
3.0790922218e-05 5.8144720833e-01 
1.1976801301e-05 1.0000000000e+00 
2.2869406648e-05 5.0684675517e-01 
1.2825181554e-05 6.0691706241e-01 
3.0526608685e-05 5.7283970860e-01 
2.2039352218e-05 5.3260517159e-01 
3.9339714933e-05 4.8851088283e-01 
4.9987023394e-05 5.6984270277e-01 
7.2346804049e-05 5.5109739400e-01 
1.2587632674e-05 6.0793531666e-01 
4.9995991305e-06 9.9945450842e-01 
1.5013197883e-05 6.2746693401e-01 
1.9276349454e-05 5.9572852684e-01 
8.0499401498e-05 5.5076019081e-01 
2.0039074405e-05 5.0481142382e-01 
1.1097096074e-04 5.4455059448e-01 
1.3558271492e-05 6.0386167099e-01 
6.0111198101e-05 5.6755391820e-01 
7.0945283987e-05 5.6260425048e-01 
5.1005742508e-06 1.0000000000e+00 
4.0536569145e-05 5.8290861378e-01 
3.5311473405e-05 5.3689397486e-01 
4.7598666392e-05 5.4964925659e-01 
2.7787726918e-05 5.6641131897e-01 
1.6434733244e-05 5.0081899226e-01 
4.9992845521e-06 9.9764011185e-01 
1.8086302432e-05 5.1843023906e-01 
7.1426572113e-05 5.5938301476e-01 
1.2460036840e-04 5.2845274724e-01 
6.6389298794e-05 6.0367504962e-01 
2.0707518589e-05 6.2200549701e-01 
4.0462704418e-05 5.7286166139e-01 
1.3338342538e-04 4.8582967397e-01 
2.1341451820e-05 5.4418888989e-01 
4.9995020924e-06 9.9779196727e-01 
1.7810712557e-05 6.1602979235e-01 
7.2336359716e-05 5.4832428618e-01 
1.2234348954e-05 1.0000000000e+00 
3.3084202719e-05 5.0217516537e-01 
1.9992841459e-05 4.8899803690e-01 
5.1728979915e-05 4.9167615209e-01 
2.4160548091e-05 1.0000000000e+00 
4.2874546620e-05 5.6931471970e-01 
5.4538482459e-05 5.6562820295e-01 
1.3273443281e-05 1.0000000000e+00 
3.7214278169e-05 5.1226740586e-01 
2.9731108144e-05 5.7619741950e-01 
5.9903969247e-05 5.4534799250e-01 
2.3468380437e-05 5.9050782509e-01 
2.6686816479e-05 5.0247775571e-01 
1.5564631423e-05 6.0189744156e-01 
1.2917265051e-04 5.3595517953e-01 
1.1921850146e-05 5.2641122652e-01 
4.0713545779e-05 5.7057462006e-01 
4.3039186148e-05 5.7057666733e-01 
6.3906376326e-05 5.5416572554e-01 
4.9992357106e-06 9.9920482280e-01 
3.9001173361e-05 5.5893988480e-01 
1.0722471458e-05 6.0821305449e-01 
8.5415010638e-06 6.2810153762e-01 
5.2786676164e-05 5.7382428981e-01 
3.0808844933e-05 5.5965334866e-01 
1.9755177088e-05 5.9455912617e-01 
8.2165539040e-05 5.4272916877e-01 
7.3624988126e-05 5.7048846070e-01 
4.6575726661e-05 5.5773404898e-01 
3.6023229167e-05 5.7591027860e-01 
7.1238724791e-06 1.0000000000e+00 
4.7064911828e-05 5.8438715998e-01 
3.5513910050e-05 6.1893459121e-01 
4.9372714974e-05 5.6767859043e-01 
5.3292894323e-05 5.9703760088e-01 
4.9999460984e-06 9.9827205750e-01 
2.1009140487e-04 5.4040282970e-01 
4.9997533790e-06 9.9807113016e-01 
1.5757203653e-04 5.4464462367e-01 
1.5494885512e-05 5.4645256073e-01 
5.2180804838e-05 5.5501227594e-01 
4.0628017790e-05 5.5742157585e-01 
3.2590834112e-05 5.7629801265e-01 
2.7584952074e-05 6.0183731144e-01 
4.4017280611e-05 5.5911431933e-01 
5.6273137062e-05 5.7676470831e-01 
8.1490748451e-06 6.0196921087e-01 
5.0000425226e-06 9.9515747747e-01 
1.6466023950e-05 5.9115921952e-01 
1.3926879210e-04 5.3633352653e-01 
4.9991283186e-06 9.9790336681e-01 
2.3199556641e-05 5.9257591898e-01 
4.9992448557e-06 9.9870775209e-01 
9.0974381136e-05 5.4425016081e-01 
3.8796278914e-05 5.7596290978e-01 
7.9520029702e-06 1.0000000000e+00 
8.4923824535e-06 6.0417749595e-01 
2.0991811628e-05 5.8269767688e-01 
1.5354677891e-05 5.0469301103e-01 
1.1439181400e-05 6.1129827843e-01 
6.9110787847e-05 5.6038468798e-01 
3.9276565292e-05 5.7555434716e-01 
4.9942123244e-06 9.9723383792e-01 
6.8377684604e-06 5.5731642764e-01 
9.0816606688e-06 1.0000000000e+00 
5.8553648109e-05 5.5181054378e-01 
7.0437616157e-05 5.5657947534e-01 
5.6981593570e-05 5.5993307258e-01 
1.9839490465e-05 5.4278739122e-01 
1.1655135768e-04 5.4587243561e-01 
2.8960481179e-05 5.8016832974e-01 
8.8015641314e-05 5.3092332358e-01 
5.8099544263e-05 5.5847350315e-01 
3.4715265875e-05 5.9479595060e-01 
9.6190581744e-05 5.4662072399e-01 
1.0193819266e-04 5.3985187719e-01 
4.3196201610e-05 4.6989420305e-01 
6.1851707724e-05 5.6048768876e-01 
1.9931813349e-05 5.9448996271e-01 
2.6083143145e-05 6.0028223759e-01 
4.9986044889e-06 9.9562442615e-01 
2.8570506938e-05 4.8272605980e-01 
4.9985629757e-06 9.9694694246e-01 
3.6320293632e-05 5.7250749166e-01 
2.9509189511e-05 5.8454003779e-01 
5.3994400981e-05 5.4652438178e-01 
2.9571424269e-05 5.1069901747e-01 
5.2967924528e-05 5.6978336651e-01 
2.4637451877e-05 1.0000000000e+00 
2.4061930594e-05 5.7847856903e-01 
3.4813563560e-05 5.5881675732e-01 
3.4158286052e-05 4.9142712595e-01 
4.9999196438e-06 9.9792682500e-01 
1.1215732708e-05 5.8406862996e-01 
1.1600472204e-04 5.3632771008e-01 
3.8216744581e-05 5.7373571419e-01 
4.2708118906e-05 5.6618017146e-01 
4.1271602545e-05 5.6832488822e-01 
3.5219817555e-05 5.6376974805e-01 
2.6354462319e-05 5.0774967212e-01 
1.5293985657e-05 4.9718716908e-01 
4.9982576076e-06 9.9519322711e-01 
1.7555880192e-05 6.0167853489e-01 
2.6679718771e-05 5.8810581576e-01 
4.9975336283e-06 9.9802294914e-01 
1.0169567155e-04 5.8417632535e-01 
1.3253794650e-05 6.1484143987e-01 
1.8331099592e-05 5.1305242113e-01 
3.7288837272e-05 5.5387432643e-01 
2.1790950274e-05 1.0000000000e+00 
6.3403255081e-05 5.7254945748e-01 
5.1183979943e-05 5.6444815357e-01 
6.6902255069e-06 6.3115719779e-01 
1.2960119535e-05 6.0842558463e-01 
7.8575781991e-06 6.2271779723e-01 
4.9884986405e-06 9.9505650696e-01 
4.0357465328e-05 5.0364669759e-01 
7.7105325797e-06 6.2571797130e-01 
1.7778916255e-05 5.0696080373e-01 
4.9998963982e-06 9.9889365480e-01 
4.9995513537e-06 9.9436361600e-01 
7.6742516095e-06 1.0000000000e+00 
4.9945068939e-06 9.9528654638e-01 
2.6708765895e-05 5.9922337280e-01 
9.7954139597e-06 5.4790974751e-01 
5.9908051357e-06 5.9414835630e-01 
1.3508205267e-05 5.9878747717e-01 
2.1443980265e-05 5.7184964511e-01 
7.4721063563e-05 5.4984732153e-01 
4.3353559993e-05 5.7238202407e-01 
2.9918570868e-05 5.7998893345e-01 
8.3498192446e-05 6.0186067732e-01 
3.6230643865e-05 5.6927367404e-01 
1.4368117065e-05 6.0497406827e-01 
1.4600025949e-05 6.1854530105e-01 
3.1934934987e-05 5.9273028271e-01 
6.5417354468e-06 6.2228518563e-01 
5.8334950958e-05 5.5553509555e-01 
6.5254344029e-05 6.0628416663e-01 
9.0351844910e-06 6.3434256520e-01 
4.9991772282e-06 9.9904699582e-01 
1.5330701536e-05 1.0000000000e+00 
3.8929880022e-05 5.7280363137e-01 
6.4941930406e-06 6.2819231204e-01 
1.5399549229e-05 1.0000000000e+00 
8.0265573129e-05 5.4877350836e-01 
1.6564037732e-05 5.8049294517e-01 
1.2735351705e-05 6.1234476247e-01 
6.2033390387e-05 5.9181214081e-01 
3.5671219451e-05 5.7353680600e-01 
2.3496954398e-05 5.8616467334e-01 
4.9999109847e-06 9.9809539232e-01 
9.8058394253e-06 1.0000000000e+00 
6.8581112129e-05 5.4626506185e-01 
1.8837091328e-04 5.0819000475e-01 
1.7873821542e-05 6.1294649696e-01 
1.9922791851e-05 5.9166343682e-01 
1.5062435731e-05 5.7104094109e-01 
6.0654748141e-06 1.0000000000e+00 
5.0110721996e-05 5.6803969675e-01 
7.2666995774e-06 6.4634984645e-01 
2.2237515113e-05 5.9364305618e-01 
1.4629026042e-04 5.3749532642e-01 
9.7041926855e-06 5.6708185314e-01 
2.2576609445e-04 5.4971987428e-01 
1.3046549126e-05 5.7937284580e-01 
1.6683572485e-05 6.2393966318e-01 
7.1229416173e-06 6.2055572084e-01 
5.4083655390e-05 5.6375833910e-01 
-1.0000000000e+00 -1.0000000000e+00 
4.7236428089e-05 5.5386219064e-01 
4.9998111599e-06 9.9837749274e-01 
3.6033722330e-05 5.7293891341e-01 
5.2292886349e-05 5.7012494527e-01 
8.4200572851e-06 1.0000000000e+00 
1.1646554862e-05 5.0306944508e-01 
4.9323064002e-05 5.6350348873e-01 
9.0638231219e-06 1.0000000000e+00 
1.7356048842e-05 6.0119950023e-01 
3.6524006120e-05 5.6178919590e-01 
6.1200343455e-05 5.5464105677e-01 
3.7505501740e-05 5.6297984801e-01 
1.2181905431e-05 6.0373097408e-01 
2.9253941659e-05 5.9508138780e-01 
1.2809960888e-05 6.1223056115e-01 
2.2468509905e-05 5.8473212509e-01 
5.0928644965e-06 1.0000000000e+00 
7.6833891033e-06 6.2472665718e-01 
1.5093765499e-05 1.0000000000e+00 
9.6126698046e-05 5.7157554369e-01 
5.0834968821e-05 5.6145993389e-01 
2.2944552994e-04 5.6290072897e-01 
1.2430221854e-05 6.3793463642e-01 
5.3943170152e-05 5.6517504957e-01 
8.5385304029e-05 5.2489893658e-01 
3.0506934367e-04 5.0834971323e-01 
1.5019474723e-05 1.0000000000e+00 
3.4447395427e-05 5.7436673591e-01 
4.9979182774e-06 9.9689736168e-01 
6.4505672433e-05 5.5474987321e-01 
1.4768249063e-05 1.0000000000e+00 
1.3444320630e-05 5.8703041841e-01 
2.2349744015e-05 5.5835279344e-01 
2.0092379164e-05 5.9557067881e-01 
2.5000030411e-05 5.8721104977e-01 
1.6067393047e-05 6.0584084066e-01 
1.6376255077e-05 5.9833678134e-01 
5.5909883305e-05 5.6104477210e-01 
4.3949336802e-05 4.9636839448e-01 
5.0376446494e-05 5.5447522175e-01 
8.6853360551e-05 5.4471205569e-01 
2.6648423191e-05 5.8592438632e-01 
3.5792497272e-05 5.6676691517e-01 
4.1644816939e-05 5.5092985863e-01 
8.1255407773e-06 1.0000000000e+00 
3.1220817141e-05 5.7895967682e-01 
2.0614627472e-05 6.6456619002e-01 
2.3104440385e-05 5.2889418858e-01 
2.7619607138e-05 5.8710295906e-01 
5.7922515271e-05 5.5214395641e-01 
6.8096169603e-05 5.5020801101e-01 
1.6489124189e-05 5.3306058299e-01 
4.9974165729e-06 9.9591142512e-01 
4.9539251801e-05 5.8809742732e-01 
4.0632311808e-05 5.6167717734e-01 
9.3789043401e-05 5.0001373658e-01 
3.5661264801e-05 5.9354343237e-01 
4.9996470425e-06 9.9688110189e-01 
1.7449844547e-05 6.0575071761e-01 
1.1438536263e-05 6.0727884707e-01 
2.9652278373e-05 5.8035527086e-01 
7.4577163129e-05 5.7574724274e-01 
6.0022321116e-05 5.5827899939e-01 
5.9774472944e-05 5.5663121896e-01 
4.9999375235e-06 9.9822495780e-01 
2.5893034840e-04 5.3224332896e-01 
1.0921427913e-05 6.7518621956e-01 
1.7892795938e-05 5.8762993236e-01 
1.2160243458e-04 5.4535864816e-01 
3.5332899236e-05 5.9262791376e-01 
6.3539210251e-05 4.8324672007e-01 
2.3637358078e-05 5.7774441436e-01 
3.3326873319e-05 5.5501214990e-01 
8.7225129366e-06 6.6846428329e-01 
9.9669127752e-06 6.0025650702e-01 
2.2458804138e-04 5.5592452995e-01 
2.0198794473e-05 6.0191269099e-01 
1.3476272042e-05 5.9496014932e-01 
4.2202338200e-05 5.6779261130e-01 
6.3660497358e-06 6.2880411729e-01 
2.9010975224e-05 5.9612943534e-01 
1.8215623760e-05 5.9888654496e-01 
3.7956031359e-05 5.6684781477e-01 
1.1939755285e-04 5.5304504419e-01 
5.1747830153e-05 5.4942393902e-01 
4.9957710988e-06 9.9586992408e-01 
7.2774827201e-05 5.5111449296e-01 
2.9770463119e-05 4.7730532591e-01 
4.9961055783e-06 9.9613891667e-01 
6.7478173453e-05 5.5307089118e-01 
2.7256382136e-05 6.0464478725e-01 
7.3669930858e-06 6.2604948212e-01 
1.1244760483e-04 5.4364136585e-01 
2.4423020056e-05 5.9746866749e-01 
2.7295116233e-05 5.5308179481e-01 
2.7761840920e-05 6.0946755638e-01 
1.4265291411e-05 1.0000000000e+00 
4.9823346447e-06 9.9492468597e-01 
1.1507279336e-05 6.3727222169e-01 
2.6269871778e-04 5.2506687035e-01 
7.2127229356e-05 4.9243574631e-01 
5.8835914392e-05 5.6107132604e-01 
5.9838480532e-05 5.5706962108e-01 
3.0491902227e-05 5.8201712907e-01 
2.2215210301e-05 5.6942099547e-01 
3.2494198320e-05 4.8015102467e-01 
1.1855290616e-04 5.3928183957e-01 
3.0244478390e-05 5.6818322677e-01 
-1.0000000000e+00 -1.0000000000e+00 
5.2338829259e-05 5.4922246115e-01 
4.9959415664e-06 9.9684308833e-01 
3.6927623654e-05 5.1165835099e-01 
3.1001545187e-05 5.8512133124e-01 
5.9280845957e-05 5.5387502114e-01 
5.1627789304e-05 5.6693833341e-01 
3.7718408814e-05 5.7045828837e-01 
7.3008902354e-05 5.5242755939e-01 
5.0117823938e-06 1.0000000000e+00 
7.1934262233e-05 5.5158893941e-01 
8.4226128030e-05 5.4525102338e-01 
3.3098949198e-05 5.7622494200e-01 
7.6447040376e-06 6.2496596586e-01 
3.0711689669e-05 6.3427462646e-01 
4.9958527238e-05 5.4781240400e-01 
4.9982304378e-06 9.9739037931e-01 
4.5032531947e-04 5.2001975856e-01 
1.0234566151e-04 5.9455772856e-01 
5.0605945553e-05 5.6307497877e-01 
7.7974722270e-06 1.0000000000e+00 
9.6134822085e-06 6.3993160439e-01 
5.6826004848e-05 5.9160223701e-01 
1.1863528363e-05 5.3714550584e-01 
4.7631957643e-05 5.5504510587e-01 
1.2171377137e-05 5.5588870136e-01 
9.1722186541e-06 6.1213521887e-01 
1.0714255107e-04 5.7140130879e-01 
1.9355045697e-05 5.9869841982e-01 
7.8858995041e-06 6.2119264457e-01 
4.9836410969e-06 9.9365500736e-01 
6.0680031387e-05 5.5748039138e-01 
3.4617989765e-05 5.7121602708e-01 
6.7303228202e-05 5.4286934728e-01 
9.3702370685e-05 5.4553895299e-01 
2.6936464460e-05 5.8669687102e-01 
7.1063644007e-06 5.5266119652e-01 
2.3483751780e-05 5.9279055879e-01 
1.5333414241e-04 5.3429408686e-01 
4.4820148277e-05 5.5672895443e-01 
1.2074326461e-04 5.4597279097e-01 
1.1557937566e-05 6.1341942444e-01 
3.5017120081e-05 4.8485417578e-01 
2.8447356602e-05 5.8657701379e-01 
3.6947900920e-05 5.7392384358e-01 
5.1795553412e-05 5.5676780115e-01 
8.7699759534e-06 6.2036310789e-01 
6.6949127451e-05 5.5237539405e-01 
1.1346669396e-05 6.0381073382e-01 
2.8679408076e-05 5.8370621794e-01 
5.0244594917e-05 5.6041221648e-01 
1.1004862474e-04 5.3949880804e-01 
7.5338250069e-05 5.4873755438e-01 
3.8794158300e-05 5.8375210664e-01 
3.5625997802e-05 5.8474993796e-01 
4.9997240643e-06 9.9344440285e-01 
5.1909653644e-05 5.4011583585e-01 
4.8154067821e-05 5.6866893521e-01 
1.4122436136e-04 5.3440879817e-01 
1.4035058669e-05 5.2589389898e-01 
1.0292841431e-04 5.4347036746e-01 
3.2296087122e-05 4.7476598992e-01 
6.7449042091e-06 1.0000000000e+00 
5.0790267328e-05 5.5635404515e-01 
4.3001468472e-05 4.9674199335e-01 
7.4069893168e-05 5.5055763443e-01 
5.9286819289e-06 1.0000000000e+00 
1.2987280362e-04 5.2742615860e-01 
3.4051191097e-05 5.7197034441e-01 
2.7753688346e-05 4.8426445621e-01 
1.6935615821e-05 5.3831586205e-01 
2.4548135812e-05 5.9179423842e-01 
2.9237441889e-05 5.2913748415e-01 
2.2682868973e-05 4.8698102503e-01 
2.1983850594e-05 5.9071351566e-01 
7.5815570628e-05 5.5837054184e-01 
1.4830114314e-05 5.8414061423e-01 
4.9996134365e-06 9.9927794205e-01 
1.9531037796e-05 5.4878575797e-01 
1.0217776378e-04 5.3742020091e-01 
3.8013648870e-05 4.8492104301e-01 
1.7636095573e-05 6.3675166835e-01 
1.4923298128e-05 1.0000000000e+00 
2.8366230530e-05 1.0000000000e+00 
4.9998491001e-06 9.9935753391e-01 
3.7698150010e-05 5.7306691571e-01 
2.4947851236e-05 5.9549088358e-01 
7.2543154209e-05 5.8796184849e-01 
3.1153359198e-05 4.9685942506e-01 
1.0906957475e-04 5.6468835567e-01 
1.1820018579e-04 5.3728727022e-01 
1.8990291794e-05 6.5303232937e-01 
3.3254108737e-05 5.6217172916e-01 
4.9987246816e-06 9.9795660920e-01 
3.1914097400e-05 5.7022371548e-01 
1.9149014111e-05 6.1061179438e-01 
1.5239372418e-05 6.0119289041e-01 
4.9999235032e-06 9.9783312673e-01 
4.6074743585e-05 5.6319169590e-01 
6.4164623483e-06 1.0000000000e+00 
1.0756324414e-04 5.9759903064e-01 
4.0705995963e-05 5.7087487051e-01 
8.0909999647e-06 1.0000000000e+00 
3.2338362984e-05 5.9776534224e-01 
2.8955833387e-05 5.8675470682e-01 
1.4554779528e-05 6.1445702230e-01 
5.2025746586e-05 5.6361763960e-01 
2.8693704527e-05 5.6934398398e-01 
5.7508562743e-05 5.5977478540e-01 
4.9947884810e-06 9.9764250964e-01 
6.9581606263e-06 1.0000000000e+00 
1.1256864812e-05 1.0000000000e+00 
8.1811791963e-06 5.2323191781e-01 
4.9996385292e-06 9.9882493796e-01 
3.6061399214e-05 4.8788339672e-01 
1.0007364469e-05 1.0000000000e+00 
2.7342883574e-05 5.7776122409e-01 
5.1407107044e-05 5.7811911341e-01 
4.7322267066e-05 5.5438271888e-01 
1.7035314975e-05 5.9655163968e-01 
4.0731625129e-05 5.6786590543e-01 
1.7560270854e-05 1.0000000000e+00 
1.0509863260e-04 5.3661841200e-01 
4.7879211036e-05 5.6556394391e-01 
3.1880539169e-05 1.0000000000e+00 
1.8699937010e-05 5.9631789321e-01 
1.4263206450e-05 5.2166560835e-01 
9.5849486157e-05 5.4341635887e-01 
7.7678038353e-06 1.0000000000e+00 
5.6145724477e-05 5.5946810093e-01 
6.2888452548e-05 5.7920186043e-01 
1.2508359351e-05 6.1121068680e-01 
4.1337087952e-05 5.7377501623e-01 
5.0190118298e-05 5.5751021614e-01 
3.6328048430e-05 5.2915775188e-01 
2.2514191610e-05 5.6130332882e-01 
8.4100023132e-06 6.2660815202e-01 
2.9125102035e-05 5.9266883103e-01 
4.1950345468e-05 5.6978971809e-01 
6.4401386869e-05 5.3924919469e-01 
4.9995307715e-06 9.9919490978e-01 
