3.0419651525e-05 8.3545599102e-01 
1.0127699812e-05 1.0000000000e+00 
5.7500717524e-06 8.7036814736e-01 
7.1038060010e-05 8.2749783433e-01 
1.1559634699e-04 8.2654768182e-01 
2.1908942568e-05 7.9951276003e-01 
3.9362884313e-05 8.4441813784e-01 
1.8503254258e-05 8.3708719903e-01 
3.6188630008e-05 8.3701589633e-01 
8.5255618928e-06 8.4897990465e-01 
4.4285175878e-05 8.3906545053e-01 
1.8532150484e-05 8.4829797710e-01 
2.6205600985e-05 7.9609017579e-01 
1.5214190987e-05 8.1986274547e-01 
1.0314371225e-04 8.1729551262e-01 
1.5632869425e-05 8.4363678788e-01 
1.2852026744e-05 1.0000000000e+00 
1.2617060654e-05 8.5501984314e-01 
8.3290139035e-06 1.0000000000e+00 
1.8604499279e-05 7.9877713409e-01 
2.3420183013e-05 1.0000000000e+00 
1.7406229748e-05 8.5046338400e-01 
7.7828840599e-05 8.2620102595e-01 
5.6021759266e-05 8.2827061690e-01 
4.4095939513e-05 8.2332010321e-01 
4.3478991279e-05 7.8910306092e-01 
9.8807440652e-06 1.0000000000e+00 
1.5332055372e-05 8.4035163258e-01 
1.7397644576e-05 1.0000000000e+00 
1.3957533587e-04 8.3025008879e-01 
1.5644360048e-05 8.5219794315e-01 
8.5255074037e-06 8.4981810419e-01 
9.2099289437e-06 8.6938692621e-01 
1.9521388711e-04 8.2713205533e-01 
4.9875784469e-05 8.3735144495e-01 
1.0551651194e-04 8.2807151600e-01 
2.9877712311e-05 8.5190666124e-01 
8.8984694310e-05 8.3525429428e-01 
4.5887038967e-05 8.2876696848e-01 
4.0259283084e-05 8.3493399724e-01 
3.5306130889e-05 8.3579071343e-01 
7.3059981089e-06 1.0000000000e+00 
7.8519532915e-06 1.0000000000e+00 
2.2004866294e-05 8.3638792719e-01 
2.2315562834e-05 1.0000000000e+00 
4.3103464232e-05 8.5080291488e-01 
1.6175208958e-04 8.3651928917e-01 
8.3328156679e-05 8.2836734345e-01 
2.7105544483e-05 8.2037618835e-01 
7.1598216219e-06 1.0000000000e+00 
3.6414718616e-05 1.0000000000e+00 
1.7288479560e-05 8.1082296771e-01 
4.3375748748e-06 8.6942336504e-01 
1.7825369859e-05 8.5325816834e-01 
3.4788473409e-05 7.9800348325e-01 
8.6718437244e-06 8.5922174425e-01 
8.2547465514e-05 8.2316769304e-01 
1.3397716910e-05 8.5087144685e-01 
5.8723003921e-06 1.0000000000e+00 
9.4576616788e-05 8.2522675941e-01 
1.4122247866e-05 8.5271817661e-01 
6.8437900507e-05 8.2504125466e-01 
1.4626699855e-05 8.6221275730e-01 
3.5613511482e-05 8.3205464212e-01 
2.9363635084e-05 8.3812646161e-01 
1.0420531074e-05 1.0000000000e+00 
1.4663199822e-05 8.5069868957e-01 
9.9840117658e-06 1.0000000000e+00 
2.0128385159e-05 8.4038640433e-01 
1.3784704386e-05 8.1524342741e-01 
7.1311610747e-05 8.2316855325e-01 
3.5541478896e-05 8.4110761747e-01 
7.9106751506e-06 1.0000000000e+00 
3.1424265627e-05 8.3652397279e-01 
7.2705356076e-05 8.5440465139e-01 
1.2289924135e-05 8.7169097166e-01 
1.5010184742e-05 8.2607709501e-01 
3.6146980495e-06 8.6705471833e-01 
8.8491298799e-05 8.1980147501e-01 
8.2033632648e-05 8.2895499089e-01 
7.3061387622e-05 8.3399936915e-01 
3.1915626872e-05 8.4745295449e-01 
4.4615241834e-05 8.2652349933e-01 
2.9349227021e-05 8.0430317673e-01 
1.0850131884e-04 8.2258851428e-01 
2.6552360195e-05 1.0000000000e+00 
3.6569332089e-05 8.3466311701e-01 
1.0225981494e-04 8.2614238867e-01 
5.7902340683e-05 8.3507997953e-01 
1.6985859148e-05 8.5116185001e-01 
6.1573328402e-05 8.2522672602e-01 
1.0193020739e-04 8.2325965913e-01 
3.9241483495e-05 8.3997700726e-01 
2.5101469220e-05 8.4355801069e-01 
4.7478400314e-05 8.1697776350e-01 
2.4909322188e-05 1.0000000000e+00 
5.4087952996e-05 8.2814452225e-01 
5.0020825692e-05 8.2703165530e-01 
6.8260071076e-05 8.4184780886e-01 
6.1293932513e-05 8.2586825524e-01 
5.8241444345e-05 8.2953970342e-01 
2.2196177815e-05 8.3031837788e-01 
4.4520226788e-05 8.3045355267e-01 
3.4949102470e-05 1.0000000000e+00 
1.0643792083e-05 8.6492265626e-01 
1.3493140689e-04 8.1693669225e-01 
1.0119565839e-05 8.5521181674e-01 
3.4614341741e-05 8.4395001619e-01 
2.1664212096e-06 1.0000000000e+00 
1.0031910893e-04 8.1996489030e-01 
1.1352164841e-04 8.1986662462e-01 
3.6853065683e-06 8.6656247580e-01 
1.6080950456e-05 8.4038466391e-01 
5.6598881109e-05 8.3093755316e-01 
4.5955882978e-06 1.0000000000e+00 
2.2064505429e-05 7.9764846985e-01 
2.1368884215e-05 8.4785035810e-01 
2.6797333692e-05 8.2816981165e-01 
7.8399471111e-05 8.3479777633e-01 
1.0657478241e-04 8.2626351514e-01 
7.8586697498e-05 8.3282523656e-01 
8.7899105095e-05 1.0000000000e+00 
7.4724555848e-05 8.2317542976e-01 
8.1506845349e-05 8.3054765925e-01 
2.0679712906e-05 8.4846003120e-01 
4.8689531968e-06 8.6341250203e-01 
1.4447228453e-05 8.3931857145e-01 
7.6541606252e-06 8.6604056693e-01 
2.3571406243e-05 7.9791043941e-01 
1.6723817159e-04 8.0471522189e-01 
4.2037242322e-05 8.3511466393e-01 
2.0979009883e-05 8.1574224685e-01 
1.5533765359e-05 8.4128144036e-01 
2.7013917850e-05 8.2507722148e-01 
8.0800433942e-05 8.2406076229e-01 
2.2186806678e-05 8.0869623209e-01 
1.5256433369e-04 8.1775032451e-01 
4.8424594821e-05 8.3015554413e-01 
8.3942039350e-05 8.3435486162e-01 
2.9224410999e-05 8.0940283454e-01 
2.0081651225e-05 8.4445100014e-01 
2.6429476399e-06 1.0000000000e+00 
1.4622933873e-05 8.5763873876e-01 
1.0362164990e-05 8.5996252919e-01 
3.5442325805e-05 8.3472831324e-01 
2.5468519904e-05 8.0467321113e-01 
3.9585630694e-05 1.0000000000e+00 
8.3197222922e-06 8.6486033672e-01 
2.9139733824e-04 8.0858363421e-01 
7.4530906826e-05 8.2608586857e-01 
3.5675401923e-06 8.6599637436e-01 
5.6168630399e-05 8.3044957808e-01 
6.2982779964e-06 1.0000000000e+00 
1.7587954856e-05 7.9486316033e-01 
2.1868169276e-04 8.0122792176e-01 
1.7056069053e-05 8.3806087306e-01 
1.5323512105e-04 8.0912034159e-01 
5.6632450555e-05 8.2925313732e-01 
4.5029273200e-05 7.9115200161e-01 
3.0545520780e-05 8.5143006174e-01 
1.7951932106e-05 8.5639944927e-01 
2.7496459252e-05 1.0000000000e+00 
3.3348763435e-05 1.0000000000e+00 
4.6441229531e-05 8.3571596200e-01 
3.6504992089e-05 8.4216571226e-01 
5.9877479887e-05 7.9760121567e-01 
3.1845372871e-05 8.4756969628e-01 
1.0102407509e-04 8.1465466679e-01 
1.3724731945e-05 1.0000000000e+00 
1.9450446573e-05 7.9768046024e-01 
2.4078301524e-05 8.2946377025e-01 
2.3930976487e-05 8.4163134466e-01 
1.4024212593e-04 8.0953323673e-01 
2.8984433821e-05 7.9193207677e-01 
3.6296680214e-05 8.4049624176e-01 
2.7355564863e-05 8.5191164373e-01 
6.0061295413e-05 8.3404460003e-01 
6.7759456965e-06 8.6700131361e-01 
2.0746862190e-05 1.0000000000e+00 
3.4304138867e-05 8.3610356173e-01 
1.5672278557e-04 8.2353285364e-01 
1.2101905668e-05 8.5670797994e-01 
1.1250082275e-05 8.6975073744e-01 
1.0112096550e-04 8.2879782487e-01 
4.2302306694e-05 8.4438235710e-01 
3.6813646624e-05 8.2530042839e-01 
2.5597055511e-05 8.4235414704e-01 
9.5165752893e-05 8.2325642846e-01 
1.0458810341e-04 8.1526025210e-01 
1.4709517351e-04 8.0741793274e-01 
2.0509095270e-05 8.4507177628e-01 
2.6756832190e-04 1.0000000000e+00 
2.2437837036e-05 8.5418954301e-01 
6.2311594440e-05 1.0000000000e+00 
2.8184203281e-05 8.4231884938e-01 
3.3592310650e-05 8.3892479775e-01 
8.7319458914e-06 1.0000000000e+00 
8.0174094938e-06 1.0000000000e+00 
5.1817128499e-05 8.2052529287e-01 
2.4891711890e-05 8.4377388822e-01 
2.5901454668e-05 8.3527099724e-01 
1.7590287230e-05 8.3857380606e-01 
1.4754817429e-05 8.4935850039e-01 
5.6315861626e-05 8.0293962900e-01 
7.0486759809e-05 8.2828597305e-01 
1.6497516545e-04 8.2971557775e-01 
4.2441034477e-06 8.6819052137e-01 
1.7871318077e-04 8.1661015670e-01 
7.8757389969e-06 8.3248921190e-01 
1.0959734401e-04 8.2637134788e-01 
2.1094527638e-05 7.9978587350e-01 
2.3301629212e-05 8.2256525379e-01 
1.5474898193e-05 8.4976674614e-01 
1.0215008771e-04 8.3223869167e-01 
9.9785890262e-05 7.8920219111e-01 
2.0968527535e-05 1.0000000000e+00 
4.1624303401e-05 8.3110739380e-01 
7.8831278938e-05 8.3048038110e-01 
8.0401858359e-06 1.0000000000e+00 
2.4690650314e-05 8.4523201232e-01 
5.4193435091e-05 8.2768783977e-01 
7.1046710824e-05 8.2656110559e-01 
1.6134573165e-04 8.1311266772e-01 
3.6416673298e-05 8.1909005758e-01 
3.2972978543e-05 1.0000000000e+00 
7.1525928352e-06 8.7149592092e-01 
6.9588032117e-05 8.3478383120e-01 
2.8865347939e-05 8.3353209476e-01 
3.3614945604e-06 1.0000000000e+00 
9.1869947896e-05 8.2988951375e-01 
3.4531472326e-05 8.2254533901e-01 
2.3783221429e-05 8.3381674078e-01 
3.2158022244e-05 8.3785357146e-01 
9.0126517129e-05 8.3382839233e-01 
1.6738137450e-05 8.4886964809e-01 
4.3682116563e-05 8.2779723636e-01 
6.9103856788e-05 8.2875038420e-01 
3.6552604872e-06 8.7163541317e-01 
1.6481315059e-05 8.4207643850e-01 
1.6058540356e-05 1.0000000000e+00 
1.0641124371e-05 8.5232838322e-01 
5.6896229343e-05 8.2818015643e-01 
4.0226558028e-05 1.0000000000e+00 
7.0793060285e-05 8.2329668865e-01 
2.4613127574e-05 8.4118742293e-01 
2.3220881863e-05 8.2214923855e-01 
2.0514645401e-05 8.1792512477e-01 
1.7485453061e-05 1.0000000000e+00 
7.9416885781e-06 1.0000000000e+00 
3.3096133309e-05 8.4229138283e-01 
1.0394242246e-05 8.4731252404e-01 
1.2595466706e-05 8.5610760291e-01 
2.0981684356e-04 8.1010120355e-01 
9.8228134771e-06 8.5689698347e-01 
3.2900245812e-05 8.3082905948e-01 
4.2689825287e-05 8.3454270694e-01 
2.0207729126e-04 8.1300887436e-01 
6.1050832584e-05 7.9078823106e-01 
7.2457800919e-06 8.6245695763e-01 
1.8792137523e-05 8.4308022081e-01 
1.5695014560e-04 8.1927261904e-01 
2.3021881495e-05 8.4457655265e-01 
3.3694341683e-05 8.3247731391e-01 
8.0727733913e-05 8.2088300640e-01 
2.4075027566e-04 8.2565783392e-01 
3.2749941979e-05 8.3141866633e-01 
6.4321176500e-05 8.3818627596e-01 
3.7316046726e-05 1.0000000000e+00 
8.7199569567e-05 8.2411901448e-01 
3.2876799489e-05 8.3640818445e-01 
1.3860866238e-05 8.5954524599e-01 
2.1994470003e-05 8.3331454143e-01 
3.5429288932e-05 8.3619015903e-01 
2.3197507098e-05 8.4220092889e-01 
8.1766796803e-05 8.2346657911e-01 
1.6013299579e-05 1.0000000000e+00 
1.0233116148e-04 8.2230965634e-01 
2.6500372963e-05 8.3881054879e-01 
3.2348004102e-05 8.1202104625e-01 
2.8981145041e-05 8.3709488645e-01 
6.8297852029e-05 8.2406600978e-01 
6.9504754079e-06 1.0000000000e+00 
1.9559060794e-05 7.9960048179e-01 
5.6664201744e-05 8.2581169355e-01 
9.9244035138e-05 8.2524287344e-01 
1.2169378726e-05 1.0000000000e+00 
9.4741150308e-05 8.1864334890e-01 
7.1954517795e-05 8.2204005883e-01 
3.5926036972e-05 8.3690216670e-01 
4.5018121632e-05 1.0000000000e+00 
7.6199040157e-05 8.2397081810e-01 
1.7379878793e-05 8.3249729819e-01 
1.0348270920e-04 8.3980176575e-01 
2.1660863005e-05 8.4412234142e-01 
4.3428526556e-06 1.0000000000e+00 
2.3935292021e-05 8.6610682756e-01 
6.2996880091e-05 8.2465362683e-01 
6.7232030080e-05 8.2607571626e-01 
2.0543135187e-05 8.5307858257e-01 
3.6930057686e-06 8.6675946253e-01 
4.8894766618e-05 8.5151574033e-01 
3.4472705920e-05 8.3461796781e-01 
2.5731333229e-05 8.3255947144e-01 
4.7805819804e-06 8.7193489955e-01 
4.9251401978e-05 1.0000000000e+00 
1.2821646439e-05 7.9915771214e-01 
9.0160698342e-06 8.5835197281e-01 
1.6934992535e-05 8.0452914286e-01 
5.9443514760e-06 8.6982989819e-01 
4.3456090190e-05 8.3360648823e-01 
2.0595815637e-05 8.6875820985e-01 
1.8300978391e-04 8.1920605700e-01 
3.1063921080e-05 8.0687521489e-01 
2.2769886120e-05 8.3762096082e-01 
6.4949762119e-05 8.2509895667e-01 
7.3728222735e-06 1.0000000000e+00 
3.2415754459e-05 8.3229739444e-01 
5.6920322103e-05 8.3077801243e-01 
7.7383953098e-06 1.0000000000e+00 
4.1871058948e-06 8.6892197238e-01 
7.2420582487e-05 8.2374676358e-01 
1.8992101845e-05 1.0000000000e+00 
1.6469902721e-05 8.5293274575e-01 
1.4056034866e-05 8.2314715575e-01 
2.7697339551e-05 8.4357023398e-01 
1.6612446370e-05 8.5412031100e-01 
8.7253897066e-05 1.0000000000e+00 
3.0475357155e-05 8.4712942741e-01 
6.5647869500e-06 1.0000000000e+00 
4.0007570421e-05 8.2564219885e-01 
7.9058559163e-06 1.0000000000e+00 
1.4410289526e-05 8.2825989439e-01 
1.9668690534e-05 1.0000000000e+00 
1.4947043676e-05 7.9728202824e-01 
1.7975616120e-05 8.4680288723e-01 
6.5747227539e-05 8.3499244164e-01 
4.4185491053e-06 1.0000000000e+00 
3.3404279037e-05 8.4510625370e-01 
5.0748625075e-05 1.0000000000e+00 
3.4373155268e-05 7.9562375888e-01 
5.9472965217e-05 8.4253486493e-01 
9.3234085330e-06 8.6271038981e-01 
1.0183166866e-05 8.7207424245e-01 
7.4002029855e-05 8.4753739769e-01 
1.5925085930e-04 8.1986991215e-01 
1.9761941151e-04 8.0053697656e-01 
3.0162921698e-05 8.4788087204e-01 
4.3086339818e-05 8.3327698390e-01 
1.3463070123e-05 8.3110460239e-01 
9.8505570896e-06 1.0000000000e+00 
8.1703452798e-06 8.6611943446e-01 
8.1376170226e-06 8.5852817582e-01 
3.3799848836e-05 7.9692455614e-01 
2.3047668768e-05 8.1011496345e-01 
1.9684689827e-05 1.0000000000e+00 
2.9911693708e-05 8.5153159768e-01 
3.6391465977e-05 8.3290119718e-01 
8.1894312670e-06 1.0000000000e+00 
2.0330676966e-05 8.4037635959e-01 
5.3915980658e-05 8.4827612506e-01 
4.6813522785e-06 1.0000000000e+00 
5.0132676008e-05 8.2621710957e-01 
3.0794534922e-05 8.3869963523e-01 
4.5447050639e-05 8.3882610289e-01 
1.7384949296e-05 8.4943103628e-01 
1.7209949472e-04 8.1132432445e-01 
3.9099212524e-06 1.0000000000e+00 
7.9318805880e-05 8.2256475128e-01 
2.8104189723e-05 7.9956186688e-01 
2.6049679188e-05 8.4143047965e-01 
1.5342043216e-05 8.4968110495e-01 
3.1563458653e-05 8.4775077969e-01 
2.9882857118e-05 8.4028341561e-01 
1.7769704744e-04 8.2473144642e-01 
3.1390092415e-05 8.3387269726e-01 
3.2919053965e-06 1.0000000000e+00 
5.2150675856e-05 8.2797481637e-01 
1.0713690782e-04 8.2003513709e-01 
1.4459277990e-05 1.0000000000e+00 
9.2591694138e-06 8.4604667486e-01 
8.4409960099e-06 1.0000000000e+00 
1.7866982818e-05 1.0000000000e+00 
1.2913952163e-05 8.5357564508e-01 
9.5264733118e-06 1.0000000000e+00 
1.4917182714e-05 8.5443400588e-01 
4.5346758067e-05 8.2784326875e-01 
2.0389301686e-05 8.0422748573e-01 
6.9763680783e-05 8.2502963989e-01 
3.4618759509e-05 8.3719099575e-01 
2.3308098504e-05 8.3439947104e-01 
5.6189342934e-05 8.3062030936e-01 
7.2080355835e-06 8.6126180809e-01 
4.1740025978e-06 8.6683001261e-01 
3.3083389235e-05 8.4954163206e-01 
6.8225342742e-05 8.3226325133e-01 
2.6691510623e-05 8.3761911001e-01 
1.5191651491e-05 1.0000000000e+00 
1.1311367307e-04 8.3000418551e-01 
3.3510507247e-05 8.3395318747e-01 
5.9696398516e-05 8.3266335198e-01 
1.0199212232e-04 8.3900975982e-01 
4.8427429911e-05 8.3110236380e-01 
3.0843671574e-05 8.3492504422e-01 
1.5597828120e-05 8.3924663965e-01 
8.9243410764e-05 8.1998292742e-01 
4.3126511750e-05 8.3988678265e-01 
5.7447787057e-06 1.0000000000e+00 
5.9083191713e-05 8.2727490431e-01 
2.3656938666e-05 1.0000000000e+00 
2.4540364820e-05 8.5555657643e-01 
1.8426550739e-05 1.0000000000e+00 
2.6960066715e-05 8.4754026960e-01 
4.4495280496e-05 8.3923014737e-01 
3.7838269964e-05 8.3642472115e-01 
3.7557364624e-05 7.8875612062e-01 
9.4619780000e-06 8.5490934659e-01 
4.7355394612e-05 8.3060980223e-01 
1.2868794150e-05 7.9933809958e-01 
3.2049963250e-06 1.0000000000e+00 
2.0920462723e-05 8.5335690997e-01 
8.0219939686e-06 1.0000000000e+00 
4.8170763863e-06 8.6915434612e-01 
5.3917396039e-05 8.2641223589e-01 
1.7639549729e-05 8.7138185717e-01 
1.9118670226e-05 1.0000000000e+00 
8.9118370788e-05 8.2655377608e-01 
1.8646843998e-05 7.9991616162e-01 
3.4725091341e-05 8.3507509984e-01 
9.9607299407e-05 8.2235161609e-01 
1.2110098110e-05 8.6552287097e-01 
8.4990676217e-05 8.2951180763e-01 
2.2811911140e-05 8.4493542312e-01 
1.0505131503e-05 1.0000000000e+00 
3.2725018816e-05 7.9544409652e-01 
1.4968898310e-04 8.1290287173e-01 
1.9249764377e-05 8.4689354073e-01 
2.7716244338e-05 8.4442698526e-01 
4.8095029070e-05 8.2596734564e-01 
2.7291402248e-05 8.3724480598e-01 
1.3823871920e-05 8.5891646081e-01 
2.1559722511e-05 8.4653644194e-01 
6.5406373210e-05 8.2985110994e-01 
6.0945915464e-05 8.2884260872e-01 
2.5849299472e-05 1.0000000000e+00 
3.1670894383e-05 8.2349606514e-01 
4.8680831889e-05 8.3622415980e-01 
4.8802431085e-05 8.2517058660e-01 
4.0239379063e-05 8.3291722018e-01 
9.2758152363e-05 7.9660540601e-01 
7.4329817827e-05 8.2544856280e-01 
1.6048873371e-05 1.0000000000e+00 
4.5223872427e-05 8.3524848033e-01 
2.4812342363e-05 8.4171950954e-01 
3.8949309756e-05 1.0000000000e+00 
9.5879713920e-06 8.5957293001e-01 
6.7365333821e-05 8.3096691139e-01 
2.5466651399e-05 7.9855524107e-01 
1.1433328440e-04 1.0000000000e+00 
2.7038021170e-05 8.3645768487e-01 
2.6722874980e-05 7.9131055581e-01 
5.8628189492e-05 1.0000000000e+00 
7.2003888983e-05 8.2460652265e-01 
6.7897373442e-05 8.2513723931e-01 
1.1574346178e-05 1.0000000000e+00 
1.6427492369e-04 8.0611621587e-01 
4.0354712239e-05 8.4186202441e-01 
3.1808671456e-05 8.3263133148e-01 
1.2180489951e-04 8.3203277595e-01 
5.9855439050e-06 1.0000000000e+00 
1.0364509436e-05 8.5339968067e-01 
4.1456595829e-05 8.3953790573e-01 
4.6695843516e-05 7.9674341342e-01 
3.9810958487e-05 8.3183263660e-01 
6.2408968820e-05 8.3341099733e-01 
3.4235837643e-05 8.3442529085e-01 
1.1779936522e-05 8.5286949089e-01 
2.9241998138e-05 7.9817688933e-01 
1.4669952912e-04 8.1351776630e-01 
1.3061029228e-04 8.2648772646e-01 
3.4161066969e-05 8.3170829666e-01 
6.1645679117e-05 8.2966511633e-01 
2.7325020683e-05 8.3078666673e-01 
5.1103385702e-05 8.2900037605e-01 
2.5025143340e-05 8.4102273104e-01 
5.2248881577e-06 8.7163015569e-01 
2.0052339555e-05 8.4509162983e-01 
7.1761706492e-06 8.6412598952e-01 
1.3282363833e-04 8.3733233574e-01 
9.1276798366e-05 8.2578028647e-01 
4.8523162653e-05 8.2798551615e-01 
5.6613327623e-05 8.3294608797e-01 
1.0493138238e-04 8.5212287128e-01 
3.6248688856e-05 8.3550217337e-01 
1.7307009190e-05 1.0000000000e+00 
1.4378641097e-04 8.1049878789e-01 
8.8151359101e-05 8.2778929587e-01 
1.0099777379e-05 1.0000000000e+00 
1.9018950962e-05 8.6611200856e-01 
2.8345611470e-04 8.0898643456e-01 
7.2375122364e-05 8.2386607818e-01 
