5.2816448037e-04 1.0000000000e+00 
2.8198244195e-05 4.8305201376e-01 
7.5683809408e-05 4.1910600057e-01 
6.4112170195e-05 9.9024594123e-01 
6.0072008376e-04 1.0000000000e+00 
1.2939975129e-04 9.9169665529e-01 
2.3197835596e-04 1.0000000000e+00 
2.8592194239e-04 1.0000000000e+00 
6.0801176327e-05 3.3600886311e-01 
2.0586537744e-04 1.0000000000e+00 
2.9807698166e-05 4.6053297457e-01 
3.0091575507e-05 1.0000000000e+00 
7.0908483449e-05 9.8751700756e-01 
2.6520265374e-04 1.0000000000e+00 
8.2275649806e-05 1.0000000000e+00 
6.8496187984e-05 3.9852034541e-01 
9.3161182016e-04 1.0000000000e+00 
4.5853599902e-05 1.0000000000e+00 
3.4330803735e-05 3.3859554368e-01 
1.4014922467e-04 9.9238704778e-01 
1.3546991935e-04 3.8286615949e-01 
4.4179081652e-04 1.0000000000e+00 
1.6568739259e-05 1.0000000000e+00 
1.4567160086e-05 1.0000000000e+00 
2.6928788128e-04 1.0000000000e+00 
7.7069894999e-05 3.6891819967e-01 
5.5184637470e-05 1.0000000000e+00 
8.4612449851e-06 1.0000000000e+00 
3.3545187979e-05 4.4289675563e-01 
1.8938964532e-05 4.6993960355e-01 
6.8474244789e-05 3.7200328841e-01 
2.4173496595e-04 1.0000000000e+00 
8.4764931721e-05 9.9042734284e-01 
1.6353881392e-04 9.9201715403e-01 
1.3910788319e-05 5.6260085794e-01 
1.6457478095e-05 4.8764982568e-01 
6.3517844157e-05 9.8958437651e-01 
9.2415751682e-05 1.0000000000e+00 
7.5814059122e-05 9.9301175067e-01 
1.3623268114e-04 9.9079955744e-01 
3.5818137591e-05 3.4412192913e-01 
2.6743519996e-05 3.4908817601e-01 
2.8633370346e-04 1.0000000000e+00 
3.8725664505e-05 4.2631772742e-01 
5.0105027588e-05 3.5799978864e-01 
8.7564527950e-05 9.9017674952e-01 
1.7876809227e-04 1.0000000000e+00 
2.1330188407e-04 1.0000000000e+00 
6.0632795274e-05 1.0000000000e+00 
1.3766440675e-05 4.0688153961e-01 
5.5162431652e-05 3.0660528913e-01 
3.5857611552e-05 1.0000000000e+00 
1.1588621219e-05 1.0000000000e+00 
3.3251680182e-05 3.8015433791e-01 
5.4085527424e-05 4.3191949584e-01 
4.0003671259e-05 3.9573428741e-01 
1.6813243933e-05 4.7340647291e-01 
1.6196739108e-05 5.0675222952e-01 
1.6753705202e-05 1.0000000000e+00 
5.7315506514e-05 1.0000000000e+00 
9.7352450905e-05 9.8874078945e-01 
2.7558823238e-05 3.9441781125e-01 
7.7197492114e-04 1.0000000000e+00 
1.0631919939e-04 9.8973876277e-01 
1.1724813353e-04 3.8599419542e-01 
8.2123909431e-05 9.9183898244e-01 
1.0457287678e-04 9.9231179012e-01 
5.0750140721e-04 1.0000000000e+00 
5.5132038180e-04 1.0000000000e+00 
1.9092861193e-05 3.3382871406e-01 
2.5256151116e-05 4.2902915203e-01 
1.5103274229e-05 4.9413190148e-01 
5.4144647825e-05 3.7231753587e-01 
3.7216170810e-05 1.0000000000e+00 
1.9133313351e-04 1.0000000000e+00 
4.6339251069e-05 1.0000000000e+00 
1.5144612614e-05 3.8672662699e-01 
3.9123340518e-05 4.4352864329e-01 
2.7275781776e-04 1.0000000000e+00 
1.0518159791e-05 3.6359508583e-01 
4.7485362999e-05 4.1641888642e-01 
3.1429591089e-05 1.0000000000e+00 
9.0891195675e-05 1.0000000000e+00 
6.0079769621e-05 3.7782218091e-01 
2.9545693646e-05 4.3950308777e-01 
4.6773858238e-05 5.8586060238e-01 
2.0791137174e-05 4.6749245205e-01 
2.1305604487e-04 1.0000000000e+00 
1.4651950421e-04 9.9042099326e-01 
1.8050375527e-05 4.3209338367e-01 
3.4318675973e-05 3.1591917768e-01 
8.8027499692e-06 4.8320080865e-01 
3.5760043607e-05 4.3436627678e-01 
8.2556635777e-05 1.0000000000e+00 
1.1505589899e-04 9.9037090097e-01 
1.0948341999e-05 1.0000000000e+00 
1.3645295885e-05 3.7192657582e-01 
3.3288873056e-05 3.3862930509e-01 
1.0372947386e-05 1.0000000000e+00 
3.9135811407e-05 3.5898470397e-01 
2.8313689640e-04 3.8742414857e-01 
7.2201037546e-05 4.2806217286e-01 
5.0693617322e-05 1.0000000000e+00 
7.2960613553e-05 9.9174003095e-01 
2.6675905296e-05 3.6397500087e-01 
5.2791151106e-05 4.1478141932e-01 
1.3740683748e-04 9.9285722106e-01 
3.4644862366e-05 4.4122209300e-01 
1.5194082037e-04 1.0000000000e+00 
2.5317272089e-04 1.0000000000e+00 
1.1932181109e-05 3.9449558414e-01 
2.7277672467e-05 1.0000000000e+00 
1.5132912855e-05 4.6288182170e-01 
1.3207022798e-04 9.9057689297e-01 
2.8179109282e-05 3.3117857670e-01 
3.9274744475e-05 3.2280738904e-01 
6.6666443999e-05 9.8778552935e-01 
5.4278875549e-05 9.8761068738e-01 
1.6303249207e-04 1.0000000000e+00 
8.5010448008e-04 1.0000000000e+00 
1.2481623580e-04 9.8994894667e-01 
6.1437264439e-05 9.9284357490e-01 
5.3301310796e-05 4.8992956413e-01 
5.8533648133e-05 4.1297425531e-01 
1.9257737109e-05 4.7432606890e-01 
3.6805611497e-05 1.0000000000e+00 
7.8382189746e-05 9.8953976577e-01 
3.6390338181e-04 1.0000000000e+00 
4.1817172687e-05 3.7994513650e-01 
2.6503284659e-04 1.0000000000e+00 
1.7917607184e-04 9.9308430966e-01 
5.6990687149e-04 1.0000000000e+00 
1.0161289744e-05 4.0803902953e-01 
3.9223891040e-05 4.2189507179e-01 
1.5733108110e-05 1.0000000000e+00 
8.5440524134e-05 9.8958834284e-01 
4.6823201610e-04 1.0000000000e+00 
2.1864503002e-05 4.5595281519e-01 
1.0511872900e-04 1.0000000000e+00 
6.7720553662e-06 1.0000000000e+00 
2.1827893257e-05 1.0000000000e+00 
1.8626465236e-04 9.9287215593e-01 
1.1828347293e-04 9.9267781977e-01 
2.2078025668e-04 1.0000000000e+00 
1.3665673051e-05 1.0000000000e+00 
4.0955087840e-05 3.3503885428e-01 
2.2869032402e-05 4.7090706915e-01 
1.9976863698e-05 3.4950490642e-01 
9.1743117035e-05 1.0000000000e+00 
9.9716209891e-05 9.9027734642e-01 
4.0446360533e-05 4.3792518104e-01 
7.0599573417e-05 9.9423121764e-01 
1.9837630794e-04 1.0000000000e+00 
1.6192650097e-05 4.6126450467e-01 
3.1674201762e-05 1.0000000000e+00 
7.0773410489e-05 9.9014607844e-01 
1.0529868955e-04 1.0000000000e+00 
3.2082087412e-05 3.5803210114e-01 
5.9870064900e-04 1.0000000000e+00 
5.7039389477e-05 9.9053615204e-01 
5.6290764644e-05 4.8606314278e-01 
1.4608128537e-05 1.0000000000e+00 
5.4512183992e-05 3.2154137255e-01 
2.6026025930e-05 3.5429097910e-01 
1.4575497788e-05 4.7891080484e-01 
2.2538354300e-04 1.0000000000e+00 
2.4418808012e-05 3.6050848785e-01 
2.7428658564e-04 1.0000000000e+00 
1.9239958515e-05 1.0000000000e+00 
2.1116815152e-04 1.0000000000e+00 
2.6344335160e-05 3.7933077600e-01 
2.6615803126e-05 1.0000000000e+00 
3.6930778011e-05 3.3411139848e-01 
1.8008477179e-04 1.0000000000e+00 
5.5234246253e-05 9.9367185908e-01 
1.0033945462e-04 9.9384876829e-01 
6.5460133151e-05 4.0800233490e-01 
2.4296502516e-04 1.0000000000e+00 
6.1074654442e-05 4.1368643988e-01 
1.3904458930e-05 4.7365955942e-01 
1.2106406473e-05 3.5884549673e-01 
7.8787773347e-05 1.0000000000e+00 
3.4320057000e-04 1.0000000000e+00 
2.0455835828e-04 1.0000000000e+00 
2.3399237712e-05 4.4564871745e-01 
6.5130248746e-05 3.7078854047e-01 
4.7594663812e-04 1.0000000000e+00 
1.3330099699e-04 1.0000000000e+00 
2.9387823354e-04 1.0000000000e+00 
4.3367457698e-05 1.0000000000e+00 
1.8184742151e-05 1.0000000000e+00 
4.9442365928e-05 4.2638753964e-01 
2.1252950569e-05 5.4109837089e-01 
2.2400796336e-05 5.5225061780e-01 
6.7698849366e-05 9.9121573782e-01 
2.6504181922e-05 4.6339396072e-01 
2.9287755671e-05 4.5933053080e-01 
9.4865680148e-04 1.0000000000e+00 
8.5119041691e-05 9.8729719516e-01 
7.8192586767e-05 9.8478582162e-01 
