1.8362707609e-05 3.5353562967e-01 
1.4323420722e-04 2.0455807014e-01 
5.5163317588e-05 1.0000000000e+00 
1.1618556234e-04 2.2406830296e-01 
5.9909346190e-05 2.4748108972e-01 
8.4146247823e-06 1.0000000000e+00 
1.3292354065e-04 2.5252484975e-01 
3.0869168121e-05 3.0832350898e-01 
1.8982539190e-04 2.1917724499e-01 
6.7720011200e-05 1.8592474474e-01 
1.9323161953e-05 1.0000000000e+00 
1.9202470964e-04 1.2802257334e-01 
6.2868420070e-05 2.2391582082e-01 
4.2941012721e-05 3.9647737124e-01 
9.6068096155e-05 2.0813279263e-01 
2.8534086531e-05 3.2976475317e-01 
1.9783616812e-05 3.9506858618e-01 
2.2090735331e-05 3.3189303325e-01 
1.0062451275e-04 1.7557687915e-01 
2.6527407874e-05 2.8355726590e-01 
1.3021603106e-05 3.8773808577e-01 
1.6335251737e-04 1.0000000000e+00 
4.1430208608e-05 2.9199594289e-01 
7.0875042058e-06 1.0000000000e+00 
2.5000514126e-05 3.4576804296e-01 
1.0385890701e-05 1.0000000000e+00 
1.5628296174e-04 6.7541078932e-02 
6.5761031094e-06 1.0000000000e+00 
6.5625901104e-06 1.0000000000e+00 
1.7510783114e-05 1.0000000000e+00 
1.1347727825e-04 0.0000000000e+00 
1.1954495330e-04 1.5296242627e-01 
8.5949392399e-05 1.1698264383e-01 
6.1215185386e-05 2.1611435448e-01 
1.1627213492e-05 1.0000000000e+00 
8.4588039781e-05 2.1011645214e-01 
6.1322406153e-05 3.1527952063e-01 
4.3514634775e-05 2.7498590602e-01 
1.8976479885e-05 3.3915702013e-01 
2.9727203598e-05 2.6275461655e-01 
1.6326477304e-05 1.0000000000e+00 
3.4843172710e-05 1.0000000000e+00 
9.5566398063e-05 1.6623438763e-01 
3.4066174981e-05 2.1888608330e-01 
8.3395158149e-06 1.0000000000e+00 
1.9688426028e-05 3.8816062812e-01 
6.9454329549e-05 2.9789676690e-01 
7.6459769837e-05 1.0836172637e-01 
1.7919392498e-05 3.7395614337e-01 
1.1180275612e-05 4.0562034304e-01 
8.1910626050e-05 2.2486218704e-01 
1.7869504108e-05 2.8894706687e-01 
4.9434893636e-05 2.0159107265e-01 
1.1656744844e-05 1.0000000000e+00 
2.4915442731e-05 2.0444000007e-01 
6.8034290560e-05 2.5376392279e-01 
1.1044059072e-04 1.5708300583e-01 
7.0217849928e-05 1.7707506157e-01 
3.1875956013e-05 1.0000000000e+00 
1.8303144407e-04 0.0000000000e+00 
5.3629214526e-05 2.3610272925e-01 
1.0570444891e-05 1.0000000000e+00 
1.2554662430e-04 1.0000000000e+00 
1.1712269734e-05 4.3033375790e-01 
1.9007580190e-04 2.0962221681e-01 
2.7872189655e-05 2.9539574940e-01 
5.9128015754e-05 2.1095949225e-01 
7.7828028622e-06 3.2913162240e-01 
1.3228132751e-05 3.7716716621e-01 
2.1431037335e-04 0.0000000000e+00 
4.7868616777e-05 3.8989966839e-01 
3.3646859079e-05 1.8047764881e-01 
1.6090328944e-04 0.0000000000e+00 
2.2776169595e-05 1.0000000000e+00 
1.2744721447e-05 3.6836432384e-01 
6.7134123614e-06 4.4936180567e-01 
1.8133028320e-05 4.7676051800e-01 
3.7348058959e-05 2.4424660141e-01 
2.2066422411e-05 3.3811479865e-01 
2.6456550189e-05 3.2606263433e-01 
4.4860913696e-05 1.7122215096e-01 
2.1493393966e-05 1.0000000000e+00 
1.1164812415e-04 1.3690315005e-01 
8.1793639314e-05 0.0000000000e+00 
5.2883140517e-05 2.2636301919e-01 
2.6226348358e-05 2.4860302770e-01 
4.9094124766e-05 2.4727886582e-01 
2.8454500559e-05 2.1728048436e-01 
4.9944408116e-06 9.9381401777e-01 
5.2206693755e-05 2.2649560853e-01 
4.0262322983e-05 2.9962814501e-01 
3.5122932915e-05 2.2847804448e-01 
4.4308148177e-05 1.5035549950e-01 
7.1866925205e-06 1.0000000000e+00 
3.8400378761e-05 2.0097869401e-01 
1.2584032745e-05 3.8794877041e-01 
2.0979254835e-04 1.0000000000e+00 
1.4193823010e-05 1.0000000000e+00 
4.9941855973e-06 9.9605547099e-01 
9.9672949626e-06 1.0000000000e+00 
1.1273021488e-04 3.6616619685e-02 
2.8006569285e-05 2.0213978405e-01 
9.4967412329e-06 1.0000000000e+00 
1.7687086475e-05 1.0000000000e+00 
4.2201940880e-05 3.1377535011e-01 
2.6084322688e-05 3.8801737298e-01 
5.1424983530e-05 1.7932285638e-01 
3.6480447612e-05 3.1735343844e-01 
3.7950453990e-05 3.0807869049e-01 
4.2240312796e-05 2.1784864842e-01 
2.9817592453e-05 1.0000000000e+00 
2.2126903365e-05 3.2991219255e-01 
9.9403466699e-05 2.1347328244e-01 
2.9313324234e-05 3.1494356085e-01 
2.0408567471e-05 3.4375740234e-01 
8.7612784424e-06 4.2368981526e-01 
4.7539321752e-05 2.8083133944e-01 
5.3645643121e-05 2.2004629381e-01 
5.9932492742e-06 3.7711519267e-01 
1.1355401912e-05 3.8964511938e-01 
2.2516574312e-05 4.3785054251e-01 
1.1823910384e-05 1.0000000000e+00 
4.6767434828e-05 2.6536758590e-01 
4.1397873909e-05 1.0000000000e+00 
3.7610256880e-05 2.7921943199e-01 
2.5940787576e-04 0.0000000000e+00 
3.8949554070e-05 4.3787230061e-01 
7.4533520970e-05 2.0551614102e-01 
4.2336874223e-05 1.9638992686e-01 
3.9965362451e-05 2.7894060380e-01 
1.5759918513e-04 1.5668323141e-01 
4.8805756194e-05 2.6007448165e-01 
3.2469087201e-05 1.7184402625e-01 
8.5989271741e-06 1.0000000000e+00 
2.3466489379e-05 3.9413293516e-01 
4.9859942507e-05 1.7217784585e-01 
3.5501416562e-05 3.0852496687e-01 
1.2653512569e-05 1.0000000000e+00 
1.6056974728e-04 9.2916145145e-02 
3.4928916198e-05 3.0899266353e-01 
6.8319705557e-06 1.0000000000e+00 
4.9886000784e-06 9.9182038393e-01 
9.1673528383e-06 4.2988861479e-01 
7.5836592036e-05 2.3111622574e-01 
1.4006530227e-04 1.6411402842e-01 
2.9068693752e-05 2.5522618297e-01 
2.4490621904e-05 2.9058960385e-01 
6.2962301969e-05 1.4720003988e-01 
5.6398184948e-05 3.1010316818e-01 
1.6293612137e-05 3.7273311011e-01 
8.6895307895e-06 3.3603097203e-01 
1.6088116079e-05 4.0894777230e-01 
3.9452175566e-05 2.5068015565e-01 
4.1577370322e-05 1.6286229629e-01 
1.5971405526e-04 1.8764527156e-01 
3.5926878725e-05 2.2404192802e-01 
6.4120953672e-05 2.2629151766e-01 
3.7144677610e-05 2.7771812315e-01 
3.0272388183e-05 2.6257359349e-01 
3.7661223706e-05 1.7660185293e-01 
4.2591926357e-05 2.8516074904e-01 
4.9932427368e-06 9.9231102454e-01 
3.8897262031e-05 2.6406845494e-01 
1.7955074504e-04 4.4246018882e-01 
9.4693024407e-06 1.0000000000e+00 
1.2714245548e-05 5.0649498804e-01 
1.4721160736e-04 8.8719227140e-02 
6.0151522186e-06 4.3796619588e-01 
2.2276458699e-04 1.8190283288e-01 
4.0225786842e-05 2.8195865961e-01 
1.3867586928e-05 2.7807687156e-01 
9.6345178526e-05 1.9864709260e-01 
3.2707446105e-05 3.5165054496e-01 
1.3528915199e-05 3.9944473418e-01 
4.9995663304e-06 9.9221623880e-01 
2.8360544237e-05 3.6713021621e-01 
3.7579636449e-05 2.5667483994e-01 
3.1426887044e-05 3.3709696295e-01 
1.5083138903e-04 0.0000000000e+00 
9.2334737022e-05 1.5862992208e-01 
1.6229741150e-05 3.7751600939e-01 
1.6935686185e-04 1.3563498909e-01 
2.0926837992e-05 1.0000000000e+00 
1.1328644871e-05 1.0000000000e+00 
1.0106184483e-04 2.0747225396e-02 
5.7469645396e-05 2.2928813182e-01 
5.1118690882e-05 3.6854366441e-01 
2.3050398860e-05 1.0000000000e+00 
2.9916467582e-05 2.4835431520e-01 
4.0267074942e-05 1.4577732291e-01 
1.7338423940e-05 3.9037717761e-01 
2.3316080630e-04 2.0187970923e-01 
8.3780217388e-05 1.4529726569e-01 
4.9997637564e-06 9.9882605566e-01 
5.8563887070e-06 4.3620887710e-01 
4.6509966126e-05 1.0000000000e+00 
1.1646328158e-04 1.3709334581e-01 
4.7932419066e-05 2.4576094969e-01 
4.1599588092e-05 3.7767209391e-01 
1.2750112238e-05 3.8702008910e-01 
6.6530040312e-05 1.7204234045e-01 
1.9495338372e-05 1.0000000000e+00 
5.0347796863e-05 1.0000000000e+00 
4.3218900191e-05 3.3071209059e-01 
2.4791221020e-05 3.7727293335e-01 
6.5886271522e-05 1.7138846867e-01 
4.6903519585e-05 2.8102684514e-01 
6.0234673828e-05 1.5890007084e-01 
7.8496392720e-05 1.5977029535e-01 
4.9970571616e-06 9.9301367819e-01 
2.1430201900e-05 2.3043959336e-01 
9.7454028489e-06 4.2045249975e-01 
8.3314820612e-05 1.7416756989e-01 
1.7801527802e-05 3.3966844515e-01 
5.3858704544e-05 2.5504970267e-01 
9.4052197475e-06 1.0000000000e+00 
8.1213230645e-06 1.0000000000e+00 
3.5043151894e-05 3.3766723809e-01 
3.8081612175e-05 2.0419827735e-01 
6.2608477258e-06 1.0000000000e+00 
9.3462105830e-05 1.7610864080e-01 
1.9746259016e-05 3.7523033187e-01 
1.3611606745e-05 3.1211054009e-01 
1.0756839089e-04 1.4496339452e-01 
3.7847179132e-05 1.8096521949e-01 
4.9997905842e-06 9.9939417111e-01 
1.3447609694e-04 6.6046389353e-02 
1.2691366345e-04 1.2780215432e-01 
4.9944891437e-06 9.9265805575e-01 
2.2527708157e-05 3.4516687217e-01 
6.0331961744e-06 1.0000000000e+00 
3.8568131640e-05 3.3199225640e-01 
1.7465636115e-04 2.6115071181e-01 
1.6206235623e-05 3.9337104426e-01 
6.9598197436e-05 1.9993618473e-01 
3.5901566925e-05 1.7447712599e-01 
5.6195296902e-05 3.0577262371e-01 
2.8310978300e-05 3.5180045923e-01 
1.6087528647e-05 1.0000000000e+00 
5.3469565290e-05 2.8927668000e-01 
5.5951519113e-05 3.0565938190e-01 
1.4687461729e-04 0.0000000000e+00 
1.2287514548e-04 0.0000000000e+00 
6.2140976208e-05 1.0000000000e+00 
2.5578582779e-05 1.0000000000e+00 
4.6863995834e-05 2.9096348223e-01 
1.4011925425e-04 2.1846083517e-01 
2.4571181337e-05 4.1250331009e-01 
2.0140544288e-05 2.3741530389e-01 
1.5777876892e-05 3.6847243367e-01 
1.2708524598e-04 0.0000000000e+00 
2.9216750886e-05 3.3104600536e-01 
1.0930499399e-05 4.6333754339e-01 
2.9324549531e-05 3.0395085675e-01 
2.3353157890e-05 1.0000000000e+00 
4.5977971008e-05 2.2943149431e-01 
2.9696621920e-05 2.3462230263e-01 
6.4413583471e-05 1.3991201991e-01 
2.9078318343e-05 3.2891070341e-01 
1.8232417077e-05 3.4222648826e-01 
7.4397772568e-05 1.8778541427e-01 
7.3769932054e-06 1.0000000000e+00 
3.7601850032e-05 1.6985233947e-01 
3.8332862426e-05 3.1298884390e-01 
4.6501633777e-05 3.2450821059e-01 
3.3659199059e-05 2.0510472479e-01 
9.8267322438e-06 1.0000000000e+00 
1.5347676171e-04 0.0000000000e+00 
4.9258272325e-05 2.9726830917e-01 
4.9995766207e-06 9.9704671761e-01 
3.2395974105e-05 2.6271134331e-01 
1.7293343226e-04 2.3184303904e-01 
1.2026996924e-04 3.0285192630e-01 
7.2953632034e-05 2.2615461745e-01 
5.2596336343e-05 1.0000000000e+00 
4.3171171085e-05 2.2845048003e-01 
4.1538357537e-05 3.0026877280e-01 
3.1396580116e-05 3.1458001733e-01 
2.5752908810e-05 3.7364275147e-01 
4.6413889280e-05 2.6242583742e-01 
1.0666111403e-04 8.8526873203e-02 
1.7015328603e-05 3.5533568629e-01 
2.8051423721e-05 3.2594204175e-01 
1.0456104296e-05 4.1671457314e-01 
5.9928470261e-06 1.0000000000e+00 
4.9326408830e-05 2.8585964343e-01 
3.5018285169e-05 1.0000000000e+00 
7.9815049016e-05 1.4279841139e-01 
2.2738275832e-05 2.3088007971e-01 
4.6833962971e-05 1.8481215497e-01 
1.4559413253e-04 1.5825405000e-01 
3.9801553929e-05 1.9530797095e-01 
3.0068363860e-05 3.6714524571e-01 
4.6447502607e-05 2.9500004164e-01 
3.2030151057e-05 2.6701852900e-01 
9.2409155560e-06 1.0000000000e+00 
1.3688397384e-04 1.5794008595e-01 
2.5845179509e-05 2.9179366769e-01 
3.8480719300e-05 2.9539208473e-01 
3.2518000935e-05 3.1908275856e-01 
4.9556917289e-05 1.1908670253e-01 
5.2314831104e-05 2.8212707982e-01 
3.8313105553e-05 3.0377950133e-01 
3.9131690248e-05 2.7675900359e-01 
1.4767085149e-04 0.0000000000e+00 
3.6395937013e-05 3.0627814166e-01 
1.6541887064e-05 2.7128141244e-01 
9.4008046648e-06 4.3014598692e-01 
3.9760445718e-05 3.5052912371e-01 
7.2884759188e-05 1.3444874213e-01 
2.5259997365e-05 1.0000000000e+00 
3.6837959156e-04 1.5760125410e-01 
4.6964347145e-05 2.5149985889e-01 
8.2058935566e-05 1.5784078405e-01 
2.3586292729e-05 1.0000000000e+00 
4.9980330890e-06 9.9645735709e-01 
1.4237282681e-05 3.6820800529e-01 
2.3536129594e-04 0.0000000000e+00 
1.9647563196e-05 3.4066181499e-01 
1.3644436625e-04 0.0000000000e+00 
5.5242719670e-06 1.0000000000e+00 
4.0272901086e-04 0.0000000000e+00 
1.8848940036e-05 1.0000000000e+00 
2.8956129630e-04 0.0000000000e+00 
8.8647742226e-05 1.7666648896e-01 
3.6211501498e-05 2.8207244255e-01 
2.9475505922e-05 2.5381221078e-01 
3.6272493630e-04 1.5986094343e-01 
6.6576082082e-06 1.0000000000e+00 
2.8847725589e-05 3.4153458590e-01 
8.9210495838e-06 1.0000000000e+00 
3.2010168058e-05 3.2160541427e-01 
4.9998614940e-06 9.9918579997e-01 
9.2373453839e-06 4.3481196905e-01 
5.2590502695e-05 2.3169271530e-01 
1.2267351916e-05 3.8394203668e-01 
3.3031176114e-05 2.4666635206e-01 
9.0581706376e-06 1.0000000000e+00 
3.8565816677e-05 3.0459075759e-01 
6.0241198551e-05 2.0989304700e-01 
7.6704227388e-06 1.0000000000e+00 
4.9997197988e-06 9.9914724010e-01 
1.2415048773e-05 3.7825882693e-01 
2.8963007319e-05 2.1969156042e-01 
7.0533989121e-05 2.0854448880e-01 
7.5923334043e-06 4.7809437437e-01 
2.9447576298e-05 3.0591363044e-01 
4.5791338260e-05 1.2110262642e-01 
1.1024216931e-04 2.3236108400e-01 
1.1636859564e-05 3.9243463980e-01 
5.8362606831e-06 4.3703124513e-01 
1.0319094897e-04 1.0872412578e-01 
1.5996643438e-05 3.7618307170e-01 
2.2033309330e-05 1.0000000000e+00 
1.4442865215e-05 4.4078068444e-01 
3.2801691148e-05 3.3958798934e-01 
5.8639232430e-05 2.2835797996e-01 
5.8030144865e-05 1.5909488768e-01 
4.9201628862e-05 1.0000000000e+00 
1.6664373122e-05 3.8623677864e-01 
4.3694156738e-05 2.5785248174e-01 
5.1285572064e-05 3.2955212451e-01 
6.2812675856e-05 1.4875425154e-01 
5.2243670654e-05 2.2985018995e-01 
2.7947761021e-05 3.1572495292e-01 
1.9744552232e-05 3.4454960579e-01 
7.1694951961e-05 1.0000000000e+00 
4.9994160114e-06 9.9419896348e-01 
2.1023176721e-05 4.2116757754e-01 
4.9997287410e-06 9.9029003268e-01 
2.1221083299e-05 1.0000000000e+00 
1.4461445275e-05 3.7705345383e-01 
5.3147376900e-05 2.5071302457e-01 
6.5570512302e-05 1.3924855146e-01 
3.1910518248e-05 2.9716909657e-01 
9.5597201092e-05 1.4404787374e-01 
3.2590884225e-05 3.1181595747e-01 
1.1897779760e-04 1.0000000000e+00 
1.0377013663e-04 0.0000000000e+00 
1.1138562184e-05 4.1074687946e-01 
3.0414477902e-05 2.9908477983e-01 
4.9940350204e-06 9.9423660690e-01 
3.1496408629e-04 9.2920411615e-02 
2.1337697397e-05 2.4928663813e-01 
2.4723327580e-05 3.1668681520e-01 
2.3110049537e-05 2.7251826941e-01 
1.9812351289e-04 2.2264211019e-01 
9.8947177227e-05 0.0000000000e+00 
5.3853164169e-05 2.6499104506e-01 
9.7255036372e-06 1.0000000000e+00 
6.1121819241e-05 2.5431030567e-01 
1.7627395980e-05 4.4295850445e-01 
4.9939962402e-06 9.9267573175e-01 
2.8250377477e-05 2.9947388340e-01 
5.2357265149e-04 1.7942095179e-01 
2.8501287924e-05 1.0000000000e+00 
6.3977238810e-06 4.9532598423e-01 
1.7821103062e-04 0.0000000000e+00 
4.9996497511e-06 9.9543379920e-01 
2.2414320052e-05 1.0000000000e+00 
1.6643449189e-05 3.5346221348e-01 
3.4949391126e-05 1.8552350152e-01 
1.6519258189e-05 2.4358774223e-01 
3.6476007412e-05 2.7971012967e-01 
7.0628315932e-05 3.0402060863e-01 
5.5857821935e-05 2.3509681779e-01 
2.1108356698e-05 2.6450214305e-01 
2.2523308291e-05 2.3132742407e-01 
1.7458907754e-04 0.0000000000e+00 
2.6601346179e-04 0.0000000000e+00 
4.0233530826e-05 3.5936591607e-01 
5.0073936017e-05 2.4057185360e-01 
2.6039396654e-05 1.9470031426e-01 
2.7946097571e-05 3.2304511720e-01 
2.8784002149e-04 0.0000000000e+00 
1.0398176411e-05 4.1407241413e-01 
4.6349928316e-05 3.0008481511e-01 
1.7148618251e-05 1.0000000000e+00 
3.3948250197e-05 1.9247878439e-01 
1.9940542628e-04 7.3368715508e-02 
1.2449019456e-05 1.0000000000e+00 
1.8147677803e-05 4.0402383217e-01 
5.0324033692e-05 2.7349816482e-01 
4.4674212449e-05 2.6151614764e-01 
1.2293126493e-04 0.0000000000e+00 
2.2767420956e-05 4.2945253304e-01 
1.1993645419e-04 1.4055206080e-01 
1.2709900587e-04 0.0000000000e+00 
6.0560102768e-06 1.0000000000e+00 
9.9475957399e-06 1.0000000000e+00 
2.5476197612e-05 3.3679397605e-01 
7.3687998244e-05 1.7842171928e-01 
7.0689918229e-05 2.2751958841e-01 
4.3693599505e-05 2.6521706674e-01 
9.7046112085e-05 1.9632310623e-01 
2.0518446552e-05 1.0000000000e+00 
8.6385853210e-06 1.0000000000e+00 
1.7872536745e-05 3.3312966580e-01 
1.1158266823e-05 1.0000000000e+00 
4.9997017332e-06 9.9848647038e-01 
4.9999322953e-06 9.9612108290e-01 
3.9812767818e-04 0.0000000000e+00 
1.6139625201e-04 0.0000000000e+00 
1.8642200398e-05 1.0000000000e+00 
1.9726898562e-05 2.4920129280e-01 
7.7199596142e-05 2.0350808248e-01 
4.9957400461e-06 9.9546730209e-01 
4.2668218760e-05 2.6703727840e-01 
4.6697773385e-05 2.6209905219e-01 
1.3984787107e-05 4.2335275600e-01 
2.6569094014e-04 1.9351213284e-01 
1.5005186371e-05 1.0000000000e+00 
4.3992742100e-05 2.9978836115e-01 
3.0611435365e-05 3.0171723349e-01 
1.9038698094e-05 1.0000000000e+00 
4.9998228826e-06 9.9865830946e-01 
4.9999209646e-06 9.9865232999e-01 
4.2331934181e-05 3.4574505825e-01 
2.3083675584e-05 2.5844147697e-01 
4.7996955429e-05 1.4207791969e-01 
9.5347186226e-06 1.0000000000e+00 
2.5899409815e-04 0.0000000000e+00 
1.5812546830e-05 3.7343101637e-01 
2.0212170277e-05 3.2000302363e-01 
1.8575876512e-05 2.4813937227e-01 
3.9546135940e-05 3.1405891115e-01 
7.0163071542e-05 3.2125190008e-01 
5.4522313478e-05 1.7403841442e-01 
1.6518051202e-04 0.0000000000e+00 
5.6167677090e-06 1.0000000000e+00 
7.2643367659e-06 3.2476212547e-01 
4.4600615625e-05 1.2418299402e-01 
3.3287041857e-05 3.3141876011e-01 
3.6294019071e-05 1.0000000000e+00 
4.2931011151e-05 5.3216955294e-02 
2.3180062994e-05 3.4355219647e-01 
1.2747699703e-05 3.8656000566e-01 
4.5315679355e-05 4.1095219551e-01 
2.1890106532e-05 2.6648327263e-01 
2.7745595156e-05 2.0164851627e-01 
1.4535618052e-05 3.0854512631e-01 
1.3207411175e-05 3.8702916339e-01 
4.1104663103e-05 2.0815669391e-01 
1.1018471654e-05 5.0515304631e-01 
4.1041382239e-05 3.4705572705e-01 
5.2140724609e-05 1.1495266436e-01 
1.2711928280e-05 2.8636187134e-01 
2.1180598832e-05 1.0000000000e+00 
3.5837814001e-05 2.0171573947e-01 
1.6740188961e-04 0.0000000000e+00 
8.5547568409e-05 1.0528594090e-01 
2.0783199290e-05 3.4378716745e-01 
2.6447585868e-05 2.8521139686e-01 
6.4887338408e-05 1.9117040986e-01 
7.6281167793e-05 1.5800638434e-01 
5.7478839217e-05 2.6980428307e-01 
4.9921825844e-06 9.9294042407e-01 
4.6006408941e-05 2.8781999458e-01 
3.5599506011e-05 2.8714612464e-01 
5.0528288713e-05 3.4839895713e-01 
