2.4400590298e-05 2.7125000300e-01 
5.3245737580e-05 2.2460551274e-01 
9.3313642239e-06 1.0000000000e+00 
2.1947253505e-05 3.5084250482e-01 
3.3476010367e-05 1.6649433655e-01 
9.6006169033e-06 2.2211268800e-01 
8.3071240947e-05 0.0000000000e+00 
5.5911573723e-06 1.0000000000e+00 
9.2559472788e-05 1.8181295188e-01 
1.9839314027e-05 2.9856098125e-01 
1.1744137958e-04 2.1040651366e-01 
6.9862702113e-06 3.4697918115e-01 
6.1564385744e-05 1.0000000000e+00 
6.1901169403e-06 1.0000000000e+00 
8.4717715181e-05 0.0000000000e+00 
3.6309696468e-04 0.0000000000e+00 
2.8094611268e-05 3.0598064570e-01 
6.7488053895e-06 3.4463371246e-01 
9.4751722845e-06 1.0000000000e+00 
2.7601930948e-05 2.8130261145e-01 
9.0327109423e-06 6.3179096431e-02 
7.7745154571e-05 0.0000000000e+00 
3.8769435378e-04 2.3777150248e-02 
1.3218141734e-05 4.1046409384e-01 
2.3804673881e-05 2.9106282467e-01 
3.2319756881e-05 7.3909536934e-02 
8.2576921814e-06 1.2364431183e-01 
7.4265389363e-05 2.1767783501e-01 
1.9582991341e-05 2.4949291233e-01 
9.3760239154e-06 3.7870005731e-01 
1.4129487326e-04 1.4006378664e-01 
3.2151868074e-05 2.9569670821e-01 
6.5505571296e-05 0.0000000000e+00 
7.4866710466e-05 1.9170882139e-01 
7.7762752343e-05 1.6546779552e-01 
1.0165367285e-04 6.8756420272e-02 
8.1183109307e-05 1.6263182913e-01 
1.9760710407e-05 0.0000000000e+00 
4.0182147183e-05 0.0000000000e+00 
3.4060178416e-05 2.2064021299e-01 
4.5334644281e-05 7.5396535803e-02 
3.5906780898e-05 0.0000000000e+00 
3.3165607515e-05 1.0000000000e+00 
6.7374623561e-06 1.0000000000e+00 
1.5507840225e-05 1.0764406719e-01 
1.3965626436e-05 3.1344542730e-01 
1.2787541629e-04 0.0000000000e+00 
3.6989494712e-05 1.0000000000e+00 
1.6682366956e-05 2.5355166468e-01 
7.7024331123e-06 3.2151485340e-01 
2.6088978659e-04 0.0000000000e+00 
1.0496432578e-04 1.2326217426e-01 
1.2856043550e-05 2.8042638226e-01 
3.6532041160e-05 2.3822787582e-01 
1.8372125515e-04 1.1322035500e-01 
2.0825523339e-05 1.0000000000e+00 
3.8586566959e-05 3.0488195399e-01 
1.1021317272e-05 3.1944058100e-01 
1.3985948523e-05 1.0000000000e+00 
6.8341319456e-05 1.0000000000e+00 
2.0042310078e-05 3.0373790252e-01 
6.9027355278e-05 1.7530948011e-01 
3.3262597685e-04 6.3307810791e-02 
1.3518690648e-05 1.0000000000e+00 
1.9334182055e-05 2.7628049385e-01 
4.3280985918e-05 1.0876880645e-01 
8.2884784291e-06 3.3299911430e-01 
1.5770275720e-05 5.0916285449e-02 
6.9048166934e-06 1.0000000000e+00 
3.2364505020e-05 2.0240520752e-01 
7.9304287942e-06 3.2149934827e-01 
5.3899264542e-05 2.1714704733e-01 
4.6721764489e-05 0.0000000000e+00 
1.5227865744e-05 3.0475568862e-01 
3.9129770535e-06 1.0000000000e+00 
2.9432191977e-04 1.0077438015e-01 
6.2783331672e-05 2.1396810383e-01 
3.7687884476e-05 2.3021738514e-01 
4.5831461429e-05 2.1271243822e-01 
2.3963199036e-05 2.8689219225e-01 
1.5197398995e-05 3.3859612700e-01 
1.1800137112e-05 1.0000000000e+00 
1.9358216248e-05 2.9881655502e-01 
2.7953696602e-04 5.5718737945e-02 
2.4183639772e-04 0.0000000000e+00 
4.4270396731e-05 3.0644222772e-01 
8.9309946171e-06 3.4567393740e-01 
1.6213307409e-05 3.9376679520e-01 
4.1173291170e-05 6.7951086051e-02 
3.2112999987e-05 2.1391909370e-01 
2.0295943185e-05 3.1495439988e-01 
6.7400301236e-05 1.2976981079e-01 
2.4027123298e-05 1.2083275835e-01 
4.9265204356e-05 0.0000000000e+00 
4.5150468165e-04 8.7479834680e-02 
5.2790378072e-06 1.0000000000e+00 
2.1586839330e-05 3.2689085154e-01 
7.7057670444e-05 1.6729365459e-01 
2.4514183141e-05 1.8087775175e-01 
3.6423940559e-05 2.5656253819e-02 
9.8330897492e-06 1.0000000000e+00 
1.3671673938e-05 3.8284583986e-01 
4.6078665200e-05 0.0000000000e+00 
4.3300913169e-05 1.0000000000e+00 
9.9645966961e-06 3.2725318121e-01 
1.4139594973e-04 9.1674788259e-02 
3.8542084890e-05 2.2375483174e-01 
2.4910354473e-05 2.5990685991e-01 
1.0620216223e-04 1.1533159537e-01 
2.4694903257e-05 2.5555594375e-01 
5.8969916268e-05 0.0000000000e+00 
3.0742619510e-05 3.2035542962e-01 
3.0654013462e-05 2.5220418460e-01 
3.3284019980e-05 2.8082427151e-01 
8.1771925016e-05 2.2313539373e-01 
3.6541836068e-06 1.0000000000e+00 
5.3923994913e-05 0.0000000000e+00 
1.8360126056e-05 3.5299442567e-01 
1.9405281086e-05 1.0000000000e+00 
6.4792270734e-06 1.0000000000e+00 
9.0710098089e-06 1.0000000000e+00 
6.0399094611e-05 0.0000000000e+00 
2.9270443832e-05 2.6653788739e-01 
2.2245532279e-05 2.9265204197e-01 
1.0729125557e-04 1.8166745076e-01 
7.1183211511e-05 0.0000000000e+00 
6.3531278213e-05 1.7239483174e-01 
8.7695647501e-05 1.4154673908e-01 
5.6739996885e-06 1.0000000000e+00 
7.7765119874e-06 3.4591419452e-01 
7.1466306080e-05 2.0018059883e-01 
3.8764201645e-05 0.0000000000e+00 
1.0051253479e-04 1.5886869222e-01 
7.5286992597e-05 0.0000000000e+00 
2.8781077570e-04 0.0000000000e+00 
4.8294621459e-05 0.0000000000e+00 
3.1210827170e-05 3.2888372194e-01 
6.3948026788e-05 1.0000000000e+00 
3.0313056589e-05 2.7119115329e-01 
1.4527922038e-05 3.1367376443e-01 
1.0453021737e-05 8.6016573112e-02 
1.6572534667e-05 1.0000000000e+00 
3.3915586101e-05 2.3886584450e-01 
2.5819394991e-05 0.0000000000e+00 
2.0073964099e-05 2.9954137888e-01 
1.1237763129e-05 1.0000000000e+00 
6.6002710436e-05 0.0000000000e+00 
2.1138230940e-05 1.0000000000e+00 
2.9893723570e-04 0.0000000000e+00 
3.2165860541e-05 0.0000000000e+00 
2.6825790815e-05 2.3730168131e-01 
1.5920702100e-05 9.3438762496e-02 
8.1360447063e-06 3.6730054795e-01 
8.9231624142e-05 0.0000000000e+00 
1.1240098603e-04 1.0611759503e-01 
5.3528526702e-05 2.0394079976e-01 
2.4532143214e-05 3.2680782987e-01 
2.1318080671e-04 8.4801052447e-02 
1.1424570821e-04 1.7573966268e-01 
5.6547575215e-05 0.0000000000e+00 
1.2860909719e-05 1.0000000000e+00 
1.0219954343e-04 0.0000000000e+00 
1.1210215499e-05 7.7562685446e-02 
1.0662182050e-05 3.3772374519e-01 
1.1795441087e-04 1.2827319861e-01 
3.3618003104e-05 0.0000000000e+00 
1.0447290980e-04 1.6921418576e-01 
2.3974622399e-05 2.6910679032e-01 
4.5200554020e-05 2.2555791240e-01 
2.8870108152e-05 2.7088236313e-01 
1.7752740063e-05 3.1350757959e-01 
1.4589269392e-05 2.8314143621e-01 
2.8307718412e-05 2.6045060897e-01 
1.4919161829e-05 2.4131337106e-01 
1.2453707633e-04 1.1190450631e-01 
1.8831538234e-05 1.0000000000e+00 
3.5550042995e-05 1.8713887244e-01 
1.2128382567e-05 1.0000000000e+00 
5.4511862530e-05 4.3747172709e-02 
5.2218767842e-05 0.0000000000e+00 
9.3136871003e-05 1.6216524100e-01 
6.5641495656e-06 3.4479358891e-01 
4.9694920585e-05 0.0000000000e+00 
4.4477554945e-05 0.0000000000e+00 
2.0783558882e-04 4.8223075611e-02 
2.1743541107e-05 3.1229334469e-01 
6.0051777945e-06 1.0000000000e+00 
1.0499636106e-05 3.4510985435e-01 
1.1901850722e-04 1.2660700345e-01 
2.1394098356e-05 1.0000000000e+00 
2.0892133082e-05 2.5131114297e-01 
1.2107452658e-04 1.8420059326e-01 
2.0144034419e-04 1.1340247530e-01 
9.0511172313e-06 3.1347189594e-01 
7.6288054390e-06 1.0000000000e+00 
1.2835430396e-05 1.0000000000e+00 
1.0089570892e-05 3.0197729194e-01 
2.9795092220e-05 9.1209581407e-02 
2.0928724069e-04 5.1454697387e-02 
5.9059893053e-05 1.8537143082e-01 
4.5975163758e-05 2.0366100618e-01 
2.0205772980e-05 1.4659216750e-02 
1.3985117768e-04 0.0000000000e+00 
2.1189082587e-05 2.9905364215e-01 
4.3334911353e-05 1.1987025105e-01 
1.2892010285e-04 7.3764347243e-02 
6.9330935279e-05 1.2540764294e-02 
7.8967855487e-06 3.2899144417e-01 
6.3515766613e-05 0.0000000000e+00 
1.7775393974e-04 8.7514858180e-02 
5.3032737715e-05 1.0000000000e+00 
1.3111300551e-04 0.0000000000e+00 
1.5251385029e-04 9.6377294104e-02 
1.3959917539e-04 0.0000000000e+00 
9.3567423782e-06 3.2625701921e-01 
6.7055504294e-06 3.3672206944e-01 
1.1477518037e-04 1.3747882757e-01 
1.9171575167e-05 2.6708848125e-01 
1.8219359277e-05 8.4138024013e-03 
3.4692533149e-05 2.5480652753e-01 
2.5844124757e-05 1.0000000000e+00 
7.5608874577e-05 1.1518941849e-02 
1.6857858283e-04 7.8088644246e-02 
4.3605147294e-05 0.0000000000e+00 
1.0543203564e-04 1.6426198562e-01 
2.9732457958e-05 3.4049926111e-01 
1.0608019415e-04 0.0000000000e+00 
7.0095378520e-05 2.7545872156e-01 
8.6657496169e-06 1.0000000000e+00 
4.3119871000e-05 2.2074319190e-01 
2.5449790973e-05 2.4019252137e-01 
2.1598310794e-04 6.5804571415e-02 
8.8813129878e-05 3.2536845216e-02 
7.7121427124e-05 0.0000000000e+00 
1.1956045915e-04 1.0000000000e+00 
3.9721515615e-05 2.4183602061e-01 
1.6770073064e-04 9.8877048926e-02 
2.1794025451e-04 1.8144800292e-02 
7.7851772359e-06 1.0000000000e+00 
1.1621448763e-05 1.2863355970e-01 
1.9850655781e-04 0.0000000000e+00 
5.8468224192e-06 1.0000000000e+00 
1.8896172224e-05 2.9906650024e-01 
4.6313982857e-05 0.0000000000e+00 
1.4536751129e-05 3.3576897112e-01 
8.5243080848e-06 3.4212638930e-01 
3.0128299441e-04 1.4600388476e-01 
4.1459283231e-04 0.0000000000e+00 
1.7587378696e-05 1.9098491303e-01 
6.0705049648e-06 1.0000000000e+00 
2.2245153662e-04 1.1434706355e-01 
4.3763871997e-05 2.7063732539e-01 
6.0104681967e-05 2.3110399141e-01 
7.0467996365e-06 3.4520401729e-01 
1.9513384860e-05 2.8468826440e-01 
5.0858965026e-05 0.0000000000e+00 
2.3395346834e-05 1.0000000000e+00 
1.0869183590e-05 1.0000000000e+00 
6.3057209982e-05 0.0000000000e+00 
1.2517927632e-05 3.8370891498e-01 
3.4175948496e-05 1.0000000000e+00 
1.9052800739e-05 1.0000000000e+00 
3.0363303898e-05 0.0000000000e+00 
1.0350789988e-04 1.3495276232e-01 
1.8206497336e-05 1.0000000000e+00 
1.0237296534e-05 3.3815694190e-01 
5.2103852676e-05 0.0000000000e+00 
1.2597268278e-05 2.9700789620e-01 
1.6324821383e-04 9.5019573810e-02 
1.7311448185e-04 1.8200698597e-01 
8.8100338563e-05 1.0000000000e+00 
1.1674919465e-04 1.2479448550e-01 
6.2816081314e-05 1.1547996702e-01 
3.4801405042e-05 1.0000000000e+00 
2.9355621848e-04 0.0000000000e+00 
5.2006345630e-05 1.9162237273e-01 
2.4048404957e-05 2.3356394513e-01 
8.2010286515e-05 1.3740711877e-01 
4.7458475522e-05 2.1895567107e-01 
1.3594634969e-05 1.0000000000e+00 
2.7730066845e-05 2.9164796389e-01 
6.5589726809e-06 3.4617250437e-01 
4.5628104945e-05 0.0000000000e+00 
3.9304820205e-05 2.2917359930e-01 
9.0645866135e-05 1.4174215771e-01 
7.2730981846e-05 0.0000000000e+00 
2.6774577361e-05 0.0000000000e+00 
3.7280907921e-04 1.1531404903e-01 
1.5705346846e-05 1.0000000000e+00 
3.4751813674e-05 2.8229728153e-01 
5.3538381368e-05 1.0312123388e-02 
6.7262568832e-05 0.0000000000e+00 
5.0979561385e-05 1.7764671624e-01 
7.9351263296e-05 0.0000000000e+00 
1.4498044475e-04 0.0000000000e+00 
1.8394753027e-05 2.2943812745e-01 
8.0679446829e-06 1.0000000000e+00 
2.7763813339e-05 2.6008550264e-01 
1.2228713012e-05 3.1694338988e-01 
5.4734541318e-05 2.9982774339e-01 
7.8467280628e-06 3.4149882401e-01 
1.5488504669e-05 3.0810813178e-01 
2.6513801505e-05 2.8450042738e-01 
7.9747267408e-06 1.0000000000e+00 
1.0701540241e-05 1.0000000000e+00 
1.1376969477e-05 1.0000000000e+00 
4.6336341703e-05 1.0000000000e+00 
7.7936053689e-06 3.4631021772e-01 
4.3574627606e-05 1.0000000000e+00 
1.4917200749e-05 2.7996171305e-01 
6.2671391617e-06 1.0000000000e+00 
7.5013227358e-05 2.0310106847e-01 
1.7413348561e-04 1.3641610798e-01 
1.9851100048e-05 1.0000000000e+00 
2.1213960041e-05 2.7850172463e-01 
1.8398364236e-05 8.0267048751e-03 
9.0295252012e-06 3.1582327840e-01 
6.7064329583e-05 1.9568726668e-01 
7.3763732968e-05 1.5527828823e-01 
6.8194061099e-05 1.9140613207e-01 
4.2055521728e-05 0.0000000000e+00 
1.0790199155e-05 3.0917837141e-01 
2.7799675751e-05 0.0000000000e+00 
1.8612459794e-04 9.1044176718e-02 
1.2125870751e-04 1.1592605107e-01 
6.7898138233e-05 2.0340591173e-01 
5.8217744944e-05 0.0000000000e+00 
1.2781956947e-04 1.0000000000e+00 
7.6669999187e-05 1.8238204299e-01 
1.8339193801e-05 2.8111313116e-01 
1.6691239687e-04 1.2928969761e-01 
3.2365802150e-04 0.0000000000e+00 
3.8408219453e-05 9.5672675447e-02 
1.8653620889e-05 2.9006953732e-01 
9.0283432164e-05 1.8877419222e-01 
6.9140473451e-06 3.4540623367e-01 
1.6870411766e-04 1.1415012388e-01 
3.1381886183e-05 2.7085063220e-01 
3.3550451514e-04 0.0000000000e+00 
5.3880911601e-05 2.1680843666e-01 
7.9302853714e-05 2.6981620186e-01 
2.4346584559e-06 1.0000000000e+00 
8.0072823014e-05 0.0000000000e+00 
3.2241423076e-05 2.4483854969e-01 
2.1016756153e-05 2.3579918207e-01 
5.1549855252e-05 0.0000000000e+00 
1.4675587733e-05 1.0000000000e+00 
1.1577434154e-04 1.6512488083e-02 
3.9595697817e-05 2.3941869500e-01 
1.8959564243e-04 5.3868417511e-02 
2.0364128986e-06 1.0000000000e+00 
7.3142102879e-05 0.0000000000e+00 
6.6533661595e-05 2.1288783950e-01 
1.3407474926e-04 1.8913184609e-01 
7.3579394829e-06 1.0000000000e+00 
3.7329611205e-05 1.4089342233e-01 
3.4720622354e-05 1.8379448944e-01 
9.4608254687e-06 3.2774331549e-01 
-1.0000000000e+00 -1.0000000000e+00 
1.1134820803e-05 1.0000000000e+00 
1.4968032072e-05 7.0888241887e-02 
9.8024631627e-06 7.1286486458e-02 
3.9170208945e-05 0.0000000000e+00 
6.3527616019e-05 2.5633070254e-01 
2.4787874624e-05 2.8876814308e-01 
5.7633965883e-05 1.9007332673e-01 
1.4042654505e-04 2.3526920126e-01 
1.7391770027e-05 3.0098650427e-01 
1.7080748802e-05 1.0000000000e+00 
7.1613174583e-05 0.0000000000e+00 
7.3652542803e-05 1.8053778931e-01 
8.3368539910e-05 0.0000000000e+00 
7.4959133838e-06 1.0000000000e+00 
3.8795131449e-05 8.1051203984e-02 
1.5484063709e-05 1.0000000000e+00 
3.8016974824e-05 5.5733555214e-02 
6.1455612212e-05 8.8437354099e-02 
4.5807866066e-06 1.0000000000e+00 
7.3539232923e-05 1.9011246940e-01 
2.8306103024e-05 2.7650981198e-01 
2.6263535141e-05 2.5600522727e-01 
1.6115604167e-05 2.9489274766e-01 
7.0664487391e-05 1.6982628399e-01 
2.0312763962e-05 2.7762365539e-01 
1.1517240839e-04 2.3378832000e-01 
5.7155951703e-05 2.0797505873e-01 
1.5223906567e-05 1.0000000000e+00 
1.1804161375e-05 1.0000000000e+00 
2.1700825325e-05 2.3522599095e-01 
3.1740525761e-05 2.7432689947e-02 
8.4775300796e-06 1.4569167009e-01 
5.5408777303e-05 0.0000000000e+00 
3.3597153285e-05 2.6324847607e-01 
6.9667561892e-06 3.4448878944e-01 
4.4591759294e-05 2.1802832547e-01 
9.1977161691e-05 1.5344585541e-01 
2.4586085035e-05 1.0000000000e+00 
1.4963628953e-04 1.0378120907e-01 
3.0440448828e-05 0.0000000000e+00 
2.9003978979e-05 2.1417453715e-01 
9.0309596005e-06 1.0000000000e+00 
5.0089155392e-05 1.1104261688e-01 
3.8533802629e-06 1.0000000000e+00 
6.8497703337e-05 2.4843397258e-01 
3.5320889361e-04 0.0000000000e+00 
4.8957108532e-05 0.0000000000e+00 
1.1740376549e-05 3.1150416713e-01 
1.2339291649e-04 1.5189281597e-01 
1.0060610581e-04 1.4054536904e-01 
7.1701870682e-05 2.0800711953e-01 
1.0560567672e-05 1.9309329407e-01 
8.4344885616e-05 0.0000000000e+00 
1.7084551161e-04 9.2072915766e-02 
6.1851311901e-05 2.4344203266e-01 
6.6575035619e-05 1.8181592763e-01 
1.2406743148e-05 1.0000000000e+00 
2.2978961727e-04 2.7685331467e-02 
9.1299553310e-06 3.4131070088e-01 
4.0562807933e-05 8.4518585286e-02 
6.9484082626e-05 0.0000000000e+00 
1.8100959986e-05 1.0000000000e+00 
2.0678972362e-05 2.8369673796e-01 
2.8198170457e-05 0.0000000000e+00 
6.6233687367e-05 3.2460870751e-02 
2.1329090992e-05 2.8082629187e-01 
1.3637726255e-05 2.8339235407e-01 
3.3054884645e-05 4.3954600573e-02 
2.6837026553e-05 1.0000000000e+00 
1.5619755563e-05 3.1650477083e-01 
7.9890800196e-06 3.3470433858e-01 
9.6985878324e-06 3.2752641988e-01 
7.8869352389e-06 3.3263030524e-01 
1.5871963907e-05 1.0000000000e+00 
1.6829208742e-05 3.4225834259e-01 
7.3157584132e-05 0.0000000000e+00 
3.6278553666e-05 2.5056814319e-01 
3.5172042278e-05 1.0000000000e+00 
1.3727897086e-04 1.1346153622e-01 
4.3323868934e-05 1.9345569023e-01 
1.4787642801e-05 1.0000000000e+00 
8.9357263318e-05 3.1764018406e-01 
8.4293539919e-05 4.8913407674e-02 
3.2921355980e-04 0.0000000000e+00 
1.4505613822e-04 1.0000000000e+00 
8.7021823506e-06 3.2088943988e-01 
6.7255269073e-05 1.8578823549e-01 
4.6094092417e-05 2.4414846671e-01 
3.6570725652e-05 1.3583215812e-01 
6.0093740152e-05 1.6039425215e-01 
1.0732855057e-04 1.4623695349e-01 
2.3566482119e-05 3.6300116431e-01 
7.3424080185e-05 4.0901595499e-01 
2.5366666015e-04 1.9616051839e-01 
6.5539972552e-06 1.0000000000e+00 
2.2019362786e-05 1.3368804549e-01 
9.2319358023e-05 1.2546768427e-01 
6.3019727514e-05 2.8168506398e-01 
2.0481599002e-04 1.3372010914e-01 
9.8185054076e-05 1.2355065960e-01 
3.0611250334e-05 0.0000000000e+00 
1.2798963585e-05 2.8347759057e-01 
1.1702167251e-05 3.0980154790e-01 
1.1112727953e-05 1.0000000000e+00 
2.2706348325e-04 1.0184754067e-01 
1.3522324780e-05 5.0795652804e-01 
7.5402108670e-05 0.0000000000e+00 
6.5708350135e-06 3.4577559941e-01 
2.8825899486e-05 1.8391059104e-01 
1.6712207690e-05 1.0000000000e+00 
1.0282575086e-04 0.0000000000e+00 
1.1093793275e-05 3.1571960990e-01 
1.0173045181e-04 1.0723683846e-01 
4.7541034546e-05 2.8675612717e-01 
4.0227455861e-05 2.7433496261e-02 
2.6590345086e-05 1.1283952198e-01 
3.1524138846e-05 2.8543064748e-01 
1.0385366272e-04 1.1101760435e-01 
2.3470151450e-04 8.7271950109e-02 
4.8725941377e-06 1.0000000000e+00 
6.1414724473e-06 4.0599545681e-01 
1.4368645394e-04 1.1042950687e-01 
6.5653466430e-05 0.0000000000e+00 
3.2179136728e-05 2.2758344226e-01 
1.8291596062e-05 2.8588825300e-01 
6.3256281679e-05 1.6082353695e-01 
1.1015446944e-05 2.5854920160e-01 
2.1690214915e-05 2.6758971790e-01 
8.7832599507e-05 1.8001529510e-01 
3.3923000766e-05 2.9274739917e-01 
1.5894682292e-04 0.0000000000e+00 
9.3866392030e-05 1.5828059231e-01 
4.0100920071e-05 0.0000000000e+00 
1.3228588518e-04 1.0979267702e-01 
3.5246684961e-05 0.0000000000e+00 
4.1191516424e-05 2.4332063478e-01 
5.3593845441e-05 0.0000000000e+00 
2.4036203961e-05 2.2907155838e-01 
2.2378502159e-05 2.9796273892e-01 
3.8504188000e-05 2.4734112146e-01 
5.4828639303e-05 0.0000000000e+00 
