1.4466687174e-05 1.0000000000e+00 
8.6040628143e-06 1.0000000000e+00 
2.9316301375e-05 5.0240370115e-01 
8.5611641050e-05 5.4626773096e-01 
5.1531878956e-05 4.3938943959e-01 
1.3883993132e-04 1.0000000000e+00 
4.6759052139e-05 4.4368470676e-01 
5.3538598773e-05 4.4690551257e-01 
2.8168228800e-05 1.0000000000e+00 
6.9960696127e-06 4.2574093900e-01 
6.5432431337e-05 4.4129901055e-01 
3.7731038103e-04 3.2571050878e-01 
6.8946370452e-05 4.3647247094e-01 
1.0140520024e-04 4.3852281720e-01 
1.3799063679e-04 3.9824714269e-01 
6.1714974244e-06 1.0000000000e+00 
2.5743318069e-05 4.6710627880e-01 
1.7521659551e-04 3.8842443718e-01 
3.6323649602e-04 3.1920838255e-01 
3.9235861038e-05 4.5993410950e-01 
4.2337243705e-05 4.4951787145e-01 
3.4886889879e-05 4.2628429879e-01 
3.6977012212e-05 3.6574660473e-01 
1.6279979786e-04 3.8134653382e-01 
2.2640666953e-04 3.7430227592e-01 
6.4401059180e-05 4.4258540027e-01 
7.9357999934e-06 1.0000000000e+00 
6.8600326473e-05 4.3477409431e-01 
8.9298111058e-05 4.1503270552e-01 
5.2146230231e-05 1.0000000000e+00 
3.8123618511e-05 3.6626523813e-01 
1.1149865645e-04 4.1252093033e-01 
5.7179392752e-05 4.4916873986e-01 
2.5829617267e-05 4.6571513398e-01 
3.5417244528e-05 6.0290851501e-01 
2.2814158113e-05 4.9444581473e-01 
3.4836096628e-05 4.7695479497e-01 
2.4179448094e-04 4.0730744693e-01 
1.0206362199e-04 4.1640885761e-01 
7.1757970375e-06 5.3636235547e-01 
4.1337283552e-05 1.0000000000e+00 
9.5208563775e-05 4.2432140651e-01 
7.8777922145e-05 4.2075868458e-01 
1.0065653218e-05 1.0000000000e+00 
3.4555911571e-05 3.8781843636e-01 
6.3080156864e-05 1.0000000000e+00 
1.4805358760e-05 4.6076981988e-01 
6.7845289123e-06 1.0000000000e+00 
2.7023596978e-04 1.0000000000e+00 
2.4134019333e-05 3.7345132052e-01 
2.7929781249e-05 4.8461538047e-01 
1.6915143212e-05 4.8629342652e-01 
8.9933901835e-05 1.0000000000e+00 
1.9564580950e-05 1.0000000000e+00 
4.8220329509e-05 4.5842166081e-01 
4.7524949409e-05 7.9845324900e-01 
9.7212271467e-05 4.3440488493e-01 
2.5927785795e-04 3.5921045848e-01 
3.5388260062e-05 1.0000000000e+00 
1.2281442835e-05 5.2139152875e-01 
1.0371962280e-04 4.1798873073e-01 
5.1058074753e-05 4.4763297906e-01 
2.3994293537e-04 3.4730171595e-01 
8.3833655659e-04 2.6929517085e-01 
3.6946446248e-05 3.6389995473e-01 
3.6269639820e-04 1.0000000000e+00 
1.6397257042e-04 1.0000000000e+00 
1.0193341669e-04 4.1697408185e-01 
6.1008953473e-05 4.4550982377e-01 
6.5105872342e-05 4.4298964804e-01 
2.4098738387e-04 3.6512531445e-01 
1.6411343185e-05 5.0028584686e-01 
9.7575277258e-05 4.1603519701e-01 
1.2984084281e-04 4.0771893168e-01 
3.5544132485e-05 4.7359232643e-01 
4.0620627305e-05 4.6458261609e-01 
4.5451894898e-04 2.9809628596e-01 
2.9804055322e-05 3.6833142432e-01 
5.9121712881e-05 4.7002063553e-01 
5.2055671629e-05 4.0137063745e-01 
1.1513945244e-04 4.1277080816e-01 
1.8780162884e-04 3.7147519384e-01 
1.4335632433e-04 3.9638316377e-01 
4.4477541754e-05 4.5601584013e-01 
8.0018830156e-06 1.0000000000e+00 
5.7371736069e-05 4.3559603634e-01 
2.2612189198e-05 4.0316139506e-01 
2.7940656357e-05 4.8293237586e-01 
4.4654557605e-05 4.6123828732e-01 
1.8182890002e-05 4.3891108221e-01 
2.1342696202e-05 3.9358460240e-01 
1.6087070201e-05 3.8974289773e-01 
1.7545610354e-05 4.4684147575e-01 
2.8059462114e-05 3.8999792967e-01 
1.1377911121e-04 4.1274999137e-01 
3.7522448480e-05 5.4966627169e-01 
5.6131613536e-05 4.4120139074e-01 
3.9562103047e-05 4.6054319363e-01 
1.4760009930e-04 3.9500524941e-01 
7.4591036108e-05 4.6090856967e-01 
5.3844556626e-05 4.5538798072e-01 
1.2025372933e-05 1.0000000000e+00 
5.4549498910e-05 4.4858747270e-01 
1.4456375882e-04 3.9661899858e-01 
5.4347833669e-05 4.5343947912e-01 
9.0574135516e-05 1.0000000000e+00 
2.6627220942e-04 3.5955896234e-01 
1.7557973203e-04 1.0000000000e+00 
2.7328136211e-04 3.5776828697e-01 
2.2131670545e-05 3.8047671481e-01 
4.2145449462e-05 4.7107326007e-01 
3.5869848330e-05 4.6552813678e-01 
1.1733688964e-05 4.0971662599e-01 
5.0518117935e-05 1.0000000000e+00 
1.8305268603e-04 3.7525953286e-01 
1.3758049489e-05 4.6291343524e-01 
1.9155251366e-04 1.0000000000e+00 
1.9200754711e-04 3.8267049816e-01 
5.1444927874e-05 4.3860006285e-01 
8.8677226876e-05 4.3888211447e-01 
4.8267046065e-05 1.0000000000e+00 
3.6020930405e-05 4.6824385358e-01 
3.9500120459e-05 4.7647170564e-01 
5.7990700688e-05 4.5098611365e-01 
2.8034002060e-05 5.0991054347e-01 
7.4801429559e-05 4.2542730503e-01 
6.8945060126e-05 7.5541325921e-01 
1.1863149216e-05 1.0000000000e+00 
5.1339761661e-05 3.7443742523e-01 
5.4161063396e-05 4.5955281442e-01 
4.5591206221e-04 6.1327789175e-01 
9.6213947404e-05 4.2117006827e-01 
6.4895087734e-04 1.0000000000e+00 
1.6161455394e-04 3.9049398617e-01 
4.2218730474e-05 3.6712080806e-01 
8.8672155637e-06 1.0000000000e+00 
1.2211150811e-05 1.0000000000e+00 
3.0744907345e-05 4.7888989764e-01 
8.9261184149e-06 1.0000000000e+00 
6.5180777832e-05 1.0000000000e+00 
1.1104112974e-04 1.0000000000e+00 
3.6924901115e-05 4.5687540432e-01 
2.8749737065e-04 3.5221383752e-01 
6.5359564771e-05 4.6056312010e-01 
3.1523359409e-04 3.4692340842e-01 
1.6523962416e-04 3.7440558000e-01 
2.6217974846e-04 3.3626770277e-01 
2.5514938803e-04 1.0000000000e+00 
4.3369318802e-04 3.0419830189e-01 
1.9972101251e-05 3.9509165473e-01 
1.7895565780e-05 4.6032724091e-01 
4.9450898260e-05 3.9122279970e-01 
1.5774023211e-04 3.9088608105e-01 
8.1683317861e-05 4.3037681191e-01 
3.9376686047e-04 3.1800713844e-01 
1.8058106323e-04 3.8329798516e-01 
5.2352938992e-04 1.0000000000e+00 
1.6216734354e-05 5.3827959463e-01 
8.0813245231e-05 4.3193878322e-01 
7.5199995212e-05 3.9553297559e-01 
4.1098872535e-05 3.5531237922e-01 
6.0979098522e-05 4.4533754990e-01 
2.6065772634e-05 4.0430492264e-01 
2.2149614236e-04 3.9003181124e-01 
2.1200941735e-05 4.4600943561e-01 
2.2509372120e-04 3.6538025831e-01 
2.0042353538e-04 3.8438140821e-01 
6.9985080785e-05 5.3076978218e-01 
4.1574090019e-05 4.4626940672e-01 
4.8758754094e-05 4.1781026462e-01 
9.2560669755e-05 1.0000000000e+00 
6.0574938243e-05 4.5605818025e-01 
5.5898745881e-05 3.5317216021e-01 
5.8024713450e-05 4.2936747231e-01 
3.0815568993e-04 3.4683107166e-01 
1.3241862856e-04 4.0474916132e-01 
1.6933828149e-05 5.0100440616e-01 
3.9602369252e-05 4.5864723552e-01 
1.4498854889e-04 1.0000000000e+00 
5.4388125552e-05 4.4689748390e-01 
5.7641712952e-05 4.4771817707e-01 
5.2506296376e-05 4.5333656586e-01 
5.2123698754e-04 2.9936299116e-01 
9.8632281660e-05 4.2204445857e-01 
8.2518801816e-05 4.2971883652e-01 
5.4672074706e-05 4.5168764956e-01 
2.3098707041e-05 4.9438379956e-01 
7.4787201642e-06 1.0000000000e+00 
2.6425161167e-05 4.7625024126e-01 
5.6286281088e-05 4.5157812627e-01 
4.0793679729e-04 3.2210796532e-01 
2.3091686153e-05 4.9232449095e-01 
1.9772478272e-05 3.9065844723e-01 
2.6126924536e-04 3.5450814353e-01 
7.6327443602e-06 5.1880620893e-01 
7.0036744795e-05 4.4289367448e-01 
2.7775061761e-04 1.0000000000e+00 
5.4548144218e-05 4.5196576685e-01 
5.5232927610e-05 4.4583822197e-01 
3.4002462467e-05 3.7304505767e-01 
1.3096262927e-04 4.0441923110e-01 
8.5953595521e-06 1.0000000000e+00 
8.1475006733e-05 4.2979040579e-01 
3.0781276613e-04 3.4970092711e-01 
3.4246710310e-05 4.6352100268e-01 
2.5207628600e-05 4.8644489239e-01 
3.5975982602e-05 3.7303541508e-01 
2.5510133864e-05 3.8483754033e-01 
1.4795679819e-04 4.0210249889e-01 
3.5029857394e-05 1.0000000000e+00 
1.6792990879e-05 1.0000000000e+00 
1.5002949239e-04 3.9738624357e-01 
1.2334961616e-04 4.0195373618e-01 
1.0331183356e-04 4.1424834931e-01 
6.9886691430e-04 2.5656761712e-01 
7.4090034493e-05 4.3828518211e-01 
3.9241234278e-05 3.5744616942e-01 
1.7910188297e-04 8.2918840991e-01 
1.2738898115e-05 5.0860575226e-01 
3.4097897063e-05 4.8089307638e-01 
1.3773052201e-05 1.0000000000e+00 
5.3023675980e-05 3.6522568778e-01 
8.3707895334e-04 2.4173965116e-01 
1.5215055390e-05 4.4525093331e-01 
4.6286655346e-04 2.9163306651e-01 
2.8033804192e-04 3.7850670651e-01 
5.4990108157e-06 1.0000000000e+00 
7.5207709035e-05 4.3656677131e-01 
5.1548025487e-04 2.8517607601e-01 
6.5969884620e-05 4.9438446057e-01 
8.8724580817e-05 4.4805597187e-01 
1.8280364566e-05 5.3703153665e-01 
1.9160903998e-04 3.7872976370e-01 
6.6104706635e-05 4.4106932203e-01 
1.4118328252e-04 3.9224293367e-01 
2.2884617767e-04 3.7037155266e-01 
3.4328638912e-05 4.6237603748e-01 
4.9741362824e-05 3.5457933693e-01 
6.4417134848e-04 2.5750222897e-01 
6.4674840465e-05 4.4542485082e-01 
7.7025556631e-05 4.3017505549e-01 
1.7655728409e-04 3.8374121736e-01 
2.7392762349e-05 4.8633550315e-01 
1.2239395000e-04 4.0513413193e-01 
1.6833831520e-05 4.2659878959e-01 
1.1235612651e-04 4.3755001394e-01 
4.1830559258e-04 3.1564418667e-01 
1.8297683011e-04 3.8387645048e-01 
1.2510453874e-05 5.0996003651e-01 
2.5446318818e-05 3.9010216802e-01 
7.2557660465e-06 5.3169824818e-01 
1.7305124054e-05 1.0000000000e+00 
2.6850754749e-05 1.0000000000e+00 
2.1432530616e-05 3.9234635209e-01 
2.6613257259e-05 4.8901910906e-01 
1.7693709425e-05 5.1147783981e-01 
5.7204070831e-05 4.2955386491e-01 
3.6385389900e-05 1.0000000000e+00 
8.0221872095e-05 1.0000000000e+00 
8.3073886135e-04 2.2290133760e-01 
5.9323154755e-05 4.4589776253e-01 
1.0472480752e-05 4.9464251142e-01 
4.6861826566e-05 4.5723862970e-01 
1.0626508265e-04 4.1462200263e-01 
1.3292028345e-04 4.0637178707e-01 
3.2215650221e-04 8.8105135455e-01 
2.9756786182e-04 3.4753222739e-01 
1.1929789194e-04 4.1444750065e-01 
2.2905940891e-04 3.5838352629e-01 
9.3755808800e-05 4.1862260485e-01 
2.8709062501e-05 4.5085469488e-01 
1.9778136243e-05 3.9577047398e-01 
5.2827457199e-06 1.0000000000e+00 
3.0433256373e-05 4.7078320419e-01 
1.7800167459e-04 3.8484577819e-01 
1.6007774721e-04 9.7752527598e-01 
1.2894817303e-04 4.0808482394e-01 
2.7641074047e-05 4.7602324559e-01 
2.8589467844e-05 3.9657049074e-01 
3.8161965843e-05 4.6422615432e-01 
2.6685574724e-05 4.0696438178e-01 
6.7000872507e-05 9.4901399466e-01 
8.9390939507e-06 5.8786994770e-01 
1.4510143348e-05 4.3330910188e-01 
3.3464907774e-05 3.6270045671e-01 
1.4422221659e-05 6.3136439044e-01 
3.4405679058e-04 3.2859288200e-01 
3.5704976118e-05 4.6570026304e-01 
2.6795485653e-05 4.8118211267e-01 
6.4533536299e-05 4.4069099544e-01 
8.6799382363e-05 1.0000000000e+00 
2.3123393402e-04 3.6479284904e-01 
1.8641629884e-05 1.0000000000e+00 
2.9536849284e-05 4.7813097619e-01 
6.4198173467e-05 4.4342041617e-01 
2.9777474712e-05 5.4026099047e-01 
8.2003441060e-05 4.2608970339e-01 
5.8265803690e-05 4.3894680379e-01 
1.8711757675e-05 4.8332091794e-01 
1.4481260544e-04 1.0000000000e+00 
2.3453308232e-04 9.8489968847e-01 
7.9449736783e-05 4.2803910906e-01 
2.8558422631e-04 3.5436833628e-01 
2.2579166367e-05 4.1560353069e-01 
5.5624748123e-06 1.0000000000e+00 
6.8319577461e-04 9.5519007580e-01 
7.2731537357e-06 1.0000000000e+00 
7.4371231582e-05 4.8068451011e-01 
1.3812451686e-04 1.0000000000e+00 
6.5499826015e-06 4.9157091876e-01 
1.8028293680e-05 3.8615641689e-01 
4.3560203272e-05 4.4157857597e-01 
9.7423396656e-05 1.0000000000e+00 
1.4901356467e-05 1.0000000000e+00 
7.7979226569e-05 4.3380314296e-01 
2.2086826506e-05 4.1441278200e-01 
2.0012213830e-04 3.8216407871e-01 
2.5146865193e-05 3.7196923666e-01 
4.3459192180e-05 4.5220576663e-01 
2.1292464815e-04 3.7137631743e-01 
1.7231668528e-05 4.8033906600e-01 
8.8185153330e-05 4.2876882652e-01 
4.7521910592e-05 4.4135403672e-01 
1.7945475889e-04 3.9027206438e-01 
2.9261320291e-05 3.7520771455e-01 
6.2060978547e-05 4.4449751078e-01 
7.2132069932e-05 1.0000000000e+00 
8.3401620042e-05 4.3230379015e-01 
2.5522650346e-05 4.8156303405e-01 
1.4573935912e-05 1.0000000000e+00 
6.0215693423e-05 4.4396336302e-01 
2.1206266727e-05 4.3154726526e-01 
4.8504087831e-05 4.5700469456e-01 
1.5853627433e-05 5.0744210634e-01 
5.5235288661e-05 4.1055506255e-01 
2.1722627599e-05 5.5549720949e-01 
4.2955991733e-05 3.9309370718e-01 
5.6605948129e-05 4.5621918258e-01 
2.9792149346e-05 3.6824175076e-01 
1.0123608544e-05 5.2522554134e-01 
2.3438557558e-04 3.5312679109e-01 
8.5243783142e-05 4.2207001705e-01 
2.1807075663e-04 3.7308178807e-01 
4.0772650669e-04 3.2236806050e-01 
5.3504461898e-05 4.6576283618e-01 
6.6907256952e-06 1.0000000000e+00 
3.6816654808e-05 4.7681547962e-01 
8.9254958558e-05 4.1995696022e-01 
1.0292574257e-04 4.1714573918e-01 
4.2563951020e-05 4.6365202653e-01 
4.0845003595e-05 4.5955863979e-01 
5.8644968922e-06 1.0000000000e+00 
1.3597056687e-05 5.2312478756e-01 
8.3780110474e-05 4.2856143013e-01 
1.1180828320e-04 4.1195714081e-01 
9.7634469837e-05 4.2021600578e-01 
6.6638391739e-04 2.6209558972e-01 
6.1062664779e-05 4.9685978164e-01 
2.1750742112e-05 3.7878175275e-01 
2.3137393994e-04 3.6327719576e-01 
8.4055109071e-05 4.2878925123e-01 
5.5692734486e-05 4.4506253293e-01 
2.6335189951e-05 3.7333637870e-01 
1.1957264089e-05 5.0252512017e-01 
2.7866211735e-04 3.5042223419e-01 
2.1253720688e-04 6.4686465734e-01 
9.7267612511e-06 1.0000000000e+00 
6.4846830662e-05 4.3266083737e-01 
3.4993193603e-04 3.2801785425e-01 
3.8065622014e-05 4.3603311109e-01 
5.4911117421e-04 2.8886769462e-01 
1.2485535468e-04 4.2209049866e-01 
6.6366647046e-06 1.0000000000e+00 
3.6800841831e-05 4.6038304657e-01 
8.6343901213e-05 4.2606644480e-01 
6.1892972216e-05 3.6831402641e-01 
5.2332567352e-05 1.0000000000e+00 
4.8214307840e-05 4.5452554362e-01 
8.1281848814e-05 4.3063042166e-01 
6.6828231549e-05 1.0000000000e+00 
4.6276828638e-05 4.2688657512e-01 
1.9656980757e-05 4.8832908893e-01 
2.0815904502e-05 3.8248211059e-01 
2.4269117842e-05 3.9527607600e-01 
2.8642777667e-05 3.7709466700e-01 
3.4933261144e-05 4.7223593129e-01 
3.4272738072e-05 5.4303217075e-01 
3.4033748631e-04 3.3865810396e-01 
6.4657458049e-05 4.4426652933e-01 
3.6452678985e-05 3.5941235505e-01 
3.7248804203e-05 4.6798543401e-01 
3.8662989466e-05 4.8482545731e-01 
2.6442117748e-04 3.5222938591e-01 
2.1123708593e-04 3.6666608763e-01 
4.6815083433e-05 3.8134146570e-01 
4.6493213906e-05 4.5427872537e-01 
8.4523317138e-06 1.0000000000e+00 
1.4460989801e-04 3.9517586680e-01 
2.3692575069e-04 3.6140644850e-01 
6.9774980002e-05 4.4787420094e-01 
2.3992983501e-05 4.0567483880e-01 
2.7372262077e-05 3.7052092747e-01 
1.5277461177e-04 1.0000000000e+00 
1.5770856832e-04 3.9305048082e-01 
1.1489522490e-05 4.2431467929e-01 
3.5229662391e-05 4.3918606033e-01 
1.7830095490e-04 3.8987829899e-01 
2.3685663215e-05 4.2195720402e-01 
3.5864125447e-05 3.8949842823e-01 
6.5024024522e-05 4.4486309719e-01 
3.1550160332e-05 3.8497053884e-01 
6.7234899717e-05 4.3767824378e-01 
1.1831218865e-05 1.0000000000e+00 
1.9155731446e-05 4.0637669156e-01 
1.4956166374e-05 1.0000000000e+00 
1.3532428343e-05 1.0000000000e+00 
4.6251586003e-05 3.8616837186e-01 
3.9211358751e-05 3.9223519320e-01 
4.5569762913e-05 4.4899415642e-01 
2.8019110611e-04 3.5183556737e-01 
9.5187135448e-05 4.5547636036e-01 
2.7410612498e-04 3.4426071819e-01 
6.5322000960e-05 4.4159777654e-01 
1.2089192840e-04 1.0000000000e+00 
2.3335448095e-05 4.2677814510e-01 
2.3147538985e-04 3.6683760580e-01 
1.9937212205e-04 3.7568953365e-01 
2.3144697497e-05 4.5580569718e-01 
3.1984273338e-05 3.7859123114e-01 
1.7741508491e-05 4.8864255937e-01 
9.0629194990e-05 4.1895630991e-01 
3.9926496990e-05 4.8447659500e-01 
2.5407087043e-05 1.0000000000e+00 
2.5811434280e-05 3.8732172553e-01 
1.1867081978e-04 4.3231333491e-01 
4.3830154527e-04 3.1187323101e-01 
4.2305857404e-05 3.8624417043e-01 
1.1879961420e-05 4.4518884241e-01 
1.4917771817e-04 1.0000000000e+00 
7.2978358857e-05 1.0000000000e+00 
3.0100964151e-05 3.8147250068e-01 
6.3169025633e-05 4.4484106328e-01 
2.7382709872e-05 4.8699553062e-01 
2.5396888376e-05 4.8938025977e-01 
1.9416076056e-04 3.7192411384e-01 
3.4250340631e-04 3.3061800501e-01 
3.9686315292e-04 3.1709484459e-01 
3.2346372259e-05 3.8754042815e-01 
1.4835390248e-05 4.9409889339e-01 
2.0898788741e-05 4.3601266661e-01 
1.0439434235e-04 4.1756787387e-01 
9.7322357816e-06 4.6951063616e-01 
7.2252005271e-06 1.0000000000e+00 
1.3604033761e-04 3.9687638314e-01 
1.6091394654e-05 1.0000000000e+00 
3.7965377162e-05 4.6773835456e-01 
5.2431696512e-05 4.5590091128e-01 
7.1694189420e-04 2.4594023525e-01 
5.0867665020e-05 3.7821519481e-01 
4.5328202263e-05 4.3145967814e-01 
7.1441422443e-05 4.3605435249e-01 
1.3691582034e-04 4.3915141634e-01 
5.3764344820e-04 3.8232900132e-01 
8.5217646484e-05 4.2988384181e-01 
9.4356649842e-06 1.0000000000e+00 
3.2198644162e-05 4.8664689498e-01 
1.0549219906e-04 4.1463442862e-01 
2.6813866103e-04 1.0000000000e+00 
2.4681043800e-04 1.0000000000e+00 
4.5791815146e-05 4.4402697362e-01 
1.3077477484e-05 5.6018861893e-01 
1.7821952622e-04 1.0000000000e+00 
6.3053988101e-05 4.4554415516e-01 
2.8052731157e-05 4.7985139551e-01 
4.5965584662e-05 3.9712109972e-01 
1.5512923559e-04 3.9244639923e-01 
6.8007807267e-05 4.3735799110e-01 
6.5359382403e-05 3.4946844221e-01 
2.8451185411e-05 4.7131038510e-01 
9.4126270715e-05 1.0000000000e+00 
4.7905884527e-05 1.0000000000e+00 
1.0704111633e-04 4.1488360022e-01 
8.4763874095e-05 1.0000000000e+00 
8.7814344025e-05 4.2501527121e-01 
2.0567755038e-04 3.7485335510e-01 
2.1351478836e-04 1.0000000000e+00 
4.9678947356e-05 3.7650820990e-01 
9.6399374868e-06 1.0000000000e+00 
5.5016148092e-05 4.5359733491e-01 
8.7443678349e-05 4.2823018086e-01 
1.0500081899e-04 5.0054004973e-01 
5.8442489883e-05 4.5861040889e-01 
3.0948740428e-05 3.8710774989e-01 
4.0427103150e-05 4.5396667568e-01 
2.6905689129e-05 4.6139416093e-01 
7.4616699722e-04 2.5981319337e-01 
9.8419695363e-05 4.1761011060e-01 
4.5263170767e-04 3.0171734769e-01 
1.4459561526e-04 3.9833479520e-01 
3.2421547814e-05 1.0000000000e+00 
2.1985340631e-05 4.7657877611e-01 
1.3808355272e-04 1.0000000000e+00 
1.0324653616e-04 9.5102031989e-01 
1.7315562418e-05 4.9470233354e-01 
1.5374791905e-04 3.9860352479e-01 
6.1165682415e-05 4.2727091524e-01 
2.5400993432e-05 4.8674338594e-01 
7.4648132609e-05 4.3660379892e-01 
7.6498928453e-05 4.3012709494e-01 
2.8470646564e-04 1.0000000000e+00 
3.3350777227e-04 3.3496637692e-01 
2.5665860110e-05 4.8836053987e-01 
7.4760875527e-06 1.0000000000e+00 
5.4939269308e-04 2.8288056701e-01 
9.2808853658e-06 5.2427103270e-01 
4.5580527563e-05 4.6765668544e-01 
5.2613513553e-05 4.2509454184e-01 
1.1067189640e-05 5.2177758853e-01 
2.2291863531e-05 5.2526230615e-01 
1.2694632008e-04 4.3888635248e-01 
1.6325021012e-05 5.0389622990e-01 
5.7996713324e-05 4.5829031159e-01 
2.4620144666e-05 3.9172672226e-01 
1.9539504520e-05 5.4621280295e-01 
5.7278575185e-05 4.5302532352e-01 
5.2685595377e-05 5.6865784914e-01 
5.5016381399e-05 4.4238993104e-01 
3.5458685200e-05 4.0500228764e-01 
8.3852667805e-06 1.0000000000e+00 
1.5660707930e-04 3.9052099325e-01 
5.6179185059e-05 3.7909507599e-01 
1.9913968989e-04 1.0000000000e+00 
6.0771080391e-04 2.6724238118e-01 
3.8728312393e-05 3.6316155608e-01 
1.1146765242e-04 4.1015083887e-01 
2.2846847508e-04 3.6689326741e-01 
7.0764320562e-04 2.5637076402e-01 
3.7951734596e-05 4.6515526066e-01 
2.3985780439e-05 4.2454996644e-01 
4.5393240641e-04 3.0696944706e-01 
3.7252121142e-04 3.4000105497e-01 
8.8841385771e-05 9.0525723112e-01 
3.7298773518e-05 4.1049214184e-01 
1.6635932966e-04 1.0000000000e+00 
2.6737809475e-04 3.5636467106e-01 
5.9486695933e-05 4.5607718402e-01 
2.0368571538e-05 4.2603499956e-01 
1.7111366717e-05 5.2284295564e-01 
4.7222277731e-05 4.8571346860e-01 
1.9775555054e-04 3.8221308880e-01 
4.3927013384e-05 5.1287175914e-01 
3.1455334960e-04 3.3524798559e-01 
2.8492473658e-05 3.7220569425e-01 
8.5841766790e-05 4.2893564576e-01 
1.7220378339e-05 4.8646440392e-01 
4.2779124711e-05 3.7479153228e-01 
2.1661326145e-05 4.6209295083e-01 
7.7855313373e-05 4.3345627798e-01 
5.1636928845e-05 4.1769826267e-01 
1.6945402475e-04 3.9213174006e-01 
2.0313037545e-04 3.7370563596e-01 
9.3054441972e-05 4.5724485181e-01 
2.6997498722e-05 5.0074353399e-01 
4.4007144003e-05 1.0000000000e+00 
1.6888372892e-04 3.9039055957e-01 
6.5000084667e-06 1.0000000000e+00 
1.0678636846e-04 4.1601271197e-01 
1.5141904833e-04 3.9370281561e-01 
2.0059479349e-05 4.9208464386e-01 
7.4213134088e-05 4.5357213509e-01 
4.2223945548e-05 4.4662236377e-01 
3.1472160687e-05 4.8153714664e-01 
6.6761145299e-04 2.4728164180e-01 
8.6616947386e-05 4.1800598329e-01 
4.7418878450e-04 3.0721120547e-01 
1.8285851085e-05 3.9215470808e-01 
2.9857814740e-05 3.8554740422e-01 
1.1053697528e-04 4.1209525830e-01 
7.6368537976e-05 4.3608894602e-01 
1.4297650723e-04 3.9838750648e-01 
1.3796058341e-05 4.0196213597e-01 
5.6830435478e-05 4.7960328860e-01 
4.4884015565e-05 4.9823529931e-01 
7.2243428346e-06 5.3675975044e-01 
7.6005564460e-05 4.3458724688e-01 
2.2346525520e-05 4.0318743178e-01 
2.1389072411e-05 4.9669881951e-01 
7.6032711421e-05 4.3552319799e-01 
3.3177508442e-05 4.9624614209e-01 
5.3607278902e-05 4.9221870368e-01 
2.5761768143e-05 4.7628900666e-01 
1.5610498693e-04 3.9397418372e-01 
3.2498275509e-05 3.6421856423e-01 
1.3362735027e-05 4.8448924180e-01 
5.3568792077e-05 5.1716513405e-01 
2.5469113691e-04 3.6365978104e-01 
1.3316110249e-04 4.0633960937e-01 
1.8806777490e-04 8.5532291982e-01 
1.8084756128e-04 1.0000000000e+00 
9.2697250228e-05 4.1980944496e-01 
9.0914529679e-05 1.0000000000e+00 
1.5604687176e-04 3.9404088699e-01 
9.1442417496e-05 4.3169667068e-01 
4.6879683695e-05 4.4258453048e-01 
4.0060934184e-05 4.4003005010e-01 
7.8526834456e-05 1.0000000000e+00 
1.7801195386e-05 5.0119078915e-01 
1.6057332590e-04 3.9580879815e-01 
1.8286295479e-04 5.9545554815e-01 
4.1781321972e-05 4.5406088856e-01 
4.5183127789e-04 3.0632706775e-01 
7.1698510199e-05 1.0000000000e+00 
2.9445558974e-05 4.8339930833e-01 
3.0445171052e-05 1.0000000000e+00 
5.7516640403e-05 4.4635960296e-01 
6.1023653040e-05 4.4145835397e-01 
2.1011622412e-05 5.0221247481e-01 
2.1869902536e-05 4.4173618451e-01 
1.8645870832e-05 5.0308021246e-01 
2.6449717978e-04 3.5482030534e-01 
4.6789554728e-04 3.1390762384e-01 
6.3402879423e-05 1.0000000000e+00 
4.5135561027e-05 4.6118574436e-01 
2.1375974159e-05 1.0000000000e+00 
3.7244956579e-05 4.6239893218e-01 
1.6233455023e-04 3.9304760226e-01 
2.6834899042e-05 3.7682300133e-01 
2.8131149085e-05 4.7592936911e-01 
1.4401962239e-04 1.0000000000e+00 
3.5063988442e-05 4.5837117747e-01 
2.1985882318e-05 4.9164997164e-01 
1.4650343204e-05 5.0932818206e-01 
1.1045940565e-04 4.2377008380e-01 
2.2269835285e-04 3.6842054152e-01 
2.1029856001e-05 4.9504634040e-01 
1.6520635838e-04 3.8692813866e-01 
2.5393439675e-05 3.7426127968e-01 
9.7194043600e-06 4.0142791181e-01 
3.8022084151e-05 5.3601323330e-01 
1.5081523551e-05 4.2465996919e-01 
4.7866820573e-05 4.4374442295e-01 
7.6438596341e-06 1.0000000000e+00 
7.9385908738e-05 4.2678836484e-01 
1.8222933140e-05 4.0591640447e-01 
3.8415686777e-05 3.8002674165e-01 
4.9970243084e-05 4.4432440154e-01 
7.3097685152e-05 4.2322654134e-01 
4.2983349998e-05 4.5380905759e-01 
3.1970960565e-05 4.7542817572e-01 
5.9474409937e-05 4.3753584733e-01 
3.7695793157e-04 1.0000000000e+00 
8.9443390980e-05 4.2447252041e-01 
6.2176852370e-05 4.7588233599e-01 
2.1075570393e-04 1.0000000000e+00 
4.9188350337e-04 2.9503592043e-01 
1.3938384167e-04 9.9239092724e-01 
1.5545314995e-04 3.9280147105e-01 
5.3437781137e-05 4.6158644844e-01 
3.9419283230e-04 3.4501565661e-01 
1.9175325761e-05 1.0000000000e+00 
1.3582182662e-04 3.9948347744e-01 
7.2057853926e-05 4.2626921737e-01 
8.6326853757e-05 4.7588415094e-01 
7.9700216331e-04 2.3698231912e-01 
4.7899178163e-05 4.4748423163e-01 
2.5447563213e-05 4.0934027636e-01 
1.5184428908e-04 3.9522531553e-01 
1.4769589063e-05 3.9301045285e-01 
6.5174279888e-05 4.3407645300e-01 
1.6980674405e-05 3.8713324282e-01 
2.0759628623e-05 4.9948923358e-01 
4.4693612729e-05 4.5358479406e-01 
1.7718532653e-04 3.8337211761e-01 
1.7003518176e-04 1.0000000000e+00 
2.7037129324e-04 3.5235419113e-01 
2.2561166667e-05 4.0811577371e-01 
1.6644947680e-05 4.9745360495e-01 
7.3802848315e-06 1.0000000000e+00 
6.1226157909e-05 4.4172497718e-01 
1.2030606208e-04 4.1019897554e-01 
1.2677585033e-05 5.0166811820e-01 
2.6452951055e-05 5.1398923283e-01 
1.3873998700e-05 4.2174844373e-01 
2.8199278846e-05 4.6260778652e-01 
1.8109421851e-04 3.7857229933e-01 
5.4326746241e-05 3.6522614469e-01 
2.8610847725e-05 4.8361995134e-01 
9.9737676439e-05 9.6538148845e-01 
7.9631428193e-06 5.9001013886e-01 
2.8855455682e-05 4.3719230634e-01 
8.3874252267e-06 1.0000000000e+00 
6.2718802401e-06 1.0000000000e+00 
3.0799054312e-05 3.9281919797e-01 
1.8321805214e-05 3.8607327098e-01 
9.2747712066e-05 4.4139319098e-01 
4.9043829594e-05 4.5580178581e-01 
1.7640281409e-05 4.9197256062e-01 
2.1293811541e-04 3.7004713148e-01 
6.5261723181e-05 4.1929249888e-01 
4.2637412571e-05 4.6354000032e-01 
4.3161890912e-05 4.5436141725e-01 
3.0366276970e-05 4.7364432475e-01 
3.2001522299e-05 3.6436839401e-01 
9.0635178463e-06 5.3167362842e-01 
4.4657174691e-05 4.5109362393e-01 
5.1774869186e-06 5.4396870233e-01 
2.2715031269e-04 3.6384470263e-01 
9.2484046824e-05 4.1982566243e-01 
3.3337569909e-05 1.0000000000e+00 
1.2718600980e-04 4.0615060062e-01 
5.0983739813e-05 4.5505384543e-01 
7.5221792471e-05 4.3603541286e-01 
1.0095735509e-04 4.0989558417e-01 
8.5957002069e-05 4.1392034578e-01 
5.7698464006e-05 1.0000000000e+00 
8.7087642985e-05 4.2509687266e-01 
9.1281897687e-04 1.0000000000e+00 
3.8973026847e-05 3.9484873283e-01 
2.9347529858e-04 3.5567196702e-01 
3.1308570777e-04 3.2680977845e-01 
1.6097322758e-05 5.3840690657e-01 
7.9127367902e-04 2.5035117299e-01 
4.7362168829e-05 4.0803040352e-01 
1.2125124470e-04 4.0073244782e-01 
2.4692744368e-04 3.9357956949e-01 
2.3066639851e-04 1.0000000000e+00 
4.4077484635e-05 3.5447532963e-01 
3.5772133236e-05 5.6486283504e-01 
2.9722785990e-05 4.7927193911e-01 
9.8525121651e-05 4.2206318971e-01 
1.7982016865e-04 3.9491438241e-01 
1.2543817591e-05 1.0000000000e+00 
6.1531680925e-06 1.0000000000e+00 
2.6015875676e-04 3.5580779868e-01 
3.8193199814e-04 4.0645292206e-01 
3.0915707726e-05 3.7538299005e-01 
5.4074780978e-05 4.5250833295e-01 
4.3088969501e-05 3.7465810017e-01 
7.3990268549e-04 2.5655323543e-01 
9.4068913310e-05 1.0000000000e+00 
5.4337186057e-05 4.3404969831e-01 
1.6312647424e-05 5.3685708615e-01 
1.0672337568e-05 4.0703691712e-01 
3.5855599915e-05 3.7482710128e-01 
4.0400735718e-05 4.6354628596e-01 
2.0169580373e-05 3.9098456822e-01 
1.6219617524e-05 5.0611933643e-01 
6.6987551286e-05 4.4127217745e-01 
6.5176791998e-05 4.5950768108e-01 
5.6456964675e-05 3.7664428016e-01 
2.2617062855e-05 4.8066149224e-01 
1.8169813336e-05 4.4014858763e-01 
2.2223251365e-05 4.9850985817e-01 
6.8683922709e-05 4.3986130188e-01 
1.7009287127e-05 4.9844382610e-01 
7.0984219519e-06 1.0000000000e+00 
2.6461431496e-05 4.8712536629e-01 
2.7175143200e-04 3.5888231339e-01 
1.0307247810e-04 4.0905753991e-01 
4.3863639730e-05 3.7892455042e-01 
2.5411086943e-05 4.6763125763e-01 
1.8165933790e-05 1.0000000000e+00 
2.0401457591e-04 3.6891122550e-01 
3.3192438727e-05 4.6535913171e-01 
7.5618976668e-05 4.3318527944e-01 
5.6537280818e-05 4.7306780384e-01 
2.1999471919e-04 3.6749029135e-01 
2.6471283853e-05 3.9613017214e-01 
1.9276582415e-04 4.0993180455e-01 
4.2286066294e-05 4.9657857859e-01 
5.5274952294e-05 4.5062551881e-01 
5.5638920724e-05 4.3593072320e-01 
5.8137665099e-05 4.4360467830e-01 
1.5345420158e-04 4.0358074373e-01 
1.2278849504e-05 5.1955031227e-01 
3.9100461864e-05 4.7652137769e-01 
6.2840014598e-05 4.3234143681e-01 
2.2236454930e-05 3.9834330997e-01 
1.9081684395e-04 1.0000000000e+00 
5.6911684406e-06 1.0000000000e+00 
1.4110099926e-04 4.1780064783e-01 
1.2069518596e-04 4.1015688805e-01 
4.3460306875e-05 3.6148458692e-01 
5.6782347608e-05 4.4632197628e-01 
4.8567780844e-05 4.4744719759e-01 
1.1363819975e-05 4.0093959715e-01 
2.4499898613e-04 3.6732679211e-01 
6.0722329934e-05 1.0000000000e+00 
2.5053833579e-04 3.6030743756e-01 
1.2356607215e-04 4.1516732418e-01 
1.3600661897e-04 4.0956179145e-01 
2.4295594191e-05 3.9773147440e-01 
1.7259532999e-05 3.9352735880e-01 
1.2837210577e-04 1.0000000000e+00 
3.0306390033e-05 4.2639062146e-01 
4.8762202808e-04 1.0000000000e+00 
4.2192651465e-05 4.5886071094e-01 
7.0673342171e-06 1.0000000000e+00 
6.6300782372e-05 5.0584205004e-01 
8.2137886051e-05 4.2979766366e-01 
2.4961577957e-05 3.8519492484e-01 
3.0403738733e-05 3.9454774349e-01 
1.5908222349e-04 3.9118791048e-01 
2.3486884871e-05 3.8183940132e-01 
2.6358603726e-05 4.5806325985e-01 
6.2296071946e-05 4.6163479553e-01 
1.2595816618e-04 4.1068113726e-01 
5.3415976706e-05 4.5178644458e-01 
1.3752184013e-04 3.9856005019e-01 
6.4302702233e-05 4.4796992534e-01 
5.1921251760e-05 4.3976674015e-01 
6.3878735798e-05 4.3352164945e-01 
6.5108190099e-06 1.0000000000e+00 
5.8617803995e-06 1.0000000000e+00 
5.7683626094e-05 4.6357707263e-01 
3.7824991319e-05 4.7382418200e-01 
4.2493321379e-05 4.9949644012e-01 
7.8877664467e-04 2.1632725508e-01 
1.0769494608e-04 6.2592640065e-01 
8.5031659706e-04 2.3490834456e-01 
7.9181633827e-05 1.0000000000e+00 
2.8807125714e-04 3.4889456857e-01 
1.1201725621e-05 4.2735861081e-01 
8.2755382082e-04 3.2267632702e-01 
1.9511280806e-05 4.8031170262e-01 
3.2396101349e-05 3.8848659486e-01 
1.0768699019e-05 1.0000000000e+00 
6.1943791250e-05 4.4286670432e-01 
3.1607313665e-04 3.3834212041e-01 
7.0295583615e-05 4.4089181383e-01 
8.7355539476e-06 4.6729950894e-01 
2.8293736393e-05 3.8147950259e-01 
7.9550280753e-05 4.4631829671e-01 
3.4924839527e-05 4.1958549002e-01 
2.0849791039e-05 4.2769883882e-01 
4.0749990735e-05 1.0000000000e+00 
2.5516617782e-05 4.4403097573e-01 
1.6613740020e-04 3.9114692453e-01 
3.3304587847e-05 4.4529080918e-01 
7.0174847922e-06 1.0000000000e+00 
2.4922408301e-05 1.0000000000e+00 
1.0749746320e-04 4.2039251221e-01 
2.0954692642e-04 3.6771676693e-01 
3.1342664764e-05 1.0000000000e+00 
9.5980844465e-05 4.2005171403e-01 
5.8687426287e-05 4.4559203869e-01 
1.0315731051e-04 4.1443473920e-01 
2.6998850682e-05 1.0000000000e+00 
1.1833004033e-04 4.1629071135e-01 
2.6716794796e-05 4.6122322589e-01 
8.6915612759e-04 1.0000000000e+00 
1.0715459602e-04 4.1393661945e-01 
6.9319425466e-05 7.5226640341e-01 
5.5315768977e-05 4.4802629142e-01 
3.5694075488e-05 4.6800553132e-01 
4.2563444205e-05 3.8073047726e-01 
2.0107350320e-05 4.0365650645e-01 
9.7703601699e-05 4.2023449854e-01 
3.2831302160e-05 3.7578153283e-01 
7.7236396807e-05 4.3193085287e-01 
6.2518135321e-05 4.5147026903e-01 
1.2820140389e-04 8.9933816809e-01 
3.8836436096e-05 3.5979825318e-01 
3.9912190242e-05 4.3300254174e-01 
1.3536214151e-04 1.0000000000e+00 
4.6045329555e-05 1.0000000000e+00 
1.0962183761e-05 6.1098395874e-01 
2.5515367844e-04 3.6216468839e-01 
1.8394474334e-05 3.8978061326e-01 
3.8753951920e-05 4.2472627237e-01 
3.8428624076e-04 3.0928637838e-01 
4.2938173957e-05 4.6378065792e-01 
1.1562853317e-04 9.2026296181e-01 
3.8829026898e-05 4.5667433938e-01 
1.0327940611e-05 1.0000000000e+00 
8.0459098155e-05 1.0000000000e+00 
1.0662578048e-04 1.0000000000e+00 
1.9443595846e-05 1.0000000000e+00 
4.7008841550e-05 4.8098753027e-01 
8.3334402173e-06 5.1870386593e-01 
9.1653279636e-05 4.1781699596e-01 
1.4637776005e-04 3.9673704795e-01 
1.7688523992e-05 4.8127452679e-01 
1.0272115249e-04 4.1844168105e-01 
1.2107538850e-04 4.6195119246e-01 
4.0901264456e-05 5.0343997491e-01 
5.7177441238e-05 4.4881693894e-01 
7.1255575196e-05 4.3184842971e-01 
4.2305814535e-05 3.7485059052e-01 
2.2698958613e-05 3.9317214625e-01 
3.1579277623e-05 4.8875418204e-01 
6.1031209883e-06 1.0000000000e+00 
3.5922368481e-05 4.6612862638e-01 
7.4269918607e-05 4.4084615892e-01 
4.4755348840e-05 3.8407030360e-01 
2.2019190444e-05 3.8374679536e-01 
4.2671975372e-05 4.4715107423e-01 
3.8872424134e-05 3.9965426769e-01 
3.0968427628e-04 3.3502363882e-01 
2.0300119929e-05 4.6652274489e-01 
9.9613078079e-05 4.2188739332e-01 
3.4493401682e-04 3.3272468400e-01 
6.6321483269e-04 7.7954210527e-01 
4.1812669462e-05 6.1181018528e-01 
4.6131112845e-05 4.8828522219e-01 
1.9935005794e-04 3.7697778576e-01 
1.8667121606e-05 5.0175009667e-01 
2.3981475635e-05 4.1086310129e-01 
6.0745499303e-05 6.0343641352e-01 
1.4542444712e-05 6.1592180505e-01 
1.0670667919e-04 1.0000000000e+00 
4.0800818558e-05 4.6449456883e-01 
3.6296041898e-05 3.9003955002e-01 
2.0733352637e-05 3.8270977751e-01 
3.7554244715e-05 1.0000000000e+00 
1.4305658508e-04 3.9184265707e-01 
1.2580630173e-04 4.0629765647e-01 
4.9882071995e-05 4.5405925600e-01 
1.0812497051e-04 4.3731835220e-01 
8.3405549878e-05 4.2771406262e-01 
4.6106322629e-04 3.0402068874e-01 
2.0555455774e-04 3.7249353174e-01 
1.6798579816e-05 4.4860569523e-01 
7.2060224778e-05 4.4551258876e-01 
1.0886003086e-05 1.0000000000e+00 
3.3229968744e-05 1.0000000000e+00 
3.0428632213e-05 4.6957495798e-01 
1.5702259702e-05 4.8649286221e-01 
9.1467712660e-05 1.0000000000e+00 
1.4092021076e-05 4.8095724614e-01 
8.5659347044e-05 4.3096978641e-01 
4.1081075526e-05 4.6092423577e-01 
7.0324340350e-05 4.7155499785e-01 
5.7797922189e-05 4.4310617368e-01 
3.3467884484e-05 4.7855117230e-01 
5.6240174608e-05 4.5402335178e-01 
7.2974094277e-04 2.5754832518e-01 
5.5472042958e-04 2.8769155874e-01 
8.9731081718e-05 4.2674598205e-01 
3.9405994102e-05 4.6465732348e-01 
5.8517797126e-05 4.3152943505e-01 
1.8651645305e-04 3.7782147762e-01 
4.1993726140e-05 5.1671048761e-01 
8.2046686171e-05 4.2948236473e-01 
1.7993319300e-04 4.1565502083e-01 
3.7119662385e-05 4.7087221245e-01 
3.8926649755e-05 4.3966113987e-01 
3.3863169674e-05 3.8041392878e-01 
3.0527353563e-05 4.2288602647e-01 
9.7010632909e-05 4.2044541303e-01 
1.5887145812e-04 3.9072279724e-01 
1.3590507046e-05 1.0000000000e+00 
1.2941103652e-04 4.0341451005e-01 
3.0698626092e-05 4.6770790166e-01 
4.7098011774e-05 4.4863955684e-01 
1.2392801558e-04 4.0626419689e-01 
2.7266180241e-05 4.2333711735e-01 
1.0550109141e-05 4.1439635090e-01 
9.5558047312e-05 4.2003929922e-01 
8.6485059981e-05 4.1919350058e-01 
3.0198230493e-04 3.3022761387e-01 
1.9033726103e-05 4.7990431989e-01 
8.0496736225e-04 2.3441336658e-01 
6.4076195538e-06 4.2445948351e-01 
2.2456842138e-05 4.6057038522e-01 
1.0357122566e-05 1.0000000000e+00 
2.1915402979e-05 4.3879970197e-01 
2.3520132604e-04 3.7000496540e-01 
3.7600121777e-05 4.2508541552e-01 
1.0971131070e-04 4.3134450274e-01 
5.8516656427e-05 4.3832582058e-01 
1.8408574904e-05 4.5646346922e-01 
2.7759728510e-05 4.9434267708e-01 
1.1633545281e-04 4.3249940457e-01 
1.3240877876e-05 4.7101737121e-01 
1.2995359518e-04 3.9376862494e-01 
2.4354358217e-04 3.6182267239e-01 
9.1190486142e-05 4.3073031061e-01 
4.1818310668e-05 4.6161100551e-01 
2.1009315335e-05 6.7662869247e-01 
3.5021526619e-05 4.6460570361e-01 
2.8005564430e-04 1.0000000000e+00 
2.2531404989e-05 3.8015737225e-01 
4.8954505232e-05 4.4980142949e-01 
1.2789751674e-04 4.0518138736e-01 
6.4883165793e-05 1.0000000000e+00 
1.1328358884e-04 4.1650717216e-01 
5.5844828765e-05 4.4527055550e-01 
3.1510266632e-05 4.7665423015e-01 
2.9796654499e-04 9.4609057090e-01 
2.9925391632e-05 3.6649588099e-01 
2.0055983227e-04 3.6565569394e-01 
2.6035210604e-04 3.5193816914e-01 
2.0454673148e-05 4.8975580879e-01 
2.4876298962e-05 5.2744603589e-01 
5.6803025859e-05 4.7187251216e-01 
2.4278460598e-04 3.5656473854e-01 
5.0181234630e-04 2.7438036276e-01 
2.8072516670e-05 3.8915337282e-01 
2.7203785694e-05 4.6073291522e-01 
