6.5374180773e-05 7.5457615323e-01 
3.9379347866e-04 7.1187039858e-01 
8.1101846996e-04 6.7864594193e-01 
7.5502715008e-04 6.8007943622e-01 
3.5357995042e-04 1.0000000000e+00 
8.7673210581e-06 7.9895554145e-01 
3.0652230906e-05 7.7820321991e-01 
8.0594361265e-05 7.5614287585e-01 
1.1530578169e-05 1.0000000000e+00 
5.3123364915e-05 7.5636519664e-01 
6.8962060922e-05 7.6292721312e-01 
8.3459692506e-05 1.0000000000e+00 
5.6158614008e-04 6.9411425354e-01 
2.2867318159e-05 7.8195010430e-01 
1.1445475966e-04 7.5208431646e-01 
1.3087001231e-05 1.0000000000e+00 
2.6875115237e-04 7.1973903656e-01 
2.1468595552e-05 7.8222783394e-01 
5.5933856296e-04 7.0958809226e-01 
3.2613684717e-05 7.8062932437e-01 
8.4673858894e-05 7.5432083069e-01 
4.4715949273e-05 7.6506314599e-01 
3.3796863537e-05 7.7939115600e-01 
1.1046973547e-05 1.0000000000e+00 
4.2737678008e-05 7.7096254348e-01 
2.4601890600e-05 7.8389341810e-01 
2.8805941476e-05 7.7725779422e-01 
4.5324564649e-05 7.7376988648e-01 
2.5963332241e-05 7.7872609630e-01 
1.5878128021e-05 7.9376140085e-01 
2.6783844459e-04 1.0000000000e+00 
3.4098748334e-05 7.6553942630e-01 
3.2626139526e-05 7.7400736130e-01 
6.3104621603e-05 7.6266796901e-01 
8.3576295857e-05 7.5881940576e-01 
1.3748037879e-05 7.9842062179e-01 
1.9297119949e-05 7.8096942086e-01 
6.4720730434e-05 7.6505121486e-01 
2.5563780120e-04 7.2428180216e-01 
6.0718048698e-05 7.6239302719e-01 
1.9270939847e-04 7.3583322257e-01 
2.6955489197e-05 7.7972637078e-01 
2.2386021593e-04 7.2767822147e-01 
1.5126087271e-05 7.8517725284e-01 
1.3471568304e-05 1.0000000000e+00 
9.9572519807e-05 7.5247480912e-01 
4.2647897506e-05 1.0000000000e+00 
1.0125172841e-04 7.5680346527e-01 
1.0479475231e-04 7.5011940520e-01 
1.8956687825e-05 7.8873710236e-01 
1.3251713166e-05 7.9587413999e-01 
6.0783653546e-04 6.9171516773e-01 
2.2862248819e-05 7.2199000828e-01 
6.5591295411e-06 1.0000000000e+00 
4.0089602298e-05 9.8377687948e-01 
8.7112018305e-04 1.0000000000e+00 
6.7323797093e-05 1.0000000000e+00 
1.9543637421e-04 7.3308369696e-01 
1.2988653335e-04 7.4462448787e-01 
5.9348101000e-05 7.5799072171e-01 
7.3031851303e-04 6.8111713215e-01 
1.6324816401e-04 7.3818374571e-01 
2.8711903666e-05 7.1823858963e-01 
1.7773759524e-04 7.3596726564e-01 
4.2721336053e-05 7.6936802402e-01 
8.2102132728e-05 7.5831555573e-01 
2.2367960442e-04 7.2875819432e-01 
1.8143622205e-04 7.3442552512e-01 
7.4582899119e-05 7.5988789204e-01 
6.7173503647e-06 1.0000000000e+00 
5.4707379303e-06 1.0000000000e+00 
4.3205466164e-04 6.9978841785e-01 
8.5710406682e-04 6.6840623178e-01 
1.2631630065e-05 7.8519479797e-01 
4.4231160599e-05 7.6866732557e-01 
1.8371382303e-05 7.8710032630e-01 
1.0963960260e-05 1.0000000000e+00 
1.8266171569e-05 8.0918217839e-01 
6.5270369781e-05 7.6244867593e-01 
1.7748257461e-04 7.3570678278e-01 
1.3547607909e-05 7.4185547976e-01 
7.3830208950e-06 8.0937342142e-01 
1.1063129777e-04 7.4913364799e-01 
7.8692670753e-05 7.5854501795e-01 
1.9761909133e-04 7.3380502858e-01 
2.1544350452e-05 7.4614582361e-01 
6.9233905506e-05 7.5940634596e-01 
3.1818984416e-05 7.7702180628e-01 
6.9581893019e-06 1.0000000000e+00 
1.0682265407e-04 7.5490682594e-01 
4.2303822810e-05 7.4248353217e-01 
1.9918323544e-05 7.2214508877e-01 
5.5378069131e-06 1.0000000000e+00 
2.1350439927e-05 7.8851016894e-01 
2.0962839321e-05 1.0000000000e+00 
2.3275877253e-05 1.0000000000e+00 
7.2915830098e-05 7.5951640016e-01 
4.7572817827e-05 7.5839327900e-01 
4.4442984669e-05 7.6975572078e-01 
1.2329838203e-05 1.0000000000e+00 
2.6851913743e-05 7.7062897937e-01 
7.7152030843e-05 7.6267822084e-01 
6.6642192177e-05 7.6201139335e-01 
3.3819614792e-05 7.3424500777e-01 
1.3516676705e-05 7.5031400178e-01 
4.3241308289e-05 7.6303055322e-01 
6.6857105791e-06 1.0000000000e+00 
7.0805255037e-05 1.0000000000e+00 
3.3605678476e-04 7.1575819667e-01 
3.9008117685e-05 7.7152564398e-01 
9.7109134302e-05 7.5029816807e-01 
1.0429372480e-04 8.6313444978e-01 
4.0142840745e-05 7.7343779149e-01 
6.9576486298e-05 7.5806391359e-01 
1.2789109619e-04 7.4661956170e-01 
1.8567268286e-05 7.8374959187e-01 
8.9888737922e-05 7.5427005568e-01 
3.4801189269e-05 7.6891223692e-01 
1.5544378893e-04 8.7178359515e-01 
5.9100014436e-04 6.8965534540e-01 
1.6581193064e-04 7.4035345768e-01 
1.7044126341e-04 7.3524621504e-01 
4.9040862862e-05 7.6063879959e-01 
5.7800067161e-05 7.6644098265e-01 
1.2430182816e-04 7.4683969501e-01 
2.2954902219e-05 7.7060645858e-01 
1.5479308815e-04 7.3950899667e-01 
5.7516929620e-05 7.6324507031e-01 
5.4195691311e-04 6.9838042117e-01 
3.8577570527e-04 1.0000000000e+00 
3.1823017058e-05 7.7882468578e-01 
4.2972732369e-05 7.7107798761e-01 
4.1461908623e-05 1.0000000000e+00 
1.3859951719e-04 7.4796778818e-01 
6.6918206511e-05 7.6138564105e-01 
1.8502344690e-05 7.2609147043e-01 
5.3478790074e-05 1.0000000000e+00 
6.0434553185e-05 7.6441057418e-01 
2.9237982419e-05 7.7534686718e-01 
2.4024480923e-05 1.0000000000e+00 
2.8119303943e-04 7.2077351359e-01 
1.9006506633e-05 1.0000000000e+00 
6.3014801450e-05 7.5643771579e-01 
9.1465033785e-05 7.5390090227e-01 
1.7960713308e-04 7.3601340955e-01 
4.1321521749e-05 7.7514493692e-01 
3.3367705545e-05 7.7830262433e-01 
5.5906760971e-05 7.7856217574e-01 
1.3830471850e-04 7.4206135332e-01 
1.1267972776e-04 7.4974715530e-01 
9.4815639585e-05 7.5308354740e-01 
9.3517126663e-05 7.5501570617e-01 
3.4994671564e-05 7.7590689591e-01 
2.6084898971e-05 1.0000000000e+00 
4.4536662487e-04 7.0604583834e-01 
3.8138800298e-04 7.1180589779e-01 
2.7954125309e-05 7.8270115935e-01 
6.0585420621e-04 6.9265542550e-01 
5.6855873868e-05 7.6507214781e-01 
7.9446270237e-04 6.8981430953e-01 
5.1141110279e-05 7.6573830652e-01 
4.3027089259e-04 7.0827101676e-01 
5.1368205448e-05 7.6238000970e-01 
4.6097144729e-05 1.0000000000e+00 
5.6798736180e-05 7.6251826625e-01 
7.3904735464e-05 1.0000000000e+00 
4.1819953408e-05 7.5945465328e-01 
1.4152264074e-04 7.4268991645e-01 
9.1149160745e-06 7.9107945296e-01 
4.6475011718e-05 7.5301918346e-01 
4.0866785887e-05 7.7345894206e-01 
3.3785907278e-05 1.0000000000e+00 
2.7547008402e-05 7.7784689523e-01 
9.8745930311e-06 1.0000000000e+00 
3.0144213124e-05 7.2887531660e-01 
3.3564894877e-05 7.7138530279e-01 
4.6038297235e-05 7.7228958042e-01 
8.9988629415e-05 7.5542206771e-01 
6.8888516206e-05 9.7505612842e-01 
1.2775195673e-04 7.4389823655e-01 
3.0664505412e-04 7.1804724553e-01 
1.4884078270e-04 7.4045909165e-01 
6.6136078391e-05 7.5942092647e-01 
5.9478505357e-05 7.6921218954e-01 
1.6186176520e-05 7.3983585048e-01 
1.3305617627e-04 7.4383216622e-01 
1.3003923965e-04 7.4376957161e-01 
2.7459916237e-04 7.2676334590e-01 
1.6570446054e-04 7.4171173469e-01 
3.0503399261e-04 7.1987650210e-01 
5.1897596115e-05 7.6519859366e-01 
1.1541565530e-05 7.9389984398e-01 
7.0595347606e-05 7.5785782141e-01 
4.4606066718e-05 7.6486049770e-01 
1.6709456943e-04 7.3786367081e-01 
6.1031727656e-05 7.7271287597e-01 
4.2924417306e-05 1.0000000000e+00 
2.2584398541e-05 7.7418175671e-01 
1.7867162662e-05 7.3534203752e-01 
4.4694344620e-05 7.6511667010e-01 
2.7902171762e-05 7.9025812096e-01 
1.3517867204e-04 9.9001345563e-01 
3.5333885023e-05 7.7272015976e-01 
1.7226314535e-04 1.0000000000e+00 
5.3306603134e-04 6.9403138898e-01 
1.6744664341e-05 8.0109362800e-01 
4.2960450596e-04 1.0000000000e+00 
9.0335711586e-06 7.4093989442e-01 
1.5706676320e-04 7.4124153474e-01 
9.5026359641e-05 7.5671333156e-01 
1.7132984123e-04 7.3590719783e-01 
9.3191610461e-05 7.5277566184e-01 
3.8677723388e-05 7.7430536803e-01 
3.7276790023e-05 7.6753279936e-01 
3.3232395251e-05 7.7686722223e-01 
8.4392083934e-06 1.0000000000e+00 
3.4665560451e-04 1.0000000000e+00 
2.5293877490e-05 1.0000000000e+00 
2.5743518672e-04 1.0000000000e+00 
8.1291468454e-05 7.5603503509e-01 
1.3113083588e-05 1.0000000000e+00 
2.5233206758e-04 7.2605978770e-01 
9.9803242181e-05 1.0000000000e+00 
1.4884344392e-05 1.0000000000e+00 
6.3438434955e-05 7.6189686471e-01 
6.4601889228e-06 1.0000000000e+00 
2.2153269084e-04 9.8146504662e-01 
6.5766365229e-05 7.6094283305e-01 
8.9230875678e-05 7.5897168745e-01 
1.5709878294e-04 1.0000000000e+00 
1.5979462609e-04 7.3882006180e-01 
2.0600638024e-04 7.3136911158e-01 
3.2768450836e-04 1.0000000000e+00 
7.4517443948e-05 7.5446350002e-01 
2.1701714758e-05 7.9235568018e-01 
1.3819010252e-04 7.5929040144e-01 
1.5654679696e-04 1.0000000000e+00 
4.9286382439e-05 7.6790047469e-01 
2.2466190610e-04 7.2812948306e-01 
1.5003519081e-05 7.9673067446e-01 
1.1048709808e-04 1.0000000000e+00 
1.8110771005e-05 7.3247677908e-01 
4.7779953596e-04 1.0000000000e+00 
1.9652316715e-04 7.3507334305e-01 
6.6650895335e-05 7.6332214928e-01 
1.2704955051e-04 7.4627277783e-01 
2.2417305309e-05 1.0000000000e+00 
1.1253210696e-04 7.4949277178e-01 
1.6831948848e-05 8.0052040581e-01 
4.3812727154e-05 7.7167510982e-01 
3.6145624343e-04 7.1116155907e-01 
5.5423200465e-05 7.6471855970e-01 
2.3083537027e-04 7.2721460604e-01 
3.4793293394e-05 7.9812854034e-01 
9.8943531225e-06 7.4434648840e-01 
7.4865182325e-05 7.6643182567e-01 
9.6777732343e-05 7.5226686136e-01 
2.0814818119e-04 7.3107881352e-01 
1.5973672777e-05 1.0000000000e+00 
5.0341134759e-05 7.6872829739e-01 
3.5169137557e-05 7.7329577733e-01 
2.2614553200e-04 7.2933552171e-01 
2.1522033147e-04 7.3135785343e-01 
3.4691939932e-05 7.7082228505e-01 
2.1294531692e-05 7.8055150134e-01 
6.3610684254e-05 7.5539575228e-01 
5.1553153474e-05 7.7055135544e-01 
2.7200626270e-05 7.1935896764e-01 
2.0568130446e-04 7.3177061712e-01 
5.3298969203e-04 1.0000000000e+00 
2.5687271933e-04 7.2657408028e-01 
4.5915897602e-05 1.0000000000e+00 
2.4569658806e-04 7.2300432288e-01 
3.2283842076e-04 7.1738624519e-01 
4.4500074948e-05 7.6713349966e-01 
5.7494279164e-05 7.6266067054e-01 
6.9382514629e-05 1.0000000000e+00 
1.2368936241e-04 7.4723438498e-01 
1.0480280583e-04 7.5041066241e-01 
7.9693331790e-05 7.5626233582e-01 
1.5740178711e-04 7.3974522027e-01 
1.0223767111e-04 7.5113966323e-01 
1.9401104854e-05 7.6782332886e-01 
7.0039929234e-06 7.4329904029e-01 
6.9352591937e-04 6.8391407439e-01 
4.1985938005e-05 7.6744687900e-01 
2.9745328396e-05 7.8016518185e-01 
6.2042114634e-05 7.5984032495e-01 
1.3191872692e-04 1.0000000000e+00 
6.5550954778e-05 7.5737565900e-01 
7.4466552539e-05 7.5725912747e-01 
9.6955620006e-06 1.0000000000e+00 
3.6088088530e-04 7.2928121651e-01 
5.4745170198e-05 7.6110320384e-01 
5.8664579654e-05 7.6394644375e-01 
7.0079734103e-05 7.6231894419e-01 
8.6769564976e-05 7.5513693849e-01 
4.9786697201e-05 7.6849781822e-01 
5.6111378545e-05 7.6107587217e-01 
1.0794264540e-05 1.0000000000e+00 
1.1914651761e-05 1.0000000000e+00 
4.6915387238e-04 6.9829662786e-01 
6.2246494069e-04 1.0000000000e+00 
5.0715405515e-05 7.5944706360e-01 
2.8072743840e-04 7.2274604964e-01 
1.9264320532e-05 7.9353174529e-01 
1.3218930275e-05 8.0506952349e-01 
1.5344968432e-05 1.0000000000e+00 
6.8042214313e-05 9.8906683317e-01 
2.7807144136e-05 7.7996391731e-01 
4.6346016777e-05 7.6760368706e-01 
7.4245141678e-04 9.1625995955e-01 
7.9754323119e-05 1.0000000000e+00 
2.8930280394e-05 7.7825593295e-01 
3.0360837319e-05 7.7987333041e-01 
2.6760871289e-05 7.9012999590e-01 
3.4541716027e-04 7.1463871668e-01 
1.9349729418e-04 7.3412825055e-01 
4.5434731758e-05 7.6512536759e-01 
4.6746268993e-05 7.6405729521e-01 
1.7781370213e-04 7.3685658341e-01 
1.3048992471e-04 7.4670315549e-01 
2.6112005037e-05 7.7149437927e-01 
5.6196055504e-06 1.0000000000e+00 
4.8977584639e-05 7.8174489899e-01 
2.5076896494e-05 7.8175183163e-01 
9.5041655626e-05 7.5447106535e-01 
9.8318672299e-05 7.6350290713e-01 
1.1636527903e-05 8.0138787833e-01 
2.1492527988e-05 7.8608946928e-01 
9.6602397430e-06 7.6933499345e-01 
9.4576235239e-05 7.5126752944e-01 
2.6867135663e-05 7.3882921626e-01 
5.0300915618e-05 7.6924077685e-01 
2.4481485299e-05 7.3524715456e-01 
1.0157006250e-04 7.5181201114e-01 
1.1697292696e-04 7.4876094596e-01 
6.7589838661e-05 7.6359140348e-01 
3.2601811046e-05 7.6405171208e-01 
3.9109194614e-05 7.3138548062e-01 
7.3193924655e-05 7.5492307285e-01 
1.3475970281e-04 7.4430565782e-01 
9.8448151559e-05 9.7347996047e-01 
3.7369170741e-05 7.7071787744e-01 
2.4410353954e-05 7.5908218073e-01 
1.6128496990e-05 1.0000000000e+00 
1.6877462832e-05 7.8571851513e-01 
1.5414167175e-05 7.6006773108e-01 
3.3671513256e-05 7.7232073579e-01 
1.2029052869e-05 7.9337832213e-01 
1.9328718178e-05 1.0000000000e+00 
8.1151638545e-05 7.5612259125e-01 
5.7735436962e-05 7.5993606205e-01 
1.4806513709e-05 7.9023536666e-01 
1.8997791297e-04 7.3288443449e-01 
2.6062718704e-05 1.0000000000e+00 
8.6912205681e-06 1.0000000000e+00 
3.3573359167e-04 7.1589775275e-01 
1.2584025344e-05 7.9613379427e-01 
3.4804509325e-05 8.0375456614e-01 
3.7668580873e-05 7.6972691709e-01 
3.8890678765e-05 7.7116399366e-01 
7.1770939263e-05 7.5834739782e-01 
2.7622864013e-04 7.2211802799e-01 
1.0984872043e-05 8.0214536131e-01 
8.1974488880e-04 6.7361741805e-01 
5.3087050131e-06 1.0000000000e+00 
4.8552405906e-05 7.6913539935e-01 
5.7591116452e-05 7.6484474396e-01 
1.0597987723e-04 7.5057920390e-01 
1.0371953887e-04 1.0000000000e+00 
1.0243109891e-05 7.3976662355e-01 
7.0309518250e-04 6.8745410302e-01 
3.5843741017e-05 7.7145904528e-01 
8.8764815758e-05 7.5560774823e-01 
9.3176277674e-04 6.7049677882e-01 
3.0346213110e-05 7.2267725244e-01 
2.6008944951e-05 7.8490517683e-01 
7.4852505595e-05 1.0000000000e+00 
3.6074230542e-05 7.7760390912e-01 
7.6130090159e-05 7.5769505533e-01 
2.1948590970e-04 7.3170924368e-01 
9.3725155472e-05 7.5292017630e-01 
2.7779205619e-04 7.2193096302e-01 
1.0047727036e-04 7.5210435975e-01 
4.8122187621e-05 7.6021546527e-01 
3.6199686793e-05 7.7591442385e-01 
3.6127681210e-05 7.8654578959e-01 
3.2296156643e-05 7.6155336475e-01 
1.9732442380e-04 1.0000000000e+00 
1.1402775490e-04 7.4800793351e-01 
7.2229696957e-05 7.5581005817e-01 
4.1165671472e-05 7.8781691365e-01 
2.0694242626e-05 7.8725789433e-01 
3.6823412408e-05 7.7353897394e-01 
1.9867897647e-04 7.3268945628e-01 
4.0067521636e-05 7.6047672378e-01 
1.5757389264e-05 1.0000000000e+00 
3.9414515254e-05 7.7081835975e-01 
9.2927394143e-06 8.0371518735e-01 
1.3979574605e-05 7.4356143973e-01 
9.5244542816e-06 7.8555728469e-01 
2.0642869728e-04 7.3727287482e-01 
1.1842026636e-04 7.4775573734e-01 
1.6044116515e-04 7.3988599411e-01 
2.4959661718e-04 7.2877838510e-01 
1.3569705040e-04 7.5184444687e-01 
1.2542676230e-04 7.4768531387e-01 
1.4625615877e-04 7.4244810234e-01 
2.9849464675e-05 7.6210481800e-01 
6.6461699250e-06 7.4557035836e-01 
5.6648188023e-05 7.8352717245e-01 
7.8937171754e-05 7.6614706562e-01 
3.4767988891e-05 7.7564016146e-01 
6.2728452427e-05 7.5960858780e-01 
1.3373109742e-04 1.0000000000e+00 
2.5210016055e-05 7.8467274141e-01 
9.4789361374e-05 7.5308377538e-01 
7.5671122117e-05 7.5694804731e-01 
8.0021756513e-05 1.0000000000e+00 
3.1392715737e-04 7.1843936602e-01 
2.5442658822e-04 7.2669645056e-01 
1.7509027857e-05 7.4623762320e-01 
2.9463587165e-05 7.8080736200e-01 
3.5360765282e-05 7.7284713416e-01 
4.6005540921e-05 7.6836947481e-01 
7.5984351385e-06 1.0000000000e+00 
1.9616984338e-05 7.2601000729e-01 
1.0677626700e-04 7.5047257807e-01 
5.2354057166e-05 8.7410002434e-01 
3.2796692938e-05 1.0000000000e+00 
2.2746755275e-05 7.4490337465e-01 
1.7869417658e-04 7.3647848031e-01 
2.1938431289e-05 1.0000000000e+00 
6.5384560575e-05 7.6266295014e-01 
6.9476970934e-05 7.8335587226e-01 
2.7138993023e-05 7.3059352655e-01 
1.0112590149e-05 7.7318150571e-01 
1.7397535620e-04 7.3728279800e-01 
4.2897764908e-05 7.6451234940e-01 
8.0047300243e-05 7.5548938499e-01 
3.8259346394e-05 7.7541867500e-01 
1.4457581369e-05 7.8259055012e-01 
4.2036601588e-04 1.0000000000e+00 
5.2264009330e-05 7.6612481691e-01 
3.4953289638e-04 7.1601306936e-01 
1.1979278014e-05 7.3421709315e-01 
8.1352244609e-04 6.8053480547e-01 
5.3196552598e-05 7.5760183041e-01 
5.5597111878e-05 9.9693440191e-01 
7.9871197267e-06 1.0000000000e+00 
1.7832700339e-04 7.3554105605e-01 
3.6671083150e-04 7.0732885192e-01 
9.2458590744e-06 1.0000000000e+00 
1.1940277475e-04 7.4719329603e-01 
2.8015114642e-04 7.2299680297e-01 
9.0869629858e-05 7.5545710557e-01 
4.6719769195e-05 7.6964056380e-01 
4.6411630288e-05 7.6501005762e-01 
9.4613204518e-06 1.0000000000e+00 
4.0395991097e-04 7.0571261724e-01 
7.5403760816e-05 7.5831914318e-01 
3.8255851867e-04 7.1021412019e-01 
2.2446835957e-04 1.0000000000e+00 
1.0409001479e-04 7.5940196927e-01 
5.5062802480e-05 7.6236026801e-01 
1.3343498342e-05 1.0000000000e+00 
2.1037147428e-05 7.2926724663e-01 
6.3293303404e-05 7.6179253200e-01 
5.3421119093e-05 1.0000000000e+00 
4.5566139685e-05 7.6648583713e-01 
7.2835035440e-05 7.5986708619e-01 
1.4580478175e-04 7.4169562744e-01 
6.6734387633e-04 1.0000000000e+00 
7.4250647829e-05 7.6509909533e-01 
2.6279021870e-04 7.2401523537e-01 
1.1753123356e-04 7.4718023620e-01 
7.5367639563e-05 7.5823582184e-01 
1.9792356033e-05 7.8600557853e-01 
4.6206061890e-05 7.7572651391e-01 
3.2524039574e-04 7.1877612367e-01 
3.1955823408e-05 7.2859528014e-01 
1.2573262909e-05 8.1779966013e-01 
2.8803826423e-05 7.8059636525e-01 
1.1892530861e-04 1.0000000000e+00 
2.2697414215e-05 7.7677816822e-01 
4.5272826704e-04 7.0392439142e-01 
9.0349728880e-05 7.5363561334e-01 
1.6563961704e-04 7.3860617508e-01 
9.8719739068e-06 1.0000000000e+00 
1.3163074658e-05 7.9363241441e-01 
3.9962221131e-05 7.6289387680e-01 
1.1188573565e-05 1.0000000000e+00 
9.8714378159e-06 8.2005171354e-01 
1.2132536550e-05 7.5067967548e-01 
6.4666815143e-05 7.5948330427e-01 
2.4268177213e-04 7.5213426898e-01 
1.1035061369e-04 7.5578536150e-01 
5.0470319225e-05 7.6595795256e-01 
8.2332638819e-06 1.0000000000e+00 
5.2688247065e-04 1.0000000000e+00 
2.8290548308e-05 7.7429985099e-01 
5.1170054628e-05 7.7425757712e-01 
1.4514761051e-04 1.0000000000e+00 
7.0659004855e-06 1.0000000000e+00 
1.8903226943e-04 7.3465717931e-01 
3.7730536545e-04 9.9516745865e-01 
2.1861979359e-04 7.2959178224e-01 
6.1482734939e-05 7.6399918358e-01 
1.2026435763e-04 7.4636334694e-01 
1.0291401563e-04 7.5464154774e-01 
1.8998593377e-04 7.3391454694e-01 
5.3691903401e-05 7.6238145634e-01 
2.4499839472e-04 7.2487222084e-01 
1.1756423665e-04 7.4561077732e-01 
2.0824645934e-04 8.7741717288e-01 
8.3410104608e-05 7.5611158855e-01 
2.0413023714e-05 7.6911417980e-01 
1.6188573034e-05 1.0000000000e+00 
6.6178561481e-05 9.9831444218e-01 
2.1202828445e-05 7.8533861213e-01 
8.3446322692e-05 7.5369382868e-01 
1.3689945977e-05 1.0000000000e+00 
8.7024444240e-05 1.0000000000e+00 
1.0012012800e-05 8.2439239246e-01 
1.4081899215e-04 7.4270119968e-01 
3.4044656035e-04 7.1544266530e-01 
5.8217541406e-05 7.6104233363e-01 
1.4869708224e-05 7.9442746489e-01 
7.8070268200e-05 7.5816313500e-01 
1.7740788749e-05 1.0000000000e+00 
3.3116375628e-05 7.7670361814e-01 
4.3378435696e-04 7.0625063276e-01 
1.4094380973e-05 7.5299506452e-01 
7.6761681837e-06 8.0730474320e-01 
6.7967073519e-04 6.8310199725e-01 
4.0238516026e-05 7.6891912773e-01 
1.0906274022e-04 7.6562189477e-01 
5.7526708568e-05 7.6264969853e-01 
9.2227780155e-06 1.0000000000e+00 
1.6459048923e-04 7.3704028130e-01 
2.3454022055e-05 7.8027481937e-01 
8.3518024589e-05 7.5692146854e-01 
1.6617753669e-04 1.0000000000e+00 
1.1467662069e-04 1.0000000000e+00 
1.2136447207e-04 1.0000000000e+00 
4.9539766846e-05 7.6484878976e-01 
1.0623028720e-04 7.4843356913e-01 
1.5356148223e-05 7.9341051028e-01 
9.3752111847e-05 1.0000000000e+00 
2.0532969019e-04 9.9330615240e-01 
5.4183900436e-05 7.7071089660e-01 
4.5456525055e-05 7.7121106717e-01 
1.4974405112e-04 7.4067657160e-01 
9.0953473861e-05 7.5508107656e-01 
4.7845128070e-04 9.9752857397e-01 
4.3269095389e-04 7.0641181947e-01 
9.8291050191e-05 7.5712179591e-01 
7.2446634648e-05 1.0000000000e+00 
3.0696648243e-05 7.7796342383e-01 
6.9693784787e-05 7.5776867650e-01 
9.2484602500e-05 7.5277598803e-01 
1.9643414697e-05 1.0000000000e+00 
4.0165031261e-04 7.0919642970e-01 
3.2981349076e-04 7.2997708751e-01 
5.1351963465e-04 6.9766363189e-01 
5.6884650115e-05 7.6121461111e-01 
1.6749702438e-05 7.5880499477e-01 
2.8391190551e-05 1.0000000000e+00 
3.4853060143e-05 1.0000000000e+00 
1.7653205012e-04 7.4105129752e-01 
1.0753694736e-04 7.5000226809e-01 
1.3691512008e-04 7.4688326629e-01 
9.7772159057e-05 7.5237480053e-01 
2.6866620633e-05 7.7971665872e-01 
3.0116049780e-05 7.8090865957e-01 
1.6231098935e-05 7.5656734464e-01 
9.5475285010e-06 1.0000000000e+00 
3.0340866456e-04 7.1993687209e-01 
6.1925873959e-05 7.7609642590e-01 
1.8591983019e-05 7.7780500568e-01 
3.0077630848e-05 7.8149878968e-01 
2.7417179166e-05 7.8046548119e-01 
3.8386804951e-05 7.6298727938e-01 
4.2669238856e-05 7.7123091249e-01 
1.4114223475e-05 7.8511665706e-01 
1.0033573987e-05 1.0000000000e+00 
4.4790446635e-05 1.0000000000e+00 
6.3369982399e-06 1.0000000000e+00 
3.8299733208e-05 7.7072938324e-01 
9.1837569492e-05 7.6098565715e-01 
1.0700054957e-04 9.7740905487e-01 
4.4993759056e-05 7.6091435264e-01 
3.4300463358e-05 7.7599545869e-01 
5.4325340016e-05 7.6500808164e-01 
1.3208571352e-04 7.4401369930e-01 
5.9271585090e-05 7.5854313633e-01 
1.4408739300e-04 7.4359813219e-01 
1.9840041084e-04 1.0000000000e+00 
1.2489516781e-05 1.0000000000e+00 
3.5649773680e-05 7.7426140946e-01 
8.7110521524e-04 6.7361941696e-01 
2.3160677373e-05 1.0000000000e+00 
5.1561003769e-05 1.0000000000e+00 
3.1841836970e-05 7.7881349230e-01 
5.2259730627e-04 7.0055170289e-01 
2.8308931438e-05 7.7925099492e-01 
1.6687287815e-04 7.7363920483e-01 
4.7295913519e-04 7.0110447286e-01 
6.1613842272e-05 1.0000000000e+00 
5.8728916733e-04 1.0000000000e+00 
1.9626787257e-05 8.0950103600e-01 
7.7036435588e-05 7.6138477263e-01 
1.0750420544e-05 8.1361221987e-01 
7.7290548067e-05 7.5824172982e-01 
9.1680558134e-05 7.5341500390e-01 
1.6929964926e-04 7.3858980825e-01 
9.7251264888e-05 7.5259082728e-01 
6.9374329737e-05 7.5366834344e-01 
7.5909396118e-05 7.5643133931e-01 
3.3568086867e-05 7.9777890472e-01 
1.9216794474e-04 7.5094448069e-01 
2.5570005064e-05 7.5196894140e-01 
1.5354139455e-05 7.3619772333e-01 
3.2997613169e-05 7.7585112614e-01 
2.0732105228e-05 7.8971656670e-01 
7.7771245281e-05 7.7481121862e-01 
6.4603933150e-04 6.8713939151e-01 
9.8115864500e-06 1.0000000000e+00 
3.1224918919e-04 7.1777368178e-01 
2.8031288034e-05 8.0265898180e-01 
6.3378833547e-04 1.0000000000e+00 
3.5121026641e-05 7.8840741988e-01 
1.5706073664e-05 7.8257108785e-01 
4.8033236982e-05 7.6947351284e-01 
6.6434390203e-05 8.7582043438e-01 
2.3811149076e-04 8.0118473398e-01 
1.3538838265e-05 1.0000000000e+00 
6.1517322072e-05 7.5859542135e-01 
5.5457629458e-05 7.6311462501e-01 
1.4862079951e-04 7.4490770555e-01 
3.2398711366e-05 7.6881906145e-01 
4.5400407699e-04 7.0390940491e-01 
4.0951624223e-05 7.6867532857e-01 
5.4259077249e-05 7.6374671029e-01 
5.2635160914e-06 1.0000000000e+00 
3.8587932800e-05 7.7118518748e-01 
1.8722441870e-05 1.0000000000e+00 
9.8175229926e-05 7.4954597417e-01 
1.2889041764e-04 1.0000000000e+00 
2.2643042753e-05 7.6443908965e-01 
9.0822578356e-05 7.5143411619e-01 
2.1500044429e-05 7.8609535167e-01 
2.6759126896e-05 7.6885571945e-01 
3.8008836190e-05 7.6788700445e-01 
1.8250690811e-04 8.9812320090e-01 
1.4199655021e-04 7.4369080819e-01 
1.3026465418e-04 7.4548006803e-01 
3.4750708348e-05 1.0000000000e+00 
4.2130160896e-05 7.7316184588e-01 
8.6990214693e-06 1.0000000000e+00 
2.8050893732e-05 7.9043548127e-01 
3.5127705915e-05 7.6470579893e-01 
3.3915262767e-05 1.0000000000e+00 
2.7215659950e-04 7.2035000232e-01 
3.0320717398e-04 7.1942712040e-01 
3.6750595931e-04 7.0571014845e-01 
8.1370673529e-05 7.5755246244e-01 
7.3040884175e-05 7.5976980436e-01 
1.9651566843e-04 1.0000000000e+00 
1.4710210306e-05 7.8698541058e-01 
7.4278358515e-06 7.3949509210e-01 
5.2962426293e-05 7.6803341444e-01 
1.0001992054e-04 9.9011690016e-01 
9.1733219253e-05 7.5308604063e-01 
2.8817142206e-05 7.8072572235e-01 
3.6607172030e-05 7.6953490348e-01 
1.1063761201e-05 8.0073336329e-01 
3.3820741534e-05 7.7505868102e-01 
8.7187215566e-05 9.6665879450e-01 
6.7043441226e-05 7.5807162217e-01 
3.7073641301e-04 1.0000000000e+00 
1.5503888592e-05 7.5425772771e-01 
9.0122722792e-05 7.6398274303e-01 
4.6989558451e-05 7.6976090642e-01 
3.4229426491e-05 7.7391658297e-01 
4.7176765913e-05 7.6705329121e-01 
1.0863741940e-04 9.6818815988e-01 
2.1523354852e-05 7.3178453050e-01 
2.9490408854e-05 7.6751918533e-01 
4.0798982671e-04 7.1065447953e-01 
1.5754342973e-05 7.5360880911e-01 
7.0701616894e-04 1.0000000000e+00 
1.9181955318e-05 8.0142297221e-01 
9.9117679891e-05 7.5276343322e-01 
4.0574416507e-05 7.6632162983e-01 
1.8011644727e-04 1.0000000000e+00 
2.0111911589e-05 7.4354777933e-01 
7.5453985437e-05 1.0000000000e+00 
2.2664994754e-05 8.3049852231e-01 
8.9522652470e-05 7.5687632893e-01 
1.7818994733e-04 7.3532135840e-01 
3.4045229176e-04 7.1676127743e-01 
1.2498180782e-04 7.4617783535e-01 
1.0125580430e-04 7.4938913120e-01 
7.8711018292e-04 6.8026472564e-01 
6.7513964620e-06 1.0000000000e+00 
1.7737569366e-04 9.9391864552e-01 
1.4390950524e-04 7.4226021028e-01 
5.0552607764e-06 1.0000000000e+00 
6.1417458186e-06 1.0000000000e+00 
7.3791887497e-04 6.8435489057e-01 
1.4518091291e-04 7.4284699208e-01 
8.2105890766e-05 7.5611674042e-01 
7.7479314540e-04 6.8228338688e-01 
4.0507464657e-04 7.2131521215e-01 
2.9472300036e-05 7.6138140662e-01 
6.2246852445e-04 6.8926975834e-01 
2.8748132675e-05 7.2418632956e-01 
3.6330335106e-05 7.8684587180e-01 
1.2010334275e-04 1.0000000000e+00 
6.6731651907e-05 7.5710699887e-01 
1.7981308892e-05 7.3567289983e-01 
1.7658860842e-05 7.4428954962e-01 
3.2496100438e-04 7.1764396331e-01 
5.5275484673e-05 7.8344228944e-01 
2.8501682741e-04 7.4566399559e-01 
2.7311763924e-05 7.2727227119e-01 
4.0392021652e-05 7.7303724770e-01 
5.9619716930e-04 1.0000000000e+00 
4.9396680074e-05 7.7091109231e-01 
2.1171897504e-04 7.3118966695e-01 
7.4970366919e-05 1.0000000000e+00 
3.8997428385e-05 7.6659249248e-01 
5.9294390711e-05 1.0000000000e+00 
3.6086579799e-05 7.6791871746e-01 
8.0673959239e-05 7.5422878809e-01 
5.9462663808e-05 7.5629255466e-01 
7.8356291864e-06 1.0000000000e+00 
5.8497883860e-05 7.6057455183e-01 
3.0987647371e-05 7.7298505466e-01 
5.9321354259e-06 1.0000000000e+00 
4.6702430117e-05 1.0000000000e+00 
1.3714920257e-05 7.5459025855e-01 
3.4793215581e-04 7.1355498895e-01 
1.1781895395e-05 7.4949383077e-01 
1.7177986498e-04 7.3644831121e-01 
2.7735089402e-04 7.2334011372e-01 
6.2894028845e-05 7.6186715977e-01 
2.3981796424e-04 7.2670474292e-01 
3.0370778731e-04 7.2067149269e-01 
2.5642715428e-05 7.7935617116e-01 
1.3514112501e-04 7.5327730724e-01 
1.0779225099e-04 1.0000000000e+00 
2.2973845801e-05 7.9083824418e-01 
4.8203786226e-05 7.6616162766e-01 
2.7844569927e-05 7.6888994585e-01 
6.5473718376e-05 7.5767536228e-01 
5.9619250965e-04 6.9106872057e-01 
9.9598028432e-05 1.0000000000e+00 
7.0725656744e-05 9.6565860048e-01 
2.7626558608e-05 7.8646904064e-01 
1.4561430405e-04 7.4155782306e-01 
8.1601219557e-05 7.5807544368e-01 
6.0183633957e-05 1.0000000000e+00 
9.0392038050e-05 1.0000000000e+00 
2.5668232782e-04 7.2547160559e-01 
3.0270399503e-04 7.1982965593e-01 
1.8262937597e-05 7.2411011822e-01 
1.2870609138e-04 7.5085735598e-01 
3.6667801312e-04 7.1227506777e-01 
9.4585077573e-05 7.5062508420e-01 
3.6760165618e-05 7.6896812161e-01 
2.7274747272e-04 7.2775920858e-01 
4.8939794288e-05 7.6751358326e-01 
7.6693681388e-04 6.7764273229e-01 
8.5040179312e-04 1.0000000000e+00 
1.1823279158e-04 7.4559343887e-01 
3.1396912428e-05 7.7868910497e-01 
9.5977628512e-05 7.5341991503e-01 
3.6707804964e-04 7.1057662395e-01 
8.2505440772e-05 7.5713247392e-01 
1.0079316681e-04 1.0000000000e+00 
1.1697660838e-04 7.4700311948e-01 
4.2042116242e-05 9.1024582968e-01 
2.2065375521e-05 7.4197605326e-01 
2.7191078732e-05 7.7686812762e-01 
4.8098879901e-04 7.0127764666e-01 
1.5641350205e-04 7.4316011777e-01 
4.6368576166e-05 7.7206512617e-01 
3.5725253577e-05 7.8594278683e-01 
6.0821967190e-06 1.0000000000e+00 
1.0104688764e-05 7.8744814404e-01 
2.5148833596e-05 7.3779354805e-01 
3.2724298290e-04 7.1600030970e-01 
2.2172936072e-05 1.0000000000e+00 
1.1870913288e-04 7.4671841132e-01 
6.9284338468e-05 7.6118322787e-01 
1.8919260935e-04 1.0000000000e+00 
7.4273429517e-05 7.5851176752e-01 
8.1645004017e-05 7.5564859362e-01 
1.5105178516e-05 7.4817657644e-01 
7.4651854737e-05 7.5683596302e-01 
1.0671270316e-04 1.0000000000e+00 
1.9809054975e-05 7.3126581417e-01 
4.6838627441e-05 7.6602274345e-01 
2.3666553800e-04 7.2630634046e-01 
3.9756480943e-05 7.7951070371e-01 
9.3027555125e-05 1.0000000000e+00 
1.9776354345e-04 7.3254899735e-01 
7.7101974090e-06 7.6082611955e-01 
1.0579237335e-04 7.4848984771e-01 
4.9321607746e-05 7.6614049432e-01 
3.6554651125e-04 1.0000000000e+00 
3.4060643240e-05 1.0000000000e+00 
5.3804037065e-05 7.6077393640e-01 
1.2457002044e-04 7.4785063822e-01 
1.2809219038e-04 7.4994510858e-01 
7.5213165438e-05 7.6171796904e-01 
2.0991648087e-04 1.0000000000e+00 
1.1327832161e-04 7.5156086753e-01 
6.2441578470e-04 6.9004862712e-01 
3.7707558460e-05 7.7537799628e-01 
1.2080608154e-05 1.0000000000e+00 
9.5126425130e-06 1.0000000000e+00 
1.8728446650e-05 7.8410609321e-01 
3.9105041950e-05 7.6584347364e-01 
6.8136689660e-06 1.0000000000e+00 
7.9018074883e-06 1.0000000000e+00 
9.6658769530e-06 1.0000000000e+00 
1.8405979181e-05 7.9244747345e-01 
3.1585853533e-05 7.6393477591e-01 
1.4606129821e-04 7.4206182282e-01 
1.8078642180e-04 7.3954424218e-01 
1.1257865712e-05 7.9244351453e-01 
9.4567245054e-05 7.5056597347e-01 
2.8262481184e-05 7.1621718934e-01 
1.8201079643e-04 7.4061095209e-01 
7.6911871748e-05 7.5809910761e-01 
5.4842571064e-05 7.6623379849e-01 
4.9816301834e-05 7.6369417572e-01 
1.7371528049e-05 7.3319865213e-01 
2.5124525641e-05 7.7955181840e-01 
8.1023088814e-05 1.0000000000e+00 
2.6156233538e-04 7.2199452937e-01 
2.4193300533e-05 7.7050426752e-01 
9.8793039624e-05 7.5251402383e-01 
3.3050335602e-05 7.7254761550e-01 
3.7326444399e-05 7.7352643370e-01 
3.1413807856e-05 7.6640786947e-01 
7.6327548040e-04 6.7985218553e-01 
2.1057968884e-04 7.2893694717e-01 
2.0442571559e-05 7.8857257188e-01 
2.4242447431e-05 7.1839431643e-01 
2.0413196069e-04 8.3721238736e-01 
4.1706264833e-05 7.7084477518e-01 
3.4880267516e-04 7.1128576607e-01 
2.8591128525e-04 7.2370815282e-01 
4.3178706301e-05 1.0000000000e+00 
1.8507762576e-05 7.7410729138e-01 
6.8174906673e-05 1.0000000000e+00 
8.0127438294e-05 7.5578747155e-01 
5.3824951803e-05 7.6451230259e-01 
1.9198646932e-04 7.3506483860e-01 
8.1691015664e-05 7.5744966200e-01 
1.4858297794e-05 1.0000000000e+00 
6.1936055904e-05 7.6332253620e-01 
1.7987286817e-05 7.3157365754e-01 
6.0548320560e-05 7.6404533386e-01 
6.8083231441e-05 7.6030881078e-01 
6.4439371121e-05 7.6231700858e-01 
4.8527882095e-04 7.0490283212e-01 
1.1175993158e-05 7.9117360885e-01 
1.0123296993e-04 7.5114985338e-01 
1.2226133844e-05 1.0000000000e+00 
4.1773394616e-05 7.7211515280e-01 
3.7091489233e-05 7.7526855674e-01 
7.3472192494e-05 7.5689427561e-01 
1.4896139976e-05 1.0000000000e+00 
1.2132654845e-04 7.4852847569e-01 
1.6778100121e-04 7.3630441740e-01 
4.9837561673e-05 7.6529753265e-01 
1.6812416866e-05 7.4682723683e-01 
1.3527214824e-04 7.4453397916e-01 
3.7219152281e-05 7.7832190713e-01 
3.8377735579e-05 7.6817271725e-01 
3.4273322603e-05 7.7361383714e-01 
1.4000553443e-05 1.0000000000e+00 
3.4326252006e-05 1.0000000000e+00 
5.5122644863e-05 1.0000000000e+00 
6.2261386742e-05 7.5927164511e-01 
1.6706941344e-05 1.0000000000e+00 
8.5083102893e-05 7.5516879813e-01 
1.1473312957e-04 1.0000000000e+00 
6.3453176467e-05 7.6127684195e-01 
1.0459318609e-04 7.5270436780e-01 
4.3535001079e-05 7.9776008557e-01 
2.4054520307e-04 1.0000000000e+00 
3.7451613809e-05 7.7012306280e-01 
2.5004682827e-05 1.0000000000e+00 
2.9188297516e-05 1.0000000000e+00 
1.9322496015e-05 7.5911278087e-01 
1.1475590037e-04 7.4750054819e-01 
2.5429991597e-05 7.8003030310e-01 
5.4201476999e-05 7.6617823848e-01 
4.3800886585e-05 7.7667308864e-01 
2.3952442610e-05 8.0638036386e-01 
5.4264507666e-05 7.6678710655e-01 
8.6649888182e-05 7.5455332080e-01 
1.1053763673e-05 7.8915113223e-01 
1.7774691445e-05 1.0000000000e+00 
8.1970520313e-05 7.7224632992e-01 
8.5872233283e-04 6.7463551566e-01 
2.8203885797e-05 7.7711599444e-01 
7.2358739607e-05 7.5508153922e-01 
6.9543462703e-04 1.0000000000e+00 
4.7602567186e-05 7.6971717724e-01 
1.8845048151e-04 7.5595872652e-01 
7.8163869854e-05 9.3225254064e-01 
8.4197886264e-04 1.0000000000e+00 
5.1369540537e-05 1.0000000000e+00 
8.3055115928e-06 8.1013439540e-01 
6.4061366661e-05 7.8494161500e-01 
1.7467727992e-05 7.7708717042e-01 
7.0313508456e-05 8.1174368021e-01 
9.0416468718e-05 7.5210142055e-01 
3.4949172250e-05 7.6158839540e-01 
3.7177391342e-05 7.7672821580e-01 
2.6676876284e-04 7.2703276996e-01 
4.6231413643e-04 7.0149719721e-01 
5.4325277490e-05 7.6514312894e-01 
3.4687443657e-05 7.7214074053e-01 
1.6126735478e-05 7.8885054732e-01 
1.0579112459e-04 7.5209052292e-01 
5.6850715507e-05 1.0000000000e+00 
3.3688797535e-05 7.6984322057e-01 
7.6371482410e-05 7.5987654349e-01 
7.8048604970e-05 7.5732054657e-01 
1.6570495215e-04 7.7578459554e-01 
6.0230948244e-05 9.9740649743e-01 
3.0678816526e-05 7.7866386741e-01 
5.8875912220e-05 7.9552878289e-01 
7.9915475272e-05 1.0000000000e+00 
6.4958146018e-05 7.5797301440e-01 
4.7057268293e-05 7.6684525104e-01 
1.2081010531e-05 1.0000000000e+00 
4.1349642025e-05 7.7907742896e-01 
1.7708011084e-05 7.8920870834e-01 
3.7731232576e-05 7.6523858275e-01 
4.8127014446e-04 6.9966587465e-01 
8.9301831085e-05 7.5452331593e-01 
2.5944879275e-05 7.6758501940e-01 
3.3740492190e-05 7.6909747123e-01 
3.2848740177e-04 7.1771167893e-01 
1.3921084047e-05 1.0000000000e+00 
1.2850740369e-04 7.5252813464e-01 
1.4484120136e-05 7.3911651120e-01 
2.2510968381e-04 7.2682785577e-01 
5.0519729669e-05 7.6683524617e-01 
6.4293243406e-05 7.7009142526e-01 
4.9746866458e-05 7.6124401640e-01 
4.0475097035e-05 7.5998185598e-01 
6.3360418744e-05 7.6286948156e-01 
1.1305606331e-04 1.0000000000e+00 
5.5555968452e-05 7.6975085886e-01 
3.2267712081e-05 7.7481869531e-01 
3.0954275466e-04 7.1838852981e-01 
1.8258847276e-05 7.5231823487e-01 
6.5969328447e-06 7.4655266846e-01 
1.1447468316e-05 1.0000000000e+00 
9.9672286785e-05 7.5160351379e-01 
1.8996528651e-05 7.7932152774e-01 
8.0576568825e-05 7.5596796435e-01 
1.8667292108e-05 7.8199085515e-01 
9.2617950741e-05 7.5311168241e-01 
3.0206551674e-05 7.6688720725e-01 
7.4747490353e-04 1.0000000000e+00 
1.7672096882e-04 7.3583300817e-01 
4.1055655777e-05 7.6914842675e-01 
1.8759601657e-05 7.3242660934e-01 
9.2761631248e-05 7.5263542439e-01 
1.3265790001e-04 7.4549127322e-01 
3.0177095878e-04 7.3983953398e-01 
2.7110536642e-05 7.7880028488e-01 
2.8921313814e-05 7.6803940069e-01 
8.7390343078e-06 8.0156361835e-01 
1.6612266069e-05 1.0000000000e+00 
7.3834765123e-05 7.7409646742e-01 
2.9930443935e-04 7.1922793861e-01 
5.5876113629e-06 1.0000000000e+00 
2.1709024518e-05 7.2855614946e-01 
3.8328669507e-05 7.7270214697e-01 
1.5545558045e-05 7.8546096590e-01 
3.7334089785e-04 7.1416132805e-01 
5.4666042052e-05 7.6025809539e-01 
5.4248005221e-05 1.0000000000e+00 
9.3472742354e-05 7.5224893009e-01 
2.1900959432e-05 7.7391201479e-01 
2.0188265868e-04 7.3217871425e-01 
5.5754708647e-05 9.0405135130e-01 
