2.8968607220e-05 6.3252217816e-01 
1.2763279081e-04 1.0000000000e+00 
7.1130199674e-05 1.0000000000e+00 
5.3600843594e-04 1.0000000000e+00 
1.3970426616e-04 1.0000000000e+00 
2.9238416654e-04 1.0000000000e+00 
2.1881610459e-04 1.0000000000e+00 
3.2222451167e-05 7.1226017995e-01 
5.3564439856e-05 7.4686505781e-01 
1.3107440626e-04 1.0000000000e+00 
9.3472239358e-05 1.0000000000e+00 
5.6563733892e-05 9.9359833978e-01 
2.8069559219e-05 6.4548314039e-01 
1.5264378405e-04 6.5199787497e-01 
2.0081423400e-05 6.3691908914e-01 
8.5904179040e-05 1.0000000000e+00 
9.6960297875e-06 1.0000000000e+00 
5.4384039068e-05 6.7834067972e-01 
2.1566699105e-05 6.1837630356e-01 
1.0486682200e-04 1.0000000000e+00 
9.8310322019e-06 1.0000000000e+00 
4.8358048561e-05 6.7274560407e-01 
2.3044936466e-05 1.0000000000e+00 
3.0906889712e-04 6.3356919199e-01 
2.9643665713e-04 1.0000000000e+00 
2.4178081152e-04 1.0000000000e+00 
4.8070556644e-04 1.0000000000e+00 
1.4296723407e-04 1.0000000000e+00 
2.9110914774e-05 6.8477010372e-01 
2.0923212002e-05 1.0000000000e+00 
5.5803408760e-06 1.0000000000e+00 
1.1284328046e-04 1.0000000000e+00 
2.2349511251e-04 1.0000000000e+00 
6.2113439335e-05 9.9119059428e-01 
1.5196893196e-04 1.0000000000e+00 
8.3551738414e-05 6.6472435681e-01 
4.2492398941e-05 6.9699515901e-01 
7.1791337163e-05 1.0000000000e+00 
8.4033666520e-05 1.0000000000e+00 
1.0133073923e-04 1.0000000000e+00 
2.3693281799e-04 1.0000000000e+00 
6.9742002611e-05 1.0000000000e+00 
1.1850515804e-05 6.8011192472e-01 
7.6788968358e-05 1.0000000000e+00 
5.7855385722e-04 1.0000000000e+00 
8.7541045442e-05 9.9261700308e-01 
1.6972703193e-05 1.0000000000e+00 
1.0831028067e-05 6.3891125489e-01 
9.4193207314e-05 6.6201506500e-01 
3.7172986255e-05 6.8080786071e-01 
6.0622440294e-05 1.0000000000e+00 
2.2860779301e-05 6.9610969033e-01 
2.6015408505e-04 1.0000000000e+00 
6.1011773352e-05 6.7706349007e-01 
8.9520930148e-05 6.6232349936e-01 
1.2580132869e-05 7.3060325491e-01 
2.2492204613e-04 1.0000000000e+00 
1.4746316384e-05 6.4453918863e-01 
3.8720236782e-05 6.7506478655e-01 
3.7768943861e-05 6.8385952386e-01 
1.7942935232e-05 6.3658164633e-01 
9.4170585558e-06 6.8223600122e-01 
4.0399476289e-05 6.7245003769e-01 
2.1101667191e-04 1.0000000000e+00 
2.3553853516e-05 6.9590940148e-01 
3.1810357957e-05 6.7320400522e-01 
3.4796861681e-05 6.1738862391e-01 
1.3282117404e-04 1.0000000000e+00 
4.2966563769e-04 1.0000000000e+00 
2.0720430834e-05 6.2928611805e-01 
1.0117186760e-04 6.6231354392e-01 
1.2837961092e-05 6.8906433215e-01 
1.2264189098e-04 1.0000000000e+00 
1.0688105741e-04 6.7849121962e-01 
2.1818258661e-05 6.5585997260e-01 
1.0244507401e-05 6.4055214699e-01 
2.4401637271e-04 1.0000000000e+00 
1.0886858537e-05 6.9074657421e-01 
2.7809433915e-05 6.9279977656e-01 
1.3313818768e-05 6.5344387250e-01 
9.4106430787e-06 7.3865413918e-01 
4.3036273130e-04 1.0000000000e+00 
1.0328211693e-04 1.0000000000e+00 
2.9922967988e-04 1.0000000000e+00 
2.1708375707e-04 1.0000000000e+00 
6.8294396991e-05 9.9213493890e-01 
2.4330509208e-05 7.1534408030e-01 
6.6407188860e-04 1.0000000000e+00 
1.8615654064e-04 1.0000000000e+00 
7.3367539928e-05 6.6720106991e-01 
8.0523136427e-05 1.0000000000e+00 
2.2639132438e-04 6.3970605758e-01 
3.2025318763e-05 1.0000000000e+00 
1.6309389946e-04 1.0000000000e+00 
4.6249473274e-05 6.7259183896e-01 
2.1664664115e-05 6.6172758339e-01 
1.3252414977e-04 1.0000000000e+00 
3.4977719135e-04 6.5157753301e-01 
6.3773191582e-05 6.8836099583e-01 
4.6586374941e-05 1.0000000000e+00 
2.7329738125e-04 1.0000000000e+00 
1.5013763789e-04 1.0000000000e+00 
4.4082623086e-04 1.0000000000e+00 
1.1804648795e-05 6.8845712229e-01 
8.8078575847e-06 6.6413987928e-01 
1.9993320406e-05 6.2529888379e-01 
8.2779794705e-05 6.7131123540e-01 
1.7928561169e-05 6.2734652602e-01 
3.2616632919e-04 1.0000000000e+00 
2.6498988059e-04 1.0000000000e+00 
9.4170840594e-05 1.0000000000e+00 
4.8491060564e-05 6.7706558071e-01 
2.3164888795e-04 1.0000000000e+00 
6.5946661740e-05 1.0000000000e+00 
1.2826909058e-05 1.0000000000e+00 
5.7695223312e-05 6.4956601542e-01 
7.2626643541e-04 1.0000000000e+00 
1.1624203678e-04 1.0000000000e+00 
1.4422774400e-05 7.0830833336e-01 
4.4561843038e-05 6.8698521035e-01 
6.2089355708e-05 6.6679411116e-01 
6.2451394381e-05 1.0000000000e+00 
4.4177116895e-05 1.0000000000e+00 
4.9826197255e-05 6.8411935242e-01 
4.2324923370e-05 6.7403367248e-01 
6.3037035999e-05 1.0000000000e+00 
1.0663933550e-05 6.8926668650e-01 
1.2994478011e-04 6.5870816651e-01 
1.4316858311e-04 1.0000000000e+00 
1.7566605164e-04 1.0000000000e+00 
1.0304001692e-04 1.0000000000e+00 
1.4846688501e-04 1.0000000000e+00 
1.5860079239e-04 1.0000000000e+00 
2.2045171747e-04 1.0000000000e+00 
4.5185885189e-05 1.0000000000e+00 
3.8239396619e-05 1.0000000000e+00 
1.1658386370e-05 1.0000000000e+00 
1.7219956419e-05 6.9947235765e-01 
9.6579544352e-06 1.0000000000e+00 
1.9395511995e-05 6.9946403381e-01 
3.4562620049e-05 7.0932804780e-01 
5.5655866147e-04 1.0000000000e+00 
1.5241407973e-04 1.0000000000e+00 
2.7414833871e-04 1.0000000000e+00 
1.4755178784e-05 7.0955420848e-01 
2.5808735042e-05 1.0000000000e+00 
8.7996933739e-05 1.0000000000e+00 
6.6791662795e-05 1.0000000000e+00 
2.5892412309e-05 6.8790935667e-01 
4.6116206095e-05 1.0000000000e+00 
4.9031608745e-05 6.8744494568e-01 
4.4426952875e-04 1.0000000000e+00 
2.2294567628e-05 7.0535876964e-01 
4.9377605872e-06 7.4018020746e-01 
6.0497911258e-05 1.0000000000e+00 
3.2941574188e-04 1.0000000000e+00 
2.7616304794e-05 1.0000000000e+00 
6.0977088006e-05 6.7057056685e-01 
5.3996935999e-05 9.9283103899e-01 
4.4177605780e-05 6.9003404994e-01 
9.3143532077e-06 1.0000000000e+00 
1.5747751349e-05 6.2496576946e-01 
2.1929617505e-04 1.0000000000e+00 
1.1073230096e-04 1.0000000000e+00 
2.1185572237e-05 6.9847980364e-01 
5.6484831850e-04 1.0000000000e+00 
8.4864202995e-05 1.0000000000e+00 
7.8053539230e-05 6.7458719442e-01 
1.7811811057e-05 6.6021717622e-01 
7.0276001054e-05 6.7106811159e-01 
1.0124808854e-05 6.5318312526e-01 
5.7436984287e-06 1.0000000000e+00 
2.4656679299e-05 6.9680300271e-01 
1.7718945781e-05 1.0000000000e+00 
6.1147397194e-05 6.7865872748e-01 
1.9503827011e-05 6.3977133416e-01 
1.5434288445e-05 6.5666463533e-01 
1.7087652235e-05 1.0000000000e+00 
5.1761936753e-05 6.8111568881e-01 
2.3537799601e-04 6.7156837186e-01 
8.0885293976e-06 6.6106468031e-01 
1.7330196850e-04 6.9517386050e-01 
4.8560594912e-04 1.0000000000e+00 
3.2323542732e-04 1.0000000000e+00 
1.1621677309e-05 1.0000000000e+00 
8.2412959198e-06 1.0000000000e+00 
6.8185160859e-05 1.0000000000e+00 
2.5186454994e-05 6.9510959558e-01 
1.9280273487e-04 1.0000000000e+00 
2.2259792830e-04 1.0000000000e+00 
8.2275067555e-04 5.9082317809e-01 
5.4518411398e-05 6.6936488455e-01 
1.3989833102e-05 7.4644753683e-01 
1.0000017766e-05 1.0000000000e+00 
1.1246795357e-05 1.0000000000e+00 
1.0972557296e-05 1.0000000000e+00 
8.6337417854e-05 1.0000000000e+00 
1.4455794825e-05 7.0557565496e-01 
7.3820075877e-06 7.3054774091e-01 
