4.4103452037e-05 1.0000000000e+00 
2.0110691149e-05 1.0000000000e+00 
1.0853165947e-04 1.9540859635e-01 
8.4618339678e-05 2.3133170092e-01 
2.0878248069e-04 1.9400799171e-01 
1.2937499425e-04 1.8460066851e-01 
3.1723310190e-05 1.7646143563e-01 
1.0473841549e-05 1.0000000000e+00 
2.7539859539e-05 1.9476540887e-01 
4.8683872550e-05 1.7248862243e-01 
9.5130013660e-05 2.0707385585e-01 
2.2831772295e-05 3.4314057565e-01 
8.0020422434e-06 1.0000000000e+00 
6.8949793571e-05 2.4420481204e-01 
3.6575356643e-04 8.7305225945e-01 
1.0819886693e-05 3.8731989564e-01 
2.0767561323e-05 2.6908036361e-01 
3.5983265189e-05 1.5808755089e-01 
9.0151335839e-05 2.1895262055e-01 
3.6765860308e-05 1.6824229890e-01 
1.4235894794e-05 2.9102934386e-01 
4.2235618811e-05 2.9979005080e-01 
5.6207241763e-05 7.5567470305e-02 
2.9143015401e-05 2.0368501705e-01 
3.4234721635e-05 1.7458345403e-01 
8.8396331001e-06 3.2833712343e-01 
4.2233066615e-05 3.0484165312e-01 
8.2045182124e-05 1.0000000000e+00 
8.3351133016e-05 2.6344352637e-01 
9.8076111327e-05 2.8655914394e-01 
3.0320845398e-04 4.0363531338e-02 
9.7977451188e-05 2.0729412429e-01 
4.2505035256e-05 2.8386250921e-01 
4.4497478779e-04 0.0000000000e+00 
3.8546773324e-05 2.8516195253e-01 
8.9143431804e-05 2.1312973259e-01 
2.9779536685e-05 3.6236839393e-01 
8.7211466427e-05 2.5433131302e-01 
2.0746972920e-05 2.3701491002e-01 
6.9843935718e-06 3.7580019121e-01 
7.1120525906e-05 1.0000000000e+00 
6.4966655677e-05 2.5206967352e-01 
1.0650264740e-04 2.0041763428e-01 
1.4971883057e-04 1.7181519234e-01 
4.3792081858e-04 0.0000000000e+00 
3.0721830954e-05 1.2757645183e-01 
9.7354009288e-05 2.1193997784e-01 
6.3489268049e-05 1.0000000000e+00 
1.1180440918e-04 7.4077454239e-01 
6.9181296819e-05 2.5802575734e-01 
6.6074104839e-05 2.3757439434e-01 
1.2852226132e-04 1.8313702918e-01 
1.2381123125e-04 8.1409130222e-01 
1.3130263359e-04 1.7106926394e-01 
4.4889524619e-04 0.0000000000e+00 
5.9014776870e-05 9.1360440427e-02 
1.6429692893e-04 1.5199901511e-01 
2.5595526716e-05 1.0000000000e+00 
1.8337672083e-05 3.5816432680e-01 
8.6965927480e-05 2.1310689570e-01 
2.7936724211e-04 0.0000000000e+00 
4.2158289885e-05 2.7905911296e-01 
5.6320709133e-06 1.0000000000e+00 
1.1942955566e-05 4.2441086388e-01 
6.5986322268e-05 1.0000000000e+00 
4.9347887846e-04 0.0000000000e+00 
2.7422959424e-05 2.1661553139e-01 
4.6932866023e-05 8.8020699230e-02 
8.3896980216e-05 2.8404988479e-01 
5.7694235001e-05 1.3390663085e-01 
8.0263569009e-06 1.0000000000e+00 
1.0562916050e-04 1.0000000000e+00 
6.9538878303e-05 2.4260486899e-01 
1.1132986811e-05 1.0000000000e+00 
6.7141683800e-06 1.0000000000e+00 
1.7514964507e-04 1.4729633625e-01 
3.0179319210e-04 1.0000000000e+00 
4.2226796357e-05 3.0073117180e-01 
8.6000230379e-05 2.0375963134e-01 
1.3445478487e-04 1.7529469414e-01 
5.3282704080e-05 1.0000000000e+00 
6.1665196486e-05 1.5495662896e-01 
9.2677022075e-05 2.1968976540e-01 
2.7443839431e-05 2.4511915229e-01 
2.6473310523e-04 0.0000000000e+00 
2.7137423919e-05 1.6576818680e-01 
9.4994467128e-05 2.2998640530e-01 
1.7897297383e-05 2.3529403195e-01 
2.6674095194e-04 6.5424934388e-02 
3.5644579926e-05 3.0205968002e-01 
1.2967477909e-04 1.0000000000e+00 
4.7793131279e-05 9.4030878942e-02 
6.3532457634e-05 2.5300769471e-01 
1.0894160636e-04 2.1625210508e-01 
2.1921194284e-05 3.2527010693e-01 
5.0055282305e-06 1.0000000000e+00 
1.5509236109e-04 1.7427654815e-01 
5.2510969579e-05 9.2704278432e-02 
5.4926279019e-05 1.7268732285e-01 
1.2150938890e-04 1.8506308515e-01 
4.4682713348e-05 1.0000000000e+00 
1.0057656564e-04 1.0000000000e+00 
4.2556181300e-05 3.2511104223e-01 
4.6966250926e-05 9.5082948767e-02 
6.9616692603e-05 2.4416643153e-01 
3.1232580491e-04 4.1797597451e-01 
2.4772206722e-05 1.4896049506e-01 
2.4966456657e-04 9.1994395422e-02 
2.5003055061e-05 3.3183065467e-01 
1.3813312975e-04 1.8110039015e-01 
1.0988165495e-04 2.4617803046e-01 
1.4995328171e-05 3.5569982101e-01 
6.7265466824e-05 2.3960258288e-01 
9.7609125679e-05 2.1456653294e-01 
3.8477092135e-05 2.8988848515e-01 
7.9610908906e-06 1.0000000000e+00 
2.2672014351e-05 1.0000000000e+00 
5.3841128200e-05 2.3421916182e-01 
1.4000442705e-04 1.6637282376e-01 
2.6040828138e-05 1.0000000000e+00 
2.8551102175e-04 7.6774680505e-03 
9.3843031710e-05 2.1443559642e-01 
1.0128882494e-05 2.2658904361e-01 
6.7550680350e-04 0.0000000000e+00 
2.9185832158e-05 3.8830033656e-01 
3.7660045741e-05 2.9543463524e-01 
2.7703337073e-05 1.0000000000e+00 
1.0709459733e-04 2.1025592484e-01 
1.3806746109e-04 1.8606124343e-01 
3.1979882819e-04 0.0000000000e+00 
5.4069304394e-05 1.0000000000e+00 
5.0195954170e-05 2.6253132184e-01 
4.3592759300e-04 0.0000000000e+00 
6.8948754930e-05 2.2892808770e-01 
8.6643051710e-04 0.0000000000e+00 
6.9387516749e-06 1.0000000000e+00 
2.8248051525e-05 2.9023425083e-01 
1.1820695703e-05 4.1490067828e-01 
5.1828683628e-05 2.7243818458e-01 
1.4814830173e-04 1.6691388175e-01 
4.6612479364e-05 1.6511112888e-01 
7.1843214689e-05 2.3478812038e-01 
4.1345591144e-05 2.1378862701e-01 
7.6590977501e-05 1.0000000000e+00 
4.5867187114e-05 2.7586345062e-01 
3.9058028499e-05 1.0000000000e+00 
1.5058062710e-04 1.6327432239e-01 
3.2775112984e-05 3.0751583280e-01 
1.0974195242e-04 2.1478926831e-01 
2.3437953673e-04 1.0000000000e+00 
4.2400963209e-05 2.9483301492e-01 
6.0207377963e-05 3.0575422489e-01 
1.7453094957e-05 3.6571697079e-01 
2.4896145131e-05 1.9108714002e-01 
2.2088920250e-05 2.0648575915e-01 
6.3369332219e-05 9.1995081686e-02 
1.4517548560e-05 3.4233755384e-01 
1.0196647405e-04 2.0147827520e-01 
5.9085133125e-05 2.5753678640e-01 
3.6106351490e-05 2.6835576962e-01 
2.9210799713e-04 1.8721852114e-02 
7.7540298997e-05 5.3277781833e-02 
2.7345217406e-04 9.1701952949e-01 
1.5395921692e-04 1.6981249345e-01 
1.1534832529e-04 1.8998759958e-01 
1.7348222936e-05 1.7419607783e-01 
4.4116861710e-05 2.6370524783e-01 
5.3632242911e-05 1.4784843885e-01 
1.5140896984e-04 1.5953027516e-01 
4.8198537115e-05 6.0894453996e-01 
4.2729180889e-05 2.8001131726e-01 
1.7690953167e-05 1.6023837522e-01 
5.3967835129e-05 2.1041433994e-01 
2.1137672676e-05 3.2734229607e-01 
3.2778426752e-05 2.9765066512e-01 
2.6673112959e-04 6.4418355113e-02 
4.0860318321e-05 3.1754050747e-01 
1.2168300236e-05 1.0000000000e+00 
7.6242354147e-04 0.0000000000e+00 
4.1141562057e-04 0.0000000000e+00 
2.3109649765e-04 1.6540893120e-02 
1.5472143288e-04 1.0000000000e+00 
1.1158052409e-04 1.8859912435e-01 
4.4128315249e-04 0.0000000000e+00 
6.1267277927e-05 1.2577233511e-01 
8.6993036618e-05 2.1503966127e-01 
1.3208175607e-05 4.4355449755e-01 
5.0250853870e-06 1.0000000000e+00 
3.1771426864e-04 1.7525377185e-03 
3.9255350232e-05 1.4494800068e-01 
1.1912683909e-04 2.1041905537e-01 
1.1674092892e-04 1.0000000000e+00 
6.8500753962e-05 2.3122790748e-01 
1.3728386578e-04 2.3073415467e-01 
8.6568500232e-05 2.0269933695e-01 
1.5473454938e-04 1.3097548568e-01 
1.1222833378e-04 2.0243888098e-01 
1.5800072254e-05 4.1490171060e-01 
1.6590251294e-04 1.4803115286e-01 
7.9942074165e-05 2.1700171481e-01 
8.5656916247e-05 2.4013826769e-01 
4.9828941989e-05 8.1006532622e-02 
6.1950046803e-05 1.3596668541e-01 
1.7527115656e-04 1.2952063400e-01 
1.2383871482e-04 1.7949072701e-01 
4.1199303821e-05 1.9187209169e-01 
3.5872922647e-05 1.4322880479e-01 
1.4419851074e-04 1.6163797459e-01 
1.4694515549e-05 3.3621641193e-01 
7.8191049273e-06 1.0000000000e+00 
5.7376390292e-06 1.0000000000e+00 
4.6545717684e-05 7.9073978153e-01 
2.2641101371e-04 1.0504536443e-01 
1.5757647660e-04 1.5247494516e-01 
2.2005350178e-04 8.9753071927e-02 
2.1467971968e-04 8.9644843359e-01 
9.3058083307e-05 2.0300450485e-01 
1.5676974490e-05 3.8055046854e-01 
2.4161432882e-05 1.5556639058e-01 
3.4316905388e-04 7.1545856071e-03 
1.4786790907e-05 1.0000000000e+00 
3.9019275821e-05 2.7112005820e-01 
3.7108010445e-05 5.5034940931e-01 
2.5612773813e-04 3.7884091701e-02 
7.1945117030e-04 0.0000000000e+00 
5.3357555932e-05 2.7793247295e-01 
1.0568421781e-04 2.7621912501e-01 
4.9552831663e-05 2.1175852910e-01 
1.3206453109e-05 3.6412488918e-01 
2.5056733138e-04 6.9316130349e-02 
1.3921473188e-04 1.6844125822e-01 
7.2848788098e-05 1.2655090726e-01 
6.4072075816e-05 2.4127743801e-01 
2.7408418500e-05 2.6598720832e-01 
1.2274443737e-04 2.4698901902e-01 
1.3898312440e-05 3.5770542416e-01 
3.6686714193e-05 2.5693677322e-01 
1.6049318371e-05 2.9006740890e-01 
1.7800313911e-05 3.4144755966e-01 
1.1368668406e-04 1.0000000000e+00 
9.0946660171e-05 2.1542650090e-01 
8.2733761531e-06 1.0000000000e+00 
2.0989742010e-04 8.3489770475e-02 
1.0519366821e-05 3.6379004125e-01 
2.1189467461e-05 2.4151091995e-01 
1.0943107537e-05 1.0000000000e+00 
2.3855783144e-05 2.5244564591e-01 
2.1901067929e-04 9.6369887975e-02 
1.0173087991e-05 3.1011983437e-01 
1.2097016010e-04 1.9045849736e-01 
4.3358161967e-05 2.8116359304e-01 
2.6877911096e-05 2.6087833112e-01 
4.3620160530e-05 3.1421163430e-01 
3.6380220634e-05 1.1842371490e-01 
4.5737079788e-05 5.9820004323e-01 
6.3257340671e-04 0.0000000000e+00 
7.3816733158e-05 2.9018532752e-01 
2.5923091936e-05 1.0000000000e+00 
5.5283216840e-04 1.0000000000e+00 
1.8646893576e-04 1.0000000000e+00 
1.6886787010e-04 1.3438961317e-01 
9.3154133746e-05 2.5683462620e-01 
1.4617349166e-04 1.7590191056e-01 
2.8308756149e-05 3.1368393707e-01 
1.1926287255e-04 2.8015889209e-01 
1.5610064786e-04 9.2821049007e-01 
2.5350165240e-04 6.6871353169e-02 
2.9064550854e-05 3.5017262812e-01 
1.8108449834e-05 3.7786529642e-01 
7.9288271639e-05 2.1943735945e-01 
1.7194442871e-05 2.7432950401e-01 
1.5054186080e-05 1.7767596978e-01 
2.0626368089e-04 1.0091230228e-01 
9.0496757648e-05 2.1055057404e-01 
1.5654911632e-04 1.0000000000e+00 
2.4983376439e-04 6.2800867245e-02 
7.0377834046e-05 1.1668941276e-01 
1.0689182189e-04 2.9412447018e-01 
2.1271575247e-05 1.7220925712e-01 
2.4712624445e-05 4.0280952063e-01 
1.7013525426e-05 3.0570707416e-01 
4.8998656562e-05 2.1107354716e-01 
2.9924471596e-05 2.9442755543e-01 
3.5139524753e-05 1.7638380222e-01 
2.0439596422e-04 1.0000000000e+00 
1.1337920005e-04 1.0000000000e+00 
2.2299610711e-05 1.4748643416e-01 
2.2030037966e-05 3.6971352713e-01 
2.3521990610e-05 2.4322546431e-01 
9.3005178120e-05 2.0236754908e-01 
2.3723602926e-05 3.3146911609e-01 
3.1136932725e-05 3.1245735619e-01 
2.7325015806e-05 3.1924682010e-01 
2.5477666427e-04 8.1242968164e-02 
2.7824382192e-05 3.3193491951e-01 
1.7275813776e-05 1.0000000000e+00 
8.6327083249e-05 2.1369515823e-01 
6.3293063014e-05 2.5123447582e-01 
9.8300776753e-05 2.2423248080e-01 
6.8339217521e-04 0.0000000000e+00 
1.2578028119e-04 1.8122579034e-01 
1.2692841644e-04 1.7809028212e-01 
5.3525746349e-05 2.5750852865e-01 
4.1967836828e-05 2.9238346828e-01 
1.1913560549e-04 1.8547482997e-01 
1.6312238392e-05 2.3090396106e-01 
1.3499825416e-04 1.8250385883e-01 
1.0494169417e-04 2.0327445797e-01 
3.6148244538e-05 1.2876518752e-01 
2.7135044250e-05 3.8502237407e-01 
1.0538857167e-04 2.3171829880e-01 
1.6969660485e-04 1.3075113685e-01 
5.0551022204e-05 1.8470080298e-01 
1.4672274789e-04 1.3262382136e-01 
7.4900238634e-06 1.0000000000e+00 
4.9657778097e-05 2.6744291874e-01 
7.0457085085e-05 2.2970571650e-01 
2.2730920509e-05 2.3044404285e-01 
2.5780053525e-05 1.3412484144e-01 
1.7441654528e-04 1.6395237218e-01 
2.6809726907e-05 8.8188020202e-01 
4.6444171601e-05 1.0000000000e+00 
9.4613850384e-05 2.1400559985e-01 
1.6809790002e-04 1.4016233850e-01 
6.3555833518e-06 1.0000000000e+00 
4.9322284446e-04 0.0000000000e+00 
7.7121807088e-05 2.4616776422e-01 
2.8824751719e-05 2.5062466955e-01 
5.3608090317e-05 2.5174410927e-01 
4.6536266443e-05 2.8003959614e-01 
3.1287932408e-04 0.0000000000e+00 
7.9680272722e-05 2.1903054256e-01 
1.5506616265e-05 2.1956466243e-01 
4.9657050147e-05 1.2750021608e-01 
1.2128271405e-04 1.8114646885e-01 
2.0382929899e-05 3.3548731332e-01 
1.2023676239e-04 1.8645734593e-01 
1.7988920157e-05 3.0512300711e-01 
1.3403416918e-05 3.3394864827e-01 
5.0926154648e-05 2.6246186049e-01 
1.2484578034e-04 1.0000000000e+00 
1.4224478029e-04 1.6276624138e-01 
7.6668177754e-05 2.2523855374e-01 
1.7816787393e-05 1.0000000000e+00 
6.1121992003e-05 2.6424006403e-01 
3.7372493263e-05 3.0935713002e-01 
1.4943430932e-05 3.8019362599e-01 
3.4648942093e-05 2.1233117038e-01 
4.2710908719e-05 2.8175014940e-01 
1.2501279296e-05 2.1819628968e-01 
5.2681610593e-05 4.6332512060e-01 
5.9074892077e-05 2.6652777488e-01 
3.8855105845e-04 1.0000000000e+00 
5.8075972828e-05 1.0000000000e+00 
2.7965735902e-04 1.6814317185e-02 
2.1867484387e-05 3.6544275203e-01 
1.4821778496e-04 1.7723043398e-01 
2.4644688334e-04 1.0000000000e+00 
8.5108756525e-05 1.0000000000e+00 
1.7342469200e-05 1.0000000000e+00 
3.6514695154e-04 1.0000000000e+00 
5.2667082816e-05 2.6078946944e-01 
5.0991450298e-05 1.3140712563e-01 
1.3143370156e-04 2.1181265238e-01 
6.6767716661e-04 0.0000000000e+00 
6.9661897369e-04 0.0000000000e+00 
2.2631304325e-04 1.1591237560e-01 
4.2690588768e-04 0.0000000000e+00 
1.4568056424e-04 1.5026874358e-01 
6.1379632456e-05 2.2415349386e-01 
1.3329215886e-04 1.6928099111e-01 
9.3397744046e-05 1.5723911009e-01 
1.4060873727e-05 2.6683190197e-01 
3.1369575561e-05 3.5841238146e-01 
3.1646360546e-05 2.2187420625e-01 
2.2033611588e-04 1.0061446688e-01 
1.1421915888e-04 1.9728715244e-01 
1.7149194997e-04 1.8484351010e-01 
7.5395516608e-05 1.0713002767e-01 
1.4447125244e-05 3.6021498661e-01 
2.5615915291e-05 1.7655578025e-01 
2.8109485827e-05 1.6034342315e-01 
5.3576605592e-05 1.5344520426e-01 
8.5112924260e-05 3.2596640495e-01 
7.6604923642e-05 2.5319912451e-01 
2.3784832206e-05 2.1739048415e-01 
1.4409910118e-05 4.4493295166e-01 
1.8745995082e-04 1.2307740282e-01 
4.4124096469e-05 2.2164679628e-01 
3.7920843657e-05 1.6611993545e-01 
2.7964438603e-05 2.9453822945e-01 
4.4254425722e-05 2.2999995604e-01 
5.9468978770e-05 2.6593801697e-01 
1.6287590996e-04 1.2105995631e-01 
7.4811200983e-05 2.3045422731e-01 
9.0210795039e-05 8.9396171507e-02 
3.0366582494e-05 2.1146080876e-01 
1.4069400934e-04 1.7360984742e-01 
1.3412216879e-04 1.0000000000e+00 
6.9864597580e-05 8.2122696084e-02 
1.2593281182e-04 2.0176113591e-01 
1.1660970897e-04 1.8553486210e-01 
4.6405637966e-05 1.8458828599e-01 
5.2941412475e-04 1.0000000000e+00 
1.4375459818e-05 2.4645858907e-01 
4.3524340559e-05 1.6825905464e-01 
1.3682058434e-05 3.4801629705e-01 
2.3864384961e-05 2.5890801430e-01 
3.2903692853e-04 1.3905426729e-01 
2.3683278512e-05 1.9850807860e-01 
2.4002150074e-05 2.5273003320e-01 
2.0246976325e-05 3.1555740089e-01 
9.1097934696e-05 2.0710484377e-01 
9.0116389253e-05 2.0500169327e-01 
9.0364266419e-05 2.3635900382e-01 
3.2580960075e-05 3.0503945324e-01 
2.8289912647e-05 3.1288829001e-01 
2.2470930100e-04 1.3675204219e-01 
1.9414042567e-05 1.0000000000e+00 
5.8300807315e-05 2.5156317848e-01 
3.2459212311e-04 0.0000000000e+00 
1.8816849382e-05 1.7923411513e-01 
3.9953074534e-05 2.9299852997e-01 
1.1909844557e-05 3.6961283622e-01 
3.8303763602e-05 1.1533804829e-01 
3.7454738662e-04 0.0000000000e+00 
1.9157169955e-05 1.6973865805e-01 
2.0337510895e-04 1.0856451659e-01 
1.8365934629e-05 3.2214919202e-01 
3.0911290880e-05 1.7735671662e-01 
3.2624882643e-05 2.8210956249e-01 
9.5936858252e-05 2.1743697827e-01 
1.5467736185e-05 1.0000000000e+00 
6.0750130434e-05 2.7859296296e-01 
1.7874079267e-05 3.4461653123e-01 
1.0076271843e-05 2.3550050975e-01 
1.8836343194e-05 1.8943642466e-01 
1.6643859466e-04 1.6061230444e-01 
6.8668610910e-05 2.2131573551e-01 
1.3731815207e-04 1.6722532376e-01 
2.0779172003e-05 1.0000000000e+00 
1.0167682684e-04 2.1760199348e-01 
1.4081788670e-04 9.9469541281e-01 
2.4891032969e-05 3.2921517909e-01 
1.2429357355e-04 2.0822875749e-01 
8.0675032175e-05 2.2620081815e-01 
1.1374431148e-04 1.9327039190e-01 
1.1591400543e-04 1.8919001685e-01 
9.0767389975e-06 3.7851053107e-01 
3.7964650894e-05 2.9414060183e-01 
8.8831423533e-06 2.3927157885e-01 
1.0693274387e-04 1.0000000000e+00 
8.8521127033e-05 2.3981284933e-01 
8.5261886909e-05 2.2665544170e-01 
1.5236869412e-04 1.8432806323e-01 
8.5174746560e-05 1.0000000000e+00 
7.2033480774e-05 2.5089257250e-01 
2.9385918438e-04 0.0000000000e+00 
2.6250145944e-05 3.1960625741e-01 
4.2840986380e-05 2.9223961386e-01 
3.2063085657e-05 2.9321571535e-01 
1.5513322235e-04 1.0000000000e+00 
1.2008987472e-05 1.0000000000e+00 
2.5799383078e-04 0.0000000000e+00 
6.5664852267e-05 2.4988728261e-01 
5.7670968263e-05 1.2666101762e-01 
1.9796491131e-04 1.1369520516e-01 
1.1385050142e-04 1.8680934952e-01 
1.3020241154e-04 2.7980841919e-01 
6.4806697815e-05 2.6601631690e-01 
4.8058249165e-05 2.6657823695e-01 
9.9912576576e-06 3.9170288681e-01 
1.1535023874e-04 1.8836189851e-01 
4.6716843672e-05 1.0000000000e+00 
9.0769190847e-05 2.1232310926e-01 
2.8587758226e-05 3.1085413709e-01 
1.4889631830e-05 1.0000000000e+00 
1.2279934071e-04 2.0095594414e-01 
2.5707674138e-04 5.3047460850e-02 
1.6428707772e-04 1.6223191739e-01 
5.3295261868e-05 2.1893049896e-01 
1.2488062189e-05 2.9742124321e-01 
2.7109044746e-04 3.4434559056e-02 
2.6469235266e-04 1.0000000000e+00 
1.9319385855e-05 2.4164724783e-01 
6.1458362676e-05 1.0000000000e+00 
2.5608699001e-05 3.3919581414e-01 
4.6760999398e-05 2.6687791732e-01 
4.2818817605e-05 2.1046914188e-01 
5.3722555101e-05 2.8989074886e-01 
2.9772017847e-04 2.0369016652e-02 
3.1834600820e-05 1.3922428283e-01 
4.8046170651e-05 1.2642172664e-01 
6.4236410712e-05 2.3558449259e-01 
2.2232452960e-04 1.0000000000e+00 
2.6452928327e-04 7.5973718707e-02 
8.4314859609e-04 0.0000000000e+00 
3.6450954514e-05 1.3717465695e-01 
1.0401520366e-04 2.0292706502e-01 
2.2100937183e-04 9.3578412944e-02 
