7.9056462714e-05 2.5853569648e-01 
4.3185663326e-05 2.9495962100e-01 
1.8425135980e-05 3.8682019679e-01 
1.8568645028e-05 4.1307870317e-01 
1.1603781834e-04 2.4314839381e-01 
1.3896907886e-04 2.2492481323e-01 
1.3488549736e-04 2.3373922897e-01 
1.4802361933e-04 2.0743500269e-01 
2.5338320918e-04 1.4307229151e-01 
2.3402695360e-05 3.6261864884e-01 
3.5502669299e-05 1.3043294034e-01 
2.7935705273e-05 2.0840230565e-01 
3.2022833021e-05 1.8232270199e-01 
3.7841078956e-05 3.2045305469e-01 
3.7180131927e-04 1.0830568788e-01 
1.2938264548e-04 2.2703447385e-01 
2.6603069171e-05 1.3360999647e-01 
2.9740308391e-05 1.9391986554e-01 
9.2551792002e-06 1.0000000000e+00 
2.3890916965e-04 1.6787289418e-01 
5.3178371028e-05 3.0384049503e-01 
1.7106688482e-04 2.0903653696e-01 
7.7635537482e-05 2.7274268962e-01 
3.0676621121e-05 1.6105024520e-01 
3.3782989623e-05 2.2548099914e-01 
8.4096520798e-05 4.0370622916e-01 
2.1762572272e-04 1.7935179389e-01 
7.1537050533e-05 2.7162699660e-01 
5.4114396721e-04 8.6219635761e-02 
6.9460145688e-05 2.6333284958e-01 
2.7650408671e-05 3.3394621095e-01 
1.2471281779e-04 2.1623791987e-01 
4.3679232124e-05 1.0000000000e+00 
4.5932514399e-05 1.2500117604e-01 
4.9854176519e-05 1.1788810070e-01 
5.2794376461e-05 2.7198352524e-01 
7.0535644945e-04 1.0000000000e+00 
3.0599017703e-05 1.8004766975e-01 
5.2778948625e-05 2.8868869304e-01 
2.0096119878e-05 5.2701984261e-01 
2.3296568725e-05 1.4772440110e-01 
2.6552377514e-04 1.5578613290e-01 
1.8897296450e-04 1.9210338100e-01 
1.4962522166e-05 2.6548110831e-01 
4.0980510124e-05 3.0425097389e-01 
3.5700117073e-04 1.3448217134e-01 
7.4047055001e-05 1.0000000000e+00 
1.5147998706e-05 2.9299677139e-01 
2.7398008203e-05 1.6209894059e-01 
2.8241873339e-05 3.3526116353e-01 
9.7563352327e-05 2.4651178598e-01 
3.5193578301e-05 3.2367196504e-01 
1.2194362105e-04 2.4879089327e-01 
1.0072798420e-04 2.5082124240e-01 
5.2509737814e-05 2.6584853751e-01 
5.9484026373e-05 3.0015921105e-01 
3.2197784453e-05 1.1819398404e-01 
3.1088354578e-05 1.9120406232e-01 
4.5540646995e-05 1.0989957542e-01 
6.4890834041e-05 2.8477698207e-01 
2.9349337578e-04 1.4506439988e-01 
5.2763233043e-04 3.9020427232e-02 
3.3556670162e-05 3.1694822222e-01 
6.8353682979e-06 1.0000000000e+00 
6.8307484619e-05 2.0821556280e-01 
5.0876709826e-05 2.9019115832e-01 
2.3582055534e-04 9.3978727108e-01 
5.1932973320e-05 1.4406976237e-01 
1.6434838342e-05 2.6715689403e-01 
1.2892350207e-04 1.0000000000e+00 
2.4471975008e-05 3.3885399694e-01 
4.3797617272e-05 1.3253550515e-01 
9.3748420105e-06 1.0000000000e+00 
4.5756201788e-05 3.6904649001e-01 
2.4088820601e-05 3.3878210337e-01 
2.7071616030e-05 3.2579667515e-01 
4.3202929546e-05 3.0233587601e-01 
1.1887149862e-05 2.6347720554e-01 
6.9919762989e-06 1.0000000000e+00 
5.2370595614e-05 2.8861631365e-01 
9.9223771961e-05 2.3696455218e-01 
2.1268724875e-05 3.4959353786e-01 
2.9392630295e-05 3.7247277652e-01 
3.8798993600e-05 1.4746411568e-01 
2.2990612978e-05 1.6113702996e-01 
6.1365838846e-05 2.8586852062e-01 
2.0806125616e-04 1.8250857516e-01 
7.1391265105e-05 2.8520037216e-01 
2.1927132378e-05 1.4672829787e-01 
3.4356461799e-05 1.5922939947e-01 
7.0925835146e-05 2.4977527859e-01 
1.4244763775e-05 3.6695723068e-01 
3.8676137781e-05 1.4515439915e-01 
8.3733628635e-06 1.0000000000e+00 
1.7530469456e-05 2.0182764226e-01 
1.0522499723e-04 1.0000000000e+00 
2.7785793613e-04 1.5017084613e-01 
3.4641826254e-05 2.8205564427e-01 
5.6303701455e-04 1.0000000000e+00 
3.1589013062e-05 3.0927041427e-01 
