2.6537812956e-09 1.3172141592e+04 1.0436609516e+00 5.1000000000e-01 
4.8555124905e-09 1.5289767861e+04 1.1855292964e+00 5.1000000000e-01 
9.0414082690e-09 1.2599483038e+04 6.1169555874e-01 5.1000000000e-01 
7.7069610989e-06 1.4349809277e+04 8.8854019910e-01 5.1000000000e-01 
2.7885431712e-08 1.2287116153e+04 8.6231481253e-01 5.1000000000e-01 
1.6000001020e-06 1.1271364966e+04 9.2796657903e-01 5.1000000000e-01 
2.0358047895e-09 1.3855895999e+04 1.0669450535e+00 5.1000000000e-01 
5.8547096418e-08 1.2756227947e+04 1.3602622400e+00 5.1000000000e-01 
1.3686770303e-10 1.1295696646e+04 1.2060128026e+00 5.1000000000e-01 
3.4175038687e-08 1.9414267739e+04 1.0384940683e+00 5.1000000000e-01 
1.0281768985e-08 2.5000000000e+04 1.1905516367e+00 5.1000000000e-01 
4.9049137472e-06 1.2428033359e+04 5.1180450059e-01 5.1000000000e-01 
3.5532104799e-07 1.1646239025e+04 6.5259218238e-01 5.1000000000e-01 
3.4451528003e-08 1.3493617905e+04 6.8648306825e-01 5.1000000000e-01 
2.9557244413e-08 1.2020411170e+04 6.4596202021e-01 5.1000000000e-01 
1.1984671618e-09 1.3385550457e+04 1.2185572079e+00 5.1000000000e-01 
3.3158060913e-08 1.2258324832e+04 1.2565453046e+00 5.1000000000e-01 
3.4979219170e-09 1.6257918750e+04 1.3155585727e+00 5.1000000000e-01 
1.5661892505e-10 1.4161349250e+04 8.3718159255e-01 5.1000000000e-01 
4.9311536780e-07 1.2886815971e+04 9.5468974385e-01 5.1000000000e-01 
8.0963652920e-11 1.4142327652e+04 4.2683154113e-01 5.1000000000e-01 
6.6688788000e-08 1.2974807614e+04 2.8318117885e-01 5.1000000000e-01 
7.0254449031e-10 1.1237369055e+04 1.3994909057e-01 5.1000000000e-01 
3.6158350144e-07 1.1633864176e+04 1.0946834377e+00 5.1000000000e-01 
2.3028592907e-09 1.8960746501e+04 7.6458321978e-01 5.1000000000e-01 
1.2828016647e-09 1.2461534265e+04 3.8389894965e-01 5.1000000000e-01 
2.9588707440e-08 1.2855579611e+04 1.2264763057e+00 5.1000000000e-01 
3.6370488734e-08 1.1609388537e+04 5.5366745345e-01 5.1000000000e-01 
1.3525531057e-11 1.4439075326e+04 5.8265869350e-01 5.1000000000e-01 
1.5272281981e-09 1.8046663952e+04 9.5000235305e-01 5.1000000000e-01 
2.2777574870e-10 1.2616268539e+04 1.0547775252e+00 5.1000000000e-01 
5.8965231602e-09 1.1337451691e+04 3.9738175590e-01 5.1000000000e-01 
3.4907016297e-09 1.2666040434e+04 1.1431429428e+00 5.1000000000e-01 
2.8028457034e-06 1.1212914187e+04 5.3609272776e-01 5.1000000000e-01 
1.5960061108e-09 1.1217690687e+04 8.0882718357e-01 5.1000000000e-01 
6.0312183089e-10 1.6705753455e+04 1.1240319675e+00 5.1000000000e-01 
6.7175762665e-11 2.5000000000e+04 1.0861231000e+00 5.1000000000e-01 
9.1101191356e-09 1.3234337653e+04 6.8365383222e-01 5.1000000000e-01 
2.3077562893e-09 1.6053369726e+04 1.3237071594e+00 5.1000000000e-01 
2.9364750997e-07 1.1304559173e+04 7.1248742700e-01 5.1000000000e-01 
8.1085391126e-09 1.2882340167e+04 8.0287367258e-01 5.1000000000e-01 
4.7254590888e-09 1.3884533940e+04 5.6640822533e-01 5.1000000000e-01 
5.4149131935e-10 2.2752077886e+04 2.8287982742e-01 5.1000000000e-01 
6.3985311765e-08 1.2005846507e+04 1.1338192430e+00 5.1000000000e-01 
2.3016224638e-06 1.1649627122e+04 1.1160840584e+00 5.1000000000e-01 
3.3417932604e-08 1.6151718574e+04 5.7475330051e-01 5.1000000000e-01 
9.1735080736e-11 1.5306696200e+04 8.3187109390e-01 5.1000000000e-01 
1.9926716502e-09 1.2668189978e+04 7.9375713181e-01 5.1000000000e-01 
6.5638469828e-10 1.1789631660e+04 4.6762462934e-01 5.1000000000e-01 
6.9041913523e-11 2.4141105482e+04 2.7697615577e-01 5.1000000000e-01 
9.5798893191e-10 1.4786325087e+04 1.5156012465e+00 5.1000000000e-01 
2.1334539745e-08 2.4871630563e+04 2.4317192776e-01 5.1000000000e-01 
8.4411930646e-08 1.2021002588e+04 3.0452050687e-01 5.1000000000e-01 
1.0363517403e-05 1.2338435166e+04 5.5083407794e-01 5.1000000000e-01 
1.8612981349e-10 1.3724987839e+04 4.5613177890e-01 5.1000000000e-01 
3.3906701120e-08 1.3414013896e+04 3.7587853588e-01 5.1000000000e-01 
6.1649507412e-08 2.2346475007e+04 1.4421634115e+00 5.1000000000e-01 
7.6666978988e-09 1.2410325926e+04 5.4620799826e-01 5.1000000000e-01 
3.7089785959e-09 1.3781343939e+04 2.5035965681e-01 5.1000000000e-01 
8.3588286882e-09 2.5000000000e+04 8.5868430115e-01 5.1000000000e-01 
4.1795465426e-09 1.3141459530e+04 8.1221126447e-01 5.1000000000e-01 
1.8087989450e-07 1.2876356964e+04 2.1267188942e-01 5.1000000000e-01 
2.0089778235e-08 1.8482947539e+04 8.8083576647e-01 5.1000000000e-01 
3.3183082547e-10 1.2656081071e+04 5.9480721128e-01 5.1000000000e-01 
7.7379291370e-07 1.2354390740e+04 3.1052904902e-01 5.1000000000e-01 
4.6267814540e-09 1.8828001852e+04 5.0270748626e-01 5.1000000000e-01 
1.5264165642e-08 1.2304700535e+04 6.4761408220e-01 5.1000000000e-01 
1.5882739474e-07 1.1450566374e+04 1.2232528258e+00 5.1000000000e-01 
5.6709510510e-10 1.5734829956e+04 1.3768637778e+00 5.1000000000e-01 
5.0134315722e-09 2.1996383181e+04 4.9585142668e-01 5.1000000000e-01 
5.9267848069e-10 1.5431013707e+04 5.6395896444e-01 5.1000000000e-01 
4.7368967424e-09 1.3295057023e+04 1.0808292442e+00 5.1000000000e-01 
7.4440283577e-12 1.1841465026e+04 1.3667800532e+00 5.1000000000e-01 
1.0436354426e-06 1.4777357084e+04 1.6930040293e-01 5.1000000000e-01 
3.1228412103e-11 1.2107819414e+04 1.3979787811e+00 5.1000000000e-01 
6.7316589590e-09 1.3172978845e+04 1.1323738606e+00 5.1000000000e-01 
2.5643298391e-09 1.8003783030e+04 4.5354521843e-01 5.1000000000e-01 
2.9868451961e-06 2.5000000000e+04 1.1120316027e+00 5.1000000000e-01 
9.0587619004e-12 2.3774568455e+04 3.2452175558e-01 5.1000000000e-01 
1.6856168555e-09 1.4695687498e+04 7.3242775937e-01 5.1000000000e-01 
7.2225012404e-08 1.1250121512e+04 9.0532076946e-01 5.1000000000e-01 
8.2606140257e-09 1.8491755006e+04 9.3329983883e-01 5.1000000000e-01 
4.9184591209e-08 1.4940794062e+04 1.7540015621e-01 5.1000000000e-01 
3.4176432155e-11 2.0413889590e+04 7.6109040087e-01 5.1000000000e-01 
1.1206733606e-08 1.1735336984e+04 1.0905154258e+00 5.1000000000e-01 
1.6538979106e-07 1.4730045457e+04 4.0996623900e-01 5.1000000000e-01 
6.7154689313e-10 1.4494354723e+04 1.2370218861e+00 5.1000000000e-01 
2.4044788578e-11 1.2364897737e+04 1.1736989812e+00 5.1000000000e-01 
5.9689301881e-08 1.3074261277e+04 7.8027810043e-01 5.1000000000e-01 
1.3187599163e-09 1.6470432347e+04 8.9099557645e-01 5.1000000000e-01 
5.0590622707e-09 1.1640814070e+04 9.3215570898e-01 5.1000000000e-01 
8.8847409421e-10 1.5640882331e+04 1.3799604635e+00 5.1000000000e-01 
3.5575138444e-10 1.3744223797e+04 2.2129246104e-01 5.1000000000e-01 
9.6131271124e-09 1.1909307713e+04 8.2204258351e-01 5.1000000000e-01 
3.1415357037e-10 1.2876549076e+04 7.3057429004e-01 5.1000000000e-01 
4.0832222832e-08 1.1320591548e+04 9.0290323685e-01 5.1000000000e-01 
4.5620550324e-10 1.3609408585e+04 9.4631091627e-01 5.1000000000e-01 
1.3772484320e-06 1.6574838426e+04 1.3591914231e+00 5.1000000000e-01 
4.3053318266e-09 2.5000000000e+04 3.9958155389e-01 5.1000000000e-01 
5.3320689119e-08 1.1412744314e+04 3.6858407713e-01 5.1000000000e-01 
2.6640577700e-09 1.5800935935e+04 1.0750141335e+00 5.1000000000e-01 
7.4801915095e-09 1.3593130403e+04 6.3781609461e-01 5.1000000000e-01 
9.6463756953e-09 2.1954486444e+04 7.6972827979e-01 5.1000000000e-01 
4.1234166210e-09 1.2771153568e+04 7.3436215867e-01 5.1000000000e-01 
2.0351479823e-07 1.5170869290e+04 3.6729915965e-01 5.1000000000e-01 
6.8275288056e-07 1.4402503538e+04 3.5610135297e-01 5.1000000000e-01 
1.8249872574e-09 1.2792262721e+04 6.4260447507e-01 5.1000000000e-01 
1.4756101645e-06 1.1980259887e+04 6.5327725327e-01 5.1000000000e-01 
8.1339562630e-12 1.3383799836e+04 5.3303568460e-01 5.1000000000e-01 
7.0097415965e-10 2.5000000000e+04 3.5920233364e-01 5.1000000000e-01 
4.0282049357e-10 1.3747937525e+04 1.0607048563e+00 5.1000000000e-01 
5.4624588802e-07 1.2122723589e+04 1.1788661488e+00 5.1000000000e-01 
1.8781987122e-10 1.7093183237e+04 3.5946260258e-01 5.1000000000e-01 
2.5470248207e-08 1.1460819585e+04 9.7845309369e-01 5.1000000000e-01 
7.2026733061e-09 1.1825279422e+04 1.0827666374e+00 5.1000000000e-01 
1.3639282503e-08 1.2393315564e+04 1.0874328696e+00 5.1000000000e-01 
1.1865569767e-07 1.6362426252e+04 7.2723145914e-01 5.1000000000e-01 
7.8750454535e-09 1.8099930639e+04 1.0986187112e+00 5.1000000000e-01 
1.4889795238e-10 2.5000000000e+04 5.1973117155e-01 5.1000000000e-01 
2.2902058210e-07 1.1221782894e+04 6.4370420724e-01 5.1000000000e-01 
1.0519669250e-09 1.5414026101e+04 3.9874942821e-01 5.1000000000e-01 
2.1877012516e-10 1.1445466215e+04 1.1889991906e+00 5.1000000000e-01 
4.3838791927e-09 1.4906483527e+04 2.3585885511e-01 5.1000000000e-01 
1.9414426845e-06 1.3151157453e+04 4.9369356253e-01 5.1000000000e-01 
1.3937161004e-10 1.7994929236e+04 1.1129157539e+00 5.1000000000e-01 
5.3553761286e-06 2.5000000000e+04 7.1588624168e-01 5.1000000000e-01 
6.1841348239e-11 1.1671228923e+04 4.0951743157e-01 5.1000000000e-01 
4.0163513437e-09 1.7638671830e+04 5.4241830662e-01 5.1000000000e-01 
8.5966089280e-10 1.4442969371e+04 8.7156880408e-01 5.1000000000e-01 
1.1415517826e-09 1.1620174148e+04 1.3143908241e+00 5.1000000000e-01 
1.2184691079e-09 1.2997366848e+04 8.5106414466e-01 5.1000000000e-01 
4.6245571118e-09 1.2579573891e+04 7.7838308965e-01 5.1000000000e-01 
7.7543323955e-11 1.2696677563e+04 1.2528019542e+00 5.1000000000e-01 
1.5738446424e-06 1.1729961023e+04 3.2301231228e-01 5.1000000000e-01 
2.0306477612e-10 1.5437561373e+04 7.9826735822e-01 5.1000000000e-01 
1.1646961094e-11 2.5000000000e+04 7.0927585250e-01 5.1000000000e-01 
5.0142863167e-08 1.2771430566e+04 1.3682273234e+00 5.1000000000e-01 
3.1013214834e-11 1.3920462032e+04 8.7048042039e-01 5.1000000000e-01 
6.8617431296e-06 1.5212749532e+04 1.0469428899e+00 5.1000000000e-01 
5.0696744783e-08 1.5011500548e+04 8.4115597807e-01 5.1000000000e-01 
2.8679139770e-08 1.4568562632e+04 5.1585398700e-01 5.1000000000e-01 
2.8292030055e-11 1.1918413182e+04 6.3855153504e-01 5.1000000000e-01 
6.7380197065e-06 1.2004168032e+04 7.1078870450e-01 5.1000000000e-01 
2.1612068157e-09 1.8781621399e+04 1.1970118375e+00 5.1000000000e-01 
5.9246314740e-08 1.2513690296e+04 5.9929941163e-01 5.1000000000e-01 
6.4709591207e-10 1.1298882598e+04 3.7682421129e-01 5.1000000000e-01 
5.1578894906e-08 1.1649314591e+04 1.2239191636e+00 5.1000000000e-01 
1.6979890724e-11 1.6839767511e+04 7.5401123671e-01 5.1000000000e-01 
7.9127570716e-07 1.2739684161e+04 1.0063070574e+00 5.1000000000e-01 
1.0316107835e-11 1.2358529293e+04 5.3518657932e-01 5.1000000000e-01 
1.0156241346e-10 1.6252971790e+04 4.9649685150e-01 5.1000000000e-01 
1.7674416442e-10 1.1659151803e+04 7.6371184350e-01 5.1000000000e-01 
3.3066349366e-07 2.1827525382e+04 1.1873048136e+00 5.1000000000e-01 
1.0190393212e-08 1.2094063130e+04 7.2539625222e-01 5.1000000000e-01 
8.0531944234e-11 1.8428780171e+04 8.1180421684e-01 5.1000000000e-01 
5.9138299580e-06 1.4567057814e+04 1.1733450052e+00 5.1000000000e-01 
3.9539085730e-12 1.1918523241e+04 1.3546300481e+00 5.1000000000e-01 
1.0158397108e-09 1.8598240270e+04 9.5063772201e-01 5.1000000000e-01 
1.6396921586e-06 1.1829500768e+04 8.6772305210e-01 5.1000000000e-01 
4.8104913570e-12 1.1333680482e+04 1.9394739590e-01 5.1000000000e-01 
7.4484116843e-10 1.1456583209e+04 6.0484169128e-01 5.1000000000e-01 
2.0847535584e-07 1.3469521931e+04 8.7190331152e-01 5.1000000000e-01 
1.5499592772e-06 1.3092099942e+04 5.0842825228e-01 5.1000000000e-01 
3.6385350148e-08 1.4428940262e+04 4.9401963499e-01 5.1000000000e-01 
9.7642428558e-09 1.6296541716e+04 8.5842859500e-01 5.1000000000e-01 
2.3979313927e-06 1.5940825571e+04 7.2592630420e-01 5.1000000000e-01 
6.4159649866e-10 1.7282749791e+04 3.4776523072e-01 5.1000000000e-01 
1.7183261458e-09 1.3061855209e+04 1.4442935034e+00 5.1000000000e-01 
6.4379230552e-12 1.9122925115e+04 5.8824133432e-01 5.1000000000e-01 
9.9979523079e-08 1.2664167754e+04 3.2170934423e-01 5.1000000000e-01 
1.7502420209e-06 1.2525765139e+04 2.7130900276e-01 5.1000000000e-01 
1.2833540280e-08 1.3705021814e+04 5.3318332118e-01 5.1000000000e-01 
4.9516011949e-09 1.2145077772e+04 1.8096145788e-01 5.1000000000e-01 
1.7157725315e-08 1.1893804846e+04 1.0334606853e+00 5.1000000000e-01 
2.9530929282e-06 1.2866401329e+04 4.2203540110e-01 5.1000000000e-01 
8.0359220367e-07 2.1174542478e+04 4.6540077567e-01 5.1000000000e-01 
1.9064207542e-09 1.5480000480e+04 1.2454792728e+00 5.1000000000e-01 
1.0580453063e-09 1.1794909350e+04 4.2321697689e-01 5.1000000000e-01 
2.2587135462e-11 1.6982965469e+04 6.4869688320e-01 5.1000000000e-01 
3.7771552948e-09 1.6221935349e+04 8.6659449560e-01 5.1000000000e-01 
1.0259926463e-09 2.3312529963e+04 9.8664203948e-01 5.1000000000e-01 
3.1999948867e-08 1.4295915563e+04 1.3008420278e+00 5.1000000000e-01 
1.3480657966e-05 1.1617979621e+04 9.0687635603e-01 5.1000000000e-01 
5.1968248586e-10 1.1612048139e+04 1.1835567164e+00 5.1000000000e-01 
6.3959649197e-07 1.8337493627e+04 5.6153562027e-01 5.1000000000e-01 
5.8645518223e-12 1.1215922487e+04 6.1991849749e-01 5.1000000000e-01 
1.2039604724e-09 1.4375116440e+04 1.5109674057e+00 5.1000000000e-01 
2.2761793427e-09 1.3007810479e+04 2.1269826544e-01 5.1000000000e-01 
5.4553807423e-10 1.2662791517e+04 1.1120749957e+00 5.1000000000e-01 
4.1451689860e-11 1.2131391688e+04 5.0369680632e-01 5.1000000000e-01 
4.4339899281e-12 1.2321501278e+04 6.9544487122e-01 5.1000000000e-01 
6.1116289726e-10 1.5581697790e+04 9.5703690857e-01 5.1000000000e-01 
2.9089467200e-06 1.5397680486e+04 1.3628141353e+00 5.1000000000e-01 
5.3669806483e-09 1.5218262296e+04 1.4504907114e+00 5.1000000000e-01 
1.3284245960e-10 1.1480857499e+04 3.3049891808e-01 5.1000000000e-01 
1.5010736573e-09 1.7032340218e+04 8.4570416700e-01 5.1000000000e-01 
1.3548653363e-09 2.5000000000e+04 4.8962673219e-01 5.1000000000e-01 
1.1322159566e-09 2.1644837521e+04 1.1441181425e+00 5.1000000000e-01 
2.9880863261e-09 1.3230532011e+04 1.6778076190e-01 5.1000000000e-01 
5.3915150372e-09 2.5000000000e+04 4.6091150765e-01 5.1000000000e-01 
