4.4870808449e-05 3.7327610469e-01 
5.3714502135e-05 9.8969865332e-01 
6.3465642137e-05 3.6641227604e-01 
6.3900341137e-04 1.0000000000e+00 
9.6739036026e-05 9.9134970754e-01 
3.7533407020e-04 1.0000000000e+00 
4.0699406613e-05 3.8206614435e-01 
1.2900426910e-04 3.6060313996e-01 
1.6712372608e-05 1.0000000000e+00 
1.0423401895e-04 1.0000000000e+00 
6.9957010675e-05 1.0000000000e+00 
5.4916778693e-04 1.0000000000e+00 
2.2752166023e-04 1.0000000000e+00 
1.0455133363e-04 9.9104481851e-01 
9.8829839093e-05 9.9229688965e-01 
4.0102016543e-05 2.9327386271e-01 
1.0586039608e-04 3.5092696567e-01 
4.7296383145e-05 9.8745690014e-01 
1.9773812981e-05 2.7760104923e-01 
2.5370298775e-04 1.0000000000e+00 
1.5963608633e-05 3.0947265295e-01 
1.3053577072e-04 9.9022222930e-01 
3.2802054320e-05 3.7488552719e-01 
2.2682227232e-04 1.0000000000e+00 
4.2226565183e-05 1.0000000000e+00 
3.5517635361e-05 3.9581987405e-01 
9.6487827158e-05 9.9162918886e-01 
1.0585116950e-04 9.8788165396e-01 
8.7611342797e-06 4.1142527651e-01 
3.6364282642e-05 1.0000000000e+00 
2.2756744715e-05 3.7438085335e-01 
5.8992616078e-05 3.6876606822e-01 
5.5038564375e-05 2.6857806176e-01 
4.4996085760e-04 1.0000000000e+00 
4.3963082480e-05 2.4091341863e-01 
2.6291905855e-05 4.1227411152e-01 
1.2830928423e-05 1.0000000000e+00 
6.2244991918e-05 3.6939206838e-01 
4.4271756009e-05 3.7606333202e-01 
2.1290245649e-04 1.0000000000e+00 
6.1160399829e-05 3.6673111044e-01 
5.1781135593e-05 1.0000000000e+00 
2.6210638038e-05 1.0000000000e+00 
1.2612825122e-04 9.9215873774e-01 
4.2281335815e-04 1.0000000000e+00 
1.0396371695e-04 1.0000000000e+00 
1.5964630753e-05 3.0628049670e-01 
4.0283696322e-05 3.7505552518e-01 
3.2297287599e-05 2.8017536795e-01 
1.3148111672e-05 1.0000000000e+00 
3.1968673347e-05 1.0000000000e+00 
8.9353860118e-05 1.0000000000e+00 
1.4091553702e-04 9.9123254914e-01 
6.8391748222e-04 1.0000000000e+00 
2.0444406126e-05 3.1127994722e-01 
1.0419311782e-04 9.9319361855e-01 
1.2686529332e-04 1.0000000000e+00 
6.2769844695e-05 9.9495654335e-01 
4.7759464999e-05 4.1174678846e-01 
6.5514055497e-05 1.0000000000e+00 
4.9596940071e-05 3.7465060523e-01 
1.8226217350e-04 1.0000000000e+00 
8.7109353219e-05 1.0000000000e+00 
2.5594179573e-05 2.7275373650e-01 
2.9612221463e-04 1.0000000000e+00 
5.3471279699e-05 1.0000000000e+00 
7.9158744272e-05 9.9352411020e-01 
1.6861701117e-04 9.8755497085e-01 
3.0441761961e-05 4.0775923314e-01 
5.5142168410e-05 1.0000000000e+00 
2.5241397303e-05 9.9210335031e-01 
5.3644236773e-05 3.7245176839e-01 
6.3319934439e-06 1.0000000000e+00 
3.2797234181e-04 1.0000000000e+00 
1.0212241681e-05 1.0000000000e+00 
6.0778685206e-05 3.6828261231e-01 
4.3690926974e-05 1.0000000000e+00 
4.5367867991e-04 1.0000000000e+00 
6.5750438908e-06 1.0000000000e+00 
3.5559860591e-05 3.9593085195e-01 
1.3214462493e-04 9.9135546003e-01 
6.4531236421e-05 1.0000000000e+00 
1.1821444694e-04 1.0000000000e+00 
1.0004275529e-05 1.0000000000e+00 
7.6587528853e-05 2.9864277824e-01 
1.7621874876e-04 1.0000000000e+00 
3.2898162715e-05 2.9992545255e-01 
9.3600486162e-06 1.0000000000e+00 
1.2548619197e-04 9.9122511218e-01 
3.4064122057e-05 1.0000000000e+00 
5.8825089497e-05 2.9725027993e-01 
3.5694283543e-05 3.7041609815e-01 
2.3970192081e-05 4.0195024159e-01 
6.6822945206e-05 3.5555032799e-01 
2.5185163004e-05 2.6682498211e-01 
1.0892426232e-04 9.8746557082e-01 
2.7899823718e-05 2.7358803346e-01 
3.5823563132e-04 1.0000000000e+00 
5.2536069231e-05 1.0000000000e+00 
1.2048660669e-04 9.8924265135e-01 
4.1611493453e-05 3.9722645403e-01 
6.0252950989e-05 1.0000000000e+00 
6.7812245505e-05 1.0000000000e+00 
4.9761074487e-05 3.7289602590e-01 
1.9013741267e-04 1.0000000000e+00 
2.8461500431e-04 1.0000000000e+00 
3.8748872274e-05 3.8137629769e-01 
3.6673116311e-04 1.0000000000e+00 
6.5218638437e-06 1.0000000000e+00 
2.8642335059e-05 1.0000000000e+00 
2.7724234765e-05 2.7079455027e-01 
2.6068615857e-04 1.0000000000e+00 
1.7121186655e-05 9.9219491872e-01 
9.2217106335e-05 9.8623988555e-01 
6.8330627278e-05 2.7123028425e-01 
7.4548766345e-05 9.8467109923e-01 
1.5495818968e-04 1.0000000000e+00 
6.4043958092e-05 9.9230295082e-01 
1.7028570643e-05 1.0000000000e+00 
1.9624011539e-04 9.9017241793e-01 
3.1312210800e-05 1.0000000000e+00 
1.9540415252e-05 1.0000000000e+00 
5.1686037846e-05 1.0000000000e+00 
4.0306592309e-04 1.0000000000e+00 
1.6425506992e-05 4.2125851654e-01 
5.6688004039e-04 1.0000000000e+00 
1.4123863623e-05 5.0220339052e-01 
5.0864432728e-05 1.0000000000e+00 
2.9615086933e-05 3.9800371926e-01 
3.3892451955e-05 1.0000000000e+00 
3.4532079941e-05 3.7741846396e-01 
5.2020958760e-05 3.6914446571e-01 
1.3828845398e-05 1.0000000000e+00 
3.7198212695e-04 1.0000000000e+00 
1.8514566661e-05 4.1035697935e-01 
7.1751342136e-06 1.0000000000e+00 
1.2646130198e-04 3.3094509013e-01 
1.1596313891e-05 4.0278371523e-01 
6.1464480846e-04 1.0000000000e+00 
1.1921829969e-04 1.0000000000e+00 
9.8682232320e-05 9.9230195099e-01 
9.8815670193e-06 1.0000000000e+00 
6.1002400721e-04 1.0000000000e+00 
3.9945163140e-05 1.0000000000e+00 
1.2529456162e-04 9.8992409241e-01 
3.2487142780e-05 3.0653241613e-01 
1.2240833640e-04 3.3839099096e-01 
9.4314821591e-06 2.9949814018e-01 
2.9755287829e-04 1.0000000000e+00 
7.0595400754e-06 1.0000000000e+00 
1.4608501932e-05 4.2882420378e-01 
2.1018952796e-05 3.5867459646e-01 
2.2296225253e-04 1.0000000000e+00 
6.7078801140e-05 3.5928112765e-01 
1.2930373256e-05 4.3697676554e-01 
5.7880721815e-04 1.0000000000e+00 
5.1279839572e-06 1.0000000000e+00 
3.1727049460e-05 1.0000000000e+00 
3.7932580848e-04 1.0000000000e+00 
5.4743714634e-06 1.0000000000e+00 
3.4129559209e-05 2.6279887937e-01 
1.8866888663e-04 1.0000000000e+00 
3.7147978171e-04 1.0000000000e+00 
1.0670660297e-04 1.0000000000e+00 
6.8853846699e-05 9.9293896192e-01 
4.3318909177e-04 1.0000000000e+00 
2.7270326983e-05 1.0000000000e+00 
3.8842423255e-05 1.0000000000e+00 
6.3685249163e-06 3.6422153467e-01 
1.4945193453e-04 9.9061632509e-01 
3.8919079575e-04 1.0000000000e+00 
7.5215089807e-05 9.9331627388e-01 
5.4865538789e-05 4.2097162603e-01 
8.0508601459e-05 9.8385239159e-01 
4.6374574073e-04 1.0000000000e+00 
3.0072742173e-04 1.0000000000e+00 
4.0111855199e-05 3.9989651658e-01 
3.6884238358e-05 2.9278810232e-01 
9.8023522819e-06 3.3926128715e-01 
4.8998189187e-05 1.0000000000e+00 
3.1674845277e-05 1.0000000000e+00 
1.0004393349e-04 9.9207468019e-01 
7.6762946773e-04 1.0000000000e+00 
2.8556331669e-05 5.1948461178e-01 
2.7643490620e-04 1.0000000000e+00 
5.8481170934e-06 1.0000000000e+00 
3.4499160448e-05 1.0000000000e+00 
4.2024754175e-05 4.2536234725e-01 
3.0891426074e-05 3.1878431645e-01 
1.2397821027e-05 4.9314192265e-01 
5.3276540670e-06 1.0000000000e+00 
2.6145109087e-05 4.0780846442e-01 
4.5896585572e-04 1.0000000000e+00 
6.5037015624e-05 3.4590359237e-01 
1.8647096915e-05 4.3254264212e-01 
3.6063425820e-05 1.0000000000e+00 
3.5676145122e-05 1.0000000000e+00 
3.3032485958e-05 1.0000000000e+00 
4.5499782661e-05 4.3573677584e-01 
5.6626747781e-05 1.0000000000e+00 
