1.0000438795e-05 1.0000000000e+00 
4.9039649918e-05 2.9522284508e-01 
2.6292351092e-05 1.9470246687e-01 
1.3894302295e-04 2.3033986247e-01 
6.9237644656e-05 1.6612899051e-01 
5.6802542216e-05 2.0356412390e-01 
1.0628402993e-05 3.9621351492e-01 
5.1368066672e-06 1.0000000000e+00 
4.5968659039e-05 1.6555727625e-01 
8.2841945212e-05 1.0436088333e-01 
9.0529309642e-06 4.0220431674e-01 
7.2568106930e-05 1.4053602777e-01 
9.0400776329e-06 1.0000000000e+00 
6.8595891943e-05 1.5793900255e-01 
2.4249293136e-05 2.4923379456e-01 
9.4280947957e-06 1.0000000000e+00 
7.9932513373e-05 1.0055720554e-01 
3.5520682991e-05 2.0627414006e-01 
3.9958332375e-05 4.2649222421e-01 
9.8911323201e-05 1.7821446227e-01 
2.9360940864e-04 1.8746835839e-01 
1.7748740935e-05 3.9191701700e-01 
2.1052918927e-05 3.3978874538e-01 
2.0238076274e-05 3.1499883579e-01 
2.9760627206e-05 1.5513029215e-01 
4.8570345396e-05 3.1085646786e-01 
7.8546033636e-05 3.8988713150e-01 
4.7363776482e-05 1.3690564182e-01 
3.8335227836e-05 3.1106556356e-01 
3.9163780269e-05 2.0548983501e-01 
1.7750830201e-04 2.4744535942e-01 
6.2692718611e-06 1.0000000000e+00 
1.2792473090e-05 1.0000000000e+00 
1.2619156225e-04 2.3256782872e-01 
6.9298626491e-06 3.9928680408e-01 
2.2349813550e-05 3.2786252749e-01 
2.7926670348e-05 1.8555425992e-01 
7.1030233460e-05 9.2787604067e-02 
9.1638814823e-05 1.3444500535e-01 
3.8284172598e-05 3.2441304936e-01 
1.3849766270e-05 3.7562776498e-01 
1.0190991915e-04 2.5637294180e-01 
3.4054694873e-05 3.4485296359e-01 
2.9278868730e-05 3.3835960974e-01 
3.9367659860e-05 4.9203803542e-01 
4.7765740824e-05 1.2077057340e-01 
5.0426065443e-05 1.0000000000e+00 
5.5470949084e-05 2.7775861094e-01 
6.7412402152e-05 3.1870081008e-01 
8.6376627937e-06 1.0000000000e+00 
1.5520772628e-05 3.6354754917e-01 
3.3661395237e-05 3.2347002580e-01 
1.0016047265e-05 3.4881186902e-01 
8.5979729515e-05 2.5124165776e-01 
2.7173317227e-05 3.3891982972e-01 
1.3743647963e-05 1.0000000000e+00 
1.2267230932e-05 1.0000000000e+00 
8.8528967250e-05 1.0814726081e-01 
1.9129964094e-05 2.8637535803e-01 
1.6137614214e-04 3.2197301727e-01 
4.9804770963e-05 2.9079917801e-01 
8.4541563826e-05 2.8012964166e-01 
2.5563129010e-04 1.6209086103e-01 
2.7121131817e-05 1.7949804526e-01 
8.2851868110e-05 2.5561097914e-01 
1.5595823920e-04 3.1861752002e-01 
3.1451578605e-05 2.6747288499e-01 
2.6644894081e-06 1.0000000000e+00 
2.2563284723e-04 2.1605358037e-01 
4.0873161661e-05 3.0677874331e-01 
3.3849310084e-05 3.2334344365e-01 
4.0415563117e-04 1.0186316189e-01 
9.1892775606e-06 2.1587594211e-01 
1.1061372072e-04 2.5074526095e-01 
5.1883300351e-05 2.6641031322e-01 
6.2128407925e-05 2.7469618246e-01 
1.4630051141e-05 3.6613115832e-01 
1.7836671595e-05 3.6071951476e-01 
1.1210581080e-05 3.8294578017e-01 
2.6826626336e-05 3.2884686417e-01 
1.1798564960e-04 1.5271016569e-01 
1.7156611250e-05 3.5968613800e-01 
2.1726007008e-04 2.7855158251e-01 
1.1888488347e-04 2.3134709142e-01 
3.6702914634e-06 1.0000000000e+00 
4.2947889707e-05 1.2372068835e-01 
6.3928215121e-05 1.9900023493e-01 
2.7822253827e-05 3.3835624526e-01 
5.8626404660e-05 1.7443443522e-01 
1.0770142489e-04 2.3508647189e-01 
9.9539583893e-06 3.7456529289e-01 
4.7127185323e-05 1.2959711758e-01 
8.4584437322e-05 2.4217712524e-01 
3.3678583577e-05 1.4380236048e-01 
6.2639028391e-05 3.2554330883e-01 
9.0388794810e-05 2.5056013472e-01 
1.5746099989e-05 1.0000000000e+00 
6.9830769994e-05 1.8697183022e-01 
2.2358470083e-05 1.9815606748e-01 
1.4129010778e-04 2.9720137278e-01 
1.9625562791e-05 3.6290194287e-01 
8.0437625925e-06 1.0000000000e+00 
7.2341090962e-05 2.2287395296e-01 
2.6927017065e-05 3.2645417459e-01 
3.6647377385e-05 3.0499268959e-01 
1.3872041682e-05 1.0000000000e+00 
1.6649508994e-05 3.6537370361e-01 
1.9257258456e-05 4.9602562548e-01 
7.5907288978e-06 1.0000000000e+00 
1.2627401745e-05 2.9095747929e-01 
2.6649008008e-05 2.9928918794e-01 
1.9877178848e-05 1.0000000000e+00 
4.1878240346e-05 1.6516376435e-01 
6.2337911310e-06 1.0000000000e+00 
1.3941007442e-05 1.0000000000e+00 
7.5585339380e-05 8.9158166514e-02 
5.6794586457e-05 2.6223233941e-01 
2.0409214610e-05 2.2539589163e-01 
6.8476268891e-06 3.9905317462e-01 
1.1013087268e-04 3.3299950508e-01 
1.9258232364e-05 1.0000000000e+00 
5.0436620256e-05 2.8374445218e-01 
2.1369855515e-04 2.0329021862e-01 
1.0863276929e-04 2.5377075272e-01 
7.3666220513e-05 1.0967833646e-01 
2.6365824568e-05 3.4725128181e-01 
3.7786136397e-05 1.7246936246e-01 
6.7735189494e-05 2.8422460256e-01 
1.1330558740e-05 3.9675219647e-01 
7.6093979186e-05 1.5195962352e-01 
2.6924340277e-05 3.1813192155e-01 
1.0581249407e-05 1.0000000000e+00 
3.9653028329e-05 5.0233466340e-01 
1.6680064516e-04 1.0000000000e+00 
2.8756388944e-05 1.6657452880e-01 
7.1005625390e-05 1.5192479902e-01 
1.2520905972e-05 1.0000000000e+00 
4.4613490315e-05 5.2159538154e-01 
2.5565588927e-05 3.8053312743e-01 
1.7670879912e-05 1.0000000000e+00 
3.1544309409e-05 2.3404826485e-01 
6.6660358976e-06 4.0417346570e-01 
7.1340736825e-06 4.0098099786e-01 
4.0891557760e-05 2.2195695118e-01 
1.1971613250e-05 1.0000000000e+00 
6.2295963801e-05 3.8090481195e-01 
3.4259482420e-05 3.1915468563e-01 
1.7385599755e-04 1.0258518988e-01 
3.9697126421e-05 3.1125687935e-01 
1.8968180408e-05 3.6747593709e-01 
3.9596302533e-05 3.1345913899e-01 
2.2608248917e-05 2.1411894423e-01 
5.1888457745e-05 2.1339441567e-01 
6.7305984063e-05 1.3739879987e-01 
4.5605066055e-05 1.5949867643e-01 
4.6271701209e-05 1.4110132222e-01 
1.6609530909e-05 3.6770681324e-01 
1.2471788104e-04 2.4825452805e-01 
3.5683615308e-05 2.1779958505e-01 
2.7171806566e-05 3.7366446237e-01 
8.8519121592e-05 2.4346464640e-01 
1.2813782713e-05 1.0000000000e+00 
7.7297493767e-05 2.7043898346e-01 
2.0599318471e-05 3.5656084547e-01 
1.3260922032e-05 1.0000000000e+00 
6.2445869147e-05 2.8400020394e-01 
1.6534994035e-04 2.3677897084e-01 
4.3175621159e-05 3.0939759360e-01 
2.1009562319e-05 3.6721049407e-01 
2.5635061063e-05 3.5017509594e-01 
5.0837210387e-05 2.9758090557e-01 
4.8208684283e-05 1.2502136530e-01 
1.9129267148e-05 4.5027046190e-01 
1.0024641927e-04 2.6026946566e-01 
3.9229765795e-04 1.9916441474e-01 
3.1252952588e-05 3.2837123007e-01 
1.4860721104e-05 3.2531291327e-01 
2.3717601272e-04 2.1907692267e-01 
1.4633440206e-05 2.1298345175e-01 
1.4669931803e-05 1.0000000000e+00 
3.2772406583e-05 1.5428422306e-01 
4.3648020358e-05 3.2757591065e-01 
1.4289907510e-04 2.4558367811e-01 
4.6127297355e-05 3.1001420136e-01 
1.0263219064e-04 2.3606573250e-01 
4.5833254780e-05 2.9469584095e-01 
3.6014777581e-05 1.9622260777e-01 
1.7450509125e-04 2.2553981732e-01 
6.1112008511e-06 4.0977831244e-01 
1.0792119846e-04 2.5193427172e-01 
7.4037976594e-05 2.7696072234e-01 
6.0029888620e-06 1.0000000000e+00 
2.3497054403e-05 3.3727735718e-01 
8.9632758234e-05 1.2527781163e-01 
1.3416038444e-05 3.7497293250e-01 
1.4708179551e-05 3.6247546352e-01 
5.7949115763e-05 2.2399851593e-01 
1.0287810388e-04 2.5698101560e-01 
2.0749433633e-05 3.2806197901e-01 
6.0259317219e-06 4.0596473602e-01 
1.2895910213e-05 1.0000000000e+00 
5.4109974737e-05 1.5621986167e-01 
4.5143742658e-05 1.3767330105e-01 
3.1467241184e-05 1.5948900566e-01 
1.1207599204e-04 2.7493447431e-01 
2.0277254030e-04 2.4217683990e-01 
5.3168495763e-05 2.5264275906e-01 
9.1796576977e-05 2.6725021950e-01 
1.9686515185e-05 3.1162593211e-01 
2.9281264168e-05 3.4275136842e-01 
6.2381486699e-05 2.1983766118e-01 
1.5809074677e-05 1.0000000000e+00 
2.1390537295e-05 2.5985841654e-01 
8.2686032324e-05 3.0442462375e-01 
2.3298727068e-04 2.0014620120e-01 
1.1894767505e-04 2.4292019098e-01 
2.1958041350e-05 3.6045641418e-01 
4.6663484375e-05 3.0252618504e-01 
4.5758871250e-05 2.8599438624e-01 
3.7917786210e-05 1.6147246118e-01 
6.0462001581e-05 2.9107819811e-01 
1.0767433492e-05 4.0477659864e-01 
3.8062928213e-06 1.0000000000e+00 
2.1984483810e-04 2.0219114122e-01 
2.2900477176e-04 2.1412670145e-01 
1.5075536594e-05 2.5998083066e-01 
2.7869264678e-04 2.1671143684e-01 
2.3855439216e-05 3.4248391006e-01 
7.7024122762e-06 1.0000000000e+00 
3.5515689655e-05 3.1764385001e-01 
1.1906419344e-04 2.6072969925e-01 
3.7129531315e-05 2.5596893108e-01 
1.3304439612e-04 1.6929893628e-01 
5.2492036777e-04 1.0000000000e+00 
8.6764474621e-06 4.0243486880e-01 
1.1214787933e-04 1.0000000000e+00 
1.8196718666e-05 3.5790744317e-01 
1.6762330153e-04 2.3771164495e-01 
3.0010302708e-05 3.6599960626e-01 
7.3698578345e-05 2.8943021710e-01 
5.7725932609e-05 2.8691468100e-01 
8.1208417036e-05 3.1441600077e-01 
5.8581695979e-05 1.5694137993e-01 
1.4064685430e-04 2.5051099021e-01 
6.3057948917e-06 2.2071427801e-01 
2.4103482720e-05 3.7490524200e-01 
6.4815195619e-04 1.0000000000e+00 
6.7398732826e-06 1.0000000000e+00 
9.5992692115e-05 2.6095545732e-01 
1.2533304912e-05 1.0000000000e+00 
3.4059016368e-05 1.4524752672e-01 
3.5635581672e-05 3.2397458851e-01 
2.5281059718e-05 1.5668581345e-01 
1.3906457758e-04 2.2992680543e-01 
2.1160579686e-05 4.3179762184e-01 
2.6361426733e-05 1.9652970924e-01 
5.1553247512e-06 1.0000000000e+00 
3.7741816415e-05 2.5602768681e-01 
1.0288246851e-05 2.4715492506e-01 
2.1406042798e-05 2.6892576877e-01 
1.0242921955e-05 3.4887980740e-01 
3.2054378130e-05 3.1497982209e-01 
3.9513173999e-05 1.0000000000e+00 
6.5992079945e-05 2.8588115664e-01 
3.3599177311e-05 2.4864808866e-01 
1.1830511553e-05 1.0000000000e+00 
1.6773489142e-05 3.1930809700e-01 
2.2157286413e-04 1.7485527658e-01 
5.9745782245e-05 2.7845895771e-01 
6.8278284404e-06 4.0372312918e-01 
1.4530221415e-05 1.0000000000e+00 
5.6343026044e-05 1.3186805138e-01 
8.8398482385e-06 3.9114979231e-01 
4.5145943590e-05 3.4013832262e-01 
5.2890682030e-05 3.0995374374e-01 
6.9732403682e-05 2.8259284582e-01 
4.1047387520e-05 1.6259090994e-01 
1.0905256795e-05 3.9818452432e-01 
6.1485335270e-05 3.3723203260e-01 
1.9925852630e-05 1.0000000000e+00 
6.6631098363e-05 2.0351252105e-01 
8.2322212475e-05 3.3904124544e-01 
3.7243545096e-05 1.7942836453e-01 
5.6911833296e-06 1.0000000000e+00 
1.0515065705e-05 1.0000000000e+00 
4.7200158562e-05 1.2550746615e-01 
7.4502093224e-05 1.6006184520e-01 
8.4915433029e-06 3.8156674080e-01 
7.3250314312e-06 3.8827533758e-01 
3.3829704574e-06 1.0000000000e+00 
2.0819141252e-05 3.6512706018e-01 
4.8845307150e-06 1.0000000000e+00 
5.6111052715e-05 1.5971125790e-01 
2.7545717220e-04 2.0734278580e-01 
1.1839299126e-05 1.0000000000e+00 
1.6498982502e-05 3.8457979956e-01 
2.2433148398e-05 3.4866817986e-01 
1.0643905722e-04 2.3553775448e-01 
1.1482576595e-04 2.5418230569e-01 
7.2581427182e-05 1.8242056613e-01 
1.5045186461e-04 2.3125026995e-01 
4.3566669398e-05 3.0819489387e-01 
1.9220608678e-05 1.0000000000e+00 
4.1659287515e-05 2.8538561773e-01 
5.1976036859e-04 1.8704536272e-01 
3.9769716624e-05 3.0289307956e-01 
2.5667143882e-05 2.1226489587e-01 
6.4026859996e-05 3.3330170881e-01 
6.4433584987e-06 4.1109328492e-01 
5.7395863813e-05 3.1517295424e-01 
3.7368844127e-05 3.0518978951e-01 
2.8486845846e-05 2.9524862548e-01 
1.0229891501e-04 2.3530768879e-01 
5.7240449478e-06 4.1057114761e-01 
3.2968367731e-05 3.1095027928e-01 
3.8565758541e-05 1.3374482100e-01 
3.0235268747e-05 1.6455043830e-01 
3.6706952019e-05 1.2941130153e-01 
1.9807207949e-05 1.0000000000e+00 
1.0489175587e-04 2.4007941107e-01 
1.2674921116e-05 1.0000000000e+00 
1.0711255962e-04 2.4964687585e-01 
5.1715429094e-04 1.1662307229e-01 
4.1458543803e-05 4.7740746461e-01 
8.5109180926e-05 2.4636796909e-01 
5.3448319210e-05 4.0159376316e-01 
4.0410490750e-05 2.3135959985e-01 
2.7794735512e-05 3.3379572817e-01 
4.5162336540e-06 1.0000000000e+00 
7.1304762392e-05 3.6271873075e-01 
3.5865506526e-05 2.1046946221e-01 
3.5195145613e-05 5.4016599171e-01 
1.3449981433e-04 2.7806320537e-01 
3.1690142732e-05 2.4121807696e-01 
1.0192047731e-05 2.3648147584e-01 
5.5644341380e-05 1.0318333407e-01 
1.1888787356e-05 1.0000000000e+00 
4.8740475254e-05 3.1284437986e-01 
1.0370993653e-04 2.5718537499e-01 
8.2689620219e-06 3.9799277605e-01 
1.7039476609e-04 2.2480279744e-01 
8.9947101951e-05 1.0000000000e+00 
3.8321712416e-05 4.1324390603e-01 
5.0369651337e-05 1.7363827046e-01 
9.2140426756e-06 1.0000000000e+00 
1.1626362532e-05 3.6722392732e-01 
1.0876701910e-04 2.3458532726e-01 
4.0323302513e-05 2.3807951932e-01 
1.5500387875e-05 4.0950253099e-01 
1.2512297551e-04 2.6388185196e-01 
1.3976693526e-05 3.7402475154e-01 
6.7377305780e-05 2.7257449780e-01 
1.5447383082e-05 3.6083252750e-01 
3.3620057662e-05 1.3534469235e-01 
2.7261378285e-05 2.1009014471e-01 
2.3631506430e-05 4.0086455232e-01 
6.5810790408e-05 2.6739868848e-01 
5.2827151232e-05 1.8333364373e-01 
1.2810445777e-04 2.2987691919e-01 
1.5582948073e-05 2.1686483891e-01 
1.4020007734e-04 2.4000317016e-01 
4.2621284028e-05 3.1421358288e-01 
6.5202992384e-06 4.1019648414e-01 
3.1010246939e-05 2.9168483696e-01 
1.3269260302e-05 3.6199612565e-01 
3.0285981060e-05 3.9979318145e-01 
9.3008427618e-06 4.1065254582e-01 
2.0263469834e-04 2.0092257332e-01 
2.1927306423e-05 1.8023850417e-01 
7.7678368286e-05 2.7307341522e-01 
2.0797607376e-05 3.5351255248e-01 
2.7351021136e-05 3.3057689001e-01 
9.3187477942e-06 4.1048998000e-01 
4.1817261593e-05 3.0924696239e-01 
2.3466260385e-05 3.5731506677e-01 
4.7550972944e-05 2.8598390894e-01 
5.2554682149e-05 3.0238633038e-01 
4.5951871174e-05 1.9410192910e-01 
3.0316752020e-05 1.5478273825e-01 
1.2609148349e-05 3.6031755281e-01 
6.5923613540e-05 1.3352395264e-01 
1.0323744833e-04 2.8998409973e-01 
9.2993128655e-05 3.2311418793e-01 
1.0886456405e-05 3.7516511802e-01 
1.6702476806e-04 2.2693940868e-01 
7.5110685763e-05 4.8085658215e-01 
1.7800393073e-04 2.6378974658e-01 
6.9809436443e-05 2.5496245507e-01 
3.4379801685e-05 3.1450980271e-01 
6.8651533924e-05 1.8587334259e-01 
1.0320700470e-05 1.9944263525e-01 
3.4107999889e-05 3.2937893255e-01 
1.3576535091e-05 3.7198230308e-01 
1.9944726266e-05 2.7302579481e-01 
5.6608610259e-05 2.7678733399e-01 
2.9101529687e-05 1.0000000000e+00 
5.0994107161e-05 3.0023550404e-01 
1.8292709163e-05 4.4692327687e-01 
9.1140890352e-06 4.6997292979e-01 
9.4896809119e-05 2.3025626855e-01 
3.5085151068e-05 2.1258007884e-01 
8.3632973864e-05 1.3870116400e-01 
3.6008253082e-05 2.6642917684e-01 
6.0056470229e-05 1.7456890852e-01 
7.9459031568e-05 8.9206357832e-02 
4.1199390437e-05 2.2300721020e-01 
1.0073364494e-04 2.6938390790e-01 
9.0488912472e-06 2.3274790042e-01 
1.1306229863e-04 2.6932047285e-01 
1.0005086670e-05 1.0000000000e+00 
1.3902900324e-05 1.0000000000e+00 
7.9591802595e-05 1.6249925806e-01 
1.0506935990e-05 1.0000000000e+00 
7.6840091638e-05 2.8992824430e-01 
7.9739301507e-05 1.2893718916e-01 
6.0410939731e-05 3.4627963282e-01 
8.7201282123e-05 2.0883462096e-01 
2.7431816026e-05 2.7283290239e-01 
2.4458289724e-05 3.4411256719e-01 
1.3624641671e-05 3.5901630822e-01 
1.6754864559e-04 2.2283673288e-01 
2.9846481364e-05 1.5863526712e-01 
1.1927020956e-05 1.0000000000e+00 
7.4591333318e-05 2.7798885054e-01 
1.1346482870e-04 2.3714718840e-01 
5.8231543833e-05 3.5090794092e-01 
1.2579904793e-04 2.6085379308e-01 
3.6485946307e-05 2.5454521486e-01 
1.9546968092e-05 1.0000000000e+00 
1.2514725079e-04 2.4928092045e-01 
5.6554686944e-05 1.5028109449e-01 
5.5774159612e-05 1.4380326225e-01 
2.1541112962e-05 1.0000000000e+00 
1.0391508093e-04 2.3658085640e-01 
2.3384855774e-04 1.9030762806e-01 
3.1060710808e-05 1.7912251963e-01 
2.4390158933e-05 1.0000000000e+00 
2.5383422356e-05 3.3447181635e-01 
5.6024080612e-06 1.0000000000e+00 
4.9269940943e-05 3.0920539484e-01 
1.7240069960e-05 3.6459348814e-01 
2.4341228050e-05 1.0000000000e+00 
4.8833430552e-05 2.9215058808e-01 
2.8130055196e-05 1.0000000000e+00 
4.5205383064e-05 3.6084573477e-01 
5.6679306846e-06 4.0826320903e-01 
1.7820470000e-04 2.4506924373e-01 
1.2455044192e-05 1.0000000000e+00 
4.2219523530e-05 1.3578048269e-01 
7.3319823658e-06 1.0000000000e+00 
2.3705786757e-04 1.0000000000e+00 
2.9716154189e-05 3.1030649554e-01 
2.6288550192e-04 1.1518571802e-01 
1.4417368210e-05 4.0429888828e-01 
2.6971008268e-05 3.6902309691e-01 
2.8275616380e-05 1.7208726404e-01 
3.6156638207e-04 1.5070317745e-01 
3.2523409040e-05 1.0000000000e+00 
1.1308895670e-04 2.1070371963e-01 
4.6539785857e-05 2.8971370739e-01 
4.4287379259e-05 1.9104305415e-01 
6.4907131763e-05 1.0124227257e-01 
8.6839903159e-05 2.4658105152e-01 
2.5581530796e-05 2.7021604620e-01 
6.4825251586e-06 4.1052433294e-01 
3.0164875656e-05 2.8294529170e-01 
4.1258545947e-05 2.5598326531e-01 
1.2210555316e-05 1.0000000000e+00 
1.0313597242e-04 2.4897583467e-01 
3.2330379780e-05 1.7050691349e-01 
7.3312426157e-05 2.6481299688e-01 
2.9913685345e-05 1.4091348995e-01 
6.9590803590e-06 1.0000000000e+00 
1.1644180209e-04 1.4798026518e-01 
5.9263287197e-05 1.0852865269e-01 
8.5765701552e-06 4.0084093811e-01 
4.4020930830e-05 3.0950762162e-01 
9.7535853326e-05 2.3961367541e-01 
4.2601418462e-05 1.6660324616e-01 
5.9847786163e-05 1.2025421667e-01 
2.5102014821e-05 3.3936685950e-01 
6.9283396734e-05 2.4160383064e-01 
8.2587944799e-06 3.9007379823e-01 
5.7184560108e-05 1.6401856431e-01 
8.5786143874e-05 2.4761130408e-01 
5.7191606305e-05 1.0000000000e+00 
4.5577110185e-05 3.0457501313e-01 
2.2402835083e-05 3.1916683335e-01 
1.0014231942e-04 2.4391834170e-01 
3.9111980455e-05 2.8628077363e-01 
5.4815056635e-05 2.8260076708e-01 
3.0686226838e-05 1.0000000000e+00 
2.1880934520e-04 3.0590924820e-01 
4.1373649761e-04 1.7281425820e-01 
1.6523866624e-05 1.0000000000e+00 
1.0070345876e-05 1.0000000000e+00 
2.8016554968e-05 2.9985366587e-01 
5.8840860658e-06 4.1105654663e-01 
1.9743892521e-05 1.0000000000e+00 
7.2058608908e-06 3.9488691579e-01 
