7.4349509836e-05 4.2453788114e-01 
7.6398932534e-05 4.1856831557e-01 
1.6327282469e-05 5.2236341626e-01 
2.9486535603e-05 4.8430990789e-01 
4.9969742336e-06 9.9346325787e-01 
4.9995299820e-06 9.9832885029e-01 
6.8063853145e-05 3.5755981286e-01 
5.6638971994e-05 4.4986768691e-01 
9.8890294588e-06 5.1394851567e-01 
1.5879915005e-05 5.0156293864e-01 
2.9378110953e-05 4.7463696791e-01 
3.7151018569e-05 4.1206223102e-01 
3.1221899192e-05 4.5005449153e-01 
3.1743575694e-05 4.7216777457e-01 
1.0219319987e-05 5.0244963258e-01 
7.7379634888e-05 4.4395631472e-01 
1.0207034820e-04 3.4649927423e-01 
1.3773951344e-05 4.9384584970e-01 
1.5746362149e-05 1.0000000000e+00 
4.9930463832e-06 9.9521550194e-01 
6.5803368874e-06 5.5640659465e-01 
3.0880479822e-05 3.9555632676e-01 
2.5410248848e-05 4.7464573757e-01 
4.3473634352e-05 3.9012257148e-01 
4.9871030144e-06 9.9376329370e-01 
7.7226055310e-05 4.3474551616e-01 
1.1280809103e-04 4.2217583850e-01 
1.1588017398e-05 1.0000000000e+00 
4.5311666641e-05 4.5383117002e-01 
2.4609087569e-05 5.1688857134e-01 
4.9993339653e-06 9.9887539863e-01 
1.3995355495e-05 4.1413542875e-01 
1.0552188871e-04 4.2025263358e-01 
8.9216118766e-05 4.3218069027e-01 
5.1331632977e-05 4.4072525842e-01 
2.4035474872e-05 5.0983801403e-01 
1.0450555853e-05 5.1697337855e-01 
2.1822356353e-05 4.8680831120e-01 
5.4933999801e-06 1.0000000000e+00 
5.5922481297e-05 4.4706239901e-01 
1.0020043229e-05 5.0312748058e-01 
1.0630130547e-05 5.1466819109e-01 
2.4282762777e-05 4.5857937472e-01 
8.8180697372e-06 5.2074070020e-01 
5.5970367394e-05 4.3806609472e-01 
6.2403910383e-05 3.3874485704e-01 
1.3520021538e-05 5.0222263156e-01 
3.0243994272e-05 5.7279133021e-01 
2.3819443114e-05 4.0933989065e-01 
8.1428184781e-06 5.1931789594e-01 
4.0009837305e-05 4.7785183000e-01 
5.0251613008e-05 4.5235091850e-01 
3.8992361529e-05 4.3949201529e-01 
3.5613463893e-05 4.4793191239e-01 
2.7236681387e-05 4.7612645620e-01 
4.9885981013e-06 9.9551927043e-01 
7.4598047070e-05 4.2834202472e-01 
9.3477816400e-06 3.9048574462e-01 
1.9842629249e-05 4.4510759444e-01 
1.8188241847e-05 5.2014472380e-01 
3.1160652798e-05 3.5665538213e-01 
1.3640096147e-04 4.0373169941e-01 
2.1794469076e-05 3.7828958997e-01 
1.1561710760e-05 5.2012155742e-01 
1.3292236828e-05 1.0000000000e+00 
1.0036827862e-04 4.5089193868e-01 
1.9003500733e-05 5.1436527824e-01 
2.7471385292e-05 3.6138918338e-01 
6.1761936977e-05 3.4010571811e-01 
4.9997871943e-06 9.9914519091e-01 
1.6493412223e-05 4.7446093876e-01 
3.2539721791e-05 3.4594469714e-01 
2.0152253316e-04 4.0164264300e-01 
3.1918243519e-05 5.0921845839e-01 
7.0435739631e-05 4.3207769595e-01 
9.7555237422e-05 4.2921545383e-01 
7.6795536773e-06 5.0418285772e-01 
2.6992093865e-05 4.7548154060e-01 
3.3400603614e-05 4.0301160522e-01 
8.3967219011e-05 4.5946020358e-01 
8.5547007347e-05 4.3444025916e-01 
1.2318960081e-05 5.0986616430e-01 
4.9982253092e-06 9.9503538618e-01 
8.9971405510e-05 4.2507888874e-01 
1.8414676098e-05 5.1311373470e-01 
2.5618578179e-05 4.8546934127e-01 
1.2746051183e-04 4.1143085367e-01 
1.6334570857e-05 4.8243050341e-01 
6.7364314216e-05 4.1913922038e-01 
1.1149436333e-04 4.2162595813e-01 
6.2560998901e-05 4.4859965017e-01 
5.0115379621e-05 3.6624085451e-01 
4.9996393077e-06 9.9274695851e-01 
1.0791812440e-04 4.2570683807e-01 
4.8234954096e-05 4.6201037838e-01 
2.4250553613e-05 3.8626835010e-01 
1.0422451850e-05 5.0163566382e-01 
2.7102526980e-05 4.9845656712e-01 
5.8894625389e-05 4.4101398274e-01 
5.7806901228e-06 5.3420369565e-01 
4.1737193917e-05 4.1742070488e-01 
4.9988662467e-06 9.9893534907e-01 
3.2746914877e-05 4.4835609971e-01 
2.9831770498e-05 4.6827747470e-01 
1.0034360790e-05 5.1542410173e-01 
1.3829473022e-05 5.0143552565e-01 
4.3985293448e-05 3.7822327208e-01 
1.6369699618e-05 3.7956453820e-01 
1.9886913131e-05 5.0097800600e-01 
4.3424068106e-05 4.7239145330e-01 
2.0541754567e-05 3.6718925078e-01 
1.6019071741e-05 1.0000000000e+00 
5.4085572423e-05 3.6828292358e-01 
9.8718780726e-06 5.1606344178e-01 
2.0540711027e-05 5.3292618409e-01 
1.7171293990e-05 4.1242146878e-01 
7.4114528600e-05 4.2917697150e-01 
2.6480494252e-05 3.5834292875e-01 
4.7856486034e-05 4.4125692398e-01 
2.8629178961e-05 1.0000000000e+00 
6.8361916393e-05 4.9586807344e-01 
2.6378372642e-05 5.0331704701e-01 
7.3603851739e-05 4.2970322657e-01 
7.5660572262e-05 4.3021976972e-01 
9.8491052146e-06 5.1761326652e-01 
3.5263434309e-05 4.6173390955e-01 
5.5515044368e-05 4.5962630287e-01 
6.1489325521e-05 4.4169481877e-01 
4.8513856469e-05 4.5190202339e-01 
2.3664022215e-05 4.9386513346e-01 
1.3787086888e-05 5.1116422923e-01 
9.4426859209e-05 4.2518335543e-01 
5.6435406573e-05 4.3577101156e-01 
3.2681599286e-05 4.6978493269e-01 
4.5403255531e-05 3.4860236676e-01 
5.1893447636e-05 4.3509508936e-01 
4.2376773375e-05 3.8536775055e-01 
4.0245307117e-05 4.5032921128e-01 
3.0876319033e-05 4.6913980426e-01 
4.9999186815e-06 9.9939821478e-01 
5.4870617200e-05 4.7084797429e-01 
2.2361432030e-05 4.1742703111e-01 
3.9807542013e-05 4.5376671435e-01 
6.8807208942e-06 5.3122785813e-01 
4.9991479210e-06 9.9844551090e-01 
4.9890341777e-06 9.9306843645e-01 
1.0257217207e-04 4.2573423782e-01 
5.0455432110e-05 4.5122774168e-01 
2.8602722667e-05 4.7889863725e-01 
4.9998215076e-06 9.9906453891e-01 
1.1797302695e-05 1.0000000000e+00 
1.0116035672e-04 4.2457828698e-01 
7.3248584866e-06 4.1197503418e-01 
3.6109127898e-05 4.5810315531e-01 
6.5878519159e-05 4.4117612179e-01 
7.1697773999e-05 3.5574188506e-01 
3.4389600782e-05 3.4538075510e-01 
2.0087268430e-05 4.3593157165e-01 
4.9967285041e-06 9.9770147872e-01 
4.9996205014e-06 9.9668035598e-01 
6.7880780674e-06 5.4007674442e-01 
1.7562117443e-04 4.0259846204e-01 
4.9982061449e-06 9.9777547320e-01 
8.9350572441e-05 4.3277585216e-01 
5.9882460265e-05 4.4601132213e-01 
1.0799580091e-05 5.4434557304e-01 
6.8779639830e-05 4.2809864649e-01 
1.8980320913e-05 4.2735621595e-01 
4.9993473947e-06 9.9339046479e-01 
3.1217811990e-05 3.6449682721e-01 
8.6350280200e-05 4.3347194928e-01 
1.1645755966e-05 5.1190532714e-01 
2.1633733182e-04 3.9448013893e-01 
2.1600393713e-05 4.8103777222e-01 
1.3329462864e-04 4.1091663605e-01 
8.8018632877e-05 4.2918477392e-01 
1.4273825300e-05 4.9418076940e-01 
2.1755031379e-05 3.6689176295e-01 
1.4561140265e-04 4.1412570931e-01 
4.2524029903e-05 4.6713367240e-01 
6.3848743480e-05 3.5217479852e-01 
1.5831913612e-05 4.8423392048e-01 
6.8782908649e-05 4.2487069562e-01 
9.6137718968e-06 5.4939462212e-01 
4.9977061553e-06 9.9539097197e-01 
4.6539929795e-05 3.9062351772e-01 
2.2023701649e-05 3.6598072789e-01 
2.7080169894e-05 3.6986301627e-01 
1.0403792183e-04 4.8480733583e-01 
1.1793852698e-05 5.7385224382e-01 
1.7868245575e-05 4.9530244144e-01 
5.9941739077e-06 5.1379487960e-01 
3.8453672104e-05 3.4108565361e-01 
1.0825399633e-05 1.0000000000e+00 
4.4343397756e-05 4.5164426893e-01 
1.1827289643e-05 5.3074916193e-01 
3.4549767828e-05 4.1834349673e-01 
6.9136664464e-06 1.0000000000e+00 
4.9972726099e-06 9.9057905546e-01 
7.8489276352e-05 4.2882309955e-01 
3.2537603184e-04 3.8890618126e-01 
1.7104632738e-05 3.8045671260e-01 
3.8108527482e-05 4.6411803377e-01 
5.9918861168e-06 5.4649097626e-01 
1.2739813851e-05 5.5885072283e-01 
7.1063151858e-05 4.3300318502e-01 
1.2260401347e-05 5.0713284241e-01 
1.1133284511e-04 4.6560892491e-01 
2.7788863970e-05 3.8768401142e-01 
6.8284029705e-06 1.0000000000e+00 
1.2391304346e-04 4.0572732333e-01 
1.5013599317e-04 4.0040630827e-01 
6.0863958602e-05 4.4382310134e-01 
8.5442026304e-06 1.0000000000e+00 
3.4674968749e-05 4.6744265397e-01 
1.2372698904e-05 5.0431135415e-01 
1.2222731868e-04 4.7341376114e-01 
8.0947671272e-06 5.4508946325e-01 
3.0912376625e-05 4.7061666907e-01 
3.1822986836e-05 4.7276785354e-01 
5.1732938935e-05 4.2361968468e-01 
4.5021211101e-05 4.5333232841e-01 
1.4404888542e-05 3.7093544516e-01 
8.0875754302e-06 1.0000000000e+00 
5.1052988213e-05 4.5257190732e-01 
6.1077273656e-05 4.2286141647e-01 
5.5041815881e-06 1.0000000000e+00 
4.9961230232e-06 9.9787480934e-01 
4.9991929156e-06 9.9660241499e-01 
1.6141912517e-05 5.3014866188e-01 
2.3205182374e-04 3.9040648483e-01 
7.8014673526e-05 4.4549766338e-01 
2.8255953609e-05 4.6755912095e-01 
3.2181010823e-05 4.6576412949e-01 
4.9983796395e-06 9.9148454597e-01 
3.5161297797e-05 3.9985058604e-01 
1.0427269308e-05 5.1134700054e-01 
1.3758989854e-05 5.3646872403e-01 
3.5641602562e-05 5.0674342008e-01 
6.3119196902e-05 4.2997353782e-01 
1.4055506937e-05 4.9978898555e-01 
3.1700412684e-05 3.4928328753e-01 
1.6237698574e-04 4.0871436973e-01 
2.4369352098e-05 4.6249698889e-01 
1.0719214442e-04 4.1856368410e-01 
4.9830092510e-06 9.9254337205e-01 
2.3132027204e-05 4.7631921412e-01 
9.8572584611e-06 5.3860831672e-01 
8.3699851946e-06 5.2657802336e-01 
1.3680650956e-04 3.4901802084e-01 
2.3392905471e-05 4.8766143257e-01 
8.2053639433e-05 4.3249528026e-01 
1.1003400065e-04 4.1592048793e-01 
4.9950887952e-06 9.9251318402e-01 
5.3513369816e-05 4.4512161858e-01 
1.0090303052e-04 4.2723871975e-01 
1.7310800171e-05 5.0036147839e-01 
4.2467177259e-05 4.4748409025e-01 
9.8373509609e-06 5.2001138396e-01 
2.5238990363e-05 5.2010905783e-01 
1.0214296175e-04 4.0786844243e-01 
1.5449367499e-04 3.9477791409e-01 
4.9984188446e-06 9.9890323955e-01 
1.3566940480e-05 4.9183886036e-01 
5.8434788369e-05 4.2802711598e-01 
3.9578453767e-05 3.5605007341e-01 
1.4802811372e-05 5.2903050608e-01 
9.9164878049e-06 5.2004914698e-01 
1.0122352707e-04 4.1995786639e-01 
6.2100303504e-05 4.5463545451e-01 
8.6188848527e-06 1.0000000000e+00 
1.5083126776e-05 3.7784952843e-01 
8.2902878797e-06 1.0000000000e+00 
4.9893719093e-05 4.3038887399e-01 
2.4011114236e-05 4.4618695273e-01 
1.8683838552e-05 5.0907295780e-01 
3.7468379468e-05 4.5658616591e-01 
7.2938815803e-05 4.6769040346e-01 
7.1191696187e-05 3.3147433928e-01 
4.2881672318e-05 3.4597335718e-01 
6.9587422591e-05 4.2913058508e-01 
3.5818458452e-05 4.1705082732e-01 
4.1266727797e-05 4.5473626544e-01 
2.9047717084e-05 4.6768851508e-01 
3.4531679967e-05 4.4748181589e-01 
2.5578978875e-05 4.3446772815e-01 
7.7606789887e-05 4.3779354818e-01 
4.9992765443e-06 9.9920140710e-01 
5.1047506334e-05 3.7971426412e-01 
6.8682742815e-06 5.3706220934e-01 
4.9915168249e-06 9.9519735160e-01 
4.3185486536e-05 4.5795669941e-01 
5.7366218520e-05 4.5632909245e-01 
6.1808963009e-06 4.3472787761e-01 
6.4702776908e-05 4.4065428367e-01 
1.5133779621e-05 4.7814490325e-01 
4.9255876821e-05 4.3741851634e-01 
8.9954104837e-06 1.0000000000e+00 
3.2581614598e-05 4.6577259879e-01 
7.3968024003e-05 4.3428764707e-01 
