3.4495555159e-11 1.3789093546e+04 1.1507973069e+00 3.6000000000e-01 
7.7747338012e-10 1.2570468188e+04 5.8021888350e-01 3.6000000000e-01 
4.1548772004e-06 1.2163825548e+04 1.8385483643e-01 3.6000000000e-01 
4.3451989813e-09 1.2704397682e+04 4.3520811673e-01 3.6000000000e-01 
4.1932171845e-10 1.2159896187e+04 9.3394992533e-01 3.6000000000e-01 
6.0269132897e-09 1.6348270423e+04 7.8643611771e-01 3.6000000000e-01 
3.0838226128e-09 1.2277685284e+04 5.9974452558e-01 3.6000000000e-01 
5.9601570171e-07 1.1445247052e+04 5.2247658486e-01 3.6000000000e-01 
1.9029629372e-08 2.5000000000e+04 1.1803229258e+00 3.6000000000e-01 
4.7468526129e-10 1.7255179205e+04 1.0030010216e+00 3.6000000000e-01 
1.0378671130e-06 1.2650584320e+04 1.1782318558e+00 3.6000000000e-01 
7.1802117541e-08 1.4950789270e+04 9.2057074492e-01 3.6000000000e-01 
2.1476078705e-09 2.0244699236e+04 1.3838401365e+00 3.6000000000e-01 
9.4067657534e-09 1.3353482113e+04 1.4208526820e+00 3.6000000000e-01 
8.4933551685e-10 1.2111312904e+04 1.2673719579e+00 3.6000000000e-01 
2.7344058025e-09 1.6008896677e+04 1.2037559324e-01 3.6000000000e-01 
1.6319062346e-09 1.3288137284e+04 9.6132037202e-01 3.6000000000e-01 
7.9155737641e-09 1.1262571283e+04 1.2778639667e+00 3.6000000000e-01 
3.4023504112e-10 1.2774262365e+04 1.2894576894e+00 3.6000000000e-01 
6.2042637321e-08 1.1979073305e+04 5.3746555350e-01 3.6000000000e-01 
7.7613215353e-10 1.5718021879e+04 1.2038402357e+00 3.6000000000e-01 
2.2228146323e-08 1.2567473961e+04 8.9087029727e-01 3.6000000000e-01 
3.3934956599e-09 2.2184662216e+04 6.0841776632e-01 3.6000000000e-01 
5.3192141903e-11 1.3005003093e+04 1.1821097208e+00 3.6000000000e-01 
1.8152798366e-07 1.2347664982e+04 2.5859760922e-01 3.6000000000e-01 
1.4360350864e-08 1.3345458425e+04 6.8178515032e-01 3.6000000000e-01 
9.7337486143e-06 1.2820906987e+04 5.3190780073e-01 3.6000000000e-01 
2.6531157126e-07 2.5000000000e+04 1.2096284291e+00 3.6000000000e-01 
1.9204170753e-06 1.7747863354e+04 2.4462766454e-02 3.6000000000e-01 
2.6132053025e-09 1.3762010579e+04 1.3699277928e+00 3.6000000000e-01 
3.2242237425e-09 1.4037974686e+04 5.5977139681e-01 3.6000000000e-01 
3.7564815588e-11 1.2611257374e+04 1.3452081815e+00 3.6000000000e-01 
4.2211583342e-09 1.4428810032e+04 1.2318712079e+00 3.6000000000e-01 
8.9339104756e-09 2.5000000000e+04 1.0464783481e+00 3.6000000000e-01 
3.9262198584e-09 1.2885559237e+04 7.0098965270e-01 3.6000000000e-01 
7.0232172179e-10 1.3505918871e+04 1.1631687291e+00 3.6000000000e-01 
2.1731183332e-10 1.1903814992e+04 7.3180598063e-01 3.6000000000e-01 
5.2856898148e-09 1.6535931597e+04 1.0195269183e+00 3.6000000000e-01 
3.8175595306e-10 1.2860589551e+04 1.4855473924e+00 3.6000000000e-01 
1.0676194074e-09 1.5482719089e+04 6.9897068629e-01 3.6000000000e-01 
1.6924491179e-11 1.7728807038e+04 8.2580489776e-01 3.6000000000e-01 
9.2713973246e-07 1.4672682244e+04 9.7187944275e-01 3.6000000000e-01 
2.4569075429e-09 1.2430465282e+04 1.2664586507e+00 3.6000000000e-01 
5.0239779100e-11 1.1226366842e+04 8.1272953564e-01 3.6000000000e-01 
1.9547270884e-10 1.3142199739e+04 8.4902670901e-01 3.6000000000e-01 
5.1733381090e-10 1.1661316562e+04 1.2133474027e+00 3.6000000000e-01 
9.9286741101e-09 1.2797934123e+04 1.0167752364e+00 3.6000000000e-01 
1.0234821807e-08 1.1365652928e+04 8.6802510167e-01 3.6000000000e-01 
4.1692722153e-08 1.2283858183e+04 1.1101235258e+00 3.6000000000e-01 
2.0056311272e-09 1.2199500464e+04 3.6065830629e-01 3.6000000000e-01 
1.2070477308e-08 1.1937244706e+04 1.0622422315e+00 3.6000000000e-01 
3.9396267208e-10 1.2039019377e+04 6.0659205088e-01 3.6000000000e-01 
1.5164253701e-09 1.1807007600e+04 5.6918636691e-01 3.6000000000e-01 
2.0463925502e-09 1.1663449858e+04 8.1810016387e-01 3.6000000000e-01 
1.1348241125e-08 2.1225066953e+04 1.0165952790e+00 3.6000000000e-01 
6.6289272889e-08 1.4936964803e+04 1.2698984841e+00 3.6000000000e-01 
4.3888524221e-06 1.1788246753e+04 1.0680048565e+00 3.6000000000e-01 
1.1465618894e-09 1.2893395951e+04 1.0250319500e+00 3.6000000000e-01 
5.2811294585e-07 1.1204523057e+04 5.8594667137e-01 3.6000000000e-01 
7.8815431487e-09 1.1317979851e+04 9.8587900156e-01 3.6000000000e-01 
1.5395470486e-08 1.3900514691e+04 5.2951464170e-01 3.6000000000e-01 
1.4311844877e-09 1.3181989547e+04 1.2670386655e+00 3.6000000000e-01 
3.1111416644e-06 1.9739959028e+04 8.3168056873e-01 3.6000000000e-01 
4.7824078298e-09 1.1750839338e+04 9.0074640344e-01 3.6000000000e-01 
9.4300736506e-10 1.8394440916e+04 3.0848495677e-01 3.6000000000e-01 
1.2361693869e-08 1.8104253819e+04 6.6558951006e-01 3.6000000000e-01 
3.6641365824e-07 1.1254218526e+04 2.4704365408e-03 3.6000000000e-01 
1.1593132286e-06 1.2978667754e+04 9.0286535405e-01 3.6000000000e-01 
9.1215276219e-09 1.1643165086e+04 6.9097748010e-01 3.6000000000e-01 
2.3815635299e-06 1.4530432965e+04 1.1366328281e+00 3.6000000000e-01 
1.9025788461e-09 1.8706104574e+04 9.1963712555e-01 3.6000000000e-01 
7.6667924973e-08 1.1865275764e+04 3.8413080169e-02 3.6000000000e-01 
1.0584071446e-09 1.9125084301e+04 6.3455758398e-01 3.6000000000e-01 
1.0130721226e-11 1.1297255955e+04 1.5051163910e-01 3.6000000000e-01 
2.1007729083e-08 1.1633614298e+04 1.0160003287e+00 3.6000000000e-01 
1.3229183516e-09 1.2926112392e+04 1.1307051053e+00 3.6000000000e-01 
2.8477259949e-09 1.1852104024e+04 1.4633544788e-01 3.6000000000e-01 
2.0588180242e-10 1.2079321374e+04 1.1348706921e+00 3.6000000000e-01 
8.1852051564e-10 1.2565576555e+04 1.0054939568e+00 3.6000000000e-01 
1.7546751020e-10 1.3280400762e+04 7.0262597541e-01 3.6000000000e-01 
2.5608886432e-09 1.3191154524e+04 3.6043999679e-01 3.6000000000e-01 
1.9989268584e-07 1.5972123187e+04 4.1350337966e-01 3.6000000000e-01 
3.0969772620e-06 1.2153156217e+04 6.8413351426e-01 3.6000000000e-01 
2.2342461875e-08 1.1796222013e+04 1.2133706127e+00 3.6000000000e-01 
1.5586058591e-06 1.2168408915e+04 8.9372226246e-01 3.6000000000e-01 
4.2100007884e-09 1.2868010167e+04 1.1323114472e+00 3.6000000000e-01 
2.0545778454e-08 1.3682086534e+04 8.8410386681e-01 3.6000000000e-01 
8.9464052126e-10 1.5741230655e+04 6.4631456802e-01 3.6000000000e-01 
1.2039413808e-10 1.7072751801e+04 9.1614125042e-01 3.6000000000e-01 
1.5426036387e-05 1.6622838936e+04 7.2310288051e-02 3.6000000000e-01 
8.8136234434e-09 1.3438065485e+04 6.1402874617e-01 3.6000000000e-01 
1.6025361407e-09 1.7034116571e+04 7.1948624989e-01 3.6000000000e-01 
2.6855853830e-07 1.1235432966e+04 7.5185945368e-01 3.6000000000e-01 
2.2225688946e-10 1.4831899124e+04 3.5663603399e-01 3.6000000000e-01 
1.4419369664e-09 1.1721096321e+04 6.1761996618e-01 3.6000000000e-01 
8.3620145667e-08 1.7202088475e+04 5.5782972282e-01 3.6000000000e-01 
3.2305918143e-10 1.3642571632e+04 1.0125507785e+00 3.6000000000e-01 
2.1604200943e-07 2.5000000000e+04 6.7122108122e-01 3.6000000000e-01 
2.8134826682e-11 1.2733330608e+04 4.4042356872e-01 3.6000000000e-01 
5.9143552330e-08 1.5345037558e+04 1.0196719941e+00 3.6000000000e-01 
1.9533620073e-10 1.4337592607e+04 5.6325303221e-01 3.6000000000e-01 
4.0650670121e-11 1.4388341742e+04 8.3812686533e-01 3.6000000000e-01 
2.0791027977e-08 1.2459895667e+04 5.7934733522e-01 3.6000000000e-01 
3.0389380224e-09 1.2099080312e+04 8.1345554005e-01 3.6000000000e-01 
2.9709778795e-08 1.7153197183e+04 1.0154293824e+00 3.6000000000e-01 
1.8957156764e-09 1.1318839805e+04 1.4045177164e+00 3.6000000000e-01 
8.1840013777e-10 1.1577846131e+04 3.5644682758e-01 3.6000000000e-01 
1.3169831340e-10 1.5433470847e+04 7.3531128457e-01 3.6000000000e-01 
1.3476341407e-08 2.5000000000e+04 9.6995604484e-01 3.6000000000e-01 
1.7458392393e-09 1.1319857507e+04 1.2748380916e+00 3.6000000000e-01 
2.0363270841e-08 1.1545180568e+04 1.2620150861e+00 3.6000000000e-01 
9.5821690040e-08 1.1588712639e+04 1.4165735393e-01 3.6000000000e-01 
7.3723343232e-10 1.1530697442e+04 1.0493236178e+00 3.6000000000e-01 
7.8382793549e-09 1.2627413773e+04 1.1319550221e+00 3.6000000000e-01 
4.3115927623e-11 1.7010449659e+04 6.6058218428e-01 3.6000000000e-01 
1.3569915694e-10 1.4308236676e+04 1.2456517076e+00 3.6000000000e-01 
1.2210845274e-10 1.8008914105e+04 4.3770361075e-01 3.6000000000e-01 
5.0632396321e-10 1.4778586515e+04 9.0162541520e-01 3.6000000000e-01 
3.0974019264e-10 1.1370167808e+04 2.3219846374e-01 3.6000000000e-01 
1.8055841254e-10 2.5000000000e+04 6.8228304026e-01 3.6000000000e-01 
2.0085423532e-10 2.5000000000e+04 6.6086143057e-01 3.6000000000e-01 
2.2842593926e-09 1.2254861707e+04 7.4652085735e-01 3.6000000000e-01 
4.6789897708e-08 1.1868848242e+04 5.6252112951e-01 3.6000000000e-01 
2.9874604828e-08 1.5305614521e+04 2.4519428058e-01 3.6000000000e-01 
2.4917450267e-08 1.5531422707e+04 6.3932301028e-01 3.6000000000e-01 
5.6453244293e-09 1.1238613133e+04 1.3474391744e+00 3.6000000000e-01 
1.2616849371e-06 1.2183140445e+04 1.2751876687e+00 3.6000000000e-01 
1.3938152154e-10 1.2126167298e+04 6.5390294385e-01 3.6000000000e-01 
1.6479091010e-08 2.5000000000e+04 7.4019893077e-01 3.6000000000e-01 
5.3221569052e-09 1.3167566583e+04 8.0745919551e-01 3.6000000000e-01 
4.7749935531e-10 1.5568937502e+04 5.2667986196e-01 3.6000000000e-01 
2.2674013984e-08 1.1272452874e+04 6.3039800885e-01 3.6000000000e-01 
1.3159851233e-09 1.3946388924e+04 1.4930183564e+00 3.6000000000e-01 
1.7174471779e-07 1.3331929763e+04 5.8651331716e-01 3.6000000000e-01 
1.5237231032e-06 1.8872250612e+04 3.3530427904e-01 3.6000000000e-01 
5.6589770796e-11 1.9283448720e+04 9.5638051371e-01 3.6000000000e-01 
3.5133382438e-09 1.7420967066e+04 9.5177925448e-01 3.6000000000e-01 
1.5471153500e-08 1.6202819878e+04 5.9051994047e-01 3.6000000000e-01 
4.0066140497e-08 1.3713056486e+04 3.0300272159e-01 3.6000000000e-01 
2.0633448229e-11 1.4694387999e+04 1.1037761188e+00 3.6000000000e-01 
3.7543114800e-12 1.3941195068e+04 1.3174652295e+00 3.6000000000e-01 
8.6366024602e-09 2.1871519897e+04 1.2527807380e+00 3.6000000000e-01 
2.8652035033e-07 1.3662564342e+04 9.8899853594e-01 3.6000000000e-01 
7.5133883688e-10 1.3707775720e+04 4.6173188434e-01 3.6000000000e-01 
8.1234565213e-10 1.1522079275e+04 1.4099321110e+00 3.6000000000e-01 
4.2352675904e-10 1.1769202636e+04 6.0480886354e-01 3.6000000000e-01 
5.4788532660e-09 1.4234201719e+04 9.0717598791e-01 3.6000000000e-01 
1.4222031520e-10 1.3824589168e+04 3.7205312291e-01 3.6000000000e-01 
1.4669377761e-09 1.1492606047e+04 9.6723220893e-01 3.6000000000e-01 
1.4435239270e-05 1.2750253678e+04 1.0863801309e+00 3.6000000000e-01 
9.8631650005e-09 1.1699661545e+04 7.8382407769e-01 3.6000000000e-01 
9.2678746338e-11 1.8784189000e+04 1.2073215767e+00 3.6000000000e-01 
3.5785396845e-08 1.4170410722e+04 8.4606528508e-01 3.6000000000e-01 
8.3479464489e-12 1.3786622028e+04 7.6358661271e-01 3.6000000000e-01 
5.2256103285e-11 1.1224610259e+04 8.9160418974e-01 3.6000000000e-01 
1.3913488695e-09 1.2764230917e+04 7.6778543274e-01 3.6000000000e-01 
2.1422585889e-09 1.5667177236e+04 1.1860145494e+00 3.6000000000e-01 
6.1932052016e-09 1.3756545822e+04 8.4525388565e-01 3.6000000000e-01 
3.4025830298e-10 1.3924493194e+04 2.3724830304e-01 3.6000000000e-01 
3.7892055461e-09 1.1311019261e+04 6.3137885127e-01 3.6000000000e-01 
3.8534128991e-11 1.5719625486e+04 5.1061507642e-01 3.6000000000e-01 
2.0723435383e-09 1.2497968092e+04 9.5135551683e-01 3.6000000000e-01 
1.7867871142e-06 1.1772563926e+04 7.4596001962e-01 3.6000000000e-01 
3.6165084747e-08 1.4595534509e+04 1.1735149231e+00 3.6000000000e-01 
9.1948676129e-08 1.1945584754e+04 1.1464330948e+00 3.6000000000e-01 
2.5519571321e-08 1.7505668256e+04 6.2816945813e-01 3.6000000000e-01 
1.6513992007e-10 1.3569611720e+04 4.3109580498e-01 3.6000000000e-01 
2.6593536339e-08 1.3834124996e+04 2.2185287877e-01 3.6000000000e-01 
2.5758195931e-09 1.1592980733e+04 1.2524387422e-01 3.6000000000e-01 
2.8007846295e-09 1.7948473590e+04 8.7267997447e-01 3.6000000000e-01 
1.9811773008e-09 1.1676423816e+04 1.2994195130e+00 3.6000000000e-01 
1.6093700627e-07 1.3646903767e+04 3.3463357363e-01 3.6000000000e-01 
6.7401445606e-11 1.1732294705e+04 7.4559497378e-01 3.6000000000e-01 
1.2958524203e-08 1.7490424501e+04 1.2723639384e+00 3.6000000000e-01 
1.7588930370e-06 1.2608450704e+04 6.0304419949e-01 3.6000000000e-01 
1.3582674234e-08 1.1686981799e+04 5.4658584144e-01 3.6000000000e-01 
6.2446757360e-09 1.1879692022e+04 1.3208240916e+00 3.6000000000e-01 
5.5022452992e-09 1.2879038037e+04 9.6912855974e-01 3.6000000000e-01 
3.1974322998e-08 1.2126112892e+04 1.0001153234e-01 3.6000000000e-01 
2.3119517740e-10 1.2511561424e+04 6.6953823360e-01 3.6000000000e-01 
6.3118574641e-09 1.4479483593e+04 2.1005524322e-01 3.6000000000e-01 
3.3199621452e-08 1.9051247305e+04 9.8953804733e-01 3.6000000000e-01 
3.8369292810e-10 1.5995793367e+04 7.3368524813e-01 3.6000000000e-01 
2.7078905706e-09 1.1251228667e+04 7.0593332873e-01 3.6000000000e-01 
4.5485411498e-12 1.1948004391e+04 5.0346393768e-01 3.6000000000e-01 
2.2992595323e-10 1.2705863817e+04 6.7927607540e-01 3.6000000000e-01 
4.2048129551e-09 1.5712954845e+04 1.2178064719e+00 3.6000000000e-01 
1.5496603450e-07 2.5000000000e+04 6.5910616654e-01 3.6000000000e-01 
8.5918334552e-06 1.1351063453e+04 5.3817447096e-01 3.6000000000e-01 
7.8266944679e-08 1.4781136404e+04 9.2319084633e-01 3.6000000000e-01 
1.2609747032e-10 1.3915732719e+04 5.6839766246e-01 3.6000000000e-01 
4.3102343754e-07 1.4329364192e+04 4.8644701252e-01 3.6000000000e-01 
2.3328661167e-08 2.5000000000e+04 8.9173936159e-01 3.6000000000e-01 
4.3930005365e-09 1.4100013382e+04 6.7697571642e-01 3.6000000000e-01 
2.1418553648e-10 1.3686854990e+04 6.8805420163e-01 3.6000000000e-01 
2.0177779943e-07 1.2521830185e+04 2.6266226425e-01 3.6000000000e-01 
7.4947593546e-09 2.0072222328e+04 7.6398654291e-01 3.6000000000e-01 
2.0663561134e-09 1.2814217843e+04 9.1694849118e-01 3.6000000000e-01 
4.2744060059e-06 1.3413453925e+04 1.8749194762e-01 3.6000000000e-01 
3.6301985746e-07 1.5104991670e+04 8.4270802803e-01 3.6000000000e-01 
1.2461907725e-10 1.1286373091e+04 5.3850135051e-01 3.6000000000e-01 
1.0641270349e-10 1.3183141456e+04 2.6176313095e-01 3.6000000000e-01 
1.8388633630e-09 1.3439482028e+04 9.0159025118e-01 3.6000000000e-01 
3.2681230172e-09 1.1235875880e+04 2.6163152671e-01 3.6000000000e-01 
2.1121909276e-09 1.1707312696e+04 8.9906465172e-01 3.6000000000e-01 
9.4663728416e-07 1.5381017211e+04 1.2091418877e+00 3.6000000000e-01 
9.4520490568e-07 1.2391544684e+04 9.9847950995e-01 3.6000000000e-01 
1.1680355222e-06 1.4632076442e+04 8.0853448315e-01 3.6000000000e-01 
3.6661509410e-10 1.2432477494e+04 6.4902522265e-01 3.6000000000e-01 
8.5875634253e-11 1.1878274013e+04 7.1686241287e-01 3.6000000000e-01 
8.5156075294e-09 1.9202412270e+04 6.1666214197e-01 3.6000000000e-01 
2.3346942254e-11 1.1660745501e+04 1.9897785011e-01 3.6000000000e-01 
2.3575497698e-10 1.1918679085e+04 8.1775538564e-01 3.6000000000e-01 
8.0790119328e-10 1.5157433856e+04 9.1291355295e-01 3.6000000000e-01 
7.6936794469e-08 1.1929541735e+04 2.4259420372e-01 3.6000000000e-01 
3.6189454253e-10 1.2187728086e+04 8.4824756087e-01 3.6000000000e-01 
4.6422373437e-08 1.4727888852e+04 6.5998743595e-01 3.6000000000e-01 
8.1169467734e-10 1.5144734641e+04 5.9933363071e-01 3.6000000000e-01 
6.8832321695e-09 1.1399261478e+04 1.4040655231e-01 3.6000000000e-01 
1.2155516976e-09 1.3188410284e+04 3.0626012015e-01 3.6000000000e-01 
1.5153601704e-09 1.2049918092e+04 1.3114358927e+00 3.6000000000e-01 
1.5772465250e-09 1.1858109537e+04 3.9106890923e-01 3.6000000000e-01 
2.2682917615e-09 1.4278353587e+04 1.1319706724e+00 3.6000000000e-01 
9.3611783658e-10 1.2437502061e+04 5.2216906048e-01 3.6000000000e-01 
6.2884787921e-07 1.2025002720e+04 3.0278311522e-01 3.6000000000e-01 
1.7571710052e-06 1.1890017694e+04 6.6008954819e-01 3.6000000000e-01 
6.3678098710e-07 1.6592457871e+04 1.1626491153e+00 3.6000000000e-01 
1.1306099470e-10 1.4411025564e+04 7.5959116133e-01 3.6000000000e-01 
9.9151192016e-10 2.5000000000e+04 6.4941813437e-01 3.6000000000e-01 
1.0244466587e-08 1.6021870049e+04 1.0692166453e+00 3.6000000000e-01 
1.2473329650e-09 2.3230701437e+04 7.2748999989e-01 3.6000000000e-01 
7.1715295695e-11 2.2581303472e+04 8.3198699412e-01 3.6000000000e-01 
9.0510050122e-11 1.7879801951e+04 5.6798121597e-01 3.6000000000e-01 
1.1291213841e-09 1.5812641000e+04 7.3561534179e-01 3.6000000000e-01 
9.0008695946e-09 2.1640874233e+04 9.6252108641e-01 3.6000000000e-01 
4.7497813235e-08 1.8589338203e+04 4.2684814717e-01 3.6000000000e-01 
9.1632757934e-11 1.1467869475e+04 1.0070818590e+00 3.6000000000e-01 
4.2700444098e-10 1.1585325087e+04 1.3012373642e+00 3.6000000000e-01 
2.5271462747e-09 1.4679504710e+04 1.2882482888e+00 3.6000000000e-01 
9.3954972664e-09 1.1621657009e+04 9.5407050264e-01 3.6000000000e-01 
5.3272468063e-10 1.5764445247e+04 7.4508564616e-01 3.6000000000e-01 
7.2130187422e-07 1.2836401190e+04 5.0995945929e-01 3.6000000000e-01 
1.8839652776e-09 1.1552662425e+04 1.2985235312e+00 3.6000000000e-01 
5.3605792137e-09 1.1628432663e+04 1.1795451436e+00 3.6000000000e-01 
1.3578667014e-10 1.4354751516e+04 8.3950392976e-01 3.6000000000e-01 
1.4758401080e-11 1.1792197032e+04 9.1778427405e-01 3.6000000000e-01 
3.3511403515e-08 1.2893006332e+04 7.1070491424e-01 3.6000000000e-01 
3.2015472259e-10 1.5304271781e+04 7.1562587251e-01 3.6000000000e-01 
8.6235375763e-11 1.6700045499e+04 7.4497474755e-01 3.6000000000e-01 
2.4512635884e-09 1.3192573759e+04 1.9542847838e-01 3.6000000000e-01 
1.2226494641e-08 1.2243491483e+04 6.7577111655e-01 3.6000000000e-01 
1.1329187653e-08 1.7320107724e+04 8.6881322221e-01 3.6000000000e-01 
1.3012641490e-05 1.8118744797e+04 8.9133392065e-01 3.6000000000e-01 
1.7633030583e-09 1.1413602392e+04 1.0696265557e+00 3.6000000000e-01 
9.1473528699e-07 1.1559080768e+04 9.9205241157e-01 3.6000000000e-01 
3.2893315993e-10 1.1286623386e+04 6.2323470305e-01 3.6000000000e-01 
2.8905249006e-07 1.4960224857e+04 8.3121325350e-01 3.6000000000e-01 
6.0193704060e-09 1.1721575937e+04 5.6047764150e-01 3.6000000000e-01 
2.9271363575e-09 1.3146956597e+04 6.9450694297e-01 3.6000000000e-01 
9.6734001054e-11 1.2706331067e+04 1.0410666971e+00 3.6000000000e-01 
1.0281588569e-07 1.1207769680e+04 8.6729639787e-01 3.6000000000e-01 
1.0744934598e-08 1.5035938362e+04 1.3156793762e+00 3.6000000000e-01 
2.7321294814e-09 1.1976935644e+04 9.4069905599e-01 3.6000000000e-01 
1.2776227544e-09 1.1665586088e+04 1.2128156770e+00 3.6000000000e-01 
5.6255031647e-09 1.2542596948e+04 5.9535946745e-01 3.6000000000e-01 
1.6886091267e-08 1.4614628286e+04 1.3653022913e+00 3.6000000000e-01 
8.5482247093e-10 1.5855359261e+04 1.7856641630e-01 3.6000000000e-01 
3.7939287828e-09 1.3736272663e+04 6.5085086759e-01 3.6000000000e-01 
4.1601897951e-10 1.1824939754e+04 6.8124073404e-01 3.6000000000e-01 
6.5843599402e-08 1.2607149573e+04 1.4293974350e+00 3.6000000000e-01 
5.9213343356e-06 1.3382710697e+04 6.3100862309e-01 3.6000000000e-01 
1.0660115067e-10 1.7456430175e+04 2.8736021914e-01 3.6000000000e-01 
4.5385854241e-09 1.1800660597e+04 5.7926808112e-01 3.6000000000e-01 
1.3052551912e-10 1.1968417909e+04 6.2979286095e-01 3.6000000000e-01 
4.0446961426e-11 1.2302485459e+04 1.0916243162e+00 3.6000000000e-01 
9.8646021147e-08 1.1571195010e+04 1.2911476087e+00 3.6000000000e-01 
6.6088563416e-09 1.1454443905e+04 1.1420314400e+00 3.6000000000e-01 
1.6300011405e-09 1.1916373733e+04 7.6238270874e-01 3.6000000000e-01 
2.1938808487e-09 1.1549259219e+04 9.4897875538e-01 3.6000000000e-01 
4.7389381382e-07 1.5491944145e+04 2.7418048574e-01 3.6000000000e-01 
8.9137835113e-12 2.5000000000e+04 1.1778769839e+00 3.6000000000e-01 
1.4647740331e-10 1.2100438447e+04 3.7893885614e-01 3.6000000000e-01 
1.6537332767e-10 1.1411520046e+04 8.2077835916e-01 3.6000000000e-01 
1.5321963654e-09 1.2659325224e+04 7.4393758994e-01 3.6000000000e-01 
9.2783985973e-08 1.7882721862e+04 5.2189989747e-01 3.6000000000e-01 
5.7251309924e-10 1.6682830872e+04 1.4753154073e+00 3.6000000000e-01 
2.6603013554e-11 1.9771210977e+04 8.5735970398e-01 3.6000000000e-01 
4.2731195724e-10 1.1320724574e+04 9.4533064782e-01 3.6000000000e-01 
9.5615299534e-08 1.5482964056e+04 1.2308145252e+00 3.6000000000e-01 
2.6706349820e-09 1.2378964834e+04 5.4762075543e-01 3.6000000000e-01 
4.8646751383e-11 1.2143623309e+04 1.4850129797e+00 3.6000000000e-01 
2.8188189019e-10 1.1646000028e+04 1.1821106167e+00 3.6000000000e-01 
1.2500593638e-09 1.3826613624e+04 2.7423374155e-01 3.6000000000e-01 
3.2776237459e-09 1.7366756221e+04 1.2516723093e+00 3.6000000000e-01 
2.0638367007e-10 1.1499494502e+04 1.1701423114e+00 3.6000000000e-01 
2.1028041206e-08 1.5605853628e+04 8.8759478701e-01 3.6000000000e-01 
1.9291018357e-10 1.3870467049e+04 1.0055277491e+00 3.6000000000e-01 
3.6597499625e-08 1.2063042934e+04 1.4179097059e+00 3.6000000000e-01 
9.8477486855e-09 1.7930256642e+04 9.8720640842e-01 3.6000000000e-01 
1.7470435589e-06 1.5447604294e+04 3.5841803477e-01 3.6000000000e-01 
1.4422163667e-09 1.4490958844e+04 9.1705840031e-01 3.6000000000e-01 
2.4863760396e-07 1.3945222772e+04 5.3938385834e-01 3.6000000000e-01 
3.9575762736e-08 1.9789967382e+04 7.0525346142e-01 3.6000000000e-01 
4.0102924459e-08 1.3143858042e+04 6.8057707725e-01 3.6000000000e-01 
3.2310951058e-07 2.5000000000e+04 7.3630839489e-01 3.6000000000e-01 
8.5762006323e-09 1.5860402237e+04 6.9978237020e-01 3.6000000000e-01 
2.2239156959e-08 1.1801837130e+04 9.9221313057e-02 3.6000000000e-01 
3.5487689671e-10 1.3921593111e+04 1.2314446584e+00 3.6000000000e-01 
2.7115051702e-09 1.7702378807e+04 6.4744694641e-01 3.6000000000e-01 
2.0169752088e-07 1.1802172401e+04 1.4461852899e+00 3.6000000000e-01 
1.5496030963e-07 1.2276889346e+04 4.8202295777e-01 3.6000000000e-01 
3.0555686538e-11 1.5202403691e+04 3.3630658852e-01 3.6000000000e-01 
1.7014615753e-09 1.1253718771e+04 6.0809594081e-01 3.6000000000e-01 
1.4188055994e-09 1.1645537807e+04 8.9794661306e-01 3.6000000000e-01 
1.0840737639e-08 2.1991149404e+04 5.6278959794e-01 3.6000000000e-01 
4.9027159191e-09 1.1621596516e+04 7.4850434467e-01 3.6000000000e-01 
1.8578079849e-07 1.6010964439e+04 5.4466801787e-01 3.6000000000e-01 
8.2035830283e-11 1.2308357492e+04 4.4464966273e-01 3.6000000000e-01 
1.4051211428e-06 1.2341035578e+04 3.0327209716e-01 3.6000000000e-01 
1.3027550741e-06 1.5315667990e+04 1.2103577150e+00 3.6000000000e-01 
1.1639391802e-08 1.2314411377e+04 6.7536815975e-01 3.6000000000e-01 
5.5281185898e-06 1.1334709257e+04 7.1127595756e-01 3.6000000000e-01 
4.1028328866e-08 1.9166130155e+04 9.5861464981e-01 3.6000000000e-01 
4.0384436222e-10 2.1341410950e+04 1.2334215698e+00 3.6000000000e-01 
1.7361500498e-07 1.2700140743e+04 1.0089638183e+00 3.6000000000e-01 
8.3916071355e-09 1.6071954066e+04 1.2145070699e+00 3.6000000000e-01 
7.1875209268e-11 1.1581525007e+04 8.3243334713e-01 3.6000000000e-01 
2.2910452138e-09 1.2051553807e+04 4.7170384131e-01 3.6000000000e-01 
2.6238452544e-06 1.7170088606e+04 6.8264894966e-01 3.6000000000e-01 
3.0830473888e-06 1.4100974329e+04 5.7959197992e-01 3.6000000000e-01 
6.8140571617e-10 1.1519735780e+04 1.1099486116e+00 3.6000000000e-01 
1.5050741004e-08 1.4012534830e+04 1.2424454493e+00 3.6000000000e-01 
3.3545479188e-11 1.1473623960e+04 1.0987821776e+00 3.6000000000e-01 
4.9356507414e-07 1.2959886226e+04 1.7026754837e-01 3.6000000000e-01 
5.4012086624e-09 1.5597854651e+04 1.2731856211e+00 3.6000000000e-01 
6.4670398564e-08 1.5396720855e+04 4.7016242780e-01 3.6000000000e-01 
2.3192586904e-09 1.3877264188e+04 1.3799048381e+00 3.6000000000e-01 
2.4813164109e-07 1.1667263226e+04 1.2812022740e+00 3.6000000000e-01 
5.6686777252e-10 1.4898835567e+04 8.1924894216e-01 3.6000000000e-01 
1.7707523115e-09 1.8707947179e+04 3.4704420401e-01 3.6000000000e-01 
2.2057627848e-10 1.5346149681e+04 1.3957215883e+00 3.6000000000e-01 
6.4856537645e-10 1.2076125176e+04 1.2416721864e+00 3.6000000000e-01 
1.0660902847e-10 1.1300614893e+04 7.6974216641e-01 3.6000000000e-01 
1.7341229819e-11 1.3112911446e+04 7.0203798810e-01 3.6000000000e-01 
7.4561743188e-08 1.8397663415e+04 9.2459346259e-01 3.6000000000e-01 
1.9657441071e-08 1.3158419196e+04 6.7576359065e-01 3.6000000000e-01 
2.0851252883e-08 1.4742777434e+04 2.4661751758e-01 3.6000000000e-01 
1.2157199151e-10 1.4968425531e+04 9.4099060084e-01 3.6000000000e-01 
8.0065735947e-10 1.6506265147e+04 1.1159795572e+00 3.6000000000e-01 
7.2140500433e-09 1.2166906072e+04 1.3341229864e+00 3.6000000000e-01 
7.1949208424e-08 1.1548170388e+04 1.2860401079e+00 3.6000000000e-01 
7.1398772285e-11 2.4710296203e+04 5.7866131940e-01 3.6000000000e-01 
3.2303550413e-08 1.2425975516e+04 5.0077656489e-01 3.6000000000e-01 
6.1134255107e-12 1.5725578532e+04 4.2355392895e-01 3.6000000000e-01 
4.6627942299e-11 1.7053024879e+04 6.2823348775e-01 3.6000000000e-01 
2.6291602815e-09 1.3651268514e+04 1.1979871849e+00 3.6000000000e-01 
9.4080150380e-09 1.1381335404e+04 5.5142345730e-01 3.6000000000e-01 
9.0359329584e-09 1.2102953507e+04 9.8260847809e-01 3.6000000000e-01 
3.7500780866e-09 2.5000000000e+04 1.1706209047e+00 3.6000000000e-01 
1.2202585897e-08 1.7138441165e+04 1.0929865967e+00 3.6000000000e-01 
5.2418548902e-08 2.4364842702e+04 8.7961469614e-01 3.6000000000e-01 
7.7045510886e-08 1.9608101670e+04 6.7401081448e-01 3.6000000000e-01 
1.3980891402e-07 1.2559473557e+04 1.3896173390e+00 3.6000000000e-01 
4.5769461113e-09 1.2333272499e+04 3.5900155252e-01 3.6000000000e-01 
1.7337902944e-08 1.5389328800e+04 9.3030030777e-01 3.6000000000e-01 
4.8997380077e-07 1.1654304476e+04 6.8760081094e-01 3.6000000000e-01 
1.0842254600e-09 1.1709030850e+04 9.8940701298e-01 3.6000000000e-01 
1.7532670824e-06 1.3257043492e+04 1.2430698699e+00 3.6000000000e-01 
7.4708511373e-10 1.6815597199e+04 5.1264113937e-01 3.6000000000e-01 
1.1165173052e-10 1.7067927065e+04 1.1379389622e+00 3.6000000000e-01 
1.5964649766e-08 1.1597273776e+04 4.8391496291e-01 3.6000000000e-01 
8.3394793012e-08 1.4775473046e+04 3.6014352419e-01 3.6000000000e-01 
2.7389149654e-08 1.1533997017e+04 1.0563922669e+00 3.6000000000e-01 
5.9084647771e-10 1.1494775861e+04 1.1303067932e+00 3.6000000000e-01 
1.1263150324e-08 1.7381332071e+04 7.2809730407e-01 3.6000000000e-01 
4.9245748276e-08 1.1496961440e+04 1.1460058774e+00 3.6000000000e-01 
3.3666642263e-09 1.2782048540e+04 1.0042566255e+00 3.6000000000e-01 
1.4443056593e-07 2.5000000000e+04 1.1411267743e+00 3.6000000000e-01 
1.9234579539e-10 1.1297092589e+04 8.3235694198e-01 3.6000000000e-01 
2.7089277598e-08 1.6027691063e+04 1.0792829920e+00 3.6000000000e-01 
2.2038659321e-10 1.3154857990e+04 1.2340014570e+00 3.6000000000e-01 
2.1858901804e-10 1.2798242307e+04 4.9547913139e-01 3.6000000000e-01 
2.4322952582e-09 1.1718513191e+04 1.0283960751e+00 3.6000000000e-01 
2.5052575132e-09 1.1232785051e+04 4.1236237726e-01 3.6000000000e-01 
1.4242267343e-09 1.4536571009e+04 9.3037781589e-01 3.6000000000e-01 
2.0319754080e-08 1.5325458878e+04 1.1849953738e+00 3.6000000000e-01 
5.3006804244e-10 1.9819625721e+04 1.1225158651e+00 3.6000000000e-01 
6.6535561054e-09 1.9648478827e+04 8.4166439608e-01 3.6000000000e-01 
1.3545684831e-10 2.3587741657e+04 3.8557149286e-01 3.6000000000e-01 
5.6348665854e-10 1.2442929389e+04 1.4809556868e-01 3.6000000000e-01 
2.1630378821e-09 1.2954976515e+04 1.0739874401e+00 3.6000000000e-01 
1.0757080388e-11 1.5358082922e+04 1.0588153636e+00 3.6000000000e-01 
6.4311385450e-07 1.6837328106e+04 6.4296395955e-02 3.6000000000e-01 
5.3479659952e-11 1.1359284980e+04 7.2841742409e-01 3.6000000000e-01 
1.6190895132e-08 1.5077504957e+04 3.7069800486e-01 3.6000000000e-01 
3.8815540796e-06 1.2455999926e+04 1.2585465524e+00 3.6000000000e-01 
3.4180231878e-08 1.1207006947e+04 2.7429299718e-01 3.6000000000e-01 
1.0281580623e-09 1.2886878724e+04 7.5335890355e-01 3.6000000000e-01 
3.7893578175e-08 1.1343535272e+04 1.2760495268e+00 3.6000000000e-01 
3.6437795645e-06 1.1211629548e+04 1.3715875910e+00 3.6000000000e-01 
1.7883009628e-09 1.4041626784e+04 3.2662338157e-01 3.6000000000e-01 
5.3605866339e-10 1.1663133509e+04 9.8792422079e-01 3.6000000000e-01 
3.6665438836e-07 1.4523342916e+04 1.1066325127e+00 3.6000000000e-01 
4.7634146171e-11 1.2112543907e+04 7.2099237559e-01 3.6000000000e-01 
8.2458184073e-06 1.1233403726e+04 1.0857520665e+00 3.6000000000e-01 
3.4119722860e-08 1.1480639466e+04 2.9284935923e-01 3.6000000000e-01 
2.4636242185e-11 1.1727715156e+04 1.3462750317e+00 3.6000000000e-01 
1.2358449124e-06 1.2342938806e+04 1.2010079821e+00 3.6000000000e-01 
2.2552126189e-07 1.2188073516e+04 9.5271644544e-01 3.6000000000e-01 
5.8359076736e-10 1.1730943240e+04 1.0299915491e+00 3.6000000000e-01 
5.1048123910e-06 1.1455031064e+04 1.0326655619e+00 3.6000000000e-01 
6.3763052594e-09 1.1660965659e+04 5.2668275107e-01 3.6000000000e-01 
5.0816992557e-09 1.3780041933e+04 5.4599626798e-01 3.6000000000e-01 
1.6793857861e-10 1.2386847550e+04 1.0454712794e+00 3.6000000000e-01 
1.1760112359e-07 1.1361817285e+04 4.5792547742e-01 3.6000000000e-01 
3.3913403947e-08 2.0406165075e+04 4.5455607313e-01 3.6000000000e-01 
3.5603710904e-07 1.1457536637e+04 1.0054432955e+00 3.6000000000e-01 
1.4084012326e-11 2.2519047091e+04 1.0748624086e+00 3.6000000000e-01 
1.2296713087e-08 1.2925070110e+04 6.3851605715e-01 3.6000000000e-01 
1.9688730001e-05 1.1328552018e+04 3.6983618545e-01 3.6000000000e-01 
2.1150471855e-10 1.3663372304e+04 8.7627276354e-01 3.6000000000e-01 
2.0542083161e-09 1.8170062150e+04 9.5546290601e-01 3.6000000000e-01 
5.0820473910e-06 1.2092003456e+04 1.0105398602e+00 3.6000000000e-01 
4.0021524116e-10 1.2187183435e+04 1.0264394830e+00 3.6000000000e-01 
3.6044227314e-08 1.8728648099e+04 1.0135981086e+00 3.6000000000e-01 
5.9503415256e-12 1.3799006274e+04 2.9810398805e-01 3.6000000000e-01 
1.9353654987e-10 1.5029169360e+04 1.2593186936e+00 3.6000000000e-01 
2.0434608685e-09 1.2369910753e+04 3.4301399164e-01 3.6000000000e-01 
9.9717000600e-07 1.2242657741e+04 7.1505059371e-01 3.6000000000e-01 
1.0315180239e-07 2.1105754582e+04 1.3364372810e+00 3.6000000000e-01 
2.9358923298e-10 2.0586685784e+04 7.3858459581e-01 3.6000000000e-01 
3.1643901316e-09 1.2858529057e+04 7.5422425578e-01 3.6000000000e-01 
5.1927101526e-06 1.1648631052e+04 4.4438095468e-01 3.6000000000e-01 
1.1109167776e-08 1.4271859971e+04 6.9366066945e-01 3.6000000000e-01 
1.0431173006e-09 1.2243628571e+04 1.2452127430e+00 3.6000000000e-01 
1.9480466417e-08 1.5846623162e+04 1.2790440006e+00 3.6000000000e-01 
8.3542212416e-10 1.4671830761e+04 1.0817951758e+00 3.6000000000e-01 
4.5618044730e-07 1.2044266100e+04 9.3363048398e-01 3.6000000000e-01 
4.7413218660e-11 1.1995761250e+04 6.4210840967e-01 3.6000000000e-01 
9.7944554867e-10 2.5000000000e+04 1.0052762033e+00 3.6000000000e-01 
1.2832086153e-08 1.1544468955e+04 7.9215717896e-01 3.6000000000e-01 
2.2857955896e-08 1.4161719096e+04 1.0823627901e+00 3.6000000000e-01 
4.2727277971e-10 1.5389648698e+04 4.2092529285e-01 3.6000000000e-01 
5.4443377257e-10 1.2002237276e+04 2.9072847463e-01 3.6000000000e-01 
1.5190979676e-11 1.1414568672e+04 7.5079515167e-01 3.6000000000e-01 
6.9054873977e-12 1.1665599389e+04 8.9305158025e-01 3.6000000000e-01 
1.1293269777e-09 1.5244288500e+04 2.4342515842e-01 3.6000000000e-01 
4.8616468501e-08 2.5000000000e+04 1.2649227722e+00 3.6000000000e-01 
2.8883896994e-08 1.3667788957e+04 4.0277351120e-01 3.6000000000e-01 
5.8605632084e-10 1.3847384417e+04 8.3237254596e-01 3.6000000000e-01 
2.1954171806e-08 1.6743730651e+04 1.5126997692e+00 3.6000000000e-01 
7.9130293393e-09 1.8329007911e+04 9.1834055869e-01 3.6000000000e-01 
5.3918463223e-09 1.1415620291e+04 1.1737659296e+00 3.6000000000e-01 
7.4290925961e-10 1.4420403945e+04 1.2993093718e+00 3.6000000000e-01 
1.3729039284e-07 2.1944318980e+04 1.3598210641e+00 3.6000000000e-01 
3.1769067837e-09 1.1972573253e+04 9.7919148351e-01 3.6000000000e-01 
5.1775807096e-11 2.5000000000e+04 1.3664093896e+00 3.6000000000e-01 
8.5073758401e-10 1.5561265290e+04 1.0259440042e+00 3.6000000000e-01 
2.3008678677e-10 1.4069944049e+04 2.5957564465e-01 3.6000000000e-01 
4.7687290993e-09 1.1869393284e+04 6.9536909647e-01 3.6000000000e-01 
1.1328309468e-08 1.3325749542e+04 5.1519435132e-01 3.6000000000e-01 
2.4551069899e-06 1.2138735532e+04 1.0248639591e+00 3.6000000000e-01 
1.0284076924e-08 1.2020314678e+04 4.5449874041e-01 3.6000000000e-01 
1.9180421030e-06 1.1943286828e+04 9.6455024651e-01 3.6000000000e-01 
8.9080078538e-11 1.6167535590e+04 6.8928698398e-01 3.6000000000e-01 
6.7486907799e-09 1.6201271801e+04 6.4875761835e-01 3.6000000000e-01 
1.8815789829e-09 1.4739281938e+04 1.2015581675e+00 3.6000000000e-01 
6.8388951998e-07 2.5000000000e+04 1.1151943313e+00 3.6000000000e-01 
4.0153719679e-10 1.6559934112e+04 1.1630142318e-01 3.6000000000e-01 
1.4568290448e-08 1.2444860320e+04 3.1955258494e-01 3.6000000000e-01 
1.2995792686e-08 2.5000000000e+04 1.0077212798e+00 3.6000000000e-01 
4.9116086363e-08 1.2196261297e+04 1.0683990591e+00 3.6000000000e-01 
8.9994690440e-11 1.1896007808e+04 1.3636991500e+00 3.6000000000e-01 
2.5734908873e-10 1.3460757343e+04 1.2132988300e+00 3.6000000000e-01 
9.9681308477e-09 1.6273288269e+04 7.9705579811e-01 3.6000000000e-01 
7.0747854758e-11 1.2192991086e+04 9.4440190686e-01 3.6000000000e-01 
4.0521747012e-10 1.4472831464e+04 4.8646126497e-01 3.6000000000e-01 
5.2482784311e-10 1.4839231209e+04 5.6041190577e-01 3.6000000000e-01 
2.3068931067e-11 1.6956446330e+04 4.9708688072e-01 3.6000000000e-01 
8.1928125794e-10 2.5000000000e+04 4.0863284169e-01 3.6000000000e-01 
4.4909085702e-09 1.1894077632e+04 7.4551434203e-01 3.6000000000e-01 
3.1324635889e-11 1.2219444931e+04 1.0428193748e+00 3.6000000000e-01 
4.2015676675e-06 1.2340394433e+04 5.6287319804e-01 3.6000000000e-01 
1.2297573646e-09 2.1065369493e+04 7.6118638699e-01 3.6000000000e-01 
2.7829084170e-09 1.3295594113e+04 9.1188670504e-01 3.6000000000e-01 
1.5458450077e-09 1.9933457258e+04 8.4793461580e-01 3.6000000000e-01 
2.1739115084e-05 1.6703515262e+04 1.1558768145e+00 3.6000000000e-01 
6.2913858416e-09 1.3053905593e+04 1.0878755225e+00 3.6000000000e-01 
1.6201989775e-09 1.3264821840e+04 9.7113794099e-01 3.6000000000e-01 
1.2231921131e-08 1.3781678988e+04 1.0678534905e+00 3.6000000000e-01 
4.4251687191e-08 1.4423899127e+04 3.7956779861e-01 3.6000000000e-01 
1.1210982266e-08 1.2390248924e+04 7.6512512002e-01 3.6000000000e-01 
2.5940856819e-09 1.2640175943e+04 7.0056460455e-01 3.6000000000e-01 
1.6944037984e-09 2.0233435437e+04 6.8464313617e-01 3.6000000000e-01 
1.8707003203e-11 1.1427175938e+04 1.5923195163e-01 3.6000000000e-01 
2.4821273804e-07 1.2621073020e+04 1.3027373041e+00 3.6000000000e-01 
1.4707399652e-10 1.9628733768e+04 9.2142614617e-01 3.6000000000e-01 
8.9456983612e-10 1.1824396196e+04 1.2314253739e+00 3.6000000000e-01 
3.0082200300e-10 1.2844724934e+04 3.2678718188e-01 3.6000000000e-01 
8.2883608000e-10 1.2311344783e+04 1.0646846607e+00 3.6000000000e-01 
