5.3452172100e-10 1.6813215324e+04 5.0428365795e-01 3.6000000000e-01 
2.6334761260e-06 1.2528310971e+04 1.0556374785e+00 3.6000000000e-01 
2.0990664284e-09 1.1983350591e+04 6.1966775290e-01 3.6000000000e-01 
1.0558326362e-07 1.3591070005e+04 3.2216327535e-01 3.6000000000e-01 
1.1849180738e-07 2.5000000000e+04 7.0962702995e-01 3.6000000000e-01 
2.1640800853e-10 1.1612144747e+04 1.4028849082e+00 3.6000000000e-01 
4.7552937190e-07 1.3589215196e+04 6.3796760908e-01 3.6000000000e-01 
7.8461989081e-10 1.1483778881e+04 9.7380599223e-01 3.6000000000e-01 
9.6198582687e-10 1.2821114635e+04 8.9921154198e-01 3.6000000000e-01 
3.2893538023e-11 1.1624959639e+04 2.0579693663e-01 3.6000000000e-01 
5.0663548571e-11 2.3937035194e+04 1.0936769296e+00 3.6000000000e-01 
8.7991783400e-09 1.6386384391e+04 5.3907374828e-01 3.6000000000e-01 
2.1118693852e-07 1.2705310565e+04 7.2413027895e-01 3.6000000000e-01 
2.7084909207e-10 1.2115048166e+04 7.1577310903e-01 3.6000000000e-01 
3.2542255541e-11 1.2817633758e+04 6.5663191617e-01 3.6000000000e-01 
5.2039777421e-11 1.4189691444e+04 9.0585561613e-01 3.6000000000e-01 
2.8193483210e-07 1.2408025725e+04 1.1688256072e+00 3.6000000000e-01 
1.1997473830e-11 1.5688179038e+04 1.0025929991e+00 3.6000000000e-01 
3.4758098191e-11 1.4247772835e+04 1.2816517027e+00 3.6000000000e-01 
1.3951035680e-09 1.2638717038e+04 9.1940090340e-01 3.6000000000e-01 
1.3215503817e-09 2.5000000000e+04 8.8973077257e-01 3.6000000000e-01 
1.4456111683e-08 1.2841006929e+04 9.0117787803e-01 3.6000000000e-01 
4.2447883298e-08 1.4702037589e+04 5.2745474700e-01 3.6000000000e-01 
7.4311270656e-10 1.4621481048e+04 5.7174664470e-01 3.6000000000e-01 
4.6921189407e-06 1.4872984099e+04 8.6694877389e-01 3.6000000000e-01 
8.4915098008e-11 1.2053498083e+04 6.6444104572e-01 3.6000000000e-01 
6.6036455325e-08 2.3748968442e+04 9.2416213521e-01 3.6000000000e-01 
6.1733613931e-06 2.0642568509e+04 1.3178303772e+00 3.6000000000e-01 
9.0944495573e-10 1.1596054078e+04 1.0297584590e+00 3.6000000000e-01 
1.4009440205e-09 1.1926653474e+04 8.3132311730e-01 3.6000000000e-01 
2.8906423951e-09 1.5160775677e+04 5.0325923871e-01 3.6000000000e-01 
4.9674003442e-09 1.6118586105e+04 4.3986703384e-01 3.6000000000e-01 
8.7648366124e-09 1.2625661684e+04 1.3057298922e+00 3.6000000000e-01 
4.8809992254e-09 1.6198310383e+04 6.6540771586e-01 3.6000000000e-01 
4.9020268073e-10 1.4174696847e+04 3.4228417760e-01 3.6000000000e-01 
2.6291909256e-10 1.2333108205e+04 2.0212356538e-01 3.6000000000e-01 
2.3708143950e-10 1.3845206642e+04 1.4755592905e-01 3.6000000000e-01 
6.3543557168e-10 1.1718403410e+04 7.9893975723e-01 3.6000000000e-01 
9.2958238035e-12 2.5000000000e+04 1.3696692193e+00 3.6000000000e-01 
8.4981690866e-07 1.2286062261e+04 6.0225872341e-01 3.6000000000e-01 
1.8718551001e-10 1.9152135922e+04 9.0344828028e-01 3.6000000000e-01 
4.2100757889e-11 1.1697777062e+04 1.0564890064e+00 3.6000000000e-01 
1.1053599628e-07 1.3509806318e+04 2.4511909007e-01 3.6000000000e-01 
1.5316864541e-08 1.4335970253e+04 8.5617470658e-01 3.6000000000e-01 
2.7994518067e-09 1.4371128665e+04 3.7375086245e-01 3.6000000000e-01 
5.1448152825e-10 2.1233347065e+04 9.6504036730e-01 3.6000000000e-01 
8.6817253665e-10 1.2924138041e+04 7.9942989264e-01 3.6000000000e-01 
2.0806573432e-08 1.1262954850e+04 6.3179513509e-01 3.6000000000e-01 
3.3600125043e-11 1.2350466190e+04 6.0004034566e-01 3.6000000000e-01 
2.5200235583e-10 1.3855673637e+04 5.8738599610e-01 3.6000000000e-01 
6.7852663877e-07 1.3400435642e+04 7.4497089158e-01 3.6000000000e-01 
7.5469273283e-11 1.3743426656e+04 1.3927658222e+00 3.6000000000e-01 
1.2150727247e-10 1.3097679864e+04 9.1404302507e-01 3.6000000000e-01 
1.4883377186e-10 1.5758124056e+04 1.0549629364e+00 3.6000000000e-01 
8.7063278159e-10 1.8304008523e+04 1.1515620907e+00 3.6000000000e-01 
1.3037362690e-10 1.5454259932e+04 1.4454096657e-01 3.6000000000e-01 
1.2777572339e-07 1.1705960770e+04 1.0641721049e+00 3.6000000000e-01 
1.5345865243e-10 1.2721319178e+04 7.5397831642e-01 3.6000000000e-01 
2.1187369731e-07 1.1504919768e+04 1.3748147598e+00 3.6000000000e-01 
6.6533572489e-06 1.2133786821e+04 3.9546285237e-01 3.6000000000e-01 
1.0914460301e-09 1.2831525705e+04 4.9150622527e-01 3.6000000000e-01 
7.3521586368e-08 1.2382299538e+04 8.6917104116e-01 3.6000000000e-01 
5.6852737495e-09 1.6983340037e+04 1.2611068899e+00 3.6000000000e-01 
2.3705667450e-08 1.1803837150e+04 1.4526919816e+00 3.6000000000e-01 
4.1702818896e-07 1.1376736024e+04 5.6625752899e-01 3.6000000000e-01 
2.8962771463e-09 2.5000000000e+04 3.1088857431e-01 3.6000000000e-01 
9.6525309432e-09 1.1539227294e+04 4.1206569440e-01 3.6000000000e-01 
8.7393336122e-07 1.3360847178e+04 1.1783073404e+00 3.6000000000e-01 
1.5324616771e-09 1.1318169674e+04 7.1578693179e-01 3.6000000000e-01 
4.0448475142e-08 1.5679500472e+04 7.9589404017e-01 3.6000000000e-01 
2.5550808266e-05 1.2562191137e+04 1.0070974152e+00 3.6000000000e-01 
2.3632563580e-09 2.3638258750e+04 1.0883976165e+00 3.6000000000e-01 
1.3026585869e-08 1.8088061596e+04 1.1232169521e+00 3.6000000000e-01 
1.9812932859e-08 1.4491317767e+04 7.8813173996e-01 3.6000000000e-01 
3.6915548741e-08 1.1440912780e+04 1.1777282694e+00 3.6000000000e-01 
1.7359137255e-09 1.2175337459e+04 8.4081700997e-01 3.6000000000e-01 
3.1327516465e-09 1.2077476354e+04 1.2781064922e+00 3.6000000000e-01 
2.7292193691e-08 1.1727333579e+04 6.8629116962e-01 3.6000000000e-01 
2.7603790796e-11 1.7011677198e+04 1.3017599657e+00 3.6000000000e-01 
5.9391592960e-11 1.1477879073e+04 1.3855667133e+00 3.6000000000e-01 
2.2596913904e-11 1.2711233697e+04 1.0335245153e+00 3.6000000000e-01 
4.0231015987e-08 1.1358047845e+04 1.2361471331e+00 3.6000000000e-01 
5.3286819172e-09 1.1953805228e+04 1.3225735414e+00 3.6000000000e-01 
1.6565642802e-08 1.2214419826e+04 1.0912650517e+00 3.6000000000e-01 
4.5519155350e-09 1.9822922108e+04 9.4703582048e-01 3.6000000000e-01 
2.0824107143e-10 1.3408148975e+04 2.3763421595e-01 3.6000000000e-01 
4.2827585996e-07 1.3798949397e+04 5.4521015083e-01 3.6000000000e-01 
4.0619244929e-06 1.1569795529e+04 1.1492744639e+00 3.6000000000e-01 
4.1671925031e-10 1.2155934012e+04 1.2153534086e+00 3.6000000000e-01 
3.8990724186e-11 1.4574805975e+04 3.7793296286e-01 3.6000000000e-01 
7.4579949179e-09 1.1655483244e+04 8.8895674032e-01 3.6000000000e-01 
3.0170810047e-09 2.3072076826e+04 1.0152822823e+00 3.6000000000e-01 
2.3044055778e-10 2.3211961707e+04 5.6227249561e-01 3.6000000000e-01 
2.4404744764e-07 1.6655794080e+04 9.2756496469e-01 3.6000000000e-01 
6.7398864672e-09 1.2450795264e+04 4.8722245695e-01 3.6000000000e-01 
2.0281974387e-08 2.1776581510e+04 1.2875335818e+00 3.6000000000e-01 
6.3050720641e-10 1.4100332284e+04 3.0388541864e-01 3.6000000000e-01 
4.7391386061e-11 1.3511703270e+04 5.5030522000e-01 3.6000000000e-01 
1.0552134615e-08 1.6969899359e+04 9.7492982836e-01 3.6000000000e-01 
1.2062130776e-07 1.1443629614e+04 1.1370793840e+00 3.6000000000e-01 
9.5833933928e-10 1.1840528761e+04 8.2669348280e-01 3.6000000000e-01 
1.5862407774e-09 1.5682194553e+04 7.5322387172e-02 3.6000000000e-01 
1.2519529279e-09 1.2843875990e+04 1.4634704803e+00 3.6000000000e-01 
3.3611149808e-09 1.7806208832e+04 1.1553184267e+00 3.6000000000e-01 
2.8591887892e-08 1.4835360690e+04 1.2046624659e+00 3.6000000000e-01 
5.5468969337e-09 1.1615138887e+04 1.1184015534e+00 3.6000000000e-01 
2.5368574165e-10 1.4179591092e+04 2.7561140799e-01 3.6000000000e-01 
3.5048773616e-07 1.6997404017e+04 2.0466066038e-01 3.6000000000e-01 
1.6518622230e-08 1.2063552192e+04 5.1485398660e-01 3.6000000000e-01 
1.4909484318e-09 1.7415523952e+04 1.2463253909e+00 3.6000000000e-01 
2.1662157681e-10 1.2798251888e+04 9.0674905424e-01 3.6000000000e-01 
7.8385106368e-10 1.1940789888e+04 8.4052823077e-01 3.6000000000e-01 
1.4701944067e-08 1.4018382119e+04 3.9150219251e-01 3.6000000000e-01 
1.3494885790e-09 1.1300078893e+04 5.8351088704e-01 3.6000000000e-01 
5.0168822506e-11 2.5000000000e+04 2.2126898347e-01 3.6000000000e-01 
1.8850976911e-09 1.2908916737e+04 2.8761642452e-01 3.6000000000e-01 
8.5310231049e-11 1.1436017901e+04 3.9878789752e-01 3.6000000000e-01 
5.2050580845e-08 1.1471758379e+04 4.4269845275e-01 3.6000000000e-01 
8.9799150459e-07 1.2450171300e+04 7.9594737136e-01 3.6000000000e-01 
1.1687236028e-10 1.4340669958e+04 1.7274508060e-01 3.6000000000e-01 
3.1471752705e-10 1.3392399441e+04 1.2632549279e+00 3.6000000000e-01 
1.7056686918e-06 1.3307390235e+04 8.5151419264e-01 3.6000000000e-01 
2.1123539629e-08 1.4196832638e+04 1.0853300975e+00 3.6000000000e-01 
2.1023819892e-09 1.3115472933e+04 9.3664078588e-01 3.6000000000e-01 
1.8380447454e-06 1.1827124489e+04 1.0021197908e+00 3.6000000000e-01 
3.0267730052e-06 1.3296206609e+04 5.4219766579e-01 3.6000000000e-01 
3.2308114729e-07 1.2170522965e+04 6.7297879833e-01 3.6000000000e-01 
2.8770780621e-08 1.1263172859e+04 7.1208577679e-01 3.6000000000e-01 
6.0893268976e-10 1.1359622976e+04 3.8721958843e-01 3.6000000000e-01 
6.0462008901e-07 1.4902734389e+04 6.7404238920e-01 3.6000000000e-01 
1.5572139172e-05 1.5601248646e+04 4.0437518373e-01 3.6000000000e-01 
1.2773843344e-08 1.2245326229e+04 3.4170788144e-01 3.6000000000e-01 
3.8605512091e-07 1.1239246299e+04 9.9601570098e-01 3.6000000000e-01 
6.1043575604e-10 1.8495833776e+04 8.2465879241e-01 3.6000000000e-01 
6.0193259020e-08 1.5731537100e+04 1.1595330942e+00 3.6000000000e-01 
4.9548015812e-11 1.1816727821e+04 3.9049291737e-01 3.6000000000e-01 
1.1886368823e-08 1.3688525035e+04 3.9237253580e-01 3.6000000000e-01 
4.6561698122e-09 2.5000000000e+04 6.4545544791e-01 3.6000000000e-01 
1.4972558223e-07 1.3117774676e+04 1.8744509828e-01 3.6000000000e-01 
2.4997068535e-09 1.1577944334e+04 1.1463124154e+00 3.6000000000e-01 
1.5179477219e-10 1.5630210250e+04 6.4919998263e-01 3.6000000000e-01 
2.6331625176e-10 1.1909641493e+04 5.3068216420e-01 3.6000000000e-01 
6.6559831960e-09 1.3107216256e+04 9.6256653115e-01 3.6000000000e-01 
2.0030733637e-05 1.1753154479e+04 8.4928748679e-01 3.6000000000e-01 
2.5497831422e-07 1.7402945499e+04 9.3289161693e-01 3.6000000000e-01 
4.7879669290e-06 1.1325220370e+04 8.5429457096e-01 3.6000000000e-01 
5.4514305844e-08 2.1576489337e+04 5.5213003593e-01 3.6000000000e-01 
1.7183001360e-11 1.8674864866e+04 1.4570928028e+00 3.6000000000e-01 
2.2012943736e-10 1.4302305380e+04 1.2453414808e-01 3.6000000000e-01 
9.4017823579e-06 1.2667205990e+04 8.0414172789e-01 3.6000000000e-01 
2.2735607762e-09 1.2083648628e+04 8.8412712173e-01 3.6000000000e-01 
7.7628438144e-10 1.2764540263e+04 8.1514525375e-01 3.6000000000e-01 
1.8031999888e-10 1.2654225600e+04 1.1999700975e+00 3.6000000000e-01 
2.7944106888e-08 1.2070667629e+04 8.7251623644e-01 3.6000000000e-01 
1.8067934315e-08 1.3643581067e+04 1.0206381026e+00 3.6000000000e-01 
6.2423201969e-10 1.3408485333e+04 1.2818838480e+00 3.6000000000e-01 
6.4333239866e-09 1.4536219870e+04 1.4558330462e+00 3.6000000000e-01 
7.7206813945e-07 2.2248378757e+04 1.3249264058e+00 3.6000000000e-01 
3.2381598391e-07 1.3088019160e+04 1.3544498452e+00 3.6000000000e-01 
2.0641620217e-10 1.3270139290e+04 6.7698218578e-01 3.6000000000e-01 
1.2970487219e-07 1.3616843043e+04 1.1515538028e+00 3.6000000000e-01 
7.6419171423e-10 2.5000000000e+04 8.8880391754e-01 3.6000000000e-01 
1.0398309059e-08 1.3659285625e+04 8.4441037690e-02 3.6000000000e-01 
7.7625535585e-09 1.1700634381e+04 4.9912766952e-01 3.6000000000e-01 
2.0942112025e-09 1.6616484554e+04 7.7259772716e-01 3.6000000000e-01 
1.8998265890e-10 2.2769308258e+04 1.4881778831e+00 3.6000000000e-01 
2.0661631471e-10 1.1620033071e+04 4.5906240883e-01 3.6000000000e-01 
6.8846392291e-11 1.1768099016e+04 9.8408413202e-01 3.6000000000e-01 
4.0246197978e-08 1.2097484987e+04 6.4384829705e-01 3.6000000000e-01 
9.5279980540e-09 1.2292080844e+04 8.2559980208e-01 3.6000000000e-01 
7.1378398873e-10 1.2621095722e+04 9.0732556664e-01 3.6000000000e-01 
2.6143297639e-08 1.2361961325e+04 4.9306059860e-01 3.6000000000e-01 
3.9745933537e-08 1.2378209424e+04 1.0204500194e+00 3.6000000000e-01 
3.6879973046e-10 1.9523182357e+04 2.8774060262e-01 3.6000000000e-01 
5.0031616517e-09 1.3621068493e+04 9.3897650880e-01 3.6000000000e-01 
2.4906511010e-09 1.3088966824e+04 3.3013247839e-01 3.6000000000e-01 
1.0149249206e-05 1.3183891552e+04 1.8968670656e-01 3.6000000000e-01 
1.7373674498e-07 1.2263302874e+04 7.6504567450e-01 3.6000000000e-01 
8.1985112397e-06 1.4344210334e+04 6.1777067540e-01 3.6000000000e-01 
3.2804162077e-06 1.3194520073e+04 5.0365874008e-01 3.6000000000e-01 
2.2079168857e-08 1.2436252797e+04 9.4279330756e-01 3.6000000000e-01 
2.5853029600e-09 1.1950570680e+04 8.7702834443e-01 3.6000000000e-01 
6.9931356048e-11 1.1694369952e+04 4.6837295271e-01 3.6000000000e-01 
4.0409683230e-10 1.1536475314e+04 9.6457186986e-01 3.6000000000e-01 
7.6749335319e-07 1.1591207373e+04 1.0470395613e+00 3.6000000000e-01 
8.9306656770e-11 1.4492560060e+04 2.2576794378e-01 3.6000000000e-01 
1.4447970509e-06 2.5000000000e+04 6.5933446177e-01 3.6000000000e-01 
1.8218100764e-10 1.7992700743e+04 1.3131932409e-01 3.6000000000e-01 
2.1603752960e-10 1.4082428652e+04 4.0511843800e-02 3.6000000000e-01 
7.3983156883e-07 1.2082216957e+04 8.8991218438e-01 3.6000000000e-01 
6.4305495328e-11 1.2256811522e+04 1.1507513276e+00 3.6000000000e-01 
5.5311308980e-09 1.2419235746e+04 8.0928847469e-01 3.6000000000e-01 
1.4375910701e-09 1.1660969803e+04 1.0068972341e+00 3.6000000000e-01 
8.8742601809e-09 1.6084691105e+04 6.3071706383e-01 3.6000000000e-01 
5.2597008044e-07 1.6160966661e+04 2.7171569335e-01 3.6000000000e-01 
8.8256051990e-09 1.1728555361e+04 2.7476472390e-01 3.6000000000e-01 
1.9133694049e-11 1.3425189317e+04 6.6566546318e-01 3.6000000000e-01 
3.6499958727e-11 1.5564897730e+04 9.1006260740e-01 3.6000000000e-01 
1.1974639790e-11 2.5000000000e+04 9.3199248725e-01 3.6000000000e-01 
1.2783966436e-08 1.3223009362e+04 6.0398637581e-01 3.6000000000e-01 
2.1031846966e-09 1.1302375821e+04 1.2100451428e+00 3.6000000000e-01 
3.1616522145e-09 1.3649546912e+04 4.3758302011e-01 3.6000000000e-01 
1.4902358688e-09 1.2920420005e+04 7.8490372023e-01 3.6000000000e-01 
2.6747721328e-10 1.2554645907e+04 8.6742942075e-01 3.6000000000e-01 
4.1753405642e-06 1.4331195972e+04 6.3980243147e-01 3.6000000000e-01 
6.2157153058e-08 1.1251888476e+04 5.8667299339e-01 3.6000000000e-01 
5.0919075494e-09 1.3435940163e+04 3.0882307592e-01 3.6000000000e-01 
2.7315302135e-07 1.1845964210e+04 7.5178020350e-01 3.6000000000e-01 
4.9923769657e-07 1.3056081044e+04 1.9198254845e-01 3.6000000000e-01 
4.2494272629e-06 1.9968382701e+04 5.9611366232e-01 3.6000000000e-01 
2.9037852229e-09 1.1728664838e+04 1.3031998917e+00 3.6000000000e-01 
4.0821949774e-06 2.5000000000e+04 1.3898101572e+00 3.6000000000e-01 
2.4442628773e-06 1.1218633035e+04 7.0864877118e-01 3.6000000000e-01 
7.5011049834e-08 1.1794628062e+04 1.0123050005e+00 3.6000000000e-01 
1.2118074785e-11 1.4278644249e+04 2.9666626596e-01 3.6000000000e-01 
6.8010056801e-08 1.8072874604e+04 1.0692481685e+00 3.6000000000e-01 
9.1297646202e-10 1.2943134143e+04 5.5978757750e-01 3.6000000000e-01 
3.8240754006e-11 1.1669564529e+04 1.2483489334e+00 3.6000000000e-01 
2.7146101467e-09 1.1274354011e+04 1.4043655223e+00 3.6000000000e-01 
4.7309525923e-09 2.2280949615e+04 1.1195212148e+00 3.6000000000e-01 
5.2968665316e-10 1.1345051935e+04 5.6672818489e-01 3.6000000000e-01 
8.8836534260e-10 1.1340865860e+04 1.2784406373e+00 3.6000000000e-01 
5.5781852942e-10 2.3925095745e+04 6.8747904742e-01 3.6000000000e-01 
6.1305995342e-11 1.1998857808e+04 7.7028242292e-01 3.6000000000e-01 
4.2893051188e-10 1.1478993955e+04 1.1792317411e+00 3.6000000000e-01 
1.1810991182e-11 1.1291905507e+04 5.5603200310e-01 3.6000000000e-01 
5.2662462297e-10 1.1492894444e+04 8.5563121506e-01 3.6000000000e-01 
4.1950120231e-09 1.6867487805e+04 5.8735673349e-01 3.6000000000e-01 
1.7497297615e-08 1.7210767230e+04 4.4216143117e-01 3.6000000000e-01 
3.8660291722e-07 1.4917838518e+04 5.5082929567e-01 3.6000000000e-01 
2.3080186924e-07 1.3068047780e+04 1.2761637349e+00 3.6000000000e-01 
2.0890954729e-11 1.5554764249e+04 3.4890802731e-01 3.6000000000e-01 
9.9015867848e-07 1.2258426935e+04 3.9574316900e-01 3.6000000000e-01 
1.4795887445e-09 2.0051198692e+04 8.7028387343e-01 3.6000000000e-01 
4.3714737104e-11 1.3016107235e+04 1.3553870599e+00 3.6000000000e-01 
3.6649324281e-10 1.2702936604e+04 5.4756492717e-01 3.6000000000e-01 
2.6515231276e-09 1.6001063733e+04 9.3930810060e-01 3.6000000000e-01 
1.5080592031e-09 1.1607742795e+04 8.6011394526e-01 3.6000000000e-01 
3.3972449727e-09 1.7359550227e+04 6.9057428082e-01 3.6000000000e-01 
3.1068625933e-08 1.1739526297e+04 1.2924704381e+00 3.6000000000e-01 
3.4302097685e-10 1.3296062440e+04 1.0359176870e+00 3.6000000000e-01 
4.6329703105e-09 1.2771558405e+04 9.4216291936e-01 3.6000000000e-01 
7.6200376184e-08 1.6518923982e+04 8.7325489760e-01 3.6000000000e-01 
3.6516651781e-07 1.1738283453e+04 1.2114899823e+00 3.6000000000e-01 
2.3626233995e-08 1.3413750844e+04 9.8304131289e-01 3.6000000000e-01 
3.3910954417e-10 1.1347223604e+04 7.1092434037e-01 3.6000000000e-01 
2.9439862839e-07 1.3896653491e+04 7.9504652293e-01 3.6000000000e-01 
1.5917958085e-05 1.5591827220e+04 7.5887917582e-01 3.6000000000e-01 
1.1423592977e-09 1.1609410424e+04 1.2008159364e+00 3.6000000000e-01 
1.4213121877e-08 1.8246226304e+04 3.9363527082e-01 3.6000000000e-01 
8.0256707360e-09 1.6004116967e+04 1.1961728273e+00 3.6000000000e-01 
6.2195227309e-09 1.4031575778e+04 5.6040689287e-01 3.6000000000e-01 
3.3822028160e-10 1.7961892345e+04 5.5567183807e-01 3.6000000000e-01 
4.3179563196e-12 1.7898716284e+04 8.1099516795e-01 3.6000000000e-01 
1.2664045629e-11 1.1767734623e+04 1.1770198628e+00 3.6000000000e-01 
4.3344047545e-08 1.4868090980e+04 6.8781233723e-01 3.6000000000e-01 
5.8360853175e-07 1.3787107748e+04 1.1807823226e+00 3.6000000000e-01 
1.5922713187e-09 1.5884118812e+04 5.8555742324e-01 3.6000000000e-01 
3.0578224553e-06 1.3984420277e+04 1.0241933658e+00 3.6000000000e-01 
1.4562877724e-08 1.5352551995e+04 4.5755990247e-01 3.6000000000e-01 
9.3506127350e-10 1.3378919660e+04 1.1626929526e+00 3.6000000000e-01 
3.1922412399e-08 1.3171391391e+04 1.0271920215e+00 3.6000000000e-01 
1.4553721610e-08 1.7111493180e+04 1.6701953661e-01 3.6000000000e-01 
2.8358331750e-08 1.1881988851e+04 8.6379292681e-01 3.6000000000e-01 
1.7770603687e-07 1.7347477817e+04 5.5289217719e-01 3.6000000000e-01 
2.1313367471e-08 1.6072425788e+04 1.0735636285e+00 3.6000000000e-01 
4.1574165536e-10 1.7791512149e+04 5.8734466082e-01 3.6000000000e-01 
1.6752709675e-09 1.3560659642e+04 5.9190091746e-01 3.6000000000e-01 
1.7666859874e-05 1.1328406863e+04 8.7808561755e-01 3.6000000000e-01 
4.1128584832e-12 1.1580942961e+04 1.0517948614e+00 3.6000000000e-01 
9.8451230005e-10 1.3077458765e+04 8.4802736568e-01 3.6000000000e-01 
9.9537788901e-07 1.1444969800e+04 6.4948283013e-01 3.6000000000e-01 
3.7799078531e-07 1.1282945070e+04 1.0237025673e+00 3.6000000000e-01 
9.7624925192e-08 1.2091035872e+04 9.9981866694e-01 3.6000000000e-01 
4.1802240223e-07 1.1601547803e+04 6.0714425172e-01 3.6000000000e-01 
8.6351262030e-08 1.1286567376e+04 7.1940032820e-01 3.6000000000e-01 
2.6624258142e-08 1.2501302017e+04 1.0148766987e+00 3.6000000000e-01 
5.1713134183e-10 1.9415969560e+04 8.8826141806e-01 3.6000000000e-01 
5.4932621031e-12 1.1487089902e+04 6.3548796951e-01 3.6000000000e-01 
1.6604682348e-09 1.2201470366e+04 1.1873754881e+00 3.6000000000e-01 
2.3835548639e-07 2.4124726911e+04 6.2060547337e-01 3.6000000000e-01 
1.1897087997e-08 1.5262055578e+04 1.0385646570e+00 3.6000000000e-01 
6.4256374725e-08 1.4742929828e+04 7.1943788466e-01 3.6000000000e-01 
2.9185588439e-09 1.3347642990e+04 9.5554057670e-01 3.6000000000e-01 
1.4313977434e-08 1.7448352672e+04 1.2251291066e+00 3.6000000000e-01 
9.5454394854e-09 1.1472857427e+04 9.6001895271e-01 3.6000000000e-01 
1.1165095965e-10 1.2641687258e+04 1.4114806417e+00 3.6000000000e-01 
2.2988963889e-08 1.3588243023e+04 1.9597721262e-01 3.6000000000e-01 
1.0397914051e-09 1.8575728277e+04 1.2087270807e+00 3.6000000000e-01 
2.2321836356e-07 1.3544637563e+04 1.2042730160e+00 3.6000000000e-01 
1.9465780067e-08 1.4087749927e+04 1.2626111669e+00 3.6000000000e-01 
5.1591512384e-11 1.5258782777e+04 3.6322060440e-01 3.6000000000e-01 
5.6625816635e-09 1.5224233712e+04 9.7946474600e-01 3.6000000000e-01 
6.4573748765e-12 1.2568949538e+04 7.4505752088e-01 3.6000000000e-01 
1.0985526108e-05 2.0606722095e+04 8.7550271781e-01 3.6000000000e-01 
4.3271705794e-09 1.9897371565e+04 6.4624286366e-01 3.6000000000e-01 
8.6678223919e-08 1.5624283919e+04 1.0619956635e+00 3.6000000000e-01 
1.6632053831e-11 2.1447264712e+04 1.3819719084e+00 3.6000000000e-01 
2.9737057435e-09 1.1660321808e+04 7.1729783529e-01 3.6000000000e-01 
2.5267085886e-09 1.1804896279e+04 1.3483590724e+00 3.6000000000e-01 
1.3999637377e-10 2.4642734581e+04 7.3603979170e-01 3.6000000000e-01 
2.4596171072e-09 1.1672756683e+04 1.2369574699e+00 3.6000000000e-01 
3.8383346273e-10 1.5802275654e+04 2.1419095333e-01 3.6000000000e-01 
2.6686162226e-09 1.5508358402e+04 3.2239697062e-01 3.6000000000e-01 
1.4585657431e-09 1.1960028934e+04 1.0766513528e+00 3.6000000000e-01 
3.8093578213e-10 1.1513435083e+04 4.2549183767e-01 3.6000000000e-01 
2.0249580868e-09 1.1445898874e+04 1.0156904517e+00 3.6000000000e-01 
1.7913308140e-08 1.1595757911e+04 4.1370490591e-01 3.6000000000e-01 
1.1876085199e-10 1.1343277709e+04 1.4767328616e+00 3.6000000000e-01 
2.9166896858e-05 1.5478152449e+04 1.0168642167e+00 3.6000000000e-01 
4.1223056780e-09 1.7493314035e+04 1.4038450374e+00 3.6000000000e-01 
3.6223227165e-09 1.5317713114e+04 1.1992244122e+00 3.6000000000e-01 
2.4189649685e-06 1.3372589528e+04 8.9835389280e-01 3.6000000000e-01 
1.6249047521e-10 1.1298405954e+04 1.1137410199e+00 3.6000000000e-01 
2.8448927689e-10 1.2400624748e+04 6.2813345727e-01 3.6000000000e-01 
1.6437306392e-09 1.2388242904e+04 9.0397873432e-01 3.6000000000e-01 
1.2505471105e-08 1.2250001543e+04 6.9302665727e-01 3.6000000000e-01 
4.2578145299e-09 1.3301254332e+04 1.1938385673e+00 3.6000000000e-01 
4.1020402147e-08 1.4195947704e+04 2.1790260577e-01 3.6000000000e-01 
9.3705507373e-09 1.4899006799e+04 1.5258381655e+00 3.6000000000e-01 
5.0128702917e-11 1.2321729424e+04 1.0413727729e+00 3.6000000000e-01 
2.6748373830e-08 1.3025614959e+04 2.3907154459e-01 3.6000000000e-01 
1.9572521014e-08 1.2035224039e+04 1.1489702563e+00 3.6000000000e-01 
5.0333154322e-10 1.6152944451e+04 9.4806874833e-01 3.6000000000e-01 
5.7846093215e-10 1.1902163099e+04 1.0558529153e+00 3.6000000000e-01 
3.0041391957e-11 1.2721589332e+04 8.7654058071e-01 3.6000000000e-01 
7.5371293469e-09 1.1757929950e+04 8.4953911761e-01 3.6000000000e-01 
1.7043436785e-09 1.3216720581e+04 1.0293083231e+00 3.6000000000e-01 
2.8539391358e-09 1.8499513089e+04 7.8522474552e-01 3.6000000000e-01 
8.6320953683e-10 1.1391468455e+04 7.3433767120e-01 3.6000000000e-01 
1.8551057350e-09 1.2337800475e+04 7.3041565794e-01 3.6000000000e-01 
4.6223552495e-10 1.3793287070e+04 9.6248392646e-01 3.6000000000e-01 
2.7743758133e-09 1.3535848451e+04 5.0108392614e-01 3.6000000000e-01 
2.7287660668e-09 1.1761472637e+04 8.5893437802e-01 3.6000000000e-01 
1.3808465847e-08 1.2924827893e+04 7.4001600638e-01 3.6000000000e-01 
1.2873957529e-10 1.5323212638e+04 6.4203263327e-01 3.6000000000e-01 
7.1827491522e-09 1.7715991376e+04 1.2551842252e+00 3.6000000000e-01 
1.4689554707e-07 1.1650394421e+04 4.9638541349e-01 3.6000000000e-01 
9.2837072600e-11 1.1489727835e+04 9.1332137933e-01 3.6000000000e-01 
9.3163876321e-09 1.1583060857e+04 4.6599352881e-01 3.6000000000e-01 
2.4761572702e-06 1.1492517086e+04 6.6207706276e-01 3.6000000000e-01 
1.7696707727e-09 1.3703562376e+04 1.4912357872e+00 3.6000000000e-01 
8.4259925495e-11 1.4942449910e+04 4.1955252392e-01 3.6000000000e-01 
1.2549109975e-07 1.1282387695e+04 1.0711285290e+00 3.6000000000e-01 
2.9525195544e-09 1.1411416097e+04 3.4856829818e-02 3.6000000000e-01 
3.4604822351e-06 1.1596285905e+04 5.1985636272e-01 3.6000000000e-01 
5.5507426559e-09 1.3953485145e+04 3.4850615941e-01 3.6000000000e-01 
2.7976521189e-07 1.4220232629e+04 8.6742415583e-01 3.6000000000e-01 
7.1740517978e-09 1.5290038234e+04 4.1455720148e-01 3.6000000000e-01 
8.8928336797e-11 1.4762024834e+04 1.1064913686e+00 3.6000000000e-01 
4.5647835233e-09 1.1215885067e+04 9.0391881078e-01 3.6000000000e-01 
4.1966008876e-07 1.2578538206e+04 5.2941098803e-01 3.6000000000e-01 
3.3232068078e-09 1.7212163860e+04 4.0678585988e-01 3.6000000000e-01 
5.6526636003e-10 1.6528337001e+04 4.7846563381e-01 3.6000000000e-01 
1.7172312903e-08 1.5141481416e+04 1.0264971735e+00 3.6000000000e-01 
1.9941010905e-11 1.1769583168e+04 6.6675036038e-01 3.6000000000e-01 
1.1298614853e-07 1.8582489916e+04 1.3453923858e+00 3.6000000000e-01 
6.5976426288e-09 1.4426252620e+04 1.0050920905e+00 3.6000000000e-01 
9.0160017828e-09 1.2201479488e+04 1.1032187113e+00 3.6000000000e-01 
2.7155382004e-08 1.3932853413e+04 2.7112783027e-01 3.6000000000e-01 
1.4302792591e-08 1.1514059997e+04 8.0967910029e-01 3.6000000000e-01 
1.3063614856e-06 1.2636839026e+04 3.2081971294e-01 3.6000000000e-01 
4.6027472291e-10 1.2164911669e+04 7.5294665585e-01 3.6000000000e-01 
1.9203712384e-10 1.1394726768e+04 8.9462211968e-01 3.6000000000e-01 
5.8821231568e-10 1.8445650814e+04 9.9956947940e-01 3.6000000000e-01 
4.8142517688e-06 1.4412656834e+04 4.4068340127e-02 3.6000000000e-01 
8.2230689667e-09 1.8600415327e+04 5.0125669383e-01 3.6000000000e-01 
1.6997167704e-08 2.5000000000e+04 1.1735264611e+00 3.6000000000e-01 
4.0108625957e-10 1.2415204872e+04 8.0824833547e-02 3.6000000000e-01 
9.2923673407e-09 1.1322579348e+04 6.0136932165e-01 3.6000000000e-01 
4.3290985031e-09 1.4191113793e+04 6.5457423766e-01 3.6000000000e-01 
6.2864842531e-07 1.4835887344e+04 5.1840886667e-01 3.6000000000e-01 
8.5841767591e-11 1.4034375072e+04 9.0667784622e-01 3.6000000000e-01 
9.9435828584e-11 2.5000000000e+04 6.2018385584e-01 3.6000000000e-01 
2.8978657910e-06 1.3155671010e+04 7.3160418516e-01 3.6000000000e-01 
3.1614951918e-09 1.5864755859e+04 8.1405750347e-01 3.6000000000e-01 
7.0010034279e-09 1.4043627612e+04 1.5449615304e+00 3.6000000000e-01 
3.9645986705e-10 1.4414802064e+04 3.5495397278e-01 3.6000000000e-01 
8.9807842758e-10 1.3689402257e+04 4.1166415785e-01 3.6000000000e-01 
3.2532869370e-09 1.2350319802e+04 7.5876340048e-01 3.6000000000e-01 
1.8252635697e-09 1.5132036732e+04 2.9974900879e-01 3.6000000000e-01 
3.0735760936e-11 1.1275176932e+04 1.2553668236e+00 3.6000000000e-01 
4.5656188801e-09 1.1851606607e+04 2.3903924332e-01 3.6000000000e-01 
2.2973816962e-10 1.6305077042e+04 6.1187031460e-01 3.6000000000e-01 
1.7947444737e-09 1.5567075125e+04 9.9803425026e-01 3.6000000000e-01 
7.1321951437e-09 1.2577249218e+04 7.7453966830e-01 3.6000000000e-01 
1.0113388191e-08 1.7032972519e+04 3.8703186968e-01 3.6000000000e-01 
4.1406324623e-09 1.1356136971e+04 4.3488235596e-01 3.6000000000e-01 
4.7315226309e-10 1.1315472747e+04 1.0324791501e+00 3.6000000000e-01 
4.3044699506e-09 1.1408260358e+04 3.4450557797e-01 3.6000000000e-01 
4.6809219255e-08 1.1539642897e+04 7.8748742158e-01 3.6000000000e-01 
1.2839337332e-06 1.2387352646e+04 4.4792903515e-01 3.6000000000e-01 
4.3028527405e-06 1.2258780090e+04 8.4963933488e-01 3.6000000000e-01 
1.8893772665e-08 1.2641591205e+04 1.3688896152e+00 3.6000000000e-01 
6.6351949290e-07 1.1348275997e+04 1.2359216861e+00 3.6000000000e-01 
9.3119734781e-10 1.1311721428e+04 8.1777258343e-01 3.6000000000e-01 
8.1324998534e-11 1.1724962616e+04 1.0072514763e+00 3.6000000000e-01 
1.5955656631e-10 1.6730022378e+04 3.5674635049e-01 3.6000000000e-01 
1.7810166347e-06 1.4976342992e+04 1.0528847494e+00 3.6000000000e-01 
3.6016953900e-08 1.2606366314e+04 2.9056265045e-01 3.6000000000e-01 
1.0804823814e-05 1.1409532033e+04 1.0930878284e+00 3.6000000000e-01 
6.2753693498e-07 1.3900704060e+04 4.9571867826e-01 3.6000000000e-01 
2.4045056459e-10 1.8622344067e+04 4.1508259765e-01 3.6000000000e-01 
2.3527364627e-10 1.2367329020e+04 1.0465966975e+00 3.6000000000e-01 
2.9504393393e-08 1.1321138391e+04 2.5487390172e-01 3.6000000000e-01 
1.1632615634e-09 1.2212525105e+04 8.5235612235e-01 3.6000000000e-01 
1.5540043889e-05 1.2894174039e+04 3.7612445592e-01 3.6000000000e-01 
8.2431802972e-08 1.2659518099e+04 6.2134546450e-01 3.6000000000e-01 
5.5306685520e-09 1.2746074999e+04 8.5527894605e-01 3.6000000000e-01 
1.9862076447e-08 1.2019327791e+04 1.1304895927e+00 3.6000000000e-01 
6.4179351103e-11 2.5000000000e+04 2.0063541873e-01 3.6000000000e-01 
8.9641598366e-07 1.3200242374e+04 6.4044286607e-01 3.6000000000e-01 
3.1240051291e-09 1.4765789158e+04 3.4354984220e-01 3.6000000000e-01 
1.2599158494e-10 1.3895410867e+04 1.0170307142e+00 3.6000000000e-01 
2.1827051712e-09 2.5000000000e+04 2.3173553231e-01 3.6000000000e-01 
3.6682822586e-11 1.3635677421e+04 1.9150760505e-01 3.6000000000e-01 
6.2637217149e-09 1.1459974661e+04 1.2917823291e+00 3.6000000000e-01 
8.3317722438e-10 1.3718482793e+04 2.2384519887e-01 3.6000000000e-01 
8.2665474268e-10 1.1897769269e+04 7.8294649882e-01 3.6000000000e-01 
6.9542740075e-08 1.1505753091e+04 5.0872047773e-01 3.6000000000e-01 
2.5121101249e-11 1.1470632126e+04 1.1947997850e+00 3.6000000000e-01 
4.8369986232e-07 1.1960801605e+04 1.3618252856e+00 3.6000000000e-01 
6.0423329806e-07 1.8579001282e+04 1.0514022572e+00 3.6000000000e-01 
2.5615473494e-08 1.8753821424e+04 5.5543501824e-01 3.6000000000e-01 
8.1026953621e-09 1.2269062371e+04 5.1876104093e-01 3.6000000000e-01 
1.7835055090e-10 1.1760992718e+04 4.6968189883e-01 3.6000000000e-01 
2.8136507478e-05 1.2779067562e+04 2.9987882235e-01 3.6000000000e-01 
5.8688926491e-09 2.1558424080e+04 1.3720108777e+00 3.6000000000e-01 
1.0594178973e-09 1.2023273290e+04 8.7768091519e-01 3.6000000000e-01 
1.6586517213e-08 1.1660956607e+04 2.3390968334e-01 3.6000000000e-01 
2.8378478405e-10 1.1589388668e+04 3.3094120354e-01 3.6000000000e-01 
4.4430829486e-08 1.1384573813e+04 1.4887846070e+00 3.6000000000e-01 
1.8998872451e-11 1.1646403023e+04 7.0496602835e-01 3.6000000000e-01 
5.8260583865e-09 1.8084014104e+04 9.4640334962e-01 3.6000000000e-01 
1.0188562190e-09 1.2130878105e+04 1.1645787412e+00 3.6000000000e-01 
3.5914424245e-06 2.5000000000e+04 6.4013147112e-01 3.6000000000e-01 
3.0251823038e-09 1.1653842800e+04 1.2863731094e+00 3.6000000000e-01 
2.7730339809e-09 1.3807453694e+04 1.7841609862e-01 3.6000000000e-01 
5.2011119797e-12 1.1991861110e+04 1.0306702607e+00 3.6000000000e-01 
2.5593315698e-07 1.3589275541e+04 6.3595602716e-01 3.6000000000e-01 
6.8651335805e-10 2.5000000000e+04 5.8624725660e-01 3.6000000000e-01 
1.0692739067e-10 1.5821525056e+04 1.3685158013e+00 3.6000000000e-01 
1.4484246915e-10 1.7642082827e+04 6.5623222334e-01 3.6000000000e-01 
1.9356027093e-08 1.8704749790e+04 4.7839160808e-01 3.6000000000e-01 
2.1007343979e-09 1.3913384780e+04 7.0455657536e-01 3.6000000000e-01 
7.3457260941e-10 1.4791777986e+04 8.5817407779e-01 3.6000000000e-01 
3.0613958763e-09 2.5000000000e+04 2.5822054996e-01 3.6000000000e-01 
3.3135590179e-11 1.6356885214e+04 8.3520681206e-01 3.6000000000e-01 
5.6853947810e-09 1.7252308741e+04 1.1892775053e+00 3.6000000000e-01 
8.5641556048e-09 1.2416203584e+04 4.3582735363e-01 3.6000000000e-01 
1.3521007002e-07 1.3145578776e+04 1.8870322179e-01 3.6000000000e-01 
8.0353216948e-11 1.8391866342e+04 6.8236270935e-01 3.6000000000e-01 
1.4471970133e-10 1.2470775829e+04 7.3865924549e-01 3.6000000000e-01 
9.9547891476e-09 1.8043770566e+04 1.3451700620e-01 3.6000000000e-01 
3.8604574117e-08 1.2132945660e+04 1.4425334658e-01 3.6000000000e-01 
3.1668301079e-09 1.1289392763e+04 1.2108083207e+00 3.6000000000e-01 
3.5492353242e-11 1.7175326739e+04 4.3601466916e-01 3.6000000000e-01 
1.3171981847e-07 1.6344969488e+04 1.1496379840e+00 3.6000000000e-01 
1.5934128426e-10 1.5378618103e+04 1.3900663746e+00 3.6000000000e-01 
1.4979860973e-07 1.2982267767e+04 1.2046073828e+00 3.6000000000e-01 
4.5060370476e-10 1.7651115129e+04 3.7032047997e-01 3.6000000000e-01 
6.7387350120e-11 1.1667540553e+04 3.4140430862e-01 3.6000000000e-01 
2.4239792058e-10 1.3398780350e+04 1.1568194122e+00 3.6000000000e-01 
5.9500647335e-10 1.1409975161e+04 1.1828059586e+00 3.6000000000e-01 
2.7484433343e-06 1.5131443091e+04 7.3474848761e-01 3.6000000000e-01 
6.3066930371e-09 1.5831632536e+04 1.3299509566e+00 3.6000000000e-01 
4.4178759305e-07 1.4043915121e+04 9.3194840279e-01 3.6000000000e-01 
4.4908880265e-08 1.3410659499e+04 6.6528979476e-01 3.6000000000e-01 
7.1742142825e-10 1.2287290900e+04 1.0573289680e+00 3.6000000000e-01 
1.4466944054e-07 1.4215037896e+04 1.0240834793e+00 3.6000000000e-01 
1.3020703429e-10 1.6462543833e+04 6.2588750103e-01 3.6000000000e-01 
3.5924962688e-09 1.3160469391e+04 1.3746115212e+00 3.6000000000e-01 
4.8422195761e-06 1.1847319021e+04 9.2190098599e-02 3.6000000000e-01 
1.0902588638e-10 1.2883930091e+04 7.8256587653e-01 3.6000000000e-01 
1.3175736985e-08 1.3494721426e+04 2.5224930128e-01 3.6000000000e-01 
1.0771633427e-08 1.1700419018e+04 8.6694663722e-01 3.6000000000e-01 
3.4493561979e-09 1.3871244378e+04 1.4423449067e+00 3.6000000000e-01 
4.8887474670e-09 1.3733328571e+04 8.2175346242e-01 3.6000000000e-01 
5.9078329006e-11 1.2218793961e+04 1.3681203473e+00 3.6000000000e-01 
2.6932198534e-09 1.1396342803e+04 1.0283352665e+00 3.6000000000e-01 
3.6891987627e-09 1.3474467484e+04 1.2732247535e+00 3.6000000000e-01 
1.2736386426e-09 1.2136058939e+04 4.1387600628e-01 3.6000000000e-01 
1.2959272168e-08 1.1793699813e+04 1.2425898415e+00 3.6000000000e-01 
5.3240957293e-08 1.2225464510e+04 5.1503649332e-01 3.6000000000e-01 
5.7301213441e-06 1.1515440069e+04 1.1689770500e+00 3.6000000000e-01 
2.4747425735e-11 1.4388195024e+04 6.5339899973e-01 3.6000000000e-01 
1.0651753861e-11 1.5440364051e+04 9.9913396043e-01 3.6000000000e-01 
2.7886599913e-10 1.1877219851e+04 5.0837480414e-01 3.6000000000e-01 
4.8282038551e-09 1.3282494247e+04 1.2370599772e+00 3.6000000000e-01 
8.6668582907e-09 1.2093951955e+04 9.7763071078e-01 3.6000000000e-01 
1.1867978285e-08 2.5000000000e+04 9.5914040720e-01 3.6000000000e-01 
1.2138837789e-09 1.3475572807e+04 7.4548272380e-01 3.6000000000e-01 
3.5539163111e-10 1.2583011526e+04 1.2299796029e+00 3.6000000000e-01 
1.0960415054e-11 2.0576317838e+04 1.5212837654e+00 3.6000000000e-01 
1.8203492373e-09 1.2951573368e+04 9.3952177530e-01 3.6000000000e-01 
1.6272925860e-09 1.3327079515e+04 4.3606637909e-01 3.6000000000e-01 
3.9789423113e-11 1.6535848513e+04 3.3622890398e-01 3.6000000000e-01 
5.0765033908e-07 1.2625871901e+04 8.0653687105e-01 3.6000000000e-01 
