4.9998530053e-06 9.9901261156e-01 
4.9999027186e-06 9.9992697852e-01 
2.1882657862e-05 8.5359436654e-01 
4.9895920295e-06 9.9714666851e-01 
1.4539948966e-05 8.5973598071e-01 
2.2343293644e-05 8.4633779783e-01 
1.7701543643e-05 8.5880080685e-01 
4.5068773909e-05 8.4361944541e-01 
4.9982307105e-06 9.9557003563e-01 
6.5626113807e-05 8.4233134254e-01 
3.3974204637e-05 8.5735832518e-01 
3.6407516373e-05 8.5443441620e-01 
1.2337995412e-05 8.7394641394e-01 
4.9936901685e-06 9.9907292452e-01 
4.9958706681e-06 9.9826193640e-01 
1.7735182629e-05 8.5676059999e-01 
2.4206271372e-05 8.6384355567e-01 
2.1521034970e-05 8.5090425377e-01 
1.7726727307e-05 8.5851239955e-01 
1.7888152496e-05 8.5827082688e-01 
1.2707068056e-05 8.3396427048e-01 
1.3608488113e-05 8.7083070353e-01 
8.2117264148e-05 8.4919752180e-01 
1.8898581248e-05 8.4460702545e-01 
5.4385104483e-05 8.4359603581e-01 
3.0045854905e-05 8.5051127708e-01 
6.5503730452e-05 8.3810711519e-01 
4.8059104044e-05 8.4110442814e-01 
7.0273493486e-05 8.7764752666e-01 
1.4614058936e-05 1.0000000000e+00 
1.3009620488e-05 1.0000000000e+00 
2.4733900309e-05 8.5290794812e-01 
2.6561088649e-05 1.0000000000e+00 
1.0672743833e-05 8.7693530399e-01 
7.1833843470e-05 8.4344291213e-01 
4.9999097072e-06 9.9990888154e-01 
1.3080853689e-05 8.6351835629e-01 
9.6352380158e-06 8.6739093652e-01 
1.7775442796e-05 8.7169686653e-01 
8.7859005527e-06 8.5618396386e-01 
4.9954304254e-06 9.9679678276e-01 
4.8777827042e-05 8.4286936080e-01 
2.5790288426e-05 8.0382870272e-01 
3.0404436071e-05 8.4923302914e-01 
3.5470839460e-05 8.4855524326e-01 
5.8840096420e-05 8.4081442862e-01 
9.6785692685e-06 8.6669700628e-01 
3.4041488471e-05 8.4303319139e-01 
4.9998548300e-06 9.9989936782e-01 
2.4723843619e-05 8.4456653610e-01 
1.8585713707e-05 8.1325938485e-01 
4.5181735737e-05 8.4372766426e-01 
4.9973625617e-06 9.9933583513e-01 
4.9984639836e-06 9.9814400759e-01 
1.3126301879e-05 8.6443233875e-01 
1.0390447053e-05 8.6760162075e-01 
2.6871836148e-05 1.0000000000e+00 
2.8622519014e-05 8.5967528666e-01 
2.7293335666e-05 8.2153367443e-01 
2.1273013278e-05 8.5956764693e-01 
4.2421800362e-05 8.4517066658e-01 
4.9978997489e-06 9.9811057903e-01 
5.3577764239e-06 8.9753157636e-01 
2.0519757670e-05 8.4099821408e-01 
1.3617012091e-05 8.6380676599e-01 
3.6217211092e-05 8.5599518959e-01 
4.9988051282e-06 9.9778982440e-01 
1.3990978563e-05 8.5488757393e-01 
4.6982883840e-05 8.4301998187e-01 
4.9934398100e-06 9.9667566678e-01 
2.8203843297e-05 8.5493771424e-01 
1.6137818789e-05 8.6271871419e-01 
1.1165318944e-04 8.3021234148e-01 
7.4894361828e-05 8.3584759668e-01 
1.0527621477e-05 1.0000000000e+00 
1.2104454492e-05 8.6594916367e-01 
1.9690171365e-05 8.4535007219e-01 
2.0716291539e-05 8.5897653985e-01 
4.4277059652e-05 8.6296330796e-01 
2.0533305270e-05 8.5629882768e-01 
2.8393627759e-05 8.5347074777e-01 
2.1890916962e-05 8.2453542735e-01 
2.4914887189e-05 8.4389777208e-01 
2.3251794591e-05 1.0000000000e+00 
6.5823165167e-05 8.6419798821e-01 
1.6466024390e-05 8.6086677828e-01 
3.3132760740e-05 8.4964447333e-01 
2.7208918420e-05 1.0000000000e+00 
1.9367527298e-05 8.4814627804e-01 
2.9542573409e-05 8.5203617512e-01 
3.9435550905e-05 8.4890510160e-01 
5.4635015621e-05 8.3916285365e-01 
4.9963962037e-06 9.9668395919e-01 
2.5626128048e-05 8.4471262007e-01 
3.2107816713e-05 1.0000000000e+00 
6.7124229550e-06 8.5907241509e-01 
2.9793276029e-05 8.4237825872e-01 
5.0670814263e-06 9.0340784849e-01 
1.6857148666e-05 8.5877226576e-01 
8.6053660178e-06 1.0000000000e+00 
1.5807439196e-05 8.6506027131e-01 
6.0802408580e-05 8.3751126167e-01 
3.2341300337e-05 8.4520811053e-01 
7.7693475236e-06 8.7160967641e-01 
4.9965879874e-06 9.9897597516e-01 
1.1087678289e-05 8.6984708784e-01 
9.7044100223e-06 1.0000000000e+00 
5.6236502835e-05 8.4073407452e-01 
8.5456183410e-05 8.3958368383e-01 
2.8149646042e-05 8.5470658336e-01 
5.3114835551e-05 8.4776699631e-01 
4.7492105262e-05 8.4131393528e-01 
1.1858696518e-05 1.0000000000e+00 
2.3550590834e-05 8.4325237927e-01 
2.0397842838e-05 8.4595660759e-01 
4.6651067248e-05 8.4245798465e-01 
2.9207360667e-05 8.5188652537e-01 
1.2322665508e-05 1.0000000000e+00 
2.6453001562e-05 8.7205926427e-01 
1.9338920552e-05 8.0645636180e-01 
2.6876721079e-05 1.0000000000e+00 
2.7179299938e-05 1.0000000000e+00 
2.8709237887e-05 8.5338489882e-01 
6.7478583907e-05 8.3522792070e-01 
4.9927249399e-06 9.9712422635e-01 
6.3219471179e-05 8.3916068664e-01 
3.7831231583e-05 8.4378710258e-01 
7.8663377048e-06 8.6155615505e-01 
2.3593821042e-05 8.5427782249e-01 
4.9962365028e-06 9.9721179927e-01 
6.7176008076e-05 8.3730831754e-01 
2.9466048824e-05 8.4450709512e-01 
2.1442888572e-05 8.2588032719e-01 
1.4357233851e-05 8.7371109740e-01 
4.9998743955e-06 9.9992538686e-01 
1.3338414347e-05 8.6520193627e-01 
1.5698014917e-05 8.6151742488e-01 
1.5155203571e-05 8.6561634957e-01 
1.2217544040e-05 8.1559405024e-01 
1.7432100003e-05 8.6538778466e-01 
3.5758041943e-05 8.4914196820e-01 
6.1470772128e-06 1.0000000000e+00 
2.5283387732e-05 8.5349250109e-01 
1.5524638867e-05 1.0000000000e+00 
1.1968690056e-05 1.0000000000e+00 
1.7036519181e-05 8.6026430040e-01 
6.2390366433e-06 8.7448503249e-01 
1.5858513726e-05 8.4990684073e-01 
1.0978248013e-05 8.6486916098e-01 
2.9956012493e-05 8.4968445610e-01 
2.6843880730e-05 8.5621854880e-01 
2.2485764854e-05 8.4037988651e-01 
4.9922392943e-06 9.9809817556e-01 
4.5820843417e-05 8.4435075384e-01 
1.0364016517e-04 8.1689404591e-01 
1.9657219811e-05 8.1856290491e-01 
5.7678458884e-06 1.0000000000e+00 
5.4068792828e-05 8.4684104204e-01 
4.0703710412e-05 8.5730145953e-01 
3.6533069891e-05 8.6251241253e-01 
1.4605807996e-05 8.4997349383e-01 
3.4121435140e-05 8.4970421058e-01 
2.5515987072e-05 8.5268480375e-01 
2.8177088414e-05 8.4425947434e-01 
3.8419826574e-05 8.5134078370e-01 
8.4027647807e-06 8.6484848772e-01 
2.7934693459e-05 8.5694800038e-01 
1.3987069738e-05 8.5912916341e-01 
6.0189779270e-05 8.4071267828e-01 
2.8960318024e-05 8.5007708590e-01 
9.9948508825e-05 8.4108583207e-01 
3.1032358714e-05 8.4327052770e-01 
4.9981899637e-06 9.9781258084e-01 
1.9322701208e-05 8.5317740397e-01 
7.7118365778e-06 8.7415414620e-01 
2.2548431128e-05 8.5887639603e-01 
2.6575378237e-05 8.5253927592e-01 
2.4537202768e-05 8.1714991064e-01 
2.3962452354e-05 8.5504175501e-01 
1.3405770432e-05 8.6392013360e-01 
5.2805892434e-05 8.4161841254e-01 
1.2234660742e-04 8.2576803067e-01 
3.1777504934e-05 8.5349405304e-01 
2.6579295219e-05 8.5367553667e-01 
2.6487550471e-05 8.5214149577e-01 
4.8908823935e-05 8.4279372621e-01 
4.0373472306e-05 8.4477545479e-01 
8.2677536797e-06 1.0000000000e+00 
2.6512759645e-05 8.6571036463e-01 
3.3594209023e-05 8.4894607558e-01 
2.6237826449e-05 8.5082124424e-01 
1.6138494401e-05 8.1023364862e-01 
7.0070429564e-06 1.0000000000e+00 
3.6847560522e-05 8.3848859484e-01 
4.9999799191e-06 9.9688546492e-01 
4.9997577001e-06 9.9990412076e-01 
3.5986682447e-05 8.6933457455e-01 
2.2894759215e-05 8.5673881210e-01 
4.9988815403e-06 9.9796151514e-01 
3.4371853766e-05 8.4637758724e-01 
3.3860108344e-05 8.4878238782e-01 
1.1239757802e-05 8.3489178395e-01 
8.9577961797e-06 8.6513645021e-01 
4.9991245714e-06 9.9672275446e-01 
4.3966318181e-05 8.4494421317e-01 
1.1701778960e-05 8.5053310681e-01 
5.1636142117e-06 8.7530385249e-01 
1.2577196037e-05 8.7139306770e-01 
4.9949696186e-06 9.9640393480e-01 
9.3213205935e-06 8.3483512907e-01 
2.8762041080e-05 8.5102046697e-01 
4.9998790245e-06 9.9990326635e-01 
2.4062197162e-05 8.5448726658e-01 
1.1315590543e-05 8.6585820108e-01 
4.9949821266e-06 9.9892829102e-01 
9.8795785503e-06 8.5814098375e-01 
3.3333802078e-05 8.4915869072e-01 
6.7286820044e-05 8.3567658252e-01 
1.5706065596e-04 8.2317757380e-01 
2.9100962138e-05 8.4825253958e-01 
2.4300582963e-05 8.5232968632e-01 
2.6237755416e-05 8.4851688744e-01 
1.1380909737e-04 8.2791087056e-01 
3.8731424648e-05 8.4637759225e-01 
3.3181416548e-05 8.4729136288e-01 
1.4772210256e-05 8.7481625219e-01 
4.9964301416e-06 9.9821343627e-01 
4.9998699132e-06 9.9992935904e-01 
1.5271393343e-05 8.2509649098e-01 
1.4643751481e-04 8.3594728565e-01 
1.3341939008e-05 8.3803994253e-01 
1.0574370054e-05 1.0000000000e+00 
2.7291364501e-05 8.5223653382e-01 
1.4117370623e-05 8.6418543030e-01 
4.0229005147e-05 8.0913633260e-01 
1.3366529958e-05 8.3539428420e-01 
2.3300436758e-05 8.6957026483e-01 
2.8787532564e-05 8.5160267215e-01 
1.3501294098e-05 8.8048105108e-01 
2.5856016901e-05 8.5285580766e-01 
9.5473033696e-05 8.3952143277e-01 
8.6169828066e-05 8.3191196213e-01 
4.9948090101e-06 9.9727423769e-01 
1.1516819130e-05 8.5912853588e-01 
1.0720844125e-05 8.7166280764e-01 
4.9980419900e-06 9.9647023172e-01 
4.9984441215e-06 9.9733722940e-01 
2.6577859415e-05 8.5378874299e-01 
6.8114617112e-06 8.8489857424e-01 
1.7839728698e-05 8.5007237209e-01 
6.2310937254e-06 8.7703145535e-01 
3.7346264780e-05 8.4717008850e-01 
1.7479483383e-05 8.5161107285e-01 
3.8761237761e-05 8.4423111291e-01 
1.1547464923e-05 1.0000000000e+00 
4.9374289846e-05 8.4523899281e-01 
2.9052633635e-05 8.5279025517e-01 
3.0189143100e-05 8.4899557757e-01 
8.3183001789e-05 8.3509639529e-01 
2.2242083041e-05 8.0764333722e-01 
3.1470102940e-05 8.5108190554e-01 
1.7751107294e-05 8.6290234605e-01 
3.6401774645e-05 8.4795012421e-01 
2.0507773199e-05 8.5074034551e-01 
6.0633781640e-05 8.4040033849e-01 
1.2469290618e-05 8.6148589935e-01 
3.3289425224e-05 8.5397459497e-01 
1.1182786061e-05 8.6732337349e-01 
2.9080570795e-05 8.5428538206e-01 
6.0535171656e-06 8.7411663405e-01 
2.1225600713e-05 1.0000000000e+00 
5.2126434141e-05 8.5162150213e-01 
4.9640021060e-05 8.4145383236e-01 
1.6007235928e-04 8.3192813037e-01 
2.0880916466e-05 8.1384613468e-01 
4.9967708047e-06 9.9911917170e-01 
8.4740256736e-05 8.3348472166e-01 
4.9965601975e-06 9.9635016571e-01 
8.9684394308e-06 8.8125215318e-01 
4.3284202798e-05 8.4470521953e-01 
2.3527629669e-05 8.6320931950e-01 
3.3421219057e-05 8.5318606057e-01 
7.9597797660e-06 8.6340766911e-01 
4.9974261162e-06 9.9890537211e-01 
2.2651903716e-05 8.1312620642e-01 
2.5223388321e-05 8.4892661777e-01 
9.8568435600e-06 1.0000000000e+00 
4.1025072078e-05 8.5345059817e-01 
1.9315217629e-05 8.5911066513e-01 
1.8722996366e-05 8.5351622456e-01 
2.9777047338e-05 8.6341912625e-01 
2.2901027553e-05 8.6031065082e-01 
2.2781813806e-05 8.4686268503e-01 
2.1118819824e-05 8.5539535525e-01 
3.8819514698e-05 8.4671285869e-01 
9.7458014830e-06 1.0000000000e+00 
1.9809721496e-05 8.5737448554e-01 
4.9997531190e-06 9.9992105665e-01 
9.1625911276e-06 8.5480939529e-01 
1.8468282234e-05 1.0000000000e+00 
2.9324026614e-05 8.4938361447e-01 
1.2261360004e-05 8.6548174984e-01 
4.9997162222e-06 9.9991846105e-01 
1.4257069816e-05 1.0000000000e+00 
3.8702037983e-05 8.4844413050e-01 
1.3093455499e-05 8.6762045681e-01 
2.6335472001e-05 8.5146173355e-01 
5.3106405382e-06 8.7674407913e-01 
5.4433499311e-05 8.4031325059e-01 
2.1234710451e-05 8.4851404433e-01 
2.3387494450e-05 8.5425535952e-01 
4.1487953964e-05 8.4820317315e-01 
9.2172424290e-05 8.5426551980e-01 
4.5364088423e-05 8.4405642866e-01 
1.5165022174e-05 1.0000000000e+00 
3.2939378445e-05 8.5386158753e-01 
4.6149830315e-05 8.4090381629e-01 
4.9918469911e-06 9.9503952538e-01 
1.4073032514e-05 8.6194265354e-01 
1.6992982484e-05 8.5971376457e-01 
1.3663368839e-05 8.6333147700e-01 
4.9997526629e-06 9.9991858081e-01 
2.7104587059e-05 8.6903859566e-01 
4.9998418802e-06 9.9992320106e-01 
4.4949219359e-05 8.3811022716e-01 
1.7742995009e-05 8.6212205325e-01 
2.1205720927e-05 8.3455694594e-01 
8.4340490785e-06 8.6646718209e-01 
7.6469058281e-06 8.7636312687e-01 
1.6329719974e-05 8.6023741663e-01 
3.4601139086e-05 8.5670493948e-01 
8.5443654630e-05 8.3586103135e-01 
4.9963871108e-06 9.9911059021e-01 
4.9975320645e-06 9.9814731227e-01 
4.7340489904e-05 8.5274076703e-01 
8.2010741399e-06 8.6842768500e-01 
4.9976118662e-06 9.9830469498e-01 
1.6787496210e-05 8.5929620135e-01 
1.7975642181e-05 1.0000000000e+00 
3.6796705019e-05 8.4902796427e-01 
4.9997515835e-06 9.9990821503e-01 
7.3431202415e-06 1.0000000000e+00 
1.0728970701e-05 8.6525679204e-01 
1.3889325640e-05 8.6253969415e-01 
2.4598388047e-05 8.5112233708e-01 
4.9998937308e-06 9.9898234945e-01 
4.0454373870e-05 8.4444858052e-01 
8.7920378676e-06 8.6987840565e-01 
1.4219246547e-05 8.5991105044e-01 
1.7383799816e-05 8.5971276802e-01 
1.9557656314e-05 8.1314975233e-01 
2.7050427675e-05 8.5143538802e-01 
9.4443339714e-06 8.2965198870e-01 
4.1551670586e-05 8.6403537012e-01 
1.7129384672e-05 8.4698514717e-01 
1.5874042177e-05 8.5104815996e-01 
1.7886854082e-05 8.1461696939e-01 
4.4620109195e-05 8.5058072776e-01 
1.8915232770e-05 8.1537222773e-01 
5.6581374720e-05 8.4191417106e-01 
4.9998131673e-06 9.9992623713e-01 
2.8518411760e-05 8.5176758052e-01 
1.2479970371e-04 8.3006969278e-01 
1.4568320820e-05 8.6421636831e-01 
7.1191480057e-05 8.3764919135e-01 
1.2925822821e-05 8.6389508140e-01 
5.6886248010e-05 8.4044240233e-01 
1.6004242567e-05 8.6360000584e-01 
2.9342249671e-05 8.4684735462e-01 
1.4609942908e-05 8.4962169834e-01 
1.7441835238e-05 8.6096198417e-01 
1.8720647115e-05 8.5687665723e-01 
4.9999092680e-06 9.9989450695e-01 
4.9403203001e-06 9.9105725549e-01 
9.1843939573e-06 1.0000000000e+00 
1.2736130338e-05 8.8235456924e-01 
5.8983583998e-06 8.7172098757e-01 
1.7875285328e-05 1.0000000000e+00 
3.1426439415e-05 8.4517330540e-01 
2.7421685767e-05 8.4987386905e-01 
2.2423295196e-05 1.0000000000e+00 
4.9996527496e-06 9.9988898228e-01 
4.2722570549e-05 8.5459103708e-01 
5.2846702803e-05 8.4117911134e-01 
7.1864305503e-05 8.3198871315e-01 
1.7606883813e-05 8.1647031312e-01 
3.2901654336e-05 8.4743705045e-01 
1.4467222450e-05 8.5902144335e-01 
7.0606374707e-06 8.7601295099e-01 
6.9559046708e-06 8.6891746446e-01 
1.2293268118e-05 8.4534375250e-01 
4.9975131013e-06 9.9833650506e-01 
1.2456708569e-05 8.7389965345e-01 
5.1481301226e-05 8.4117346560e-01 
4.9936890958e-06 9.9641062403e-01 
1.3709527756e-05 8.2393953897e-01 
6.2833117067e-05 8.3893159104e-01 
7.6399767698e-06 8.7392352739e-01 
8.9640846790e-06 8.6914457288e-01 
1.6690491093e-05 8.6103139467e-01 
2.0715977043e-05 8.5601465547e-01 
1.9142965196e-05 8.6242786476e-01 
1.1888101927e-05 8.5295933785e-01 
1.0306958345e-05 8.5397379531e-01 
1.6528130503e-05 8.6391591084e-01 
1.5359441793e-05 8.6035019120e-01 
1.8577978864e-05 8.7254319084e-01 
1.2820885826e-04 8.3818534786e-01 
4.5599146871e-05 8.2261717027e-01 
2.2463924378e-05 8.5373568286e-01 
5.3367011515e-05 8.4181258161e-01 
4.9997019267e-06 9.9990854743e-01 
1.5035385974e-05 8.6906695134e-01 
7.0281642737e-05 8.4036241588e-01 
1.0539623897e-05 1.0000000000e+00 
3.1233806145e-05 8.5006267126e-01 
3.5419912794e-05 8.0897307937e-01 
2.2499227286e-05 8.7082054509e-01 
6.4684958226e-05 8.3921836761e-01 
9.3210690107e-05 8.3184468456e-01 
4.9949900257e-06 9.9536655556e-01 
2.8546931454e-05 8.5705224998e-01 
1.3890122495e-05 1.0000000000e+00 
3.1723580136e-05 8.4826271350e-01 
2.1032650948e-05 8.5572660202e-01 
3.1721647262e-05 8.5819748741e-01 
3.3264532309e-05 8.5185805368e-01 
8.6359549293e-06 8.7728803679e-01 
1.2451684559e-04 8.2806645090e-01 
3.1427176940e-05 8.4996584450e-01 
3.8857232760e-05 8.5185187816e-01 
1.6768514099e-05 8.5909749107e-01 
7.6964100753e-06 8.7009089411e-01 
1.5070810519e-05 1.0000000000e+00 
4.5725214946e-05 8.0704764491e-01 
5.9153712442e-05 8.3750066402e-01 
1.8184732641e-05 8.3012766905e-01 
4.6261427202e-05 8.5686776293e-01 
1.1940994787e-05 8.6595627417e-01 
2.0908598701e-05 8.6623376220e-01 
4.2420033968e-05 8.4417538043e-01 
1.4673449189e-05 8.6158305185e-01 
4.9983712072e-06 9.9773417447e-01 
1.1448707209e-05 8.2607757592e-01 
4.9979355848e-06 9.9911639760e-01 
4.9998342625e-06 9.9990769456e-01 
6.8034577973e-05 8.3878888419e-01 
3.3935501160e-05 8.5080166528e-01 
4.0251350233e-05 8.4359666352e-01 
4.9310250738e-05 8.4256902465e-01 
1.0357267458e-05 1.0000000000e+00 
4.9930957068e-06 9.9817572564e-01 
5.9385261016e-06 8.7728088973e-01 
6.9766453495e-06 8.6418932140e-01 
9.7698022488e-06 1.0000000000e+00 
2.1172658625e-05 8.1959266596e-01 
7.1918528073e-06 1.0000000000e+00 
6.2203299462e-05 8.4575942748e-01 
7.3017449532e-05 8.3761255430e-01 
5.1914122842e-05 8.4082423062e-01 
3.6021738422e-05 8.4639561690e-01 
2.3459497930e-05 8.5710869294e-01 
2.1445102974e-05 8.4954369441e-01 
1.7874074328e-05 8.6244561293e-01 
3.6234911119e-05 8.4401487111e-01 
4.9943557507e-06 9.9802712887e-01 
8.1671711079e-05 8.3433144311e-01 
2.9878280773e-05 8.5150611864e-01 
1.5314507467e-05 8.5229287867e-01 
4.9987836708e-06 9.9608569377e-01 
1.3707399979e-05 8.6394671593e-01 
1.2961747610e-05 8.6330662097e-01 
2.3337639502e-05 8.5617994693e-01 
7.8008621429e-06 8.3579856311e-01 
4.6491661074e-05 8.4257194894e-01 
7.7595806219e-05 8.3335543170e-01 
1.4655099822e-05 1.0000000000e+00 
4.7523851592e-05 8.4165830178e-01 
1.6920058462e-05 8.4374385480e-01 
2.5932165775e-05 8.5092858113e-01 
2.2411539133e-05 8.5041623557e-01 
4.9998941382e-06 9.9989296659e-01 
4.0307207327e-05 8.4538747635e-01 
1.2105246319e-05 1.0000000000e+00 
5.9485516226e-05 8.3927757950e-01 
7.5782281176e-06 8.6902506957e-01 
4.9998699365e-06 9.9993245414e-01 
1.3696540910e-05 8.7557071116e-01 
2.6341320671e-05 8.5171117569e-01 
1.2414121398e-05 1.0000000000e+00 
6.3866333434e-06 8.7423355003e-01 
7.5124221591e-06 1.0000000000e+00 
8.3638801467e-05 8.3720824897e-01 
