1.7492818182e-05 1.6224493344e-01 
1.6397242259e-05 3.1892044354e-01 
1.7288209176e-04 1.8875493492e-01 
4.5405886691e-05 1.0000000000e+00 
1.0285678098e-05 3.6322280444e-01 
2.9155505526e-05 3.2335133601e-01 
2.7400530827e-05 2.6157434712e-01 
1.0940283130e-05 1.0000000000e+00 
5.8446702781e-05 2.6767100919e-01 
7.7938607637e-06 3.4743911487e-01 
1.0083855882e-04 2.0028978917e-01 
7.0619436443e-06 1.0000000000e+00 
2.0164167757e-05 3.1863780076e-01 
3.9226680820e-05 1.0184505475e-01 
1.3056300599e-04 2.0401597205e-01 
1.6447138000e-04 1.9056178773e-01 
2.0896171239e-05 4.5409353420e-01 
5.2336711380e-05 2.5775757708e-01 
4.1789826062e-05 1.2288487457e-01 
4.5648496260e-05 2.8919387995e-02 
6.5868777690e-05 2.5333239215e-01 
2.4858243565e-05 1.9742378430e-01 
1.8441094907e-05 4.8253491611e-01 
4.7214944682e-05 3.0022643069e-01 
2.6683032006e-05 1.0000000000e+00 
1.9999186402e-05 1.3840939764e-01 
5.6601504140e-05 8.8623219160e-02 
2.1936550797e-04 4.1266809247e-01 
2.1635004666e-05 1.2372917542e-01 
2.0561024166e-05 4.3350892640e-02 
2.0750448587e-04 3.0469623578e-01 
5.0909828658e-05 2.4200841576e-01 
1.3317097821e-05 1.8839205881e-01 
9.8308502418e-05 2.1611027674e-01 
3.4393325271e-05 1.8128676331e-01 
3.4029705855e-04 1.0000000000e+00 
3.0256926156e-05 2.4641448413e-02 
1.6696354869e-05 3.4785250521e-01 
3.1175377825e-05 1.0000000000e+00 
3.0006071398e-05 2.7193955036e-01 
3.0481928734e-05 1.9211719194e-01 
5.0218950507e-05 2.5058901266e-01 
3.2459508563e-05 1.0016970247e-01 
2.5716828444e-05 1.8248421317e-01 
6.7730059247e-04 1.5340905391e-01 
2.0338382413e-05 2.1028853947e-01 
2.4556215783e-04 1.8476588879e-01 
7.3185274280e-05 1.0000000000e+00 
3.1703276663e-05 2.6647463383e-01 
1.2896909705e-04 2.0775203676e-01 
1.4741946612e-05 4.8333144463e-01 
1.4195926221e-04 2.2227986789e-01 
1.3301694718e-05 1.9666096760e-01 
1.4266857580e-04 1.0000000000e+00 
1.7302096356e-05 1.0000000000e+00 
2.0801312684e-05 1.0264238569e-01 
1.5864159685e-04 2.0553841135e-01 
3.8732090595e-05 3.1993315194e-01 
1.3416168295e-05 3.4072903813e-01 
1.8825742065e-05 1.0000000000e+00 
5.6196213656e-05 7.7818933065e-01 
6.8456357170e-05 2.1611089168e-01 
9.0544616666e-05 2.2731081025e-01 
4.8764193408e-05 2.2942893936e-01 
3.2480792295e-04 1.6289968495e-01 
7.5257825885e-05 2.7204970380e-02 
6.7870183616e-06 1.0000000000e+00 
4.6458687443e-04 2.8829422684e-01 
2.4815624460e-05 1.7877110021e-01 
1.2140133453e-04 2.0827527013e-01 
1.0697088182e-05 3.3629444363e-01 
5.1636608132e-04 1.4621781365e-01 
6.5443968254e-05 2.3015297511e-01 
5.7263710168e-05 1.2740211757e-01 
1.3514122481e-05 2.8303001113e-01 
9.4231266964e-05 2.2669371520e-01 
2.2389941526e-05 2.7953781819e-01 
2.2948372481e-05 1.0000000000e+00 
4.5015824511e-04 1.4564789072e-01 
2.7050505260e-05 1.0000000000e+00 
6.3863675079e-06 1.0000000000e+00 
2.2611782842e-05 1.5244314834e-01 
1.2440434688e-04 2.0861825845e-01 
2.9735408061e-05 1.7489738500e-01 
9.0388754221e-05 2.0836868099e-01 
4.2711634976e-04 1.0000000000e+00 
2.4291203648e-05 3.0472508023e-01 
2.1960003480e-04 1.9182220967e-01 
1.9386450168e-04 1.9275184837e-01 
3.5051414610e-04 1.8939407756e-01 
1.6389364052e-04 1.9733530845e-01 
1.9662744134e-04 1.7917237248e-01 
1.2247482769e-05 1.0000000000e+00 
1.7618128879e-04 1.9783976076e-01 
2.8686937060e-04 9.0973897368e-01 
1.7301641988e-05 1.0000000000e+00 
1.3312977430e-05 2.9882720926e-01 
1.9125266355e-04 1.8767938936e-01 
4.4318152491e-05 3.9481395158e-02 
6.7497587322e-06 1.0000000000e+00 
5.0969849784e-05 0.0000000000e+00 
7.4223822613e-05 2.1872175716e-01 
4.2068266052e-05 2.3454829842e-01 
5.6755048588e-05 2.3128852711e-01 
1.4349032621e-04 1.9478594419e-01 
1.6069511793e-04 2.4031170481e-01 
9.7184729851e-05 0.0000000000e+00 
6.5665841353e-06 1.0000000000e+00 
4.0020637931e-05 1.2752793819e-01 
7.7024509603e-05 1.0000000000e+00 
1.3218740457e-04 2.0497529145e-01 
2.3752243012e-04 1.7957698931e-01 
2.6900456208e-05 1.8280134283e-01 
2.6970257314e-04 1.0000000000e+00 
2.2764965872e-05 2.6169355455e-01 
3.6483488679e-04 1.0000000000e+00 
1.1286796634e-04 1.0000000000e+00 
1.7174378916e-05 1.0000000000e+00 
2.6354843377e-05 2.0694640469e-01 
2.8729837075e-05 1.6777103979e-01 
1.4377720847e-05 1.0000000000e+00 
9.1225882934e-05 2.2468404082e-01 
3.6682173833e-04 1.5270687314e-01 
6.2108680567e-05 2.1540461533e-01 
2.9006527339e-05 1.9689250062e-01 
5.4646536316e-05 2.4112914969e-01 
1.8466174464e-04 1.7971568483e-01 
1.1012943559e-04 2.0900898245e-01 
1.7819107859e-05 3.7546555741e-01 
2.6712553058e-05 2.8689484733e-01 
2.6366127380e-05 8.3862990414e-02 
6.9810939127e-04 1.2486535256e-01 
9.0114617847e-05 2.4079960008e-01 
1.4161548466e-05 3.2358912515e-01 
3.2159198884e-05 2.8141711518e-01 
1.2477510247e-04 2.0806304756e-01 
4.7234997410e-05 1.0000000000e+00 
1.7831775699e-04 1.9437841676e-01 
4.7414192885e-05 2.4582621313e-01 
2.9860387134e-05 1.8699211233e-01 
1.3332413653e-04 3.0947105980e-01 
7.0912469335e-06 1.0000000000e+00 
3.8428539142e-05 2.6167997782e-01 
3.4704812586e-05 9.8869627825e-02 
4.5342582109e-05 0.0000000000e+00 
3.1905328349e-05 2.0874171466e-01 
2.8502407991e-05 2.6269305700e-01 
2.8297826808e-05 1.0000000000e+00 
3.6460428015e-05 0.0000000000e+00 
1.7557427633e-04 2.0565622778e-01 
3.9995164160e-05 2.5018063874e-01 
5.3203396217e-05 2.2975338752e-01 
1.5497107988e-05 3.0366939698e-01 
3.5862640550e-05 1.0000000000e+00 
5.8542137242e-05 1.3808322334e-01 
2.8692368001e-05 1.2424299475e-01 
7.4291781896e-05 2.2846640209e-01 
4.9404138032e-04 3.8070787992e-01 
8.2479517882e-05 1.0000000000e+00 
2.5255035418e-05 4.9997749779e-01 
2.4204847430e-05 3.1996276189e-01 
6.7967154640e-06 3.4765423430e-01 
2.2350428900e-04 1.8176070360e-01 
5.9251589650e-05 4.9838489946e-02 
1.3879867152e-04 1.8804336019e-01 
4.3113218596e-05 7.5964834740e-01 
5.1608282475e-05 0.0000000000e+00 
8.4160613452e-05 2.0817726729e-01 
7.6791034678e-05 2.0409043009e-01 
4.4079381641e-04 1.0000000000e+00 
2.6316150341e-04 2.5688656327e-01 
2.5391807823e-05 4.3488519064e-01 
1.5802759985e-04 2.0286104513e-01 
5.5720929603e-05 2.3955991818e-01 
2.8658439629e-05 3.2715130594e-01 
5.4808588358e-05 1.6350947391e-01 
1.4554073133e-05 1.2374633900e-01 
1.4453924303e-04 1.0000000000e+00 
1.4666667166e-05 2.9343174014e-01 
6.3175002280e-04 1.0000000000e+00 
6.7676437970e-05 8.8054723536e-02 
6.7728525638e-05 0.0000000000e+00 
6.3585309336e-05 2.3590934920e-01 
3.6408898115e-05 2.4626465107e-01 
4.7225250566e-05 7.7009609729e-02 
2.2380213118e-05 2.3836889452e-01 
1.3490627956e-04 2.0545101945e-01 
8.3628874151e-05 2.5189026503e-01 
1.2625202004e-05 3.3102567867e-01 
1.2616787929e-05 4.8765954190e-01 
2.7960945977e-04 1.7053775908e-01 
1.0986069838e-05 2.0761336413e-01 
5.6705767901e-05 2.4393287171e-01 
1.2569225229e-04 2.7131966258e-01 
5.0958311408e-05 9.6810770328e-02 
6.6247646086e-05 5.3027011856e-02 
1.0091829164e-04 1.9825657110e-01 
1.1021762945e-04 1.9186241398e-01 
9.4260210801e-05 1.7892555707e-01 
3.7622224715e-05 2.1147030868e-02 
4.5555207393e-05 0.0000000000e+00 
1.0294678152e-04 2.1714339787e-01 
2.7427644135e-05 3.6475747939e-01 
1.0754667831e-04 2.2449833864e-01 
4.0877756836e-05 6.4451104362e-02 
1.0440717390e-04 2.3629383347e-01 
1.2227194652e-04 2.2584389833e-01 
9.7562290016e-05 2.2172395926e-01 
8.1515566870e-05 1.3687921595e-01 
1.5133839695e-04 1.0000000000e+00 
2.4474614329e-05 2.6483455334e-01 
4.5674508520e-05 2.4822271092e-01 
2.7109791138e-05 2.8099480061e-01 
7.2743530028e-05 7.1333800885e-01 
2.9630796434e-05 3.5426820682e-01 
1.7261760837e-05 2.0712028485e-01 
1.1023900974e-05 1.0000000000e+00 
4.6844455902e-05 2.4269424397e-01 
5.1829611225e-05 2.3424068700e-01 
7.6123434045e-06 1.0000000000e+00 
1.3604524018e-04 4.1654842691e-01 
3.3109683910e-05 8.3530296821e-02 
9.2613163833e-06 1.0000000000e+00 
2.6092412982e-05 1.8498343377e-01 
4.2604585252e-05 2.7278197774e-01 
9.3002117993e-05 0.0000000000e+00 
4.5043838477e-05 0.0000000000e+00 
4.6855399862e-05 0.0000000000e+00 
8.5773626775e-06 1.0000000000e+00 
1.2860522483e-04 2.5301055081e-01 
4.4450622881e-04 1.4770204966e-01 
2.0458948356e-04 1.8305000310e-01 
1.2516889132e-04 2.2640404593e-01 
2.4926620475e-05 2.2078794767e-01 
7.6570516832e-05 2.4073608382e-01 
4.6476434594e-05 1.0000000000e+00 
1.2148563872e-04 0.0000000000e+00 
3.3295773500e-05 1.0163114174e-01 
9.2222485336e-06 1.0000000000e+00 
6.1483047005e-05 2.6140275298e-01 
6.1293662724e-06 1.0000000000e+00 
2.1190312556e-05 4.4075813824e-02 
1.3228002267e-04 2.0901856553e-01 
5.2375900437e-05 2.3650082483e-01 
9.7077387202e-05 2.0153019406e-01 
1.7926807630e-05 2.9900064458e-01 
1.5404645358e-05 3.9270542851e-01 
6.4183847965e-06 1.0000000000e+00 
4.4956504033e-05 2.6472615781e-01 
3.2088691336e-05 1.2055231266e-01 
1.0424470884e-04 2.2299200916e-01 
1.0194421440e-04 2.1793218833e-01 
1.1779059375e-05 3.4534414812e-01 
1.3054453373e-05 5.3311190206e-01 
2.7689166138e-04 1.7648037643e-01 
1.4681819122e-04 2.1121372547e-01 
1.6388688985e-04 2.0326427039e-01 
2.1049452195e-05 3.0010491462e-01 
1.5048761557e-04 2.8479230498e-01 
1.9214154242e-05 1.0418384428e-01 
9.6815983931e-05 2.0187100309e-01 
1.3500916081e-05 1.0000000000e+00 
2.4155738539e-04 1.7791095615e-01 
4.2016875775e-05 7.9207110183e-02 
2.5128645944e-04 1.7477080204e-01 
3.3925607115e-04 1.0000000000e+00 
2.3474196459e-04 1.7945416595e-01 
2.9513141844e-05 3.1051195674e-01 
1.2063555635e-04 1.0000000000e+00 
1.9381953469e-05 1.0000000000e+00 
1.6324827606e-04 2.2696220882e-01 
3.5471007669e-05 2.7302296445e-01 
5.9850346771e-05 2.2900654178e-01 
1.5833091230e-04 1.9997574087e-01 
3.8478912367e-05 3.4058093720e-01 
9.8035380319e-05 2.2923034747e-01 
1.3105765611e-05 1.0000000000e+00 
6.3343349400e-05 2.7859721086e-01 
3.4522671062e-05 0.0000000000e+00 
2.8416752490e-04 1.0000000000e+00 
2.0718303229e-04 1.9373003900e-01 
5.7538198416e-06 1.0000000000e+00 
7.8365220405e-05 0.0000000000e+00 
3.6557128108e-05 3.0301928303e-01 
1.2353183855e-05 2.2344406828e-01 
5.2530578712e-05 2.5110130901e-01 
1.0179333525e-04 7.8387845610e-01 
1.4234712022e-05 3.3007179456e-01 
2.7971709173e-05 2.7793575136e-01 
2.3674454904e-05 1.5773317028e-01 
4.8961423390e-05 6.8557384412e-01 
1.6223296016e-04 2.0107190553e-01 
3.2246896801e-05 3.2090386294e-01 
5.1825795639e-04 1.3953562420e-01 
5.8165218539e-05 2.3953144733e-01 
9.1720395509e-05 2.2224837203e-01 
6.3288941490e-05 2.4626267710e-01 
5.5922234011e-05 1.0203102605e-01 
2.4637844428e-05 9.9576569228e-02 
6.0001983193e-05 2.1581948821e-01 
3.9376811676e-05 1.7049200596e-01 
6.0684892456e-05 1.2860463723e-01 
1.8336743840e-05 3.2002625785e-01 
7.2661154170e-05 2.3609526281e-01 
1.8400599721e-05 2.1823167680e-01 
1.0263543746e-05 5.9497207232e-01 
2.4404330901e-04 7.2660253800e-01 
5.1126191408e-05 2.9387053137e-01 
1.3249857851e-05 3.3456155241e-01 
6.5283945549e-04 1.0000000000e+00 
1.7328375049e-05 1.0000000000e+00 
4.6609600087e-05 0.0000000000e+00 
9.0272563659e-06 1.0000000000e+00 
4.1541615430e-05 2.4695149258e-01 
1.6861742655e-05 1.5730939244e-01 
1.3096870572e-04 8.6854621312e-01 
4.8150858322e-05 1.3005096629e-01 
5.7725147415e-05 0.0000000000e+00 
1.3133777537e-04 6.2714617926e-01 
6.7276159736e-05 2.4233096040e-01 
1.4016105978e-05 3.8116153055e-01 
1.2686894512e-04 2.7942128745e-01 
5.7892010991e-05 1.1504670305e-01 
6.6012195206e-05 1.0000000000e+00 
3.2223661296e-05 1.1033820930e-01 
1.1729305448e-04 2.1301847429e-01 
1.6645549164e-05 1.0000000000e+00 
1.4805824696e-04 1.9840008299e-01 
1.4965444983e-05 3.1741255593e-01 
3.6783637846e-05 8.1995968635e-02 
7.1276567612e-05 4.8632207127e-01 
6.2217149175e-05 2.4828293785e-01 
4.8345378967e-05 1.7032835506e-01 
1.6639855681e-05 1.0000000000e+00 
1.2402529019e-04 6.0717005088e-01 
2.6751586016e-05 1.4577457522e-01 
1.9542190595e-04 1.8440526147e-01 
3.4456999196e-05 2.6869925433e-01 
4.7233575064e-04 1.4447042628e-01 
1.3141970651e-05 1.0000000000e+00 
3.8439361607e-05 5.6990854083e-02 
1.4148596840e-04 1.0000000000e+00 
9.2465760249e-06 1.0000000000e+00 
2.6990227273e-05 2.6080335425e-01 
3.6566394949e-05 3.0128417888e-01 
1.1457075259e-05 1.0000000000e+00 
1.2428847372e-04 2.9952312339e-01 
3.2916083422e-05 0.0000000000e+00 
5.6254686862e-05 2.3145330911e-01 
3.9712791685e-05 8.4733038253e-03 
3.1958240465e-05 2.6387131253e-01 
4.7850043321e-05 2.2268327071e-01 
5.8744580765e-04 2.6071743658e-01 
4.4047538491e-05 2.7192014358e-02 
7.6627985075e-06 1.0000000000e+00 
7.6454571110e-05 2.3075564995e-01 
3.6314370353e-05 2.4545543646e-01 
9.6333446391e-06 1.0000000000e+00 
2.8143513710e-05 1.9101265856e-01 
2.1439257786e-05 1.9376136966e-01 
2.3812999695e-05 1.1155311049e-01 
6.4605921851e-05 1.0000000000e+00 
7.5753582433e-05 2.0860966525e-01 
9.3412641451e-06 3.2441980128e-01 
7.3947249674e-05 2.5874387953e-01 
1.1566930410e-05 2.9167981686e-01 
3.8896021710e-05 0.0000000000e+00 
3.6785355274e-05 1.0000000000e+00 
6.0955007557e-05 2.1119345524e-01 
4.3704479537e-05 1.4060850444e-03 
4.9131501714e-05 3.1039114878e-02 
7.3037530862e-05 4.1476803312e-02 
4.8875011943e-05 0.0000000000e+00 
4.7384760774e-05 2.9670424494e-01 
6.1256123604e-05 2.4236700750e-01 
2.1732976685e-05 2.0839731304e-01 
1.4508845128e-04 6.9602746510e-01 
2.7977885183e-04 1.6943928690e-01 
2.2968969131e-05 2.5216525058e-01 
3.6519919215e-05 6.5210666983e-02 
2.4024697946e-05 2.9478358202e-01 
2.7002655599e-05 1.0915766227e-01 
5.6113687256e-05 2.3421200260e-01 
1.0178647659e-05 1.0000000000e+00 
5.9416658195e-04 1.0000000000e+00 
3.2078477898e-05 1.0000000000e+00 
6.2028989793e-05 1.0000000000e+00 
2.7862050452e-04 1.6517381789e-01 
4.5961112624e-05 2.3749430098e-01 
4.4673874362e-05 3.2746699365e-02 
7.0229968887e-06 1.0000000000e+00 
3.2573792220e-05 5.6376413354e-02 
8.7146713558e-06 1.0000000000e+00 
3.9069170398e-05 0.0000000000e+00 
4.8769486288e-05 2.4784990404e-01 
1.2670194838e-04 1.0000000000e+00 
4.1374882661e-05 0.0000000000e+00 
2.1302801769e-05 1.0000000000e+00 
1.3582823212e-05 1.0000000000e+00 
2.0880997394e-04 1.8012715212e-01 
5.8746945052e-05 5.2572060212e-01 
6.3127149843e-05 1.0000000000e+00 
2.6258965978e-05 2.4930577440e-01 
6.4526631995e-05 3.0603167051e-01 
1.7302664877e-05 2.1831911608e-01 
2.2395116985e-05 1.0000000000e+00 
4.7588117270e-05 1.9341149638e-01 
8.7189187882e-05 2.7082786011e-01 
4.0590054175e-05 1.2683878466e-01 
2.3184003659e-05 2.8839122254e-01 
