5.3551375023e-05 1.0000000000e+00 
1.8169192207e-04 5.5330464063e-01 
9.6552769948e-05 5.7799097057e-01 
6.2467822500e-04 1.0000000000e+00 
5.8497875945e-05 1.0000000000e+00 
5.3796414888e-06 1.0000000000e+00 
1.1175966493e-05 6.3825971672e-01 
4.1981245168e-05 6.1337784255e-01 
1.4640972114e-05 6.7254162982e-01 
4.4501089681e-05 5.9569479230e-01 
4.5699039691e-05 5.9965633679e-01 
6.9181393601e-05 5.9228559589e-01 
6.8333278109e-05 5.8803646273e-01 
4.3071632311e-04 1.0000000000e+00 
3.9398167796e-05 6.0771962894e-01 
2.3358816634e-04 5.3862866315e-01 
4.1208075197e-04 5.1761883772e-01 
2.4248110841e-05 6.3136532043e-01 
2.3312261644e-05 1.0000000000e+00 
7.6280159214e-05 5.8744777633e-01 
2.9105801352e-05 5.6838222931e-01 
1.0904544025e-04 5.7524915020e-01 
3.2766118699e-05 5.3511191090e-01 
1.0912246656e-04 5.8507136045e-01 
3.4875594644e-05 6.2400506305e-01 
1.0668568465e-04 5.7494888784e-01 
5.5533186928e-05 6.0266133728e-01 
4.7991195723e-05 6.0395627741e-01 
2.0877636146e-05 6.1441744142e-01 
1.0664534789e-04 5.7644245910e-01 
3.1718758056e-05 6.2445856234e-01 
1.0457992765e-04 5.7655399666e-01 
1.3175150905e-04 5.6863013366e-01 
1.0449364802e-04 5.8376601661e-01 
3.1151960029e-05 6.1330025838e-01 
1.8414407427e-04 5.5392664505e-01 
3.0534924647e-05 6.1449570421e-01 
1.4223217869e-04 5.7474300291e-01 
2.1900024339e-05 6.3115907878e-01 
2.4239050580e-05 5.5990362519e-01 
4.0839254033e-04 4.9982162769e-01 
2.5303095137e-05 5.5258384111e-01 
1.1774724867e-04 5.7220918006e-01 
2.2751293023e-05 1.0000000000e+00 
2.7266035539e-05 1.0000000000e+00 
4.1026370264e-05 6.3466029663e-01 
3.4085963954e-05 6.2003346960e-01 
1.5988638507e-04 5.5889078161e-01 
9.7554945917e-05 5.7814132398e-01 
1.1450598088e-04 5.7799185548e-01 
3.4748328132e-05 6.1127172746e-01 
1.4804880086e-05 6.6856737798e-01 
1.1308309080e-04 6.0026124243e-01 
1.4654872095e-05 5.5188994097e-01 
1.2962716927e-04 5.6795044914e-01 
3.1566669573e-05 6.2475491853e-01 
2.9423707711e-04 5.2685514925e-01 
4.4222001591e-05 6.1014338777e-01 
1.3789665763e-05 5.6334880796e-01 
1.5682873553e-05 5.7420196707e-01 
1.8266023813e-04 5.5954104454e-01 
3.0068923767e-04 5.3718363678e-01 
1.0474099191e-05 6.5657564281e-01 
1.0206845852e-04 5.8906025635e-01 
3.0589175693e-04 5.3972400313e-01 
5.3897141233e-05 6.0558368498e-01 
1.6866364028e-04 5.5890130437e-01 
4.1447669263e-05 6.0592106148e-01 
3.0622541645e-05 6.2406328802e-01 
1.5401267974e-05 6.6073983592e-01 
2.8897608542e-04 8.0007649733e-01 
1.5222007066e-05 1.0000000000e+00 
2.0332747618e-05 6.2746743211e-01 
9.5166811676e-05 1.0000000000e+00 
4.1788428964e-05 6.0195845761e-01 
5.4732249491e-05 6.0340894315e-01 
1.9267683453e-04 5.5479589480e-01 
1.1610801201e-04 1.0000000000e+00 
5.5314542865e-05 6.0069157912e-01 
2.8495419464e-05 6.6034582212e-01 
2.4943832420e-05 5.4482897012e-01 
9.0701407368e-05 5.9123033882e-01 
7.9631037625e-05 5.8843756514e-01 
4.1462567053e-05 6.0935922643e-01 
5.3297044888e-05 5.9678368561e-01 
5.8272592719e-05 5.9898492448e-01 
4.4959107393e-04 4.9396757598e-01 
3.5866900050e-04 5.1677920193e-01 
5.5091229863e-04 4.8894219412e-01 
2.7775415387e-05 6.2505426763e-01 
3.0525519251e-05 6.2637423691e-01 
1.7382241440e-04 6.2297984004e-01 
1.6212904686e-05 6.3664899244e-01 
2.0088962090e-04 5.5750562610e-01 
2.1619871363e-04 5.4680894297e-01 
4.9073160034e-05 6.0545253082e-01 
3.2470563770e-05 5.3970951649e-01 
2.9357761569e-05 6.4690807236e-01 
6.9810916328e-05 1.0000000000e+00 
5.8828747996e-05 8.0627990408e-01 
1.3759891114e-04 5.6862423648e-01 
7.0977066745e-04 1.0000000000e+00 
2.5505226406e-05 6.2825324998e-01 
6.9575003339e-05 1.0000000000e+00 
8.5387727186e-05 5.8708593771e-01 
2.9263025092e-05 1.0000000000e+00 
1.2049557944e-04 5.6562948746e-01 
6.2144259299e-05 6.0660645500e-01 
3.4865297780e-05 5.6477448300e-01 
2.1772790700e-04 5.4619675184e-01 
5.0174151373e-06 1.0000000000e+00 
2.0074702148e-05 5.8732231880e-01 
1.4402822138e-04 5.6867654078e-01 
1.7976389869e-04 5.5373771287e-01 
5.0268667717e-04 4.9784300183e-01 
4.2978263239e-05 6.0034587794e-01 
2.3759372646e-04 5.4157048777e-01 
4.3041779627e-05 5.9118178418e-01 
8.9777680794e-05 1.0000000000e+00 
4.3979176256e-04 5.0153677190e-01 
2.3499620599e-04 5.4018997027e-01 
1.0527900838e-04 5.7754054106e-01 
4.0157699362e-04 5.8512142610e-01 
3.8107026536e-05 6.0209607117e-01 
1.3313796482e-04 6.0229662158e-01 
4.4553237703e-05 1.0000000000e+00 
1.7458008098e-04 5.5220793381e-01 
4.2012547313e-05 6.5716500459e-01 
5.5133932778e-05 1.0000000000e+00 
2.7878883377e-05 6.2258085221e-01 
1.0633870056e-04 5.7842233402e-01 
3.6714724073e-05 6.0291931201e-01 
8.6599368360e-05 5.8422392453e-01 
2.5361409740e-04 5.3591026229e-01 
6.5385887815e-05 5.9021769829e-01 
5.9001819003e-05 5.9717692895e-01 
3.4750066124e-05 6.0617576000e-01 
1.3326075873e-05 6.4529965091e-01 
2.3680172022e-04 5.4160810976e-01 
1.9447816060e-04 5.5007946130e-01 
2.3968503817e-05 5.4714403793e-01 
6.6999358027e-05 5.9366167954e-01 
8.6737136741e-06 6.5250166617e-01 
1.2367742970e-05 6.6763611460e-01 
4.6248201265e-05 5.9535603550e-01 
1.3262411194e-05 6.7164279165e-01 
1.0247808644e-04 5.7737631222e-01 
4.8594697334e-05 5.9238552018e-01 
5.3840711686e-04 1.0000000000e+00 
1.3226865708e-04 1.0000000000e+00 
1.3314469516e-04 5.6102770898e-01 
6.8402104837e-04 5.6336888091e-01 
1.6799099270e-05 6.0554825571e-01 
1.1736810421e-04 5.7369885506e-01 
3.3028540622e-05 6.0418961820e-01 
7.2126438422e-05 1.0000000000e+00 
1.5741834087e-05 6.4160008917e-01 
2.4744851273e-04 5.3199990718e-01 
6.4370440647e-06 1.0000000000e+00 
1.8613082727e-04 9.8031128386e-01 
5.5426785299e-05 5.9917319325e-01 
3.0179695567e-05 5.3485585642e-01 
7.8715866992e-05 7.8847368889e-01 
1.9648216200e-05 5.9465315643e-01 
1.8454625020e-04 5.5402118519e-01 
7.6900535701e-04 1.0000000000e+00 
1.2880444721e-04 5.6755996678e-01 
5.0732574626e-04 4.9393051211e-01 
1.7450270195e-04 5.5900290142e-01 
3.9355503177e-04 5.2036910253e-01 
1.4804964330e-05 5.6021414755e-01 
5.5722569049e-05 6.0176389600e-01 
7.8747875222e-05 5.8872094687e-01 
1.9246090383e-05 5.5752958058e-01 
3.0943592565e-05 6.0897572026e-01 
3.4862274118e-05 6.1066685621e-01 
1.2498488084e-05 1.0000000000e+00 
2.6779708031e-05 6.1740086847e-01 
1.5608993772e-04 5.6519692768e-01 
1.4000096961e-05 5.7061954901e-01 
1.1908001652e-04 5.7090714896e-01 
5.0778880510e-05 6.0847430968e-01 
2.0432287666e-05 5.5767131894e-01 
3.6082966744e-04 5.1650182043e-01 
5.7087571670e-05 6.0170551571e-01 
5.4274735389e-05 6.0388525999e-01 
6.9823187013e-05 5.9358999440e-01 
1.0140451260e-04 5.7992287681e-01 
2.8611983765e-05 6.3912209690e-01 
1.5288609963e-05 6.0556450592e-01 
2.7704353836e-05 5.8355413880e-01 
2.1145195391e-05 6.3084054579e-01 
1.6719772932e-05 6.0319741386e-01 
1.4885552352e-05 5.5761512569e-01 
7.6336578313e-05 1.0000000000e+00 
5.2668270496e-05 6.0252146756e-01 
2.6133715461e-05 6.2501591942e-01 
1.1595497243e-05 6.5656480634e-01 
9.0101190915e-06 6.0923540909e-01 
1.4868655919e-05 6.3635496949e-01 
4.1163069127e-05 6.1304077756e-01 
4.2852611421e-05 6.1022598802e-01 
1.2168070256e-04 5.7049336630e-01 
4.8769999669e-05 6.0778694889e-01 
4.4947923451e-05 5.9427659707e-01 
5.4650473328e-04 4.8654477979e-01 
3.4658142017e-05 6.1688837478e-01 
4.6781060517e-05 6.0323016309e-01 
6.3228633544e-05 5.9392497508e-01 
1.0701698770e-04 1.0000000000e+00 
1.2712918766e-04 5.7067925861e-01 
8.4426628529e-05 5.8056177791e-01 
2.9056215106e-05 6.3875410878e-01 
1.1117716828e-05 6.3119842859e-01 
1.4218866558e-04 5.6586804507e-01 
1.6606793569e-05 5.9555805278e-01 
1.3864795481e-04 5.6411945421e-01 
1.1066641676e-05 6.5912127923e-01 
4.3000495488e-04 5.0148943856e-01 
3.6050325352e-04 1.0000000000e+00 
1.0392902101e-05 1.0000000000e+00 
2.6924129512e-05 5.3823257528e-01 
5.8573954638e-06 1.0000000000e+00 
1.9391147074e-04 5.4972589256e-01 
6.6527183718e-04 4.8322319856e-01 
3.1520884967e-05 6.0209085684e-01 
3.5331054374e-04 1.0000000000e+00 
2.1666392685e-05 6.2166823123e-01 
7.3955034809e-06 5.8256279070e-01 
1.2180493749e-04 5.6996887211e-01 
4.1991434788e-05 6.0649073855e-01 
6.1682720848e-05 5.3976514125e-01 
5.8829580511e-04 4.8421193073e-01 
2.8743212578e-04 1.0000000000e+00 
2.6798102648e-05 6.2839771966e-01 
3.1310087365e-05 5.5153252698e-01 
3.8272028207e-05 6.3241401620e-01 
2.8271200627e-05 5.5895040073e-01 
3.9262568409e-05 8.8822343253e-01 
7.2700434661e-04 4.6734716445e-01 
5.0287895636e-04 4.9111299550e-01 
4.8248777269e-04 5.2585781397e-01 
2.1670837260e-05 6.3732472776e-01 
8.3647536111e-05 5.8427046312e-01 
1.0819587030e-05 5.6846062270e-01 
5.2973511679e-05 5.9320617859e-01 
3.5426479276e-05 6.0743333018e-01 
2.8024820579e-05 5.7035111302e-01 
1.8885629237e-05 5.7542812834e-01 
1.1651942651e-04 5.7507169685e-01 
2.3748160369e-04 5.9097381594e-01 
1.0916862204e-05 6.5214244037e-01 
2.6024231526e-05 6.1532716599e-01 
9.4480311629e-05 5.8058604287e-01 
9.5534404398e-05 5.7655686899e-01 
4.7772877186e-05 6.0397452164e-01 
1.1258238951e-04 5.7429987329e-01 
6.6053626920e-05 5.9573024810e-01 
3.4168658456e-05 6.2095403056e-01 
2.1008938917e-05 5.4084138054e-01 
1.9810630439e-05 6.5363115858e-01 
2.9131494780e-05 5.6176905928e-01 
2.2623811070e-05 5.5004743767e-01 
7.4653173939e-05 5.9305095689e-01 
1.8555316727e-05 6.4555137372e-01 
3.2531867478e-05 1.0000000000e+00 
8.0213049832e-05 5.8868572765e-01 
1.7102218199e-05 5.6552347967e-01 
5.2117885718e-05 6.0485452087e-01 
5.9482893116e-05 5.9738366538e-01 
1.5512872580e-05 6.2823974833e-01 
1.3128843882e-04 5.6713456097e-01 
5.3682120328e-06 1.0000000000e+00 
2.8974240838e-04 5.2741947336e-01 
2.1459600290e-05 5.7124534688e-01 
3.5803143459e-05 6.1351533426e-01 
2.5042629349e-05 5.3829143329e-01 
7.1179999323e-05 5.9195809103e-01 
4.6247914316e-05 6.2017886781e-01 
1.9333322133e-04 5.5418186673e-01 
1.3845960690e-04 5.6438249919e-01 
7.1645693684e-05 5.8347768593e-01 
9.6372977448e-06 1.0000000000e+00 
3.7403040053e-05 6.4473522985e-01 
3.3817514327e-05 6.2272728684e-01 
1.5420822304e-05 6.4034183948e-01 
8.6913703011e-05 5.8326137966e-01 
1.5559580040e-04 5.5937609626e-01 
6.4658814151e-05 5.8279505695e-01 
5.3217198185e-05 6.2341657867e-01 
2.4406685530e-05 6.3140612445e-01 
4.8213343264e-05 8.3810292166e-01 
5.9756592459e-05 5.9967578363e-01 
1.0615624955e-04 5.7466852605e-01 
6.8100215599e-04 4.7520705519e-01 
9.2908320426e-06 1.0000000000e+00 
1.2304422441e-04 5.6935555755e-01 
1.1203836048e-05 1.0000000000e+00 
8.5648771823e-06 5.7003746936e-01 
5.4403061133e-05 7.7963626037e-01 
1.2224025791e-05 6.4673056925e-01 
1.0742691853e-04 5.7379637999e-01 
4.4427585538e-05 6.0313236540e-01 
1.4013532740e-04 5.6435152987e-01 
3.9767889379e-05 5.5408373872e-01 
5.7203654547e-06 1.0000000000e+00 
8.1389417283e-05 5.8025704306e-01 
3.6949456590e-05 6.1553903627e-01 
1.8995586840e-04 5.5105391674e-01 
1.3221595126e-05 5.8649987943e-01 
2.3231488876e-05 6.0164674709e-01 
3.3273229825e-05 6.0715555936e-01 
4.4254088261e-05 1.0000000000e+00 
3.0113714589e-05 6.4354636137e-01 
9.2014490936e-06 6.6210653620e-01 
2.0016322613e-05 5.4783197722e-01 
3.2044987831e-04 5.2497558935e-01 
8.6532251429e-05 5.8525818281e-01 
3.1834624197e-05 6.1475283461e-01 
2.5700270359e-04 1.0000000000e+00 
1.7940849634e-05 5.9307805466e-01 
1.3947385786e-04 5.6526579905e-01 
1.8839829364e-05 6.4308808536e-01 
1.3600179324e-04 5.6840676873e-01 
2.1833461860e-05 5.3879152136e-01 
1.0400118849e-04 5.7532191842e-01 
8.0186344040e-05 5.8818960083e-01 
2.2014767185e-05 6.2535920089e-01 
1.6893536266e-05 6.8092030679e-01 
3.0276794007e-05 6.4963717425e-01 
3.1329735295e-05 5.5407188845e-01 
1.0170536783e-05 1.0000000000e+00 
8.3704383113e-05 5.9761732951e-01 
2.8055981266e-05 6.2523729060e-01 
2.1729843071e-05 5.4330954361e-01 
3.9438583997e-05 5.3997569628e-01 
6.9447757639e-05 5.9101489980e-01 
1.2092619560e-04 5.7491073579e-01 
3.2801415790e-05 5.2986888073e-01 
1.6109073133e-04 5.5784788729e-01 
5.4259278360e-05 6.0618591816e-01 
1.4486292003e-04 5.6185531393e-01 
2.3862619295e-05 5.4843490210e-01 
2.6793351188e-05 6.2657523080e-01 
3.8401168298e-05 6.2400328119e-01 
7.5736421948e-05 5.9552433014e-01 
5.4117781998e-05 1.0000000000e+00 
5.1883192522e-05 5.9367564827e-01 
1.7564483164e-05 6.3885144714e-01 
2.5314223056e-04 5.3326718091e-01 
8.3121741280e-06 6.5781293946e-01 
1.8215170157e-04 5.5197008184e-01 
2.8167947274e-04 5.3393189760e-01 
6.2392660263e-05 5.9950182672e-01 
8.4421895056e-05 9.5190235927e-01 
1.5626074912e-04 5.6154612436e-01 
7.0676433445e-05 5.9603281293e-01 
7.0142295175e-06 6.4516145008e-01 
7.1911038440e-05 5.9754963838e-01 
5.5452765431e-05 6.2999845593e-01 
3.2841976251e-05 5.7066326302e-01 
9.4955583311e-06 6.3411499690e-01 
3.7950768441e-05 6.1470122456e-01 
3.3023861320e-04 5.1729598902e-01 
3.1774011169e-05 6.1293239819e-01 
2.6313310165e-05 5.6543547246e-01 
1.7158601844e-04 5.5285593280e-01 
9.7798867997e-05 5.7690725392e-01 
2.8078915850e-05 6.2497856424e-01 
1.6239752136e-04 5.5120623120e-01 
3.0544031758e-05 5.6016600268e-01 
4.1877282057e-05 5.6411632948e-01 
1.1826221713e-05 6.5112025852e-01 
1.5974823616e-04 5.5776829780e-01 
8.0334362809e-05 1.0000000000e+00 
2.0149033375e-05 5.9895771930e-01 
3.6022130707e-05 6.1467906843e-01 
3.7571964622e-05 6.1010426475e-01 
1.8956020089e-05 5.6363305468e-01 
1.3696168217e-05 6.4190827239e-01 
3.3530420113e-04 5.2066755334e-01 
1.9929807402e-04 1.0000000000e+00 
4.2869548368e-05 5.6867805494e-01 
1.3939680101e-05 5.5528114994e-01 
6.5515576205e-06 1.0000000000e+00 
2.7549778037e-05 5.5262668638e-01 
2.3286765308e-05 5.8905804690e-01 
5.6834300907e-04 4.8387022296e-01 
6.1298172029e-04 4.7272435117e-01 
9.3535627668e-05 1.0000000000e+00 
8.5490381493e-04 4.5294067171e-01 
1.6535767841e-04 5.5677779758e-01 
8.0354743021e-06 5.9946022516e-01 
1.4705022177e-04 1.0000000000e+00 
6.4385250873e-05 5.9546979313e-01 
1.0683814645e-04 5.7451799075e-01 
4.5488428068e-05 6.1321765310e-01 
5.2367884217e-05 5.9829210687e-01 
3.8364874462e-05 8.9485841426e-01 
7.6098368327e-04 4.6048812184e-01 
9.8996144688e-05 5.8187416395e-01 
3.6635390647e-05 6.0955147336e-01 
1.9481579869e-04 5.5335748391e-01 
5.5554021198e-05 6.0203320824e-01 
2.4270294227e-04 5.3289857672e-01 
2.4138477145e-05 1.0000000000e+00 
2.6507689238e-04 5.3348810349e-01 
9.4361313979e-06 6.3722063447e-01 
1.2006492972e-04 5.6642314577e-01 
6.1332972772e-05 6.0015903917e-01 
5.8887870535e-05 5.9347915218e-01 
4.3144554650e-05 6.1163042862e-01 
2.2089894136e-04 5.5384453303e-01 
1.7958333108e-05 6.6122687349e-01 
3.4512915437e-05 6.1240491369e-01 
7.8987963006e-05 5.8737411071e-01 
4.2333159360e-05 6.0800083992e-01 
8.7389264654e-05 5.8352870388e-01 
3.3977912535e-05 5.4817692959e-01 
1.7652101645e-04 1.0000000000e+00 
1.2298868090e-05 5.6151497747e-01 
6.0052321269e-05 5.9936440245e-01 
2.9580114719e-04 5.2705628811e-01 
3.8214574794e-05 6.1463707758e-01 
1.3900179341e-05 6.6994157243e-01 
1.1478988873e-04 5.7901220226e-01 
7.0298844503e-05 5.9602858202e-01 
2.2777298109e-05 6.3001819679e-01 
2.3329726115e-05 5.8041680706e-01 
6.8315852750e-05 5.9127532270e-01 
5.4623144284e-04 1.0000000000e+00 
1.9923680424e-05 5.4903523316e-01 
8.2870663063e-06 6.5414821527e-01 
6.5170737835e-05 5.9692410988e-01 
4.0777272451e-05 5.3970514830e-01 
7.4424678341e-06 5.9288972189e-01 
3.6207240462e-05 6.0482856985e-01 
2.4217272154e-04 5.4251624448e-01 
9.6427075789e-05 5.7921815493e-01 
1.1970566353e-04 5.7261866663e-01 
2.6914218948e-05 5.8786894045e-01 
7.2411006947e-05 1.0000000000e+00 
3.7936806251e-05 6.0719909564e-01 
8.9928050795e-05 5.8090465119e-01 
4.3240903275e-05 6.0955066295e-01 
1.5527925447e-05 6.2304910138e-01 
2.8966504738e-05 5.5653944908e-01 
1.3193340672e-04 5.6868114699e-01 
3.0484419947e-05 6.2641952730e-01 
1.0120786215e-05 1.0000000000e+00 
1.8470424379e-04 5.5189732339e-01 
1.5941411629e-04 1.0000000000e+00 
3.6491787132e-05 1.0000000000e+00 
8.2348403362e-05 5.8907240697e-01 
3.7081639388e-05 5.4353082684e-01 
1.0473164858e-04 5.7679156478e-01 
2.1648238406e-04 5.4589226080e-01 
1.2725892207e-05 1.0000000000e+00 
4.9330334309e-05 5.9199196125e-01 
7.5557667160e-05 5.8146461882e-01 
2.8022253604e-05 5.7407408397e-01 
5.6595949850e-04 1.0000000000e+00 
3.4903778712e-05 6.1430903219e-01 
2.5955123659e-05 5.8600266920e-01 
2.7081299960e-05 5.7359108087e-01 
4.1916771074e-05 6.1577638045e-01 
6.7095931185e-05 5.9770496252e-01 
3.5416146212e-05 6.1880441779e-01 
2.4654400480e-04 5.3734433875e-01 
2.6388104205e-05 5.3459844256e-01 
1.1256627455e-04 5.7275134233e-01 
2.6715225335e-05 6.3652036267e-01 
6.3930218443e-05 5.8201633458e-01 
1.5716980915e-05 6.3928842221e-01 
5.5781817591e-05 6.0102993711e-01 
3.1575866102e-05 6.1899596018e-01 
1.2917401691e-05 5.7854602599e-01 
1.0369580432e-04 5.7366312156e-01 
3.8343999241e-05 6.1831583903e-01 
9.8877884786e-05 5.8783016773e-01 
9.5824951257e-05 5.8141698214e-01 
1.0104297288e-04 5.7692478815e-01 
4.6074519227e-04 4.9636299779e-01 
4.7503911945e-04 4.9412313338e-01 
3.1635765096e-04 6.4329913250e-01 
3.2523779434e-05 6.1957995714e-01 
7.6706025720e-05 5.8635488512e-01 
5.8888451296e-04 4.8699205745e-01 
7.3743747111e-06 1.0000000000e+00 
5.1339238748e-04 5.0476126847e-01 
2.6870142529e-05 5.3953716958e-01 
1.0930282269e-04 1.0000000000e+00 
6.7877284915e-06 6.6255270410e-01 
2.3037580227e-04 5.4010455224e-01 
3.4102537272e-05 6.1084347774e-01 
1.0217900177e-04 5.8384617642e-01 
4.3490068619e-04 5.0447242607e-01 
3.3042876647e-04 5.1587995654e-01 
7.3234161125e-05 5.8419744484e-01 
3.3278319275e-05 6.0528882505e-01 
