4.7101609861e-11 1.1528954896e+04 4.8248018572e-01 1.2000000000e-01 
1.3465968420e-11 1.1429891143e+04 5.4902897267e-01 1.2000000000e-01 
6.8966871061e-09 1.5723842469e+04 6.9147496381e-01 1.2000000000e-01 
1.9421981743e-10 1.1865151701e+04 3.0005348455e-01 1.2000000000e-01 
2.1085691438e-09 1.2533710403e+04 1.1337722703e+00 1.2000000000e-01 
5.0820804122e-09 1.1869330918e+04 8.4828597341e-01 1.2000000000e-01 
2.6083936895e-09 1.9278165191e+04 7.4346988449e-01 1.2000000000e-01 
2.2099607149e-09 1.6455253475e+04 1.1523975636e+00 1.2000000000e-01 
2.1720686531e-07 1.2789237811e+04 2.3632109650e-01 1.2000000000e-01 
6.8756814024e-09 1.4623691674e+04 7.5187616719e-01 1.2000000000e-01 
2.2899182964e-09 1.1514947039e+04 1.0045553732e+00 1.2000000000e-01 
4.2710146382e-09 1.2750166469e+04 9.4564910517e-01 1.2000000000e-01 
4.3909890764e-09 1.1464820858e+04 6.1165457803e-01 1.2000000000e-01 
9.7237300319e-09 1.4773510769e+04 5.0307800652e-01 1.2000000000e-01 
1.5534061511e-10 1.2052381111e+04 6.5204519731e-01 1.2000000000e-01 
1.4112331570e-10 1.3168644486e+04 1.2698664266e+00 1.2000000000e-01 
6.4772893603e-11 1.1784511949e+04 1.3874760395e+00 1.2000000000e-01 
3.3352245039e-08 1.7575657987e+04 5.5135665481e-01 1.2000000000e-01 
2.8286732289e-08 1.1583610608e+04 1.1893405194e+00 1.2000000000e-01 
1.3560494673e-10 1.7033652505e+04 1.1684743143e+00 1.2000000000e-01 
7.7565904116e-10 1.1978535834e+04 8.8977904334e-01 1.2000000000e-01 
1.0103923617e-08 1.1742462986e+04 7.7224782122e-01 1.2000000000e-01 
2.7398638381e-11 1.1907500248e+04 9.8209207256e-01 1.2000000000e-01 
4.8464674405e-09 1.3320437888e+04 1.1961150310e+00 1.2000000000e-01 
6.7178318871e-09 1.5295604844e+04 7.9991635071e-01 1.2000000000e-01 
1.2856893549e-05 1.2016786334e+04 8.6121939975e-01 1.2000000000e-01 
5.7585063155e-08 1.1996816226e+04 1.1224014900e+00 1.2000000000e-01 
1.3132024744e-05 1.1306240009e+04 9.2891630225e-01 1.2000000000e-01 
1.7984707556e-10 1.4912370097e+04 5.5070172354e-01 1.2000000000e-01 
2.5352612163e-09 1.5640640029e+04 9.3080202655e-01 1.2000000000e-01 
6.6206794599e-06 1.6328339285e+04 5.5585623194e-01 1.2000000000e-01 
2.7102178332e-07 1.9240513248e+04 5.8059623982e-01 1.2000000000e-01 
3.9357330501e-11 1.5592330592e+04 1.0605737309e+00 1.2000000000e-01 
1.7699914964e-06 1.8417596805e+04 1.2142373010e+00 1.2000000000e-01 
3.3285563844e-09 1.1226773732e+04 6.5032380146e-01 1.2000000000e-01 
3.7251147333e-10 1.1993198133e+04 9.7594111605e-01 1.2000000000e-01 
2.3869360106e-09 1.3051968361e+04 6.2019449578e-01 1.2000000000e-01 
1.6914530931e-06 2.5000000000e+04 5.3386959601e-01 1.2000000000e-01 
4.4990046908e-07 2.5000000000e+04 1.1557870597e+00 1.2000000000e-01 
1.7240196448e-08 1.2901488233e+04 8.5941864593e-01 1.2000000000e-01 
2.3062996995e-07 1.3234040987e+04 1.2631165388e+00 1.2000000000e-01 
2.1458780563e-10 1.6652377473e+04 1.0749713036e+00 1.2000000000e-01 
7.9839905289e-09 1.3113432887e+04 3.8088145533e-01 1.2000000000e-01 
9.9528913320e-09 1.8477951821e+04 2.8741530044e-01 1.2000000000e-01 
4.9339387932e-08 1.1712045856e+04 8.2717166073e-01 1.2000000000e-01 
2.7471212910e-08 2.4968173035e+04 1.0655935863e+00 1.2000000000e-01 
1.1419966665e-11 1.2741276795e+04 6.4700489798e-01 1.2000000000e-01 
6.7463132286e-08 1.9421548644e+04 1.1604168142e+00 1.2000000000e-01 
6.4301451423e-06 1.3932598025e+04 5.4334174435e-01 1.2000000000e-01 
4.2654337534e-09 1.2181623057e+04 5.0374968204e-01 1.2000000000e-01 
2.9030128888e-07 1.2853712266e+04 8.3913761077e-01 1.2000000000e-01 
3.1060954286e-06 1.5924490442e+04 8.5079915389e-01 1.2000000000e-01 
2.4116207160e-07 1.2006987811e+04 7.0042312525e-01 1.2000000000e-01 
8.2413331023e-10 1.6015261964e+04 1.1100826162e+00 1.2000000000e-01 
6.4238335654e-11 1.3196083952e+04 6.2322684291e-01 1.2000000000e-01 
8.2568075078e-09 1.2351264281e+04 5.3688830705e-01 1.2000000000e-01 
8.4325449268e-11 1.3189850471e+04 8.7990718198e-01 1.2000000000e-01 
1.2617176471e-09 1.4271200066e+04 8.8787769519e-01 1.2000000000e-01 
8.3421889768e-08 2.5000000000e+04 8.5867223679e-01 1.2000000000e-01 
3.5238746543e-08 1.1472156350e+04 1.0397978015e+00 1.2000000000e-01 
5.3970800778e-06 1.8012137537e+04 9.5670987542e-01 1.2000000000e-01 
1.2740688585e-09 1.5661027669e+04 1.5534911742e-01 1.2000000000e-01 
4.9823036764e-11 1.4389705991e+04 8.6769894180e-01 1.2000000000e-01 
8.9503717457e-09 1.1486748865e+04 1.1152569879e+00 1.2000000000e-01 
1.3506023631e-09 1.3256597907e+04 8.9216276556e-01 1.2000000000e-01 
4.7155656433e-10 1.2741572478e+04 9.6936691445e-01 1.2000000000e-01 
1.6142815749e-06 1.3661525736e+04 7.6078168384e-01 1.2000000000e-01 
6.9396911674e-10 1.1733767442e+04 5.1818519809e-01 1.2000000000e-01 
2.9529915266e-09 1.5562273730e+04 7.0721219303e-01 1.2000000000e-01 
1.4301741606e-06 1.6549080065e+04 3.1266742879e-01 1.2000000000e-01 
4.3133660916e-06 1.5657834315e+04 1.0184293651e+00 1.2000000000e-01 
2.0443342718e-06 1.5361094579e+04 7.4464293173e-01 1.2000000000e-01 
4.7100351097e-11 1.9928348414e+04 1.0383234525e+00 1.2000000000e-01 
2.6729008740e-10 1.8110687087e+04 1.2391656915e+00 1.2000000000e-01 
4.9960586124e-10 1.3588457750e+04 3.5282735197e-01 1.2000000000e-01 
9.4613518178e-08 1.1536278920e+04 1.4550576785e+00 1.2000000000e-01 
8.4780192455e-08 1.1303015071e+04 8.6620852920e-01 1.2000000000e-01 
3.7483411422e-11 1.2480841297e+04 1.4760365222e+00 1.2000000000e-01 
7.7621124289e-10 1.7596739312e+04 9.8868719338e-01 1.2000000000e-01 
1.3524285916e-08 1.1702487915e+04 7.2225354205e-01 1.2000000000e-01 
4.7301952158e-11 1.1380397893e+04 3.9317124866e-01 1.2000000000e-01 
7.2063322236e-09 1.8986407681e+04 7.4503861495e-01 1.2000000000e-01 
3.4117299195e-08 1.6937804288e+04 5.3152152166e-01 1.2000000000e-01 
1.1721512529e-09 1.1319910643e+04 8.3156200336e-01 1.2000000000e-01 
7.2095872496e-08 2.5000000000e+04 1.3575349627e+00 1.2000000000e-01 
3.4111195801e-09 1.4664285649e+04 1.1495204803e+00 1.2000000000e-01 
9.6890495969e-07 1.3215814003e+04 7.1488403851e-01 1.2000000000e-01 
1.1341117516e-08 1.4280204604e+04 1.0605815181e+00 1.2000000000e-01 
1.5836509024e-11 2.4080472210e+04 8.7911476354e-01 1.2000000000e-01 
4.3650530976e-11 1.3473334180e+04 3.0432993227e-01 1.2000000000e-01 
2.1211487300e-07 1.5254708185e+04 1.1992557553e+00 1.2000000000e-01 
1.1041209701e-11 2.5000000000e+04 1.1449680315e-01 1.2000000000e-01 
1.0509902642e-07 1.4242954330e+04 7.6151851133e-01 1.2000000000e-01 
7.7504841911e-09 1.7251764263e+04 3.7706395951e-01 1.2000000000e-01 
2.9831105792e-07 1.4910770126e+04 5.2162605294e-01 1.2000000000e-01 
2.8096791462e-09 1.5478191448e+04 3.6072119973e-01 1.2000000000e-01 
3.3462853780e-11 1.4601650007e+04 2.4340217942e-01 1.2000000000e-01 
2.7609933075e-08 1.1693231270e+04 5.6432690178e-01 1.2000000000e-01 
1.3333411304e-10 2.1510124261e+04 1.3871759880e+00 1.2000000000e-01 
5.6789608613e-06 1.1577927032e+04 8.8224724845e-01 1.2000000000e-01 
1.5191143284e-09 2.1092572091e+04 1.1783550931e+00 1.2000000000e-01 
1.1118991300e-09 1.9277671684e+04 9.1455883217e-01 1.2000000000e-01 
1.5811665532e-10 1.2495063251e+04 5.9864337784e-01 1.2000000000e-01 
1.1978811910e-07 1.1626812488e+04 9.5555820097e-01 1.2000000000e-01 
7.0109329436e-10 1.9297975207e+04 1.0570655802e+00 1.2000000000e-01 
1.0429434793e-08 1.1288575494e+04 1.3087737719e+00 1.2000000000e-01 
3.3454441868e-08 1.2392831519e+04 1.2221838567e+00 1.2000000000e-01 
2.0543954477e-07 1.5297559759e+04 4.0823480922e-01 1.2000000000e-01 
4.9264670415e-06 1.2525180450e+04 8.0094309113e-01 1.2000000000e-01 
2.2291728257e-07 1.3916969362e+04 7.6277864853e-01 1.2000000000e-01 
3.3027008727e-11 1.2706201941e+04 1.0357711846e+00 1.2000000000e-01 
3.7203458577e-11 1.1819415686e+04 9.9903409761e-01 1.2000000000e-01 
4.3137299068e-09 1.1542479823e+04 7.3041251142e-01 1.2000000000e-01 
4.7865621305e-09 1.1653975903e+04 1.1839221829e+00 1.2000000000e-01 
4.5561967094e-08 1.9898284596e+04 9.9008985295e-01 1.2000000000e-01 
3.7412726981e-06 1.8436272714e+04 5.4242349159e-01 1.2000000000e-01 
9.2857166236e-11 1.4535276319e+04 1.2637745316e+00 1.2000000000e-01 
3.6549387222e-11 2.1168801637e+04 2.5584927128e-01 1.2000000000e-01 
8.3121510430e-10 1.5871652120e+04 8.7650649034e-01 1.2000000000e-01 
4.1410913410e-08 1.6064230148e+04 4.9679569990e-01 1.2000000000e-01 
1.9071790967e-07 1.4777146332e+04 5.0690870830e-01 1.2000000000e-01 
7.1981601184e-10 2.0126743378e+04 1.2159321467e+00 1.2000000000e-01 
3.4308692865e-11 2.1291932872e+04 1.1375505513e+00 1.2000000000e-01 
1.0413987471e-08 1.7038924603e+04 1.1058016235e+00 1.2000000000e-01 
7.5082260807e-09 1.9254750610e+04 1.1952710740e+00 1.2000000000e-01 
1.2763208606e-09 1.3827623174e+04 8.9421230929e-01 1.2000000000e-01 
1.9218324832e-05 1.2734394180e+04 7.4776764634e-01 1.2000000000e-01 
1.3234416138e-09 1.8440541695e+04 1.2867242489e+00 1.2000000000e-01 
3.9048522330e-10 1.4156027396e+04 5.2270044126e-01 1.2000000000e-01 
1.8889864438e-10 1.2620895279e+04 3.1873600934e-01 1.2000000000e-01 
3.6153187647e-06 1.1885467180e+04 2.1624899514e-01 1.2000000000e-01 
2.4166288512e-08 2.3085439947e+04 1.0974503418e+00 1.2000000000e-01 
1.2714143220e-10 1.1202617347e+04 2.9390986212e-01 1.2000000000e-01 
3.7511437945e-08 1.3271916004e+04 3.5445087074e-01 1.2000000000e-01 
2.4608123847e-08 1.2812065124e+04 8.0553388345e-01 1.2000000000e-01 
5.5398322319e-08 1.1578310362e+04 5.1877839803e-01 1.2000000000e-01 
4.3486987626e-07 1.2638912119e+04 2.2619576424e-01 1.2000000000e-01 
2.7030435407e-09 1.4192126846e+04 5.2308657482e-01 1.2000000000e-01 
1.2009028434e-08 1.8546053363e+04 3.0718122816e-01 1.2000000000e-01 
7.7210371236e-08 1.1760966634e+04 1.3910095703e+00 1.2000000000e-01 
1.0848431223e-06 1.3583858128e+04 3.1156229992e-01 1.2000000000e-01 
6.6297497460e-07 1.9025171015e+04 5.9287163273e-01 1.2000000000e-01 
4.6006889798e-07 1.8435142266e+04 1.1783445368e+00 1.2000000000e-01 
8.0809191504e-08 1.3472077500e+04 1.2038012272e+00 1.2000000000e-01 
3.1573916915e-08 1.5139458308e+04 5.9424440140e-01 1.2000000000e-01 
4.5874009648e-08 1.3180502140e+04 1.0093469551e+00 1.2000000000e-01 
1.8264922750e-10 2.5000000000e+04 6.4627706614e-01 1.2000000000e-01 
4.7973384315e-07 1.2880208613e+04 1.1244129782e+00 1.2000000000e-01 
1.5557400167e-07 1.2218605519e+04 2.9357245479e-01 1.2000000000e-01 
8.3312389151e-10 1.2309719407e+04 9.5714467509e-01 1.2000000000e-01 
2.6338021670e-09 1.1471198689e+04 7.5943511758e-01 1.2000000000e-01 
1.1374823012e-10 1.2616391473e+04 2.4345163860e-01 1.2000000000e-01 
2.8136786341e-10 1.7710158383e+04 1.1626417179e+00 1.2000000000e-01 
1.1813798256e-05 2.1370238714e+04 1.1996265106e+00 1.2000000000e-01 
2.6460924588e-10 1.9775179794e+04 6.0172882166e-01 1.2000000000e-01 
1.2851541572e-08 1.2290794028e+04 1.0662708466e+00 1.2000000000e-01 
2.4491663472e-08 1.1273377589e+04 1.0633957262e+00 1.2000000000e-01 
4.0436199954e-11 1.3264668091e+04 8.9012681246e-01 1.2000000000e-01 
1.0327594359e-06 1.2882396531e+04 3.0452018281e-01 1.2000000000e-01 
6.8556130501e-10 1.1610543540e+04 1.1943844123e+00 1.2000000000e-01 
4.2339069230e-09 1.3289755454e+04 1.9189738993e-01 1.2000000000e-01 
2.3330251911e-07 1.5060058080e+04 6.0719954387e-01 1.2000000000e-01 
2.0530277499e-06 2.2111932094e+04 8.8404038712e-01 1.2000000000e-01 
4.2513874365e-09 1.1435453424e+04 1.3364458012e+00 1.2000000000e-01 
1.2627090522e-09 1.2779185028e+04 2.6244882006e-01 1.2000000000e-01 
1.0924846713e-08 1.3890335489e+04 7.9809975900e-01 1.2000000000e-01 
5.0534266988e-09 1.4063387680e+04 9.4557203960e-01 1.2000000000e-01 
8.8554544698e-11 1.1704493727e+04 7.2539702296e-01 1.2000000000e-01 
7.9937247472e-09 1.4461386028e+04 7.3660837915e-01 1.2000000000e-01 
2.6865458135e-09 1.2482882364e+04 1.1163179319e+00 1.2000000000e-01 
6.0525970368e-10 1.1631808195e+04 9.5143224441e-01 1.2000000000e-01 
1.1831507950e-09 1.1869064796e+04 5.8567945600e-01 1.2000000000e-01 
3.3497537497e-07 1.8947870667e+04 4.3557953668e-01 1.2000000000e-01 
3.7201274019e-10 1.2196873925e+04 9.5156566230e-01 1.2000000000e-01 
9.0860841375e-10 1.6397386041e+04 1.2068179450e+00 1.2000000000e-01 
3.2228038129e-08 1.9021613019e+04 6.9379247620e-01 1.2000000000e-01 
1.3239899117e-11 1.1782561264e+04 1.6323210133e-01 1.2000000000e-01 
3.8410642240e-08 1.3053893774e+04 5.6851297118e-01 1.2000000000e-01 
1.9676344144e-11 1.2986079827e+04 1.3596132880e+00 1.2000000000e-01 
1.3369405317e-06 1.5447327342e+04 5.4917313454e-01 1.2000000000e-01 
6.8796156190e-11 1.1809509363e+04 8.1079157023e-01 1.2000000000e-01 
1.2893398047e-07 1.3426089595e+04 6.3309650307e-01 1.2000000000e-01 
6.0787857443e-08 1.1443642370e+04 9.9209795502e-01 1.2000000000e-01 
1.0152183773e-05 1.5829335495e+04 8.2641054201e-01 1.2000000000e-01 
5.8685951694e-06 1.4309210538e+04 1.0102216506e+00 1.2000000000e-01 
6.8856274918e-08 1.4306954713e+04 8.6676029232e-01 1.2000000000e-01 
7.4666492964e-08 1.8161191341e+04 1.2750207390e+00 1.2000000000e-01 
4.3080373333e-10 1.1327968354e+04 8.7579388500e-01 1.2000000000e-01 
2.3865235465e-10 1.2023835819e+04 6.0161306881e-01 1.2000000000e-01 
3.4953269710e-07 1.3482706329e+04 9.4579392424e-01 1.2000000000e-01 
1.2576942833e-07 1.9250086797e+04 1.1540135959e+00 1.2000000000e-01 
6.5414604238e-07 1.4431205287e+04 4.5602556944e-01 1.2000000000e-01 
9.9366496141e-09 1.3165026281e+04 7.7085137305e-01 1.2000000000e-01 
2.2972064244e-05 1.2809012639e+04 7.2239331280e-01 1.2000000000e-01 
7.0439444716e-08 1.2633502554e+04 1.0199159751e+00 1.2000000000e-01 
4.0381181060e-08 1.3949936398e+04 3.3924531744e-01 1.2000000000e-01 
3.6597247820e-08 1.2156663872e+04 7.6119850485e-01 1.2000000000e-01 
2.5719601008e-09 1.4630752107e+04 5.6502752512e-01 1.2000000000e-01 
7.3137814131e-09 1.2493811828e+04 1.0778475619e+00 1.2000000000e-01 
8.1493696087e-07 1.5057221481e+04 7.7043778306e-01 1.2000000000e-01 
2.2475966416e-10 1.4282624528e+04 1.1956462536e+00 1.2000000000e-01 
2.4840155486e-10 1.1777338232e+04 2.1998341263e-01 1.2000000000e-01 
2.3657576201e-11 1.1975299447e+04 9.6863284426e-01 1.2000000000e-01 
4.6692817053e-10 1.2994628001e+04 8.5888302985e-01 1.2000000000e-01 
1.7009872018e-07 1.2537796826e+04 6.6981094480e-01 1.2000000000e-01 
2.2697925571e-08 1.3123390790e+04 1.3220252315e+00 1.2000000000e-01 
9.1764286130e-10 1.2355780356e+04 8.4536290787e-01 1.2000000000e-01 
4.7981365720e-10 1.9000097049e+04 5.3418130571e-01 1.2000000000e-01 
1.6178179974e-10 1.1216868137e+04 5.2981580459e-01 1.2000000000e-01 
5.6539451205e-12 1.8968942412e+04 6.6996523696e-01 1.2000000000e-01 
1.2589104019e-07 1.4090102731e+04 7.5849033309e-01 1.2000000000e-01 
1.4860891200e-06 1.7467412460e+04 1.1121364617e+00 1.2000000000e-01 
7.6296120797e-09 1.2042184308e+04 4.2296172947e-01 1.2000000000e-01 
2.9909853686e-11 1.2304958056e+04 1.6404785823e-01 1.2000000000e-01 
8.7103331375e-08 1.2901439347e+04 1.4657470787e+00 1.2000000000e-01 
4.3289838120e-09 1.6144066397e+04 1.1410340709e+00 1.2000000000e-01 
1.4523449597e-08 1.6673685557e+04 1.1001716026e-01 1.2000000000e-01 
2.1815362050e-08 1.1393187481e+04 1.5127793120e+00 1.2000000000e-01 
1.4958245400e-11 2.0982162176e+04 1.0759173250e+00 1.2000000000e-01 
1.9218262983e-09 2.5000000000e+04 8.3840338432e-01 1.2000000000e-01 
1.3882779894e-09 1.2071730497e+04 1.0949964998e+00 1.2000000000e-01 
1.8583470264e-07 1.2206558032e+04 6.7586061260e-01 1.2000000000e-01 
8.5053113916e-09 1.1330445216e+04 9.6382393913e-01 1.2000000000e-01 
8.2142350814e-07 2.2454254412e+04 9.0857803295e-01 1.2000000000e-01 
2.8704942580e-09 1.2221474048e+04 2.2283773501e-01 1.2000000000e-01 
4.7650005246e-08 1.8180110307e+04 9.0274172015e-01 1.2000000000e-01 
2.4835206656e-06 1.3013020407e+04 1.0560270048e+00 1.2000000000e-01 
7.4556150520e-08 1.1503241603e+04 4.4393594242e-01 1.2000000000e-01 
6.9305674670e-11 1.3649409124e+04 1.2163743969e+00 1.2000000000e-01 
8.8116600578e-07 1.2826968318e+04 1.1597166183e+00 1.2000000000e-01 
6.0772911562e-07 1.2369729763e+04 3.2412160038e-01 1.2000000000e-01 
3.0409844338e-10 1.3580498949e+04 9.9207633339e-01 1.2000000000e-01 
1.8226649600e-11 1.8046715269e+04 1.0682642510e+00 1.2000000000e-01 
8.0491920468e-11 1.1567483406e+04 1.2481978629e+00 1.2000000000e-01 
7.5120406401e-09 1.2740422955e+04 8.1439450205e-01 1.2000000000e-01 
8.9551701346e-11 1.1632786056e+04 3.2241495143e-01 1.2000000000e-01 
3.8206759047e-09 1.4774578946e+04 7.3567858896e-01 1.2000000000e-01 
4.9209406637e-10 1.2131598674e+04 6.7578447029e-01 1.2000000000e-01 
5.3736740595e-08 1.1442409325e+04 2.6309738585e-01 1.2000000000e-01 
5.5340153140e-09 2.3289231660e+04 1.4726597874e+00 1.2000000000e-01 
8.6328314692e-10 1.3563926063e+04 7.3670074428e-01 1.2000000000e-01 
1.6768807921e-08 1.2523062334e+04 8.7565599484e-01 1.2000000000e-01 
8.5640771077e-11 1.2996806013e+04 9.9099025187e-01 1.2000000000e-01 
4.0052971645e-08 1.2152869178e+04 9.3889340987e-01 1.2000000000e-01 
4.6789566489e-10 1.6768215888e+04 9.3143684572e-01 1.2000000000e-01 
2.9255028120e-10 1.1766162833e+04 4.4008926630e-01 1.2000000000e-01 
4.0783099167e-10 1.2459653759e+04 9.5315882839e-01 1.2000000000e-01 
2.9177183343e-09 1.6236759508e+04 6.2162608315e-01 1.2000000000e-01 
1.7908506386e-10 1.3719976979e+04 1.2983466572e+00 1.2000000000e-01 
1.1491504738e-10 1.5213920704e+04 5.8433183564e-01 1.2000000000e-01 
6.2167687470e-08 1.1627650105e+04 9.0070092489e-01 1.2000000000e-01 
3.7892721429e-06 1.6464996856e+04 1.4980837362e+00 1.2000000000e-01 
5.9797032526e-09 1.1336311296e+04 1.2036374121e-01 1.2000000000e-01 
2.2634247591e-10 1.1300944290e+04 9.9118795447e-01 1.2000000000e-01 
1.3414327216e-09 1.3468501614e+04 9.9913685711e-01 1.2000000000e-01 
7.4717214923e-08 1.5730936043e+04 1.1213118002e+00 1.2000000000e-01 
1.5916126887e-08 1.2727917275e+04 6.6844971845e-01 1.2000000000e-01 
3.5878369815e-09 1.1217019403e+04 7.9337281861e-01 1.2000000000e-01 
5.4424453507e-10 1.8489204327e+04 5.4160330474e-01 1.2000000000e-01 
4.5062122223e-09 1.1342781783e+04 7.3347802059e-01 1.2000000000e-01 
2.4254313858e-07 1.5238532181e+04 5.8052921242e-01 1.2000000000e-01 
1.1499161010e-08 1.1449909085e+04 2.1603262249e-01 1.2000000000e-01 
8.9919524702e-09 1.2103820335e+04 5.8690533410e-01 1.2000000000e-01 
6.7467165864e-10 1.7646277452e+04 6.7713535433e-01 1.2000000000e-01 
3.1246242355e-09 1.9089165322e+04 7.3483173854e-01 1.2000000000e-01 
4.3154975475e-10 1.1402889896e+04 3.7292985106e-01 1.2000000000e-01 
3.5548057084e-11 1.2106557714e+04 7.6057086565e-01 1.2000000000e-01 
2.3467741038e-06 1.6397114261e+04 4.4478161898e-01 1.2000000000e-01 
1.3665795586e-07 1.2301413463e+04 1.4804936403e+00 1.2000000000e-01 
1.2202619568e-10 1.1678205831e+04 2.3579048459e-01 1.2000000000e-01 
7.0838223343e-11 1.5015890825e+04 5.0746163109e-01 1.2000000000e-01 
1.5260983948e-07 1.4097378089e+04 4.6207569369e-01 1.2000000000e-01 
4.8484106745e-07 2.0786443977e+04 4.1971018946e-01 1.2000000000e-01 
1.1033888686e-09 1.5375286124e+04 5.3468445164e-01 1.2000000000e-01 
1.5441197379e-06 1.3002268360e+04 9.7121953362e-01 1.2000000000e-01 
5.6065374945e-08 1.1630286706e+04 8.5296304830e-01 1.2000000000e-01 
2.2672127628e-07 1.1858110716e+04 2.1831866798e-01 1.2000000000e-01 
1.3044695466e-09 1.1354110337e+04 5.1174911721e-01 1.2000000000e-01 
3.7748021752e-08 1.8818054155e+04 2.8295922405e-01 1.2000000000e-01 
6.3160628581e-09 1.6016733887e+04 1.1966262457e+00 1.2000000000e-01 
3.0775329507e-09 1.1428201343e+04 1.2511757426e+00 1.2000000000e-01 
1.4280096709e-10 1.2812731898e+04 4.2674716837e-01 1.2000000000e-01 
2.3715748723e-09 1.3098530464e+04 5.4801441438e-01 1.2000000000e-01 
1.5447756072e-07 2.5000000000e+04 8.1827375052e-01 1.2000000000e-01 
2.5037402656e-11 1.2995840580e+04 6.8683203594e-01 1.2000000000e-01 
2.1804469060e-07 1.3004015282e+04 1.1075824750e+00 1.2000000000e-01 
8.7992079013e-11 1.3224345034e+04 7.2362691942e-01 1.2000000000e-01 
7.0134489495e-06 1.3048349189e+04 1.1527147099e+00 1.2000000000e-01 
1.6485421609e-11 1.1606721100e+04 2.0066863219e-01 1.2000000000e-01 
4.8681978636e-12 1.1867872757e+04 2.7718319149e-01 1.2000000000e-01 
3.3656898668e-06 1.9215133817e+04 1.1587894095e-01 1.2000000000e-01 
5.3624151920e-09 1.2295809149e+04 8.6292122199e-01 1.2000000000e-01 
7.0890762200e-09 1.1582699225e+04 1.0990975765e+00 1.2000000000e-01 
1.0098637397e-08 1.7240657972e+04 1.2081439537e+00 1.2000000000e-01 
1.8753337108e-08 1.3883544500e+04 4.4654435558e-01 1.2000000000e-01 
2.0727586448e-06 1.1353651976e+04 5.0500908798e-02 1.2000000000e-01 
7.0518597445e-12 1.7171073122e+04 4.6706263903e-01 1.2000000000e-01 
1.1455877996e-09 1.2325752240e+04 4.4724543004e-01 1.2000000000e-01 
6.9134017865e-08 1.7351905253e+04 3.3448952092e-01 1.2000000000e-01 
9.0543851567e-08 1.7481563408e+04 8.2592172536e-01 1.2000000000e-01 
5.7036067876e-11 1.6238439290e+04 1.0739857409e+00 1.2000000000e-01 
2.0069459153e-07 1.3297616405e+04 1.3153970495e+00 1.2000000000e-01 
8.7109272141e-06 2.5000000000e+04 1.3678714098e+00 1.2000000000e-01 
1.8647908269e-09 1.1614613385e+04 1.0637165003e+00 1.2000000000e-01 
1.3030121288e-07 1.5341485061e+04 4.3901701829e-01 1.2000000000e-01 
3.2667264905e-07 1.5063738405e+04 1.0590551221e+00 1.2000000000e-01 
1.4234879912e-06 1.2352850277e+04 8.1952411293e-01 1.2000000000e-01 
1.3090547537e-08 1.5924941493e+04 9.2950742870e-01 1.2000000000e-01 
2.7192297450e-09 1.2915413070e+04 1.4211979340e+00 1.2000000000e-01 
2.7371901536e-10 1.1315236323e+04 1.0278150389e+00 1.2000000000e-01 
9.4438184496e-09 1.2398977912e+04 1.7743547502e-01 1.2000000000e-01 
1.9864552651e-11 1.2245823447e+04 9.6223211873e-01 1.2000000000e-01 
3.8607100369e-11 1.3074577439e+04 1.2079674177e+00 1.2000000000e-01 
1.0792095265e-05 2.2289788786e+04 1.0583751177e+00 1.2000000000e-01 
3.1500376885e-07 1.1239100894e+04 9.3793261983e-01 1.2000000000e-01 
1.3381445079e-09 1.5824562495e+04 1.5812733326e-01 1.2000000000e-01 
2.8233647100e-09 1.3648256825e+04 3.4540318767e-01 1.2000000000e-01 
9.5444311584e-09 1.6345812642e+04 5.9121805822e-01 1.2000000000e-01 
1.5230185732e-08 1.1668480781e+04 7.2270259205e-01 1.2000000000e-01 
7.0720404161e-10 2.0232621723e+04 9.0207494315e-01 1.2000000000e-01 
2.3748555590e-10 1.1420198838e+04 6.8633702397e-01 1.2000000000e-01 
1.4614814367e-09 1.1611660296e+04 7.5485382314e-01 1.2000000000e-01 
1.9941057729e-09 1.1972609453e+04 5.8655675166e-01 1.2000000000e-01 
2.2545402452e-06 1.1684281773e+04 1.0190727598e+00 1.2000000000e-01 
1.1628287611e-09 1.1388575902e+04 1.0493511444e+00 1.2000000000e-01 
2.1703349357e-10 1.2779341462e+04 2.2577021414e-01 1.2000000000e-01 
7.6875042432e-11 1.6430719040e+04 6.7639918921e-01 1.2000000000e-01 
8.7673380841e-10 1.8513652164e+04 4.4325297072e-01 1.2000000000e-01 
1.1651322710e-09 1.7958029334e+04 1.0598941485e+00 1.2000000000e-01 
7.3624781054e-08 1.4683555834e+04 5.7830413499e-01 1.2000000000e-01 
1.3869740452e-06 1.7667871266e+04 1.0528907742e+00 1.2000000000e-01 
1.6768806265e-07 1.2173647653e+04 9.6803277918e-01 1.2000000000e-01 
5.9302527777e-10 1.1268993501e+04 6.9754945181e-01 1.2000000000e-01 
4.1453356980e-08 1.3345781536e+04 1.2067369795e+00 1.2000000000e-01 
1.4081128457e-08 1.5380058506e+04 3.5532790759e-01 1.2000000000e-01 
3.4660997609e-07 1.4803855225e+04 2.4422427876e-01 1.2000000000e-01 
2.9262923697e-10 1.6564076932e+04 8.7964485910e-01 1.2000000000e-01 
8.7452927123e-09 1.1950894409e+04 7.5493976538e-01 1.2000000000e-01 
1.1834660675e-07 1.1338485703e+04 1.0437309229e+00 1.2000000000e-01 
1.7933193115e-09 1.4708135845e+04 9.9365071811e-01 1.2000000000e-01 
2.9404131341e-09 1.7583559330e+04 7.6456914462e-01 1.2000000000e-01 
6.4337359106e-09 1.1892792768e+04 1.4143540493e+00 1.2000000000e-01 
3.5857768986e-08 1.1310289997e+04 1.1202624897e+00 1.2000000000e-01 
1.3081495990e-08 1.1652427547e+04 1.0076708104e+00 1.2000000000e-01 
1.7022212357e-10 1.6517326590e+04 5.1418469222e-01 1.2000000000e-01 
1.5077232820e-07 1.5935613028e+04 1.2803788645e+00 1.2000000000e-01 
1.8242354199e-10 1.1312929924e+04 1.3952556846e+00 1.2000000000e-01 
4.6360341827e-09 1.2572549273e+04 1.3974397251e+00 1.2000000000e-01 
1.4665312510e-05 1.4364707596e+04 1.4133280207e+00 1.2000000000e-01 
6.6724686149e-10 1.2424420476e+04 5.8006106355e-01 1.2000000000e-01 
5.9664722615e-08 1.2119461671e+04 6.3038850191e-01 1.2000000000e-01 
3.7935578558e-10 1.2001335338e+04 8.3185817230e-01 1.2000000000e-01 
6.9819375266e-10 1.1263796555e+04 1.0909070865e+00 1.2000000000e-01 
6.0308161808e-10 1.1204992296e+04 3.5159661075e-01 1.2000000000e-01 
2.0968705782e-06 1.2863260267e+04 9.2602158160e-01 1.2000000000e-01 
3.0268956737e-08 2.5000000000e+04 2.7615513609e-01 1.2000000000e-01 
9.8218738381e-09 2.2757867204e+04 3.1089404871e-01 1.2000000000e-01 
1.0677207597e-09 1.5351014230e+04 4.7229726421e-01 1.2000000000e-01 
6.4262702552e-06 1.2849142570e+04 8.8054274180e-01 1.2000000000e-01 
1.2582592249e-10 1.4528936531e+04 1.5155353027e+00 1.2000000000e-01 
1.9878400055e-09 2.1929733287e+04 9.8403871292e-01 1.2000000000e-01 
3.7258550352e-09 1.3933180071e+04 9.8053962977e-01 1.2000000000e-01 
9.5812368825e-09 1.9338887501e+04 1.2066883103e+00 1.2000000000e-01 
2.1793680079e-08 1.1482520928e+04 9.6882065978e-01 1.2000000000e-01 
2.9063290508e-10 1.6342303523e+04 1.2889177552e+00 1.2000000000e-01 
8.4926681907e-10 1.1360284676e+04 3.4258746863e-01 1.2000000000e-01 
1.6052559614e-09 1.6970365869e+04 3.8497023820e-01 1.2000000000e-01 
5.0883975309e-10 1.1373071650e+04 9.7251864326e-01 1.2000000000e-01 
5.8550335549e-10 1.1666374350e+04 8.8262794912e-01 1.2000000000e-01 
1.1486912871e-08 1.1372994338e+04 5.6151209313e-01 1.2000000000e-01 
3.5510618657e-10 1.1757688894e+04 1.2255608781e+00 1.2000000000e-01 
9.2757656527e-10 1.8730418051e+04 1.2524461978e+00 1.2000000000e-01 
1.1298950165e-07 1.1982152086e+04 1.4882196150e+00 1.2000000000e-01 
5.5769152698e-06 1.2019235142e+04 8.7947006057e-01 1.2000000000e-01 
9.6199594489e-11 1.4349662167e+04 1.1353939838e+00 1.2000000000e-01 
1.3998447289e-08 1.2216664205e+04 4.3344322826e-01 1.2000000000e-01 
1.4627164364e-11 1.2915498402e+04 6.9515630045e-01 1.2000000000e-01 
1.4125709066e-08 1.2207098667e+04 4.7508718130e-01 1.2000000000e-01 
1.1316239470e-08 2.0766361721e+04 1.0232012196e+00 1.2000000000e-01 
3.4593690527e-09 1.2543792367e+04 8.9168936272e-01 1.2000000000e-01 
5.2398363684e-07 1.3963812477e+04 8.1880547221e-01 1.2000000000e-01 
6.8016332347e-11 1.4054083597e+04 5.0810410850e-01 1.2000000000e-01 
4.5982587758e-10 1.3167575614e+04 4.6803297919e-01 1.2000000000e-01 
7.2224050523e-10 1.2879485838e+04 7.4442837202e-01 1.2000000000e-01 
1.3105833070e-10 1.1865632113e+04 8.9952688169e-01 1.2000000000e-01 
6.2707468459e-10 2.0636971664e+04 1.2485719732e+00 1.2000000000e-01 
7.5637671585e-08 1.2766368241e+04 3.4330716566e-01 1.2000000000e-01 
4.8370504739e-08 1.5222304292e+04 9.8149805670e-01 1.2000000000e-01 
1.6275733097e-10 1.9525661122e+04 5.8289156840e-01 1.2000000000e-01 
2.3622678246e-06 1.3355120556e+04 6.3137317205e-01 1.2000000000e-01 
1.3521450050e-05 1.3870672811e+04 1.0026251118e+00 1.2000000000e-01 
3.0844083721e-09 1.8498481304e+04 7.0590431957e-01 1.2000000000e-01 
5.0916710899e-11 1.1830506137e+04 9.4328400664e-01 1.2000000000e-01 
4.7443689167e-08 1.1962154236e+04 8.2085044924e-01 1.2000000000e-01 
1.5946481159e-11 1.1556341722e+04 2.6474955826e-01 1.2000000000e-01 
1.4999653464e-08 1.7331240641e+04 1.1760217507e+00 1.2000000000e-01 
9.7064795956e-08 1.2017362985e+04 3.7745707486e-01 1.2000000000e-01 
1.4214483738e-10 1.3745387904e+04 8.4173205158e-01 1.2000000000e-01 
2.8058570094e-09 2.5000000000e+04 6.4692270438e-01 1.2000000000e-01 
8.2146438230e-11 1.2954485487e+04 8.9155616859e-01 1.2000000000e-01 
2.4897131139e-10 1.2524475704e+04 1.4650641680e+00 1.2000000000e-01 
7.2030774072e-09 1.7514375013e+04 3.2018714275e-01 1.2000000000e-01 
1.8923564784e-07 1.5689454170e+04 1.2651563867e+00 1.2000000000e-01 
1.9050016574e-09 1.1799831541e+04 6.1751914606e-01 1.2000000000e-01 
7.2833075470e-08 2.0392952834e+04 1.0249693507e+00 1.2000000000e-01 
1.6680099720e-08 1.1913286930e+04 9.6192057223e-01 1.2000000000e-01 
3.5875487863e-10 1.5965200238e+04 1.1623530220e+00 1.2000000000e-01 
6.8846843359e-08 1.7810925240e+04 1.3541709696e+00 1.2000000000e-01 
1.0753884729e-09 1.4592598291e+04 1.1670836056e+00 1.2000000000e-01 
7.1480735028e-10 1.5324856518e+04 2.8418516600e-01 1.2000000000e-01 
2.3745191148e-08 2.2685581872e+04 5.6263232697e-01 1.2000000000e-01 
4.4014134299e-09 2.0562004693e+04 9.8944193733e-01 1.2000000000e-01 
6.3898209148e-08 1.1890141218e+04 1.3317821075e+00 1.2000000000e-01 
1.0058204374e-07 1.1323902750e+04 1.1760735389e+00 1.2000000000e-01 
2.5483074569e-09 1.2006827018e+04 4.3750667410e-01 1.2000000000e-01 
3.2602663732e-08 1.3235138375e+04 9.0923875819e-01 1.2000000000e-01 
1.0865049783e-09 1.1736174133e+04 5.6983631029e-01 1.2000000000e-01 
5.6655173779e-08 1.1293923957e+04 9.7822015665e-01 1.2000000000e-01 
2.0838386217e-09 1.4458543391e+04 8.9601979371e-01 1.2000000000e-01 
1.2927822945e-10 1.2299792823e+04 1.1680521168e+00 1.2000000000e-01 
2.4687304439e-11 1.3149195724e+04 9.1674994791e-01 1.2000000000e-01 
1.5781355990e-07 1.3478407275e+04 4.2964685946e-01 1.2000000000e-01 
1.4907778861e-09 2.3560061220e+04 1.0820149582e+00 1.2000000000e-01 
4.7788981986e-09 1.4862591051e+04 7.2456103581e-01 1.2000000000e-01 
1.6275227567e-09 1.2573239631e+04 3.4702289742e-01 1.2000000000e-01 
2.8193304092e-09 1.3258843413e+04 2.5669380220e-01 1.2000000000e-01 
4.2155585497e-08 1.2245691926e+04 5.3078374457e-01 1.2000000000e-01 
1.9630773853e-08 1.3651787683e+04 8.1511977409e-01 1.2000000000e-01 
2.3221477534e-09 1.1937144378e+04 7.7216988335e-01 1.2000000000e-01 
7.2759145215e-10 1.3228526688e+04 7.6718342167e-01 1.2000000000e-01 
5.1649461414e-09 1.2454739153e+04 1.0982951328e+00 1.2000000000e-01 
2.9827961689e-08 1.2140969780e+04 9.1272515535e-01 1.2000000000e-01 
2.5650833607e-07 1.8914087337e+04 4.7838823342e-01 1.2000000000e-01 
3.3777209759e-07 1.1433717628e+04 9.1613237030e-01 1.2000000000e-01 
5.6800390191e-11 1.3143947518e+04 6.6789526441e-01 1.2000000000e-01 
7.4870828836e-09 1.1583741729e+04 6.6062769551e-01 1.2000000000e-01 
2.4429382612e-10 1.2904300209e+04 1.4382213000e+00 1.2000000000e-01 
1.3317870963e-07 1.4144850017e+04 1.1456794203e+00 1.2000000000e-01 
1.0030438154e-09 1.7168928282e+04 1.0126074532e+00 1.2000000000e-01 
1.8130757141e-07 1.2646006838e+04 1.3093300761e+00 1.2000000000e-01 
1.0451966129e-07 1.1312168151e+04 5.3607610440e-01 1.2000000000e-01 
8.9375739797e-11 2.1773878200e+04 1.0812205866e+00 1.2000000000e-01 
1.6153595721e-05 1.3130440067e+04 5.5057243549e-01 1.2000000000e-01 
1.3420137433e-08 1.6020440349e+04 9.5564210892e-01 1.2000000000e-01 
2.8071038720e-06 1.2600797817e+04 1.3394834258e+00 1.2000000000e-01 
2.8259442163e-11 1.5288623280e+04 9.1065410232e-01 1.2000000000e-01 
1.4328973986e-08 1.3860634298e+04 1.3837734349e+00 1.2000000000e-01 
5.1366901493e-09 1.1547902779e+04 2.9737505497e-01 1.2000000000e-01 
6.5034387987e-09 1.5033244840e+04 1.0753827776e+00 1.2000000000e-01 
3.4081917445e-06 1.3297678492e+04 2.4984294292e-01 1.2000000000e-01 
1.1469031336e-10 1.2364218494e+04 8.9100412943e-01 1.2000000000e-01 
3.2541695091e-09 1.1554904268e+04 7.7203532653e-01 1.2000000000e-01 
7.9008755180e-07 1.1601026701e+04 4.7912500925e-01 1.2000000000e-01 
2.5063003962e-09 2.3043326252e+04 1.0043161616e+00 1.2000000000e-01 
1.5817820590e-08 2.5000000000e+04 1.3385239718e+00 1.2000000000e-01 
1.4730202111e-07 1.2847641016e+04 9.1581799235e-02 1.2000000000e-01 
5.1412939234e-10 1.3591017375e+04 4.9546079851e-01 1.2000000000e-01 
2.5928391191e-09 1.4288399562e+04 1.0926382342e+00 1.2000000000e-01 
1.1163118582e-07 2.1452099037e+04 5.5637738522e-01 1.2000000000e-01 
1.6154343315e-10 1.3656514995e+04 1.3685663059e+00 1.2000000000e-01 
1.8564748343e-07 1.1893167781e+04 1.1750711625e+00 1.2000000000e-01 
2.4000563264e-10 1.4555668366e+04 8.3125860542e-01 1.2000000000e-01 
1.2857118270e-08 1.1837371469e+04 5.4830166911e-01 1.2000000000e-01 
1.1397979271e-09 1.4755524987e+04 4.1395316412e-01 1.2000000000e-01 
9.7805607879e-09 1.2277294425e+04 1.0850143546e+00 1.2000000000e-01 
1.3486236907e-10 1.2980567501e+04 3.6794177213e-01 1.2000000000e-01 
6.8987584884e-07 1.1606247559e+04 7.0371079217e-01 1.2000000000e-01 
4.6642880224e-08 1.2337414476e+04 1.1898566384e+00 1.2000000000e-01 
1.4548813166e-08 1.2179813643e+04 9.2462784465e-01 1.2000000000e-01 
2.9978760944e-11 1.2215637118e+04 9.1039518051e-01 1.2000000000e-01 
4.0464568987e-10 1.6385111589e+04 1.0520141707e+00 1.2000000000e-01 
6.9836757703e-10 1.6762330692e+04 5.5927685027e-01 1.2000000000e-01 
8.2629770054e-10 1.4746550447e+04 3.1438636699e-01 1.2000000000e-01 
4.6045976769e-08 1.2438139183e+04 1.0897381908e+00 1.2000000000e-01 
1.0397561072e-10 1.6642046331e+04 1.0565328743e+00 1.2000000000e-01 
1.0547286072e-08 1.1371382692e+04 7.4237959347e-01 1.2000000000e-01 
1.1025839304e-07 1.3355331209e+04 1.1084823828e+00 1.2000000000e-01 
2.5967046411e-11 1.4382953297e+04 4.6152380754e-01 1.2000000000e-01 
4.4323582841e-07 1.3441487949e+04 5.3707507192e-01 1.2000000000e-01 
3.5278425425e-09 1.5673824391e+04 9.5374603594e-01 1.2000000000e-01 
3.4044393791e-10 1.4672990214e+04 1.0016046176e+00 1.2000000000e-01 
1.0735923692e-10 1.1628256559e+04 8.6040997774e-01 1.2000000000e-01 
5.5815213401e-12 2.3951698712e+04 7.0428238318e-01 1.2000000000e-01 
2.9074110923e-09 1.8377677401e+04 8.6879058304e-01 1.2000000000e-01 
6.7825331016e-09 1.1308923576e+04 5.8376417372e-01 1.2000000000e-01 
1.7492359570e-09 1.8333193770e+04 4.9302868533e-01 1.2000000000e-01 
2.4501842667e-08 1.7397772761e+04 7.5207019145e-01 1.2000000000e-01 
5.7864150814e-10 1.1385052052e+04 7.8793791184e-01 1.2000000000e-01 
9.4618683879e-10 1.5566986383e+04 1.1365829582e+00 1.2000000000e-01 
4.2025457586e-10 1.3501351029e+04 4.8242259817e-01 1.2000000000e-01 
6.3095744085e-09 1.8716491465e+04 7.9882898814e-01 1.2000000000e-01 
3.1638073950e-10 1.1241872046e+04 1.2329550718e+00 1.2000000000e-01 
8.6533360068e-08 1.4164402238e+04 6.0293396513e-01 1.2000000000e-01 
3.5992241359e-07 1.9846735424e+04 2.0111495070e-01 1.2000000000e-01 
7.2633615893e-09 1.1697358130e+04 1.0856681554e+00 1.2000000000e-01 
2.3357742895e-11 1.1614479962e+04 5.2002883998e-01 1.2000000000e-01 
3.1608074368e-06 1.7827441285e+04 9.8700605825e-01 1.2000000000e-01 
9.0041776049e-10 1.1618722683e+04 2.8905673839e-01 1.2000000000e-01 
2.1804393733e-07 1.4420359474e+04 1.4744967912e+00 1.2000000000e-01 
