6.5223319878e-05 5.4319419912e-01 
2.5413581534e-05 5.8484932708e-01 
8.0564425049e-05 5.4004669421e-01 
1.2488731848e-05 6.1785481517e-01 
9.1142671661e-05 5.5029153204e-01 
8.6571848555e-06 6.3056565370e-01 
5.7775771857e-05 5.7206068565e-01 
2.6785945528e-05 5.6437773492e-01 
8.2637856863e-05 5.4965885256e-01 
3.3619445204e-05 1.0000000000e+00 
1.9903720351e-05 5.9001397099e-01 
9.0535065794e-06 6.6651363656e-01 
5.1145636849e-06 1.0000000000e+00 
2.4652191973e-05 5.3642088297e-01 
4.4001228014e-05 5.1841416437e-01 
9.6742359688e-05 5.4021749345e-01 
1.9488466649e-05 5.9884421763e-01 
1.9825012002e-05 5.0279196414e-01 
9.8976334238e-05 5.0425530231e-01 
1.1413521885e-04 5.3876539833e-01 
4.7797960900e-05 5.4552259498e-01 
4.3523001420e-04 5.4091385872e-01 
3.4567849203e-05 5.6745466634e-01 
2.6328831891e-05 5.8047144607e-01 
1.6344787694e-05 1.0000000000e+00 
5.3919080682e-06 1.0000000000e+00 
2.2338392153e-04 5.0359136122e-01 
7.2868424702e-05 4.7970761159e-01 
9.5243914055e-06 1.0000000000e+00 
6.8950266674e-05 4.8490458913e-01 
5.4044793715e-05 1.0000000000e+00 
8.5114022071e-06 5.1350460583e-01 
4.4762367856e-05 5.5271042983e-01 
2.4676708883e-05 5.8492644471e-01 
5.5928624004e-05 6.0754619959e-01 
1.1901522670e-04 5.3642869439e-01 
3.5149958344e-05 1.0000000000e+00 
1.0446722724e-04 5.5573383679e-01 
4.9366797313e-05 5.6195221469e-01 
2.6437127200e-05 4.9238972831e-01 
6.4696929757e-05 1.0000000000e+00 
1.7563823510e-05 6.2620415879e-01 
3.2490282376e-05 5.7258931873e-01 
1.2421916716e-05 6.1700505423e-01 
1.1258203845e-05 1.0000000000e+00 
3.6775474454e-05 5.3158320266e-01 
2.4248151808e-05 5.7420867272e-01 
4.7823587108e-05 5.5160380891e-01 
3.7483443726e-05 5.1043450532e-01 
6.1934644663e-06 1.0000000000e+00 
2.8057998608e-05 5.3926928707e-01 
8.0052061205e-06 6.1964438414e-01 
4.5804485498e-05 1.0000000000e+00 
4.9945245598e-06 9.9406000777e-01 
1.1376289204e-04 4.8879787504e-01 
1.9708927425e-05 6.3131476371e-01 
9.5402895091e-06 1.0000000000e+00 
4.9999046482e-06 9.9765617663e-01 
1.9432745924e-05 4.9407680972e-01 
3.0589944927e-05 5.8061809206e-01 
2.3641647892e-05 4.8884993232e-01 
4.9987761199e-06 9.9583456277e-01 
1.2685429169e-05 1.0000000000e+00 
1.3867558926e-04 5.2949351692e-01 
2.0610990302e-05 5.9787584930e-01 
1.5026357909e-05 6.0073751142e-01 
1.1802130305e-04 5.6142789649e-01 
4.9997630826e-06 9.9889250571e-01 
9.7540193819e-05 5.6898380346e-01 
3.3232499616e-05 5.8363713907e-01 
3.2807279328e-05 5.9500785683e-01 
4.3138899884e-05 5.8261708865e-01 
1.1182192932e-04 5.6220301571e-01 
2.9900778245e-05 5.6830175773e-01 
2.9507535128e-05 5.6765232883e-01 
1.8901720197e-05 5.8443083731e-01 
7.7169692131e-05 5.4566148600e-01 
3.1317349272e-05 5.7642065431e-01 
1.0587357213e-04 5.4682959584e-01 
1.3878694830e-04 5.4536704321e-01 
1.2423243493e-05 1.0000000000e+00 
1.2010279371e-05 5.2251141732e-01 
4.0276635659e-05 4.8919848899e-01 
4.1505199861e-05 5.3354595946e-01 
2.0176540745e-05 5.3230290815e-01 
8.2544780772e-05 5.5438328802e-01 
7.6666459166e-06 1.0000000000e+00 
1.8367930887e-05 5.9072502578e-01 
1.6120603145e-04 5.2093206337e-01 
1.8777626942e-05 6.2962229285e-01 
6.0607266537e-05 5.5696785168e-01 
5.2479346556e-05 5.5275420256e-01 
1.2168249073e-05 5.4367159984e-01 
4.9998492830e-06 9.9600964871e-01 
3.3056355587e-05 5.7653982584e-01 
3.6441080703e-05 5.7495538265e-01 
3.7003571939e-04 5.5135221930e-01 
4.9999102253e-06 1.0000000000e+00 
1.5711594179e-05 5.2230405295e-01 
4.1593992114e-05 5.8172962499e-01 
5.4528581240e-05 5.3709604639e-01 
1.6599423593e-05 1.0000000000e+00 
5.1355906710e-05 5.7215069191e-01 
7.6230244931e-05 5.8964170195e-01 
3.2557426393e-05 6.0717916108e-01 
1.4157673055e-05 6.0545957732e-01 
1.7772288649e-05 1.0000000000e+00 
1.1107850304e-05 1.0000000000e+00 
1.0006404546e-05 6.1732824735e-01 
2.8048746624e-05 6.1305248451e-01 
5.7458755717e-05 4.8705569045e-01 
5.8513811347e-06 6.1640792303e-01 
3.8001778510e-05 5.6291935520e-01 
4.9996388121e-06 9.9881804362e-01 
2.0109620701e-04 5.0691847197e-01 
3.8166390443e-05 1.0000000000e+00 
9.9548035658e-06 1.0000000000e+00 
6.8229582155e-05 4.9875778648e-01 
5.8732800925e-05 5.5785183639e-01 
2.0327902653e-04 5.0897210896e-01 
6.5906546897e-06 6.3787469157e-01 
1.1306773034e-05 6.1822208447e-01 
3.1932490063e-05 4.9018099881e-01 
1.3621126342e-05 5.9644199759e-01 
6.4513218723e-05 5.4840165408e-01 
3.8701682051e-05 5.0734511263e-01 
2.8192846826e-05 6.0066812744e-01 
2.4748063889e-05 4.9055766226e-01 
1.0621547682e-04 5.3942853683e-01 
4.9971905796e-06 9.9412993317e-01 
6.8169579286e-05 4.8840734064e-01 
6.5687622861e-06 1.0000000000e+00 
3.0308573431e-05 5.1576754929e-01 
5.8504424630e-05 5.4799591575e-01 
6.2281834968e-05 5.6436975807e-01 
2.1082522244e-04 5.2365080506e-01 
1.1150593904e-05 6.1358278411e-01 
3.3571593318e-05 5.7294664535e-01 
5.3007860077e-05 4.8304347756e-01 
4.1403027797e-05 5.1112969175e-01 
9.1313764061e-05 5.3973164715e-01 
1.9117468798e-05 1.0000000000e+00 
2.3545542838e-05 1.0000000000e+00 
5.0820230235e-05 5.5417718775e-01 
5.0809617231e-05 5.5746397534e-01 
1.7200228145e-04 5.5894286505e-01 
5.7791888960e-05 5.6400666544e-01 
1.5945474855e-04 4.9656426889e-01 
6.1262536685e-05 5.6662440845e-01 
4.5409146503e-05 5.7447016923e-01 
3.8383807251e-05 4.8072946966e-01 
3.2003750626e-05 6.1398975750e-01 
4.3598290300e-05 5.4205723984e-01 
2.0219475008e-05 5.9985320355e-01 
1.8282281365e-05 1.0000000000e+00 
2.5528893975e-04 5.0945823410e-01 
4.9986295772e-06 9.9634246889e-01 
1.3937924516e-04 5.3955433691e-01 
6.3349339018e-05 1.0000000000e+00 
9.3094735328e-06 1.0000000000e+00 
1.5334099260e-05 5.9939692926e-01 
9.3238825779e-05 5.5286417724e-01 
6.2787485820e-05 5.8502666088e-01 
7.2033352276e-05 5.7572144740e-01 
5.3273293757e-05 5.5490138929e-01 
1.2583336629e-05 5.8940490130e-01 
4.1618027798e-05 4.7803590564e-01 
8.6636453963e-06 5.4644094611e-01 
9.8463404793e-06 6.1987772127e-01 
1.1755740667e-04 5.5274941092e-01 
1.6089353160e-05 6.0092581068e-01 
1.7115403990e-05 5.9822087632e-01 
1.0450742489e-04 5.3398428885e-01 
1.7590864692e-05 5.0870505288e-01 
6.0252450793e-06 6.2484517357e-01 
4.9992606939e-06 9.9853528322e-01 
-1.0000000000e+00 -1.0000000000e+00 
1.6957119439e-05 6.1678498428e-01 
5.6164275144e-05 5.5676705824e-01 
4.4567084488e-05 5.7433881852e-01 
1.7074049350e-04 5.2540321221e-01 
5.3087222994e-05 5.7147273460e-01 
1.2154261657e-04 5.4159932729e-01 
8.0254638330e-05 5.4347767098e-01 
3.3730166143e-05 4.8762826601e-01 
8.1522078860e-05 5.4692024075e-01 
7.6869886989e-05 5.6093010290e-01 
2.2556308158e-04 5.2340300480e-01 
7.1201670111e-05 5.4828075982e-01 
4.4680578795e-05 4.7930374197e-01 
2.3069473625e-05 4.9428014855e-01 
7.6535299520e-06 1.0000000000e+00 
5.0250245147e-05 5.7112774495e-01 
1.2221374779e-05 1.0000000000e+00 
2.3330462349e-05 5.9586099649e-01 
2.5648203722e-05 5.6385405937e-01 
1.1105513941e-05 6.2820857624e-01 
4.4674045729e-05 5.7325368954e-01 
3.3658031638e-05 5.0456462090e-01 
2.8263160420e-05 5.8388308516e-01 
4.6436605143e-05 5.0437173819e-01 
4.1071154898e-05 4.9187646727e-01 
2.9823878319e-05 5.9079423497e-01 
2.4572876292e-05 5.4273010668e-01 
6.7731445222e-06 1.0000000000e+00 
8.2339964386e-05 5.4946994473e-01 
4.9719384065e-05 5.6968276377e-01 
1.0099438035e-04 5.4679147265e-01 
1.4270063251e-04 5.2188190234e-01 
7.0214016236e-06 6.1695270519e-01 
5.4754183895e-05 5.6973925045e-01 
5.1003484066e-05 5.2110905644e-01 
2.9833530271e-05 5.8495772880e-01 
3.1494834794e-05 4.9652551820e-01 
1.8335579793e-04 5.4516193711e-01 
5.6182063382e-05 4.7939735970e-01 
3.2888907622e-05 5.8227457476e-01 
3.7438122459e-05 5.9724468960e-01 
3.6839859719e-05 5.7673080095e-01 
2.1720982876e-05 6.0805444783e-01 
2.3660965596e-04 5.2445088285e-01 
1.9621368200e-04 5.0537683408e-01 
5.9103472611e-05 5.5734806889e-01 
2.6713140958e-05 5.7414210250e-01 
3.4770699859e-05 4.9045343360e-01 
1.3275181771e-05 5.0365957055e-01 
5.8002108414e-05 5.6818671480e-01 
8.8417507792e-05 5.5578375082e-01 
5.1189394112e-05 5.6948453023e-01 
2.6433122005e-05 5.9892423435e-01 
5.6861225704e-05 5.5924030255e-01 
4.3470683652e-05 5.2531022335e-01 
1.2099819782e-04 5.2928215663e-01 
1.3505148183e-04 5.3432823684e-01 
4.2256964898e-04 5.2533407846e-01 
1.6276223887e-05 6.0636338090e-01 
6.9819276855e-05 5.4614083957e-01 
4.5060488282e-05 4.8348460886e-01 
3.5121404534e-05 5.3346475366e-01 
1.8436343249e-05 5.3952319088e-01 
8.4386357366e-05 5.4835546686e-01 
2.9272372953e-05 4.8053054064e-01 
9.2602978536e-06 5.1529657000e-01 
3.8982706520e-05 4.8072842717e-01 
2.2753433658e-05 5.5770047245e-01 
7.4816879620e-05 5.1448176313e-01 
4.9434622245e-05 5.5765224944e-01 
8.4905258286e-05 5.5454387941e-01 
3.4349661543e-05 4.8070420196e-01 
2.5782146611e-05 4.9650512253e-01 
1.9922286434e-05 1.0000000000e+00 
1.0333774392e-04 5.3578159223e-01 
4.9882308263e-06 9.9405641176e-01 
3.9866733632e-05 5.7405945686e-01 
1.5712370304e-05 5.9589556845e-01 
4.5051586125e-05 5.1773257834e-01 
1.8669985577e-05 1.0000000000e+00 
1.1757512335e-04 5.3055792553e-01 
8.8934023819e-06 1.0000000000e+00 
5.0414635771e-06 8.5326747917e-01 
1.3338431530e-05 6.1803878541e-01 
1.5932990238e-05 6.2218162226e-01 
2.4901463761e-05 5.8845993464e-01 
1.8241155673e-04 5.3722152102e-01 
6.2386366179e-05 5.6100805781e-01 
1.0863597843e-05 1.0000000000e+00 
3.4060569788e-05 6.0564153939e-01 
9.6207509594e-06 5.6038796993e-01 
4.9996254497e-06 9.9908949871e-01 
1.7241359834e-05 6.0059826471e-01 
9.6112107018e-06 5.3772612038e-01 
4.3571822940e-05 4.8092712189e-01 
1.6628054068e-05 6.0179389806e-01 
2.5009527169e-05 5.1618514532e-01 
2.1338850948e-05 4.8877183629e-01 
1.4140729403e-05 5.0635548033e-01 
5.7746491304e-06 6.3736116644e-01 
4.1538009925e-05 6.1713038874e-01 
1.8710922831e-05 6.1091609127e-01 
8.7985089012e-06 5.6694479597e-01 
3.0536441231e-05 5.9484986202e-01 
1.9203460551e-04 5.9821310776e-01 
6.5255271109e-06 6.2547121717e-01 
8.1295758837e-05 5.4788082826e-01 
7.9354728111e-05 5.6155534741e-01 
4.5814706481e-05 5.5661221693e-01 
1.1968557659e-04 5.3193923080e-01 
1.2347305626e-05 6.3737256073e-01 
1.1583617523e-04 4.8364660983e-01 
4.2328853491e-05 4.8780469917e-01 
4.2865108366e-05 5.6322407986e-01 
2.0312698299e-05 5.2500865458e-01 
2.8682549421e-05 1.0000000000e+00 
7.2674471034e-05 5.4672079062e-01 
5.0834615469e-05 5.5472541258e-01 
5.2268044780e-05 5.6860132917e-01 
2.9316629444e-05 5.8168508065e-01 
1.2999177558e-05 1.0000000000e+00 
3.0578559809e-05 1.0000000000e+00 
1.7247191642e-05 1.0000000000e+00 
2.9896754563e-05 5.8370406957e-01 
8.0974445710e-05 5.6900511600e-01 
1.6736604234e-05 1.0000000000e+00 
3.1830859039e-05 4.9897503854e-01 
6.1094634750e-05 5.7200408491e-01 
1.6259437980e-05 6.1405654660e-01 
1.1812319858e-05 6.2360000472e-01 
1.0813442885e-05 1.0000000000e+00 
4.9992044062e-06 9.9898016580e-01 
2.8300656211e-05 4.8172809153e-01 
3.5573169969e-05 5.4515450930e-01 
3.4936422542e-05 1.0000000000e+00 
1.4536186116e-05 1.0000000000e+00 
9.2448015177e-05 5.5639345337e-01 
1.1873274308e-04 5.3837257470e-01 
3.1707110402e-05 5.5473802669e-01 
2.5251648243e-05 4.9679720340e-01 
3.4039560995e-05 5.6355020850e-01 
1.3857491861e-05 5.9816900300e-01 
4.9973536239e-06 9.9602437454e-01 
1.3851522781e-05 5.9475341384e-01 
7.7220779463e-05 5.4857493860e-01 
6.0669006989e-05 5.4671146809e-01 
3.1294262391e-05 6.1008665339e-01 
4.0628582950e-05 5.7671114757e-01 
4.9998077423e-06 9.9898922693e-01 
1.0216912527e-04 5.3506402868e-01 
6.5831303726e-05 5.4200578029e-01 
4.4418649391e-05 5.9781283773e-01 
4.9971093274e-06 9.9654766332e-01 
6.1003869225e-06 5.2391658669e-01 
3.1045352205e-05 5.8183341666e-01 
1.5432398621e-05 4.9866668653e-01 
5.8447051992e-05 4.7817946191e-01 
7.7054891097e-05 5.5625444191e-01 
1.3097277128e-04 1.0000000000e+00 
4.9936711584e-06 9.9239707306e-01 
6.6831785588e-05 5.5566564196e-01 
5.5814493281e-06 6.3486984692e-01 
2.4556243041e-05 5.1335620393e-01 
9.8865090933e-06 6.4792030403e-01 
7.5544071293e-05 4.8527696322e-01 
1.3544077250e-05 6.1624856733e-01 
2.3671486216e-05 5.3834762600e-01 
5.5362782256e-05 5.5530073485e-01 
1.6901942865e-05 1.0000000000e+00 
1.8456656915e-04 5.4429986684e-01 
5.2531406633e-05 5.4177402846e-01 
7.7936672850e-06 5.4971080583e-01 
4.9998321030e-06 9.9940340337e-01 
4.0194546947e-05 6.0539600615e-01 
7.0465416931e-05 5.2709892008e-01 
8.8143023746e-05 5.4322953791e-01 
3.7001696831e-05 5.5711282742e-01 
2.1128635179e-05 6.2622569117e-01 
6.1624036804e-05 5.5556909967e-01 
5.3377777867e-05 1.0000000000e+00 
3.8162697098e-05 5.6848345313e-01 
6.2603643348e-05 5.5336269474e-01 
2.0395726810e-05 5.9897992557e-01 
4.7539841927e-05 5.5297469728e-01 
3.0500051768e-05 4.9376294736e-01 
8.1083797697e-05 5.5864238445e-01 
2.2399069900e-05 5.9717742675e-01 
6.6271976938e-05 5.0702085860e-01 
1.1835804757e-05 6.0730095955e-01 
5.8811789757e-05 5.4380756288e-01 
4.9328049731e-05 5.4059375865e-01 
7.7574554617e-05 5.6186327543e-01 
8.8749690832e-05 5.1146292442e-01 
1.2541291064e-05 1.0000000000e+00 
7.8139664782e-05 5.5554609017e-01 
6.9100123047e-05 5.4740740837e-01 
1.6320643948e-04 5.3892583608e-01 
1.8153015332e-05 5.9713113319e-01 
2.5508265693e-05 6.0831374416e-01 
4.9977876194e-06 9.9817969494e-01 
2.0128256104e-05 5.4353924403e-01 
4.9997957098e-06 9.9335626049e-01 
2.1554271591e-05 5.8363006082e-01 
1.2303956309e-04 5.2962091616e-01 
5.7717016419e-05 5.6323589109e-01 
1.2860900214e-05 1.0000000000e+00 
1.7560760303e-05 6.2666460753e-01 
9.6023644948e-06 1.0000000000e+00 
5.0363457863e-06 1.0000000000e+00 
1.4232965568e-04 4.7491426623e-01 
5.3787913036e-05 5.6482126200e-01 
2.0225533728e-05 5.4925918794e-01 
3.0034075213e-05 1.0000000000e+00 
5.3685956599e-05 5.9022048950e-01 
2.6907185371e-05 5.1018597738e-01 
8.0347670251e-05 5.5419021253e-01 
2.3180559695e-05 5.7736279719e-01 
6.5626117249e-06 1.0000000000e+00 
4.9999395789e-06 9.9812271829e-01 
2.9297385893e-05 5.8898199632e-01 
6.1148148348e-05 5.5614800826e-01 
7.2097874329e-05 5.4314157915e-01 
4.0730054092e-05 1.0000000000e+00 
3.2726647531e-05 4.7894884107e-01 
2.9201436752e-05 5.3387801363e-01 
3.4935211270e-04 5.6036699370e-01 
6.4478044590e-05 5.6926271362e-01 
7.2505117108e-05 5.4013041242e-01 
2.3962577810e-05 5.2256999471e-01 
5.2816486651e-05 5.6827731639e-01 
8.1242920183e-05 5.5399857448e-01 
1.2218391493e-04 5.3439609309e-01 
8.5417145444e-05 5.4046262541e-01 
3.6820744155e-05 5.8047611972e-01 
1.5047878456e-05 1.0000000000e+00 
4.9980602738e-06 9.9411260608e-01 
1.5693564423e-04 5.6796124051e-01 
1.1910931275e-05 1.0000000000e+00 
2.5392199695e-05 5.0505012892e-01 
2.6628357420e-05 5.8570933405e-01 
2.5388374056e-05 4.9248466753e-01 
2.2945293879e-05 6.0157222090e-01 
4.9993392065e-06 9.9903729818e-01 
3.7258198553e-05 4.7919100787e-01 
2.4049911857e-05 5.5477787285e-01 
8.6362012556e-05 5.6567810791e-01 
1.8328327757e-04 5.3844951234e-01 
6.5534808184e-06 6.3163314057e-01 
3.6026046205e-05 5.5525913189e-01 
1.8755080805e-05 1.0000000000e+00 
1.1389292713e-05 6.3527754588e-01 
3.1379756621e-05 5.3325619596e-01 
2.2898359871e-05 6.3157926586e-01 
1.4951877111e-05 5.8427638389e-01 
9.9500034983e-06 6.0384765936e-01 
1.1399608055e-04 4.8608994023e-01 
3.2552398213e-05 4.8432611585e-01 
2.5585247120e-05 5.8980718122e-01 
2.3322355823e-05 6.0740620488e-01 
1.9811116292e-05 5.9242863131e-01 
1.0226660981e-05 1.0000000000e+00 
1.6716125527e-05 6.6448348570e-01 
6.4422390036e-05 5.5621288057e-01 
6.3030479462e-05 4.8178143047e-01 
6.9847166935e-05 5.5928154914e-01 
2.3108440032e-05 5.1009255173e-01 
4.4938902122e-05 5.6326132089e-01 
1.5768418642e-04 5.6819312103e-01 
6.5777381319e-05 5.7079798528e-01 
1.8316154309e-04 5.1161767947e-01 
1.9959950529e-05 1.0000000000e+00 
2.9432602037e-05 5.0165664431e-01 
3.1454498991e-05 6.4144012294e-01 
1.5261263624e-05 6.1636755767e-01 
2.9448186064e-05 4.9304197100e-01 
2.8959690644e-05 5.6832615920e-01 
2.1561107449e-05 6.1602944232e-01 
4.4223578713e-05 6.0283579846e-01 
1.6328059566e-05 1.0000000000e+00 
4.9945656838e-06 9.9565400999e-01 
3.4074459668e-05 5.0583036605e-01 
5.2306564584e-05 5.5724023108e-01 
7.1068897088e-05 5.4847570402e-01 
2.4554299266e-05 5.8950216836e-01 
1.3969864167e-04 5.3992857865e-01 
4.9993463861e-06 9.9837622846e-01 
2.9110962275e-05 5.2598870940e-01 
8.5312304781e-05 5.5042256632e-01 
4.8398502700e-05 5.5866174352e-01 
1.8308099648e-05 4.9860150585e-01 
1.7968208241e-05 6.0999475024e-01 
3.2255985428e-05 5.8520278816e-01 
7.6330422356e-06 5.5541042285e-01 
2.9338118734e-05 5.2237523839e-01 
2.2718739489e-05 1.0000000000e+00 
1.0048546837e-04 5.7040818480e-01 
6.6757050871e-06 1.0000000000e+00 
3.6667912265e-05 5.4429759586e-01 
2.5472800837e-05 6.1869269703e-01 
1.6508373662e-05 1.0000000000e+00 
7.2906147654e-05 6.3767327838e-01 
1.3980752804e-04 5.3426047492e-01 
8.0097514383e-05 5.5021470451e-01 
6.7597990704e-05 5.6204439462e-01 
1.7444345546e-04 5.3948844672e-01 
3.0812327149e-05 5.8961142124e-01 
1.9510781748e-05 6.1161915058e-01 
9.8852350467e-05 6.4883118036e-01 
4.2956111891e-05 5.7182163717e-01 
8.8698934509e-06 6.0252320392e-01 
2.0760941873e-05 5.9446278778e-01 
7.3274579470e-05 5.9177277232e-01 
1.6975342752e-05 6.0776048296e-01 
1.0545592148e-04 4.7696669104e-01 
3.4576759009e-05 5.1005220881e-01 
1.4366992298e-04 1.0000000000e+00 
2.4060594245e-05 1.0000000000e+00 
1.4690942278e-04 5.1803196417e-01 
3.6288498127e-05 6.1053529811e-01 
1.3120900869e-05 6.1230068658e-01 
1.8900940860e-04 5.1850594547e-01 
1.5450848935e-04 5.3173257653e-01 
2.0188721528e-04 5.5979718891e-01 
