2.5163508607e-08 1.6580344358e+04 9.1307009244e-01 
2.0490418716e-10 1.1433572490e+04 5.8313315392e-01 
6.0933195900e-08 1.7293719906e+04 1.1191655967e+00 
1.3480595187e-07 2.5000000000e+04 7.3620674935e-01 
1.1220964910e-07 1.3447211305e+04 3.0094878715e-01 
1.6140860533e-07 1.2665855974e+04 7.8779444564e-01 
6.0965599634e-11 2.5000000000e+04 7.1227615156e-01 
1.8530526211e-09 2.2724317777e+04 1.0534112002e+00 
3.7857279252e-09 1.2493830860e+04 4.5895089045e-01 
2.8637752192e-06 1.2052436416e+04 8.0770873787e-01 
5.8308379260e-08 1.2164416320e+04 1.0588254371e+00 
1.0684139809e-06 1.9382927762e+04 2.5027533130e-01 
2.0486697806e-08 1.3232222883e+04 1.0544445310e-01 
4.1376626766e-09 1.6337370985e+04 9.5471680481e-01 
8.0312335437e-11 2.5000000000e+04 3.7040271644e-01 
3.1616506454e-10 1.4339294714e+04 8.2913091157e-01 
5.8602065457e-08 1.3289859615e+04 8.6751824191e-01 
5.2123139980e-09 2.2451663141e+04 1.1827108408e+00 
7.3696608695e-09 1.1568964018e+04 6.9746468086e-01 
4.0753816717e-08 1.5623844260e+04 9.3909950354e-01 
7.9696856025e-11 1.3944785004e+04 9.7572025474e-01 
7.8105252510e-11 1.3183051162e+04 1.0915811895e+00 
8.7070243279e-11 1.1437890109e+04 1.5265325124e+00 
1.2505439597e-06 1.2104499582e+04 6.6807515782e-01 
3.4569615291e-10 1.2358008213e+04 1.3484336383e+00 
5.3847171705e-08 1.2917976548e+04 6.8417364009e-01 
7.3403070169e-07 1.2633107875e+04 6.8557236512e-01 
3.5204673985e-08 1.1541550012e+04 5.9677211356e-01 
4.7901403934e-08 2.1188082467e+04 6.7317213495e-01 
3.0831950116e-08 1.3766132092e+04 6.0578683726e-01 
2.6875258347e-07 1.3536175410e+04 8.1821760242e-01 
3.5606285513e-08 1.1881758562e+04 6.8591153453e-01 
2.9174516580e-10 1.1243053187e+04 9.6078805139e-01 
4.9874461489e-11 1.2929504343e+04 4.4622855167e-01 
1.8784879893e-08 1.3687306083e+04 1.2890203777e+00 
7.0290443103e-08 1.4282673732e+04 5.5563256958e-01 
1.7169938589e-10 1.4787843835e+04 5.6645366317e-01 
1.1500024415e-08 1.2091581503e+04 9.2417226759e-01 
1.1457387721e-10 1.1794980753e+04 6.1955832472e-01 
1.6516494410e-09 2.5000000000e+04 6.1845260273e-01 
5.3014479898e-09 1.5302064237e+04 1.2208659632e+00 
9.2809777009e-06 1.3515980077e+04 1.1371610857e+00 
8.0904605597e-08 1.5507416072e+04 3.2451726095e-01 
4.9976933893e-10 1.2495138148e+04 1.1519203161e+00 
1.8111914374e-10 1.6425157444e+04 6.2691466195e-01 
7.1371780481e-08 1.3995975282e+04 6.7279327026e-01 
4.0883282281e-10 1.5933679854e+04 6.2999622998e-01 
1.0566925142e-08 1.5887802395e+04 6.7542171461e-01 
2.3091961005e-08 1.2079592665e+04 2.3591214816e-01 
1.0758346739e-09 1.1344295341e+04 4.5344230033e-01 
7.8554746629e-09 1.3875752085e+04 1.5046976884e-01 
6.5409305996e-08 1.1982014708e+04 7.0580786532e-01 
8.3077184963e-08 1.1283015585e+04 1.0246444886e+00 
1.4454055776e-09 1.2927436434e+04 2.4730506435e-01 
4.6040963461e-09 1.4428097974e+04 7.3161617961e-01 
1.9223849953e-09 1.6603522348e+04 2.5790936426e-01 
2.5978562577e-09 1.5921422871e+04 1.4302032452e+00 
7.3927408568e-10 1.4792985044e+04 7.6249098093e-01 
1.9864595407e-11 1.2187191356e+04 4.9769372634e-01 
1.4964879952e-09 1.5662352059e+04 1.3145295537e-01 
2.4902490007e-10 1.4267383084e+04 8.0725214482e-01 
1.2346971838e-07 1.2602192607e+04 9.5988852888e-01 
8.8293130878e-09 1.3694575661e+04 2.0003582365e-01 
1.1510050094e-10 1.7266294559e+04 2.1486251155e-01 
2.5860575277e-11 1.7483287834e+04 5.8190744928e-01 
2.1902816059e-10 1.2337709644e+04 3.9113840076e-01 
7.1916311649e-11 1.2875356359e+04 3.3848822737e-01 
2.3065408222e-09 1.7653751506e+04 1.1252393688e+00 
2.3640160922e-08 1.1848072346e+04 9.6075115363e-01 
6.0720343614e-09 1.1346634495e+04 1.2624496961e+00 
5.1989973016e-11 1.3503748246e+04 1.4431963729e-01 
2.0086103095e-06 1.2117272625e+04 1.4562478330e+00 
4.2131037440e-08 1.2099491120e+04 9.3813824217e-01 
8.5252012064e-07 1.3242505469e+04 7.3043959238e-01 
5.8875975526e-10 1.2994292050e+04 7.7686094415e-01 
1.6091000911e-11 1.1683169205e+04 6.3226973230e-01 
2.1524026618e-08 1.4836794816e+04 3.4790059440e-01 
1.5193533995e-09 2.4252779516e+04 9.5353183877e-01 
4.8049292162e-11 1.2290958145e+04 6.0695441856e-01 
1.4218446379e-09 1.1782941584e+04 8.4647916772e-01 
6.1887317389e-06 1.2334310395e+04 3.7782111688e-01 
1.1144044261e-10 1.8262913471e+04 8.6942026177e-01 
1.3776442913e-06 1.3786527620e+04 7.7658839102e-01 
5.7498554583e-10 1.2621433846e+04 1.3897178008e+00 
9.3264808134e-10 2.5000000000e+04 1.3703089194e+00 
8.7296213393e-07 1.1815637264e+04 2.3688017490e-01 
4.3106247007e-12 1.5379999642e+04 8.7332884079e-01 
1.0800317675e-09 1.3341993836e+04 9.4513390491e-01 
1.6723906675e-08 1.3257590428e+04 7.2539164209e-01 
3.8484006824e-09 1.1427772642e+04 6.7617919868e-01 
7.7389012154e-09 1.3726883023e+04 1.2758252335e+00 
8.7499919269e-06 1.1969552143e+04 8.7131807727e-01 
7.3966560384e-06 1.2917155612e+04 6.8583708903e-01 
2.0290339134e-08 1.1501182807e+04 6.5792907367e-02 
1.1342712470e-11 1.3862609528e+04 6.2931049132e-01 
2.3155602563e-10 1.4519819360e+04 3.6384578318e-01 
4.2349430876e-08 1.2563529826e+04 7.7027340857e-01 
4.3900605969e-08 1.1390473284e+04 3.1078193169e-01 
1.8048599122e-06 1.5943032287e+04 1.2043278550e-01 
7.1756395838e-09 1.1806858231e+04 1.1733107732e+00 
