2.0857786705e-05 4.3293553497e-01 
2.3965078899e-05 4.2005023526e-01 
1.3103688301e-04 3.5092668342e-01 
2.8969514862e-04 3.0207272151e-01 
1.0415360723e-04 3.6448720426e-01 
2.9064861146e-05 3.7465027254e-01 
1.8224051755e-05 3.5391756992e-01 
4.0346349133e-05 4.0855620159e-01 
3.4945587396e-05 8.4719061461e-01 
8.0902271667e-05 1.0000000000e+00 
1.5741310344e-05 4.6371378750e-01 
9.6139823351e-06 3.2676721966e-01 
3.7774088207e-04 2.7007296544e-01 
1.5715210609e-05 4.3546100104e-01 
5.6127882851e-05 1.0000000000e+00 
5.7596719099e-04 1.0000000000e+00 
6.7392900440e-05 3.5208093849e-01 
9.9692379333e-05 4.1714821461e-01 
1.3586740686e-04 3.6011678428e-01 
3.6046466740e-05 3.9981789691e-01 
2.6817631653e-05 2.7654820972e-01 
1.7698309495e-05 2.9008689680e-01 
5.4620346344e-04 2.4052981770e-01 
3.1481806405e-05 4.0129883485e-01 
9.7283531851e-05 3.6879226440e-01 
3.1073052346e-05 4.2136482477e-01 
3.7208634790e-05 3.2206397977e-01 
5.1513875244e-05 3.9654991673e-01 
1.6664431019e-05 1.0000000000e+00 
3.0368486196e-05 2.7415620010e-01 
3.4073544036e-05 3.2582442615e-01 
3.3347290927e-05 7.7036253070e-01 
1.2914809818e-04 3.4898369004e-01 
2.9979721087e-05 3.0680610815e-01 
7.1471655729e-05 3.8042892848e-01 
2.7438727787e-04 3.0011646384e-01 
8.7923777221e-05 3.7433149559e-01 
1.0213727922e-04 3.5345031031e-01 
2.9728511994e-04 2.9742382779e-01 
1.5185553538e-04 3.3936281042e-01 
3.0535933542e-04 2.9570069240e-01 
3.0889392526e-05 3.9369699502e-01 
7.8805081520e-05 3.7826245056e-01 
2.7169099446e-05 4.2657681497e-01 
7.2659924952e-05 3.8110719305e-01 
3.4623526777e-05 4.1754112082e-01 
8.0828885807e-05 6.7516820390e-01 
9.1898320865e-05 1.0000000000e+00 
1.1667111458e-04 3.5449751418e-01 
3.3115580485e-05 1.0000000000e+00 
1.0197515979e-04 3.6047174711e-01 
3.0875086673e-05 3.9037892579e-01 
4.3799199964e-05 9.1664519210e-01 
2.3733675320e-05 3.0394314968e-01 
3.7411085320e-04 2.6501311028e-01 
4.6573849414e-05 3.9595408280e-01 
3.1614025975e-05 2.7415029383e-01 
3.0398139802e-04 2.9293440198e-01 
4.8357563660e-05 3.4771900847e-01 
7.0614717087e-05 3.9076040808e-01 
1.4446987011e-04 3.4137173194e-01 
3.8629711535e-05 3.8580077179e-01 
1.5196542040e-04 1.0000000000e+00 
6.3426281740e-06 1.0000000000e+00 
1.3472853256e-05 4.5502265091e-01 
2.5042586842e-05 4.3213711971e-01 
5.4503352265e-05 3.9799440591e-01 
3.3120090464e-05 4.1469651572e-01 
2.9487203161e-05 2.8094761414e-01 
2.5846810694e-05 4.1258134297e-01 
1.0877745642e-04 3.5158638469e-01 
1.9392839360e-05 4.1901460664e-01 
1.2309979593e-04 9.8373090230e-01 
2.1090346285e-04 1.0000000000e+00 
5.3795833675e-05 4.0495085378e-01 
4.3972338373e-05 3.7632302172e-01 
6.4300459220e-05 1.0000000000e+00 
6.6712780954e-06 1.0000000000e+00 
4.8095952641e-05 1.0000000000e+00 
1.4542975163e-05 3.6916377255e-01 
1.8857637998e-04 3.4311159204e-01 
5.1022895339e-05 3.8427375702e-01 
3.8541723670e-04 3.0873978940e-01 
5.6482519770e-05 3.6172223069e-01 
2.7144399383e-05 2.9704011719e-01 
6.0937903064e-04 5.5564983306e-01 
2.8849195990e-04 3.1262118100e-01 
5.4862050343e-06 1.0000000000e+00 
1.5592932723e-04 1.0000000000e+00 
5.2984317719e-05 3.8615166456e-01 
2.3646432086e-05 4.1335807356e-01 
1.7756182789e-05 4.1330599091e-01 
3.3653578703e-05 4.1114663866e-01 
2.3357260462e-04 2.9856972683e-01 
2.3973727046e-05 3.4189384832e-01 
1.8831454063e-04 3.1880830646e-01 
4.8583964409e-05 4.0041411862e-01 
3.8553468913e-04 2.7509585438e-01 
4.4905205227e-04 1.0000000000e+00 
2.9964409877e-05 3.3899510623e-01 
