4.1142004992e-09 1.1757594020e+04 9.3738526066e-01 3.6000000000e-01 
1.0666019676e-09 1.7814656255e+04 1.4693350419e-01 3.6000000000e-01 
9.1336947691e-09 1.4371818501e+04 1.2527610895e+00 3.6000000000e-01 
7.1034857632e-06 1.2777389594e+04 5.1534574340e-01 3.6000000000e-01 
8.5138251436e-07 1.1570122950e+04 9.2875406097e-01 3.6000000000e-01 
1.5008210064e-10 1.3147707496e+04 9.9557644302e-01 3.6000000000e-01 
8.9230285826e-08 1.3558503064e+04 9.5380169390e-01 3.6000000000e-01 
5.6804868771e-08 1.2340313637e+04 4.1165575301e-01 3.6000000000e-01 
5.7567841320e-11 1.1915986907e+04 9.5364142035e-01 3.6000000000e-01 
1.0196423947e-09 1.2542019928e+04 1.1220379859e+00 3.6000000000e-01 
3.0374473655e-08 1.4473507379e+04 3.4801085186e-01 3.6000000000e-01 
3.9295914347e-07 1.3544762600e+04 7.6905625606e-01 3.6000000000e-01 
1.0706311345e-09 1.5624539779e+04 1.0003782422e+00 3.6000000000e-01 
2.6482860103e-07 1.3206466895e+04 2.6832864286e-01 3.6000000000e-01 
1.0409221734e-08 1.4067196829e+04 1.6265104052e-01 3.6000000000e-01 
1.0237159120e-06 1.1484765704e+04 3.2654670704e-01 3.6000000000e-01 
3.0971638847e-07 1.2364461935e+04 1.0756002854e+00 3.6000000000e-01 
4.6334649722e-09 1.1759047370e+04 2.9214806008e-01 3.6000000000e-01 
1.6839534964e-09 1.1250010824e+04 5.9662300399e-01 3.6000000000e-01 
3.0865713568e-09 1.2242450750e+04 1.4527851734e+00 3.6000000000e-01 
4.3904470515e-08 1.1225351857e+04 4.6333434462e-01 3.6000000000e-01 
9.6152258841e-07 1.5746622227e+04 6.7934642161e-01 3.6000000000e-01 
2.7145361556e-06 1.3041482398e+04 7.8132449263e-01 3.6000000000e-01 
1.5335077741e-06 1.4668773787e+04 2.3937859843e-01 3.6000000000e-01 
3.7305322486e-08 1.8500377008e+04 7.5752015819e-01 3.6000000000e-01 
2.1772150771e-10 2.2384389747e+04 1.2857066258e+00 3.6000000000e-01 
7.6433789428e-09 1.1699776997e+04 7.2510731609e-01 3.6000000000e-01 
9.8791343192e-07 1.1588575359e+04 4.5808382414e-01 3.6000000000e-01 
5.7322998623e-08 1.7236679280e+04 3.5316209456e-01 3.6000000000e-01 
3.1267569479e-07 1.4001402697e+04 1.0914124150e+00 3.6000000000e-01 
3.1037171640e-11 1.3785592380e+04 3.4183818356e-01 3.6000000000e-01 
1.0762187604e-07 1.5680671889e+04 7.1629229121e-01 3.6000000000e-01 
2.6648239725e-09 1.3971587939e+04 9.6750359911e-01 3.6000000000e-01 
1.9891022270e-10 1.2871186526e+04 1.4809800304e+00 3.6000000000e-01 
7.1821185770e-09 1.8592648490e+04 1.9389034400e-01 3.6000000000e-01 
6.3008516280e-09 1.4990355517e+04 9.3560402229e-01 3.6000000000e-01 
3.8616834705e-09 1.2076245425e+04 4.6993131187e-01 3.6000000000e-01 
1.1013152880e-08 1.3161665242e+04 9.6989772853e-01 3.6000000000e-01 
4.1205123837e-11 1.1979484087e+04 8.1686079190e-01 3.6000000000e-01 
4.4652957954e-11 1.1777184300e+04 9.2468809706e-01 3.6000000000e-01 
1.3652597080e-10 1.1234162135e+04 1.1040096302e+00 3.6000000000e-01 
4.0054228820e-11 1.1673440300e+04 6.7031583723e-01 3.6000000000e-01 
3.7145633521e-08 1.1330731210e+04 5.5263716488e-02 3.6000000000e-01 
1.1655869598e-09 1.2069718519e+04 5.7747162325e-01 3.6000000000e-01 
4.3635450904e-09 2.5000000000e+04 5.3746559439e-01 3.6000000000e-01 
6.4013386480e-10 1.3195776139e+04 5.3759301715e-01 3.6000000000e-01 
2.8690893137e-10 1.2711734828e+04 1.0236966634e+00 3.6000000000e-01 
1.2431277364e-08 1.7128152867e+04 1.1051226997e+00 3.6000000000e-01 
5.2531264456e-10 1.2103453591e+04 6.0548582340e-01 3.6000000000e-01 
1.3952719106e-07 1.3575316862e+04 1.1514928990e+00 3.6000000000e-01 
5.7654817531e-08 1.1766809721e+04 3.0533211764e-01 3.6000000000e-01 
2.9432516445e-10 1.3110979952e+04 1.1559499282e+00 3.6000000000e-01 
6.3093898417e-10 1.2364761118e+04 2.0654015696e-01 3.6000000000e-01 
2.5984196917e-05 1.2294667624e+04 7.0098979064e-01 3.6000000000e-01 
1.2698606825e-07 1.5037097547e+04 1.2544270099e+00 3.6000000000e-01 
4.7917143447e-10 1.1541275301e+04 1.2862743500e+00 3.6000000000e-01 
1.0913538422e-09 1.2164193934e+04 4.8296940256e-01 3.6000000000e-01 
1.5851140485e-10 1.7426879958e+04 8.6158227610e-01 3.6000000000e-01 
1.7953323568e-06 1.3375152252e+04 6.1712679296e-01 3.6000000000e-01 
2.3690303275e-08 1.5773077855e+04 7.0262430648e-01 3.6000000000e-01 
1.2442251745e-10 1.3010142260e+04 6.0141849666e-01 3.6000000000e-01 
1.3687374499e-06 1.1976720633e+04 8.1819890532e-02 3.6000000000e-01 
5.7341312597e-10 1.2550402351e+04 1.9745624808e-01 3.6000000000e-01 
1.8285547233e-08 1.4324197460e+04 2.9946612786e-01 3.6000000000e-01 
1.1647317020e-08 1.1894334378e+04 1.3780550196e-01 3.6000000000e-01 
5.1412463275e-08 1.4169630320e+04 7.7070155059e-01 3.6000000000e-01 
1.7486038447e-06 1.2561594825e+04 5.6347395909e-01 3.6000000000e-01 
9.7248550709e-08 1.6002311726e+04 2.8095774702e-01 3.6000000000e-01 
7.5907486234e-10 1.6730730074e+04 3.5481647972e-01 3.6000000000e-01 
4.9209844407e-11 1.1712423992e+04 6.7712846511e-01 3.6000000000e-01 
1.1189349895e-09 1.2798526688e+04 5.1333582820e-01 3.6000000000e-01 
1.4012364969e-10 1.2237827867e+04 4.6422544366e-01 3.6000000000e-01 
2.3928728809e-08 1.5469041065e+04 4.0306728377e-01 3.6000000000e-01 
4.8301691824e-07 1.3855812808e+04 8.8180275592e-01 3.6000000000e-01 
3.5190911535e-08 1.3537013608e+04 1.2037450462e+00 3.6000000000e-01 
7.0301989127e-07 1.2059825784e+04 1.3352421896e+00 3.6000000000e-01 
2.4536062131e-09 1.3344509773e+04 9.9977631667e-01 3.6000000000e-01 
1.1031892550e-11 1.4049717772e+04 9.4244417608e-01 3.6000000000e-01 
2.7525926629e-09 1.3036618680e+04 3.0928337243e-01 3.6000000000e-01 
8.3962666974e-09 1.3790896587e+04 1.0592783240e+00 3.6000000000e-01 
3.6611291219e-07 1.1863381341e+04 9.1062485423e-01 3.6000000000e-01 
1.1730354220e-10 1.1451133922e+04 1.0020633129e+00 3.6000000000e-01 
2.7471449168e-09 1.5279874263e+04 6.5093348116e-02 3.6000000000e-01 
2.5033014363e-10 1.5153195565e+04 6.9430542515e-01 3.6000000000e-01 
2.7218810831e-10 1.2292560561e+04 8.3195359482e-01 3.6000000000e-01 
1.3293189886e-09 1.2509078529e+04 7.1708967018e-01 3.6000000000e-01 
1.0869351811e-06 1.2757302358e+04 8.6769666242e-01 3.6000000000e-01 
4.8284154415e-08 1.1327201893e+04 1.0299108838e+00 3.6000000000e-01 
1.4070795902e-08 1.1504140751e+04 7.2000679745e-01 3.6000000000e-01 
3.6980313697e-09 1.2004329544e+04 1.1659878483e+00 3.6000000000e-01 
1.2676602863e-09 1.4667449478e+04 4.6279025368e-01 3.6000000000e-01 
7.8167967074e-10 1.2008009809e+04 9.3540246859e-01 3.6000000000e-01 
2.2330537792e-10 1.3605629495e+04 5.8046752336e-01 3.6000000000e-01 
4.4888153241e-09 1.4205619049e+04 6.2449378258e-01 3.6000000000e-01 
3.1501021098e-10 1.7267836535e+04 7.8513827899e-01 3.6000000000e-01 
1.6666840440e-08 2.0968210784e+04 6.1564311052e-01 3.6000000000e-01 
1.7413762285e-06 1.4628048785e+04 6.5160561721e-01 3.6000000000e-01 
3.1016028950e-10 1.4522038788e+04 1.0039897887e+00 3.6000000000e-01 
6.2110949851e-09 1.1546982304e+04 5.1710444182e-01 3.6000000000e-01 
1.1566659409e-09 1.7006568996e+04 8.8093326606e-01 3.6000000000e-01 
4.9215112789e-08 1.1339837648e+04 4.9302323149e-01 3.6000000000e-01 
2.6665599033e-05 1.1276570565e+04 5.2822422320e-01 3.6000000000e-01 
2.1759032175e-08 1.2497371879e+04 9.2908541415e-01 3.6000000000e-01 
7.2368847003e-07 1.3827281251e+04 5.5952479259e-01 3.6000000000e-01 
2.1457031837e-07 1.2317369280e+04 5.9639657589e-01 3.6000000000e-01 
8.8863331509e-10 1.2491158732e+04 7.7443491935e-01 3.6000000000e-01 
2.5880769598e-07 1.1914053080e+04 9.6648779160e-01 3.6000000000e-01 
4.4978599437e-08 1.1510981565e+04 9.1636770559e-01 3.6000000000e-01 
2.6234005860e-09 1.5005020675e+04 8.1067325249e-01 3.6000000000e-01 
1.1386401551e-07 1.7504179244e+04 5.5669880860e-01 3.6000000000e-01 
6.9175711876e-06 1.4095381156e+04 4.3018721388e-01 3.6000000000e-01 
8.5149006437e-09 1.1320194597e+04 8.5469065269e-01 3.6000000000e-01 
1.0805411871e-10 1.1951342707e+04 2.6746792488e-01 3.6000000000e-01 
1.5880139730e-10 1.7885445924e+04 1.3579146410e+00 3.6000000000e-01 
1.6197195993e-09 1.1829636080e+04 1.4799328446e+00 3.6000000000e-01 
1.8835666549e-10 1.3491145990e+04 5.6430736326e-01 3.6000000000e-01 
1.1610855925e-08 1.3304369556e+04 9.1529814460e-01 3.6000000000e-01 
1.4087623215e-08 1.4338520856e+04 8.5122305736e-01 3.6000000000e-01 
2.8468695305e-09 1.7325149491e+04 5.3493847836e-01 3.6000000000e-01 
3.0918280520e-09 1.4124203819e+04 2.6101264934e-01 3.6000000000e-01 
6.2788926027e-09 1.1823062698e+04 9.2969700283e-01 3.6000000000e-01 
3.0617257664e-10 1.2130909637e+04 1.3491434201e+00 3.6000000000e-01 
2.2784657362e-10 1.2646080513e+04 3.5414101062e-01 3.6000000000e-01 
1.1666673198e-08 1.3667294177e+04 6.9010148489e-01 3.6000000000e-01 
6.7726850836e-11 1.1298524623e+04 8.9920770534e-01 3.6000000000e-01 
6.0144789152e-07 1.3391473692e+04 4.9402687252e-01 3.6000000000e-01 
4.7015343694e-10 1.2787728471e+04 6.3048689457e-01 3.6000000000e-01 
7.6958955745e-10 1.6279922896e+04 1.3139725670e+00 3.6000000000e-01 
9.1288850249e-08 1.1723579669e+04 3.1111281963e-01 3.6000000000e-01 
5.2167265636e-11 1.3492936938e+04 1.0741078674e+00 3.6000000000e-01 
6.3819912633e-10 1.2811848396e+04 1.1640226659e+00 3.6000000000e-01 
6.6746041924e-06 1.1994783016e+04 1.1901341303e-01 3.6000000000e-01 
2.8651341374e-05 1.6318858438e+04 9.1932762964e-01 3.6000000000e-01 
1.9040446423e-11 1.2612390806e+04 3.8933399660e-01 3.6000000000e-01 
3.7213830244e-06 1.2158162246e+04 3.7207994558e-01 3.6000000000e-01 
1.1881110145e-10 1.2471871191e+04 9.3566599715e-01 3.6000000000e-01 
7.1676568634e-08 1.9755258478e+04 1.0381558580e+00 3.6000000000e-01 
2.2626119713e-08 1.4419817255e+04 9.4186509658e-01 3.6000000000e-01 
5.4897631784e-10 1.1364644159e+04 4.7081189792e-01 3.6000000000e-01 
3.5204825815e-11 2.5000000000e+04 7.0035342774e-01 3.6000000000e-01 
1.3460163884e-08 1.2275678884e+04 6.6399525744e-01 3.6000000000e-01 
2.5900357145e-09 2.1318913644e+04 8.0669816808e-01 3.6000000000e-01 
1.1549104937e-08 1.2306637037e+04 5.0432242051e-01 3.6000000000e-01 
8.9169404941e-12 1.2035088886e+04 1.1123485926e+00 3.6000000000e-01 
2.1268816194e-09 1.7730958091e+04 6.7133559775e-01 3.6000000000e-01 
7.0746072336e-11 1.2170601680e+04 1.2262080661e+00 3.6000000000e-01 
3.2012764463e-09 1.4176182662e+04 6.5223303300e-01 3.6000000000e-01 
7.7833564405e-07 1.3141060978e+04 9.4097122137e-01 3.6000000000e-01 
3.0973362331e-08 1.3869242070e+04 9.9982617606e-01 3.6000000000e-01 
8.6596546916e-09 1.2827838281e+04 8.5479485588e-01 3.6000000000e-01 
5.2127051457e-09 1.2292391879e+04 1.1701688050e+00 3.6000000000e-01 
2.6695446848e-07 1.2174061490e+04 7.4542245872e-01 3.6000000000e-01 
7.6620150544e-10 1.2454270432e+04 4.1326368646e-01 3.6000000000e-01 
1.6444778846e-09 1.8732424520e+04 5.7610785959e-01 3.6000000000e-01 
4.4180770299e-08 1.4082254237e+04 8.3627844276e-01 3.6000000000e-01 
5.9546430526e-09 1.2928458608e+04 3.3530799555e-01 3.6000000000e-01 
6.4573155922e-09 1.5710050550e+04 1.2279047122e+00 3.6000000000e-01 
4.0709563099e-11 1.8945320683e+04 6.2917421924e-01 3.6000000000e-01 
7.4203714498e-09 1.8460963255e+04 1.0000579434e+00 3.6000000000e-01 
2.2559780844e-10 1.1454891693e+04 1.2609968198e+00 3.6000000000e-01 
6.5742659935e-09 1.7604230898e+04 3.2641381113e-01 3.6000000000e-01 
2.2787524727e-09 1.6102120638e+04 1.2185170318e+00 3.6000000000e-01 
1.3278353713e-06 1.3678752102e+04 1.9432307093e-01 3.6000000000e-01 
6.2504067002e-09 1.1252440038e+04 9.3812948821e-01 3.6000000000e-01 
2.8055051441e-11 1.1552812750e+04 1.2501760669e+00 3.6000000000e-01 
3.1647059782e-10 2.5000000000e+04 1.4396857927e+00 3.6000000000e-01 
6.9234573488e-11 1.1625348742e+04 8.3395306153e-01 3.6000000000e-01 
1.1232280081e-07 1.1611805393e+04 8.6921876175e-01 3.6000000000e-01 
2.1660792037e-10 2.0729206736e+04 5.5899068888e-01 3.6000000000e-01 
1.2996111106e-08 1.3237087698e+04 7.1555470444e-01 3.6000000000e-01 
1.2288894882e-09 1.3328372157e+04 8.9160268806e-01 3.6000000000e-01 
7.5983780636e-07 1.1822565060e+04 1.1820554924e+00 3.6000000000e-01 
2.3016848262e-09 1.3167321506e+04 8.2983260779e-01 3.6000000000e-01 
1.9857017354e-09 1.2725749154e+04 5.9510283300e-01 3.6000000000e-01 
1.2258667406e-05 1.4009255049e+04 9.0669301688e-01 3.6000000000e-01 
8.8551800614e-08 1.3501156305e+04 1.3981922383e+00 3.6000000000e-01 
9.7232053181e-11 1.4214361802e+04 1.5970339990e-01 3.6000000000e-01 
1.1011522897e-08 1.3734781449e+04 8.4410977033e-01 3.6000000000e-01 
1.2448499822e-07 1.7506314763e+04 7.9182951979e-01 3.6000000000e-01 
2.1751184665e-08 1.1299631108e+04 1.3055293749e+00 3.6000000000e-01 
4.9816515646e-10 1.9144659783e+04 4.9022832341e-01 3.6000000000e-01 
5.0346893075e-10 1.1332125726e+04 1.3753253501e+00 3.6000000000e-01 
4.5946374333e-11 1.2386750348e+04 5.7791265814e-01 3.6000000000e-01 
2.9868487907e-10 1.2395912292e+04 4.5890430548e-01 3.6000000000e-01 
2.9329589619e-08 1.3408938858e+04 9.2432459339e-01 3.6000000000e-01 
3.3176491460e-07 2.1158136587e+04 1.0695603839e+00 3.6000000000e-01 
2.6814340549e-07 1.1551132485e+04 1.2941249404e+00 3.6000000000e-01 
8.9085483016e-09 1.2687465740e+04 6.9923907977e-01 3.6000000000e-01 
1.6045985881e-07 1.1834022838e+04 3.9076323374e-01 3.6000000000e-01 
5.7523267657e-07 1.3244345262e+04 9.3258021957e-01 3.6000000000e-01 
1.6159529443e-09 1.1416416813e+04 1.3801239473e+00 3.6000000000e-01 
3.2386611549e-08 1.3079593512e+04 6.7110359822e-01 3.6000000000e-01 
1.5823338342e-07 1.3909156118e+04 3.6758876810e-01 3.6000000000e-01 
2.9708306432e-06 1.2120194421e+04 1.1537657175e+00 3.6000000000e-01 
7.3246810579e-10 1.1210925614e+04 1.4131402305e+00 3.6000000000e-01 
9.2955798362e-10 2.0878246431e+04 1.2058219542e+00 3.6000000000e-01 
1.3909670787e-10 1.1571440641e+04 1.1717369203e+00 3.6000000000e-01 
3.3791802307e-10 1.5737583071e+04 9.4554861225e-01 3.6000000000e-01 
6.6030099922e-09 1.5646040359e+04 5.5958325304e-01 3.6000000000e-01 
9.7198063575e-10 1.8999746361e+04 1.1037366809e+00 3.6000000000e-01 
