4.4059849371e-11 1.1277402723e+04 4.5269196678e-01 4.5000000000e-01 
3.9432673248e-09 1.1753160552e+04 8.4052673370e-01 4.5000000000e-01 
2.4773546246e-08 2.5000000000e+04 6.6428084737e-01 4.5000000000e-01 
1.6291206039e-10 1.1581606909e+04 6.2235386640e-01 4.5000000000e-01 
5.1295755093e-08 1.2115906503e+04 9.9371672903e-01 4.5000000000e-01 
4.3133967897e-09 1.2444119262e+04 3.1356173263e-01 4.5000000000e-01 
6.6655441194e-09 1.3807895105e+04 4.9880831260e-01 4.5000000000e-01 
3.4797629523e-10 1.8609624033e+04 8.9362108740e-01 4.5000000000e-01 
1.7473983680e-10 1.5740540103e+04 1.0890978621e+00 4.5000000000e-01 
7.3603453984e-10 1.2078457489e+04 1.2584840348e+00 4.5000000000e-01 
1.6584416472e-08 1.8284999764e+04 8.5043471961e-01 4.5000000000e-01 
2.9723805564e-07 1.1570569219e+04 1.4831701810e+00 4.5000000000e-01 
4.0985121535e-12 1.1437046343e+04 5.5235943252e-01 4.5000000000e-01 
2.3117622951e-07 1.1321259860e+04 1.2794233141e+00 4.5000000000e-01 
4.7282301075e-09 1.1461613476e+04 6.8793474860e-01 4.5000000000e-01 
5.0963403799e-11 1.3945992864e+04 1.1478935291e+00 4.5000000000e-01 
1.0587808599e-05 1.6118975469e+04 5.7199551705e-01 4.5000000000e-01 
3.5251146081e-09 1.1406368416e+04 7.1528853055e-01 4.5000000000e-01 
2.6711902245e-07 1.6236985674e+04 3.8739256431e-01 4.5000000000e-01 
8.3063396305e-07 1.1268787035e+04 5.2550195073e-01 4.5000000000e-01 
1.7962209192e-07 1.1676601967e+04 1.0337479134e+00 4.5000000000e-01 
1.4352942245e-09 1.5006926530e+04 8.0611345208e-01 4.5000000000e-01 
1.3145180619e-09 1.1679153242e+04 1.1748302530e+00 4.5000000000e-01 
1.2497763191e-08 1.1642824757e+04 1.3550777261e+00 4.5000000000e-01 
2.0533156311e-07 1.2461917687e+04 1.2790551268e+00 4.5000000000e-01 
3.3771374856e-06 2.5000000000e+04 8.9753458731e-01 4.5000000000e-01 
1.4414997306e-07 1.6706335130e+04 7.0565705230e-01 4.5000000000e-01 
7.7417117095e-11 1.1715325241e+04 4.1410771603e-01 4.5000000000e-01 
1.0455613058e-06 1.1989537106e+04 8.1702995432e-01 4.5000000000e-01 
3.3187502470e-08 1.3939464013e+04 3.5528250536e-01 4.5000000000e-01 
4.7263200528e-10 1.5089523424e+04 3.6789212212e-01 4.5000000000e-01 
5.3879081624e-10 1.9798953616e+04 1.1941644009e+00 4.5000000000e-01 
4.6702541811e-09 1.7858974535e+04 1.1836421043e+00 4.5000000000e-01 
1.5753590233e-09 1.1848983507e+04 4.7188927430e-01 4.5000000000e-01 
1.8561373779e-06 1.3599589377e+04 3.7479912778e-01 4.5000000000e-01 
2.0821036527e-07 1.2723732225e+04 4.7367898377e-01 4.5000000000e-01 
1.3553538222e-06 1.5595777174e+04 9.7211550204e-01 4.5000000000e-01 
6.3324347094e-10 1.2500312991e+04 3.8624360412e-01 4.5000000000e-01 
1.6075277890e-09 1.7042120058e+04 1.1076590768e+00 4.5000000000e-01 
4.1701277342e-11 2.0399310545e+04 3.9264829243e-01 4.5000000000e-01 
2.4304250304e-08 1.2740232897e+04 6.5798365422e-01 4.5000000000e-01 
2.3272168741e-08 1.1837410489e+04 1.4420115720e+00 4.5000000000e-01 
1.3089391692e-06 1.1492617765e+04 7.3916690887e-01 4.5000000000e-01 
5.3169887274e-07 1.2591652941e+04 1.0041043795e+00 4.5000000000e-01 
1.8345470415e-10 1.1252972582e+04 5.3001261203e-01 4.5000000000e-01 
3.6039678087e-09 1.1832904993e+04 2.9002820169e-01 4.5000000000e-01 
1.5636448978e-07 1.2400851888e+04 3.0209005769e-01 4.5000000000e-01 
7.5464254259e-09 2.1642823866e+04 8.4677855474e-01 4.5000000000e-01 
5.4697232914e-06 1.3093828935e+04 1.3410213416e+00 4.5000000000e-01 
5.5768910198e-11 2.0558965404e+04 3.1365286796e-01 4.5000000000e-01 
2.0508397579e-07 1.6855634382e+04 6.4893844082e-01 4.5000000000e-01 
6.0051271677e-10 1.1741141541e+04 4.1089373082e-01 4.5000000000e-01 
2.3308854178e-10 1.8518470907e+04 1.8645783742e-01 4.5000000000e-01 
6.7826852936e-10 1.1235442157e+04 1.2764619252e+00 4.5000000000e-01 
3.2211574297e-10 1.2247528618e+04 1.0154809716e+00 4.5000000000e-01 
7.2313066905e-08 1.1269908543e+04 8.5164616141e-01 4.5000000000e-01 
2.9393741865e-08 1.2952167133e+04 1.0384960075e+00 4.5000000000e-01 
1.7960017464e-06 1.4283862486e+04 1.7676994131e-01 4.5000000000e-01 
1.5966713333e-07 1.2863067984e+04 7.7174384945e-01 4.5000000000e-01 
2.3919580987e-08 1.3483432317e+04 2.3317960754e-01 4.5000000000e-01 
6.5099997522e-08 1.2621791478e+04 8.0182754323e-01 4.5000000000e-01 
7.3834431263e-11 1.2956135337e+04 2.2882091255e-01 4.5000000000e-01 
2.5646322989e-09 1.4639878295e+04 1.1013636119e+00 4.5000000000e-01 
5.6840946141e-11 1.7304912618e+04 2.2538297101e-01 4.5000000000e-01 
5.9597123543e-09 1.2492312798e+04 8.0185992212e-01 4.5000000000e-01 
4.0058356532e-08 1.1557675275e+04 6.3434021066e-01 4.5000000000e-01 
3.9946970232e-06 2.3349405167e+04 8.0997423358e-01 4.5000000000e-01 
1.7019590790e-09 1.1584128803e+04 1.0327778175e+00 4.5000000000e-01 
7.9120491211e-11 1.7657915886e+04 9.4610062928e-01 4.5000000000e-01 
2.9726078525e-07 1.2051931264e+04 7.4600606294e-01 4.5000000000e-01 
5.7288377808e-10 1.1651617956e+04 3.6473116646e-01 4.5000000000e-01 
5.8975020763e-06 1.4986857334e+04 8.2453415079e-01 4.5000000000e-01 
4.9293611233e-10 1.4773511918e+04 9.4170256015e-01 4.5000000000e-01 
2.0329670878e-10 1.2647178197e+04 1.0377426736e+00 4.5000000000e-01 
6.4734319091e-08 2.5000000000e+04 2.4121311812e-01 4.5000000000e-01 
4.0133195418e-08 1.2335040435e+04 1.3020868808e+00 4.5000000000e-01 
4.6291262138e-06 1.3295049176e+04 6.4281872415e-01 4.5000000000e-01 
1.5687056049e-10 1.2396463744e+04 5.2989341469e-01 4.5000000000e-01 
3.8057596276e-07 1.6762229956e+04 7.2469727428e-01 4.5000000000e-01 
1.3906023691e-07 1.7362476791e+04 6.3317002050e-01 4.5000000000e-01 
7.6645036542e-10 2.2665415989e+04 1.0249285975e+00 4.5000000000e-01 
3.6807727428e-11 1.1754689288e+04 1.1297166584e+00 4.5000000000e-01 
4.8577351082e-08 1.3741337757e+04 3.1123556019e-01 4.5000000000e-01 
1.5018652033e-08 1.3332357877e+04 1.0489026105e+00 4.5000000000e-01 
2.0417383565e-09 1.5830616133e+04 1.3170135690e+00 4.5000000000e-01 
2.1037802308e-07 2.5000000000e+04 1.8498843777e-01 4.5000000000e-01 
1.5358728933e-09 1.2154715838e+04 2.6006212750e-01 4.5000000000e-01 
5.9690100007e-09 2.0162055140e+04 2.7656017525e-01 4.5000000000e-01 
4.4346772706e-08 1.3380219028e+04 5.2401038607e-01 4.5000000000e-01 
3.4294334891e-07 1.4815399063e+04 4.0466137530e-01 4.5000000000e-01 
1.6347414675e-10 1.6807697921e+04 7.8099673201e-01 4.5000000000e-01 
4.4793261367e-08 1.2317164508e+04 1.4311292754e+00 4.5000000000e-01 
4.6115374571e-09 1.3442125657e+04 2.1946932413e-01 4.5000000000e-01 
7.2498188604e-07 1.5368243800e+04 6.8658570071e-01 4.5000000000e-01 
3.8212923700e-08 1.4414538299e+04 5.2266114732e-01 4.5000000000e-01 
4.3200681507e-10 1.1220523444e+04 8.1761934009e-01 4.5000000000e-01 
2.4463385037e-07 1.1328248038e+04 1.2260816362e+00 4.5000000000e-01 
1.1256977957e-06 1.6384388748e+04 1.3160374101e+00 4.5000000000e-01 
1.4784303361e-08 1.1957986519e+04 8.8930977392e-01 4.5000000000e-01 
1.0580929643e-08 1.1914393746e+04 2.5256584342e-01 4.5000000000e-01 
1.8424148894e-09 1.2408701100e+04 5.4808340284e-01 4.5000000000e-01 
1.5777456689e-08 1.2426386909e+04 7.6552086150e-01 4.5000000000e-01 
1.7117684449e-09 1.8454947487e+04 1.4136051621e+00 4.5000000000e-01 
5.9035137152e-07 1.2738121530e+04 8.2659261925e-01 4.5000000000e-01 
1.5425990416e-07 1.1810055391e+04 1.0450495585e+00 4.5000000000e-01 
7.0914768471e-08 1.4759192172e+04 8.7910922763e-01 4.5000000000e-01 
7.8892718046e-06 1.1448117190e+04 8.4821150733e-01 4.5000000000e-01 
9.8521318000e-11 1.1705877481e+04 7.5660605934e-01 4.5000000000e-01 
4.4473505802e-09 1.1236499731e+04 2.2097330170e-01 4.5000000000e-01 
4.4513904133e-08 1.2036215168e+04 2.4333721987e-01 4.5000000000e-01 
8.3376888168e-07 1.3718470725e+04 9.9700926949e-01 4.5000000000e-01 
6.5361710503e-08 1.9355555786e+04 5.3076537078e-01 4.5000000000e-01 
2.7947815762e-11 2.1029151770e+04 1.0417743128e+00 4.5000000000e-01 
4.9416947504e-11 1.3329572135e+04 6.4410248343e-01 4.5000000000e-01 
4.8465802066e-09 1.1588635206e+04 1.5285871748e+00 4.5000000000e-01 
1.1875960299e-10 1.6209727826e+04 6.1552527330e-01 4.5000000000e-01 
6.2731177272e-08 1.4507110719e+04 7.0808259760e-01 4.5000000000e-01 
7.6201769323e-08 1.4116247831e+04 1.0923315217e+00 4.5000000000e-01 
4.4403405470e-08 1.1286177423e+04 1.4218248532e+00 4.5000000000e-01 
2.8051761814e-07 2.4618105490e+04 3.6246441847e-01 4.5000000000e-01 
1.2508151196e-10 1.1303539329e+04 4.6991409268e-01 4.5000000000e-01 
1.6712552976e-11 1.5974075814e+04 2.8430720801e-01 4.5000000000e-01 
2.1086418412e-06 1.6528336025e+04 9.9679662886e-01 4.5000000000e-01 
7.3014971096e-08 1.2044465755e+04 5.2214336513e-01 4.5000000000e-01 
1.1282330840e-08 1.2419181022e+04 4.6013528318e-01 4.5000000000e-01 
1.1506336865e-11 1.6613954552e+04 7.4030546479e-01 4.5000000000e-01 
8.6138612046e-09 1.2625102154e+04 8.3923076649e-01 4.5000000000e-01 
8.7535682862e-11 1.1839579524e+04 9.0207155199e-01 4.5000000000e-01 
3.3693290374e-08 2.4712497604e+04 9.8415990329e-01 4.5000000000e-01 
1.1846799692e-09 1.4035640593e+04 2.7719778089e-01 4.5000000000e-01 
5.1145148730e-11 1.1920455786e+04 1.0682640294e-01 4.5000000000e-01 
5.2317930726e-09 1.1999554383e+04 2.1064237853e-01 4.5000000000e-01 
7.2251259636e-07 1.1985455835e+04 4.3505792451e-01 4.5000000000e-01 
4.6617203505e-08 1.4840175980e+04 1.0483656037e+00 4.5000000000e-01 
1.1066007841e-06 1.3471407018e+04 6.4208304266e-01 4.5000000000e-01 
1.1155384419e-07 1.8354507592e+04 2.6568133428e-01 4.5000000000e-01 
9.1478761308e-11 1.5317558065e+04 6.0617036433e-01 4.5000000000e-01 
1.0135497279e-06 1.1680234427e+04 6.4086640184e-01 4.5000000000e-01 
9.9920313336e-10 1.7784962152e+04 8.9574279190e-02 4.5000000000e-01 
3.1685009795e-07 1.2112929555e+04 3.0890280120e-01 4.5000000000e-01 
2.7287650488e-10 1.2470909088e+04 1.0461245557e-01 4.5000000000e-01 
4.0734466701e-11 1.2974286701e+04 9.7148326296e-01 4.5000000000e-01 
6.2078584023e-09 1.1782926072e+04 9.9540139775e-01 4.5000000000e-01 
1.9438039675e-11 1.4078877503e+04 7.9288780049e-01 4.5000000000e-01 
3.3357897899e-08 1.2184067635e+04 4.7565784289e-01 4.5000000000e-01 
1.4302211634e-08 1.1778135000e+04 3.7076988345e-01 4.5000000000e-01 
2.4064809136e-11 1.1216666254e+04 1.1873411103e+00 4.5000000000e-01 
9.8501705222e-10 1.4120435360e+04 7.9778860428e-01 4.5000000000e-01 
4.2293619395e-09 1.1493370594e+04 4.5229746611e-01 4.5000000000e-01 
1.1547956839e-08 1.4066974701e+04 3.4950247373e-01 4.5000000000e-01 
3.0493472140e-10 1.2620398468e+04 1.4107888453e+00 4.5000000000e-01 
4.7047592022e-12 1.9578594901e+04 4.5952531616e-01 4.5000000000e-01 
2.2460843788e-09 1.2124957118e+04 2.7298343396e-01 4.5000000000e-01 
1.3562580909e-08 1.2010629154e+04 3.7440294506e-01 4.5000000000e-01 
1.5273407861e-08 1.3944200953e+04 8.2693463779e-01 4.5000000000e-01 
7.0298378894e-11 1.6424303718e+04 8.2577048137e-01 4.5000000000e-01 
1.8221459935e-08 1.3774638650e+04 1.1721671584e+00 4.5000000000e-01 
8.4434264945e-09 1.5781719906e+04 1.2392503057e+00 4.5000000000e-01 
4.4166033012e-10 1.4757142403e+04 4.7362186663e-01 4.5000000000e-01 
9.9506926806e-09 1.1600399036e+04 5.7097081301e-01 4.5000000000e-01 
2.6497050149e-06 1.3395976196e+04 1.2290380420e+00 4.5000000000e-01 
1.0857743883e-06 1.7969230299e+04 2.5998680201e-01 4.5000000000e-01 
2.4928563257e-09 1.5272773967e+04 8.9989270696e-01 4.5000000000e-01 
6.6240706695e-09 1.6823646823e+04 5.6683748899e-01 4.5000000000e-01 
6.1222209749e-08 1.2889360714e+04 3.0442934461e-01 4.5000000000e-01 
5.0151420053e-07 1.1716268383e+04 8.0479599477e-02 4.5000000000e-01 
5.3313248282e-06 1.6413211966e+04 1.4169234101e+00 4.5000000000e-01 
1.5911668926e-08 1.6732395457e+04 1.2108076581e+00 4.5000000000e-01 
1.0038386304e-09 1.3433305222e+04 1.2728316480e+00 4.5000000000e-01 
1.8231663969e-10 1.1713300779e+04 1.2621252806e+00 4.5000000000e-01 
3.5391869526e-10 2.2291447385e+04 4.5664111101e-01 4.5000000000e-01 
2.8222161990e-07 1.3864573831e+04 8.3800845107e-01 4.5000000000e-01 
1.3063473462e-09 1.7437491337e+04 2.2874237487e-01 4.5000000000e-01 
8.0446247847e-11 1.1687112821e+04 7.6731465205e-01 4.5000000000e-01 
1.9877074686e-10 1.2042146646e+04 8.4352683980e-01 4.5000000000e-01 
2.8767292367e-08 1.1482022631e+04 7.7569459052e-01 4.5000000000e-01 
4.4702013634e-11 1.6422692898e+04 3.3858379826e-01 4.5000000000e-01 
6.8777307626e-08 1.2529794662e+04 2.0706571297e-01 4.5000000000e-01 
1.2212304238e-09 2.2918127395e+04 1.0174664124e+00 4.5000000000e-01 
3.6773407197e-12 1.4195579024e+04 1.7587436463e-01 4.5000000000e-01 
1.1290906278e-05 2.5000000000e+04 9.4958475802e-01 4.5000000000e-01 
5.0964084485e-07 1.4199384520e+04 7.5629759398e-01 4.5000000000e-01 
6.5834157684e-08 1.1544276905e+04 1.2323349608e+00 4.5000000000e-01 
1.0693694422e-08 1.4343453539e+04 7.2875990319e-01 4.5000000000e-01 
5.0915273091e-10 2.0618755467e+04 4.4131467898e-01 4.5000000000e-01 
1.2020356615e-08 1.2292741803e+04 8.1569429453e-01 4.5000000000e-01 
1.6144416189e-08 1.1404647735e+04 1.1059653014e+00 4.5000000000e-01 
1.9435603893e-11 1.9421696608e+04 1.1741655428e+00 4.5000000000e-01 
4.3860305765e-10 1.8265130706e+04 1.3180821492e+00 4.5000000000e-01 
4.5115902017e-11 1.7288162123e+04 3.3840719294e-01 4.5000000000e-01 
7.9285007431e-08 1.7725027695e+04 9.9171127114e-01 4.5000000000e-01 
1.0089422872e-06 1.1321141012e+04 4.0702971453e-01 4.5000000000e-01 
7.6719798721e-09 1.4571032385e+04 6.2323111000e-01 4.5000000000e-01 
5.3712004058e-07 1.3329829130e+04 1.2431272483e+00 4.5000000000e-01 
4.1381694080e-06 1.2382424094e+04 6.9502394135e-01 4.5000000000e-01 
2.4139605351e-06 1.1269754951e+04 8.1389274381e-01 4.5000000000e-01 
5.9539616762e-08 1.3669807154e+04 9.3946307750e-01 4.5000000000e-01 
3.4770208039e-08 1.2307415031e+04 1.1601986511e+00 4.5000000000e-01 
2.6749266629e-08 1.2003239533e+04 6.5088239373e-01 4.5000000000e-01 
1.0279285208e-09 1.2082399633e+04 4.5105908069e-01 4.5000000000e-01 
4.5629830778e-10 1.4367462170e+04 9.6130269953e-01 4.5000000000e-01 
1.9694577830e-09 1.9051926923e+04 6.9861457659e-01 4.5000000000e-01 
3.3285547189e-10 1.1619173717e+04 8.5504484419e-01 4.5000000000e-01 
1.3021369770e-08 1.3763795855e+04 1.0490021347e+00 4.5000000000e-01 
8.0634694339e-11 1.1693401117e+04 1.3204889293e+00 4.5000000000e-01 
1.2470719691e-06 1.2825470742e+04 8.1409738201e-01 4.5000000000e-01 
5.2136980370e-10 1.6662509763e+04 4.8227768252e-01 4.5000000000e-01 
9.5912300572e-08 1.1817755837e+04 1.1917956000e+00 4.5000000000e-01 
6.9385597646e-07 2.5000000000e+04 1.0044952703e+00 4.5000000000e-01 
1.7021089208e-08 1.4674858792e+04 8.1222526988e-01 4.5000000000e-01 
6.7626388604e-07 1.3383645113e+04 7.0894658485e-01 4.5000000000e-01 
1.3617867314e-08 1.1275894102e+04 8.4281815116e-02 4.5000000000e-01 
5.2734762820e-08 1.6155325367e+04 1.1853982884e+00 4.5000000000e-01 
5.6624772773e-09 1.2553541542e+04 6.0887015326e-01 4.5000000000e-01 
1.4440389253e-09 2.4395928675e+04 6.6139016126e-01 4.5000000000e-01 
3.7640578834e-09 1.2427986395e+04 8.4447066346e-01 4.5000000000e-01 
7.8501938149e-11 2.5000000000e+04 1.4113407236e+00 4.5000000000e-01 
4.4800863336e-09 1.9621302588e+04 9.5091444740e-01 4.5000000000e-01 
1.0655683373e-09 1.6828159990e+04 9.1267835083e-01 4.5000000000e-01 
5.7428515960e-07 1.1963510081e+04 2.6645888866e-01 4.5000000000e-01 
1.5475019498e-08 1.4692183956e+04 1.2147654867e+00 4.5000000000e-01 
8.7955507925e-11 2.5000000000e+04 6.9673165250e-01 4.5000000000e-01 
5.7752094055e-07 1.2618548932e+04 2.4793153933e-01 4.5000000000e-01 
3.7691395834e-10 1.8097031766e+04 1.2790643570e+00 4.5000000000e-01 
8.5380548883e-07 1.2060491202e+04 4.4354739585e-01 4.5000000000e-01 
1.1612750826e-08 1.2005206332e+04 3.9487360889e-01 4.5000000000e-01 
2.9136116329e-07 1.1355197981e+04 4.4568743352e-01 4.5000000000e-01 
9.3521075521e-07 1.2326763774e+04 2.0256578004e-01 4.5000000000e-01 
2.5847730622e-07 1.2914160577e+04 7.8928131530e-01 4.5000000000e-01 
2.6505819564e-08 1.1506726922e+04 3.2606190096e-01 4.5000000000e-01 
1.5115765351e-10 1.2440178183e+04 7.2237961906e-01 4.5000000000e-01 
2.7855610323e-08 2.5000000000e+04 7.0891059422e-01 4.5000000000e-01 
9.9919255983e-12 1.1370718534e+04 8.7287273346e-01 4.5000000000e-01 
1.4812371617e-08 1.8302740746e+04 7.4887210722e-01 4.5000000000e-01 
6.2781169106e-08 1.2168871430e+04 9.1272976858e-01 4.5000000000e-01 
3.3730857563e-10 1.3557191611e+04 6.1323649071e-01 4.5000000000e-01 
4.3736363763e-09 1.6218305029e+04 6.9543310203e-01 4.5000000000e-01 
1.9211175059e-08 1.5914911724e+04 1.6087362550e-01 4.5000000000e-01 
7.1155429042e-07 1.3473269196e+04 8.0149413580e-01 4.5000000000e-01 
1.0119056994e-10 1.9369787562e+04 6.3196472057e-01 4.5000000000e-01 
7.7742889617e-07 2.4237877132e+04 9.3777279707e-01 4.5000000000e-01 
2.8176653908e-10 1.8013273991e+04 6.4654257422e-01 4.5000000000e-01 
1.1562548723e-07 1.7276524629e+04 1.1758860202e+00 4.5000000000e-01 
3.8645625091e-08 1.2511997924e+04 7.9259592875e-01 4.5000000000e-01 
1.2670199314e-09 1.6434041772e+04 1.4243327025e+00 4.5000000000e-01 
1.3584276466e-08 1.5517766594e+04 1.2384397078e+00 4.5000000000e-01 
2.1503160297e-09 1.3428763209e+04 7.4565620348e-01 4.5000000000e-01 
3.9562016835e-08 1.1649748518e+04 7.6681500709e-01 4.5000000000e-01 
8.3718475382e-07 1.1926692468e+04 1.2335750912e+00 4.5000000000e-01 
4.7617492144e-07 1.1259410262e+04 1.0353886432e+00 4.5000000000e-01 
8.4220266801e-07 1.3592253569e+04 6.1543212105e-01 4.5000000000e-01 
1.1128355604e-08 1.1233837432e+04 4.0652226397e-01 4.5000000000e-01 
5.7188827093e-11 1.2590201516e+04 9.3833285658e-01 4.5000000000e-01 
3.1210970724e-10 1.2959733611e+04 1.2972526774e+00 4.5000000000e-01 
8.3657381821e-11 2.0143065450e+04 1.1780793066e+00 4.5000000000e-01 
5.7588543761e-10 1.4444537281e+04 7.2703671647e-01 4.5000000000e-01 
3.5154366074e-08 1.4658263850e+04 1.0778757447e+00 4.5000000000e-01 
6.0293703914e-08 1.1540839186e+04 7.1218884197e-01 4.5000000000e-01 
5.5130570643e-07 1.1212569521e+04 1.0337419971e+00 4.5000000000e-01 
4.6841116951e-11 1.1269027769e+04 3.5197616138e-01 4.5000000000e-01 
1.6753918739e-06 1.1346869426e+04 1.1876375478e+00 4.5000000000e-01 
5.7697098366e-10 1.3551927945e+04 6.1739150521e-01 4.5000000000e-01 
3.9638790612e-08 2.0396142719e+04 8.5010254700e-01 4.5000000000e-01 
5.9352061255e-10 1.3021723996e+04 3.2638805693e-01 4.5000000000e-01 
4.8136090787e-06 1.2544952829e+04 9.6715264461e-01 4.5000000000e-01 
3.0071555969e-07 1.2865737199e+04 9.1306508124e-01 4.5000000000e-01 
1.4690395508e-08 1.6587681729e+04 1.0752928778e+00 4.5000000000e-01 
2.8198809908e-09 1.5033407801e+04 4.2026307221e-01 4.5000000000e-01 
2.5658748967e-05 1.1311864228e+04 4.0176765707e-01 4.5000000000e-01 
3.7607098806e-09 1.1366986597e+04 1.0184174025e+00 4.5000000000e-01 
1.1933023367e-06 1.1264313848e+04 5.4814050424e-01 4.5000000000e-01 
1.2171298976e-06 1.1207420494e+04 2.9648784874e-01 4.5000000000e-01 
3.3852746850e-08 1.3666145700e+04 2.6680904064e-01 4.5000000000e-01 
3.0795362026e-09 1.2569064420e+04 1.0240035031e+00 4.5000000000e-01 
1.2322576398e-09 1.7797027526e+04 1.1676062047e+00 4.5000000000e-01 
3.8525465793e-09 1.2316067496e+04 5.6770286029e-01 4.5000000000e-01 
1.9615847951e-08 1.1428033974e+04 7.4754804684e-01 4.5000000000e-01 
4.9299410052e-09 1.2701875937e+04 4.9464965080e-01 4.5000000000e-01 
7.6635948209e-08 1.7161429720e+04 1.0499589025e+00 4.5000000000e-01 
1.3161590085e-08 1.8882990142e+04 6.9559332125e-01 4.5000000000e-01 
3.9901312357e-09 1.2160929915e+04 2.8748954943e-01 4.5000000000e-01 
3.3247881588e-07 1.2974146741e+04 8.5463353964e-01 4.5000000000e-01 
2.8587671919e-07 2.3520809628e+04 8.7237606605e-01 4.5000000000e-01 
1.0955504659e-09 2.5000000000e+04 8.2498708362e-01 4.5000000000e-01 
1.8539151069e-09 1.2305935925e+04 5.3316072385e-01 4.5000000000e-01 
3.9797913189e-08 1.6282532051e+04 7.5578293726e-01 4.5000000000e-01 
2.0122449417e-07 1.2959989770e+04 1.3160288357e+00 4.5000000000e-01 
1.1448808405e-08 1.1281623773e+04 6.0700434957e-01 4.5000000000e-01 
3.2477323218e-07 1.5431369593e+04 5.2728733086e-01 4.5000000000e-01 
7.0221240880e-09 1.4775035269e+04 1.3576285017e+00 4.5000000000e-01 
2.5828621457e-09 2.1277204470e+04 7.9606474799e-01 4.5000000000e-01 
3.7524921907e-11 1.1804744061e+04 7.1584419188e-01 4.5000000000e-01 
6.3872404315e-08 1.2770552933e+04 5.3823487575e-01 4.5000000000e-01 
1.1049759934e-08 1.4953465011e+04 6.0709385506e-01 4.5000000000e-01 
1.2482874084e-08 1.2791082883e+04 5.3113100729e-02 4.5000000000e-01 
2.3657644731e-07 1.1514054857e+04 9.7995657509e-01 4.5000000000e-01 
2.0661396098e-10 1.1775019436e+04 9.5424081203e-01 4.5000000000e-01 
2.5276130399e-07 1.7466760621e+04 5.9480207098e-01 4.5000000000e-01 
2.0782763117e-09 1.1881220243e+04 2.4245513811e-01 4.5000000000e-01 
1.6105099052e-06 1.2382445711e+04 8.1067926612e-01 4.5000000000e-01 
