2.2081380524e-06 1.1587644591e+04 8.7877095499e-01 
8.5638827295e-12 2.5000000000e+04 5.2508230249e-01 
2.2281066351e-09 1.3075909379e+04 1.4406005822e+00 
4.2557541730e-10 1.1296380454e+04 1.0133637823e+00 
1.8517815804e-11 1.6050022458e+04 6.1373524939e-01 
3.9219094775e-10 1.2849740877e+04 1.2444008416e+00 
1.3654101177e-08 1.6848571877e+04 5.5415265508e-01 
4.6420381294e-07 2.0222008180e+04 1.9690244412e-01 
3.8573417519e-08 1.4806977470e+04 2.9004276101e-01 
2.6758679963e-09 1.2682628350e+04 5.2390601739e-01 
3.2021468592e-06 2.0104001679e+04 6.0102290943e-01 
1.2236961978e-10 1.2032945750e+04 1.1743016170e+00 
2.3532969552e-08 1.1460736048e+04 4.3252545211e-01 
6.5988794519e-11 2.0822706219e+04 1.2554617109e+00 
3.5813676503e-07 1.2541406980e+04 1.2471370968e+00 
6.0632646498e-11 1.3353958088e+04 7.1074619563e-01 
3.5424656905e-08 1.5347593705e+04 8.8784720255e-01 
9.5586057769e-11 1.1303167903e+04 6.4841773295e-01 
9.0122386535e-11 1.4463526180e+04 1.3541311209e+00 
2.5146929324e-06 1.1509762530e+04 5.5717771476e-01 
3.0700621933e-09 1.2864304156e+04 1.0664961361e+00 
1.7813832142e-08 2.0037202017e+04 6.7235209705e-01 
2.0102815345e-06 1.2362466773e+04 1.1986020508e+00 
1.0807106480e-11 1.2063421864e+04 1.8087385704e-01 
6.0052904143e-10 1.1757107862e+04 1.2091717766e+00 
1.3589889241e-06 1.7720376715e+04 1.2614764976e+00 
3.9790353171e-09 1.9977407280e+04 7.3374120418e-01 
1.5615464981e-09 1.5406502918e+04 6.8037688186e-01 
1.0650616917e-10 1.1352379769e+04 2.8461152031e-01 
8.1339453280e-09 1.1694178693e+04 8.0802681369e-01 
6.1873530114e-09 1.3217110271e+04 6.7623603164e-01 
3.8215703463e-07 1.7173423728e+04 1.0535016918e+00 
1.1723491964e-08 1.4042626040e+04 9.6207910967e-01 
6.9182091666e-10 2.1875944495e+04 1.1984698922e+00 
1.9376054463e-08 1.3553839137e+04 6.5300011781e-01 
2.8351717948e-09 1.4012848394e+04 8.2925917509e-01 
4.5069644228e-09 2.3976747918e+04 9.4438242140e-01 
4.7041269971e-09 1.3499658001e+04 2.2008865385e-01 
6.5639661473e-08 1.1511731844e+04 1.1206384942e+00 
9.1818136098e-11 1.8170114397e+04 6.8993292707e-01 
3.7136656741e-08 1.1288568949e+04 8.6407545987e-01 
7.1044794406e-09 1.1561063297e+04 6.1891160545e-01 
6.5947585523e-09 1.2325079943e+04 5.1527371556e-01 
1.8111198967e-08 1.1838372147e+04 3.3172112234e-01 
1.3834295446e-09 1.1930120557e+04 1.2139360128e+00 
1.1727144223e-11 1.1726529325e+04 1.0341210195e+00 
5.2662730674e-11 1.1374518556e+04 1.1511065191e+00 
8.0586756637e-09 2.3917898898e+04 3.8074310783e-01 
1.0792276050e-09 1.2358785881e+04 7.7182555985e-01 
2.8218219162e-09 1.1778902462e+04 4.9522626277e-01 
9.5647809018e-08 1.5731090110e+04 4.9026110206e-01 
1.0760937126e-09 1.3749120970e+04 9.6905066339e-01 
2.2308172322e-05 1.1493879190e+04 5.7728037840e-01 
3.7575757647e-11 1.4504330594e+04 6.4640256637e-01 
1.6501563453e-09 1.2327128555e+04 1.9938502787e-01 
1.5677949636e-08 1.2996991457e+04 5.3329763363e-01 
6.6105841799e-07 1.1832175120e+04 1.4449879134e+00 
6.0370146297e-08 1.1398470875e+04 7.6724878893e-01 
1.0383647077e-09 1.2973642831e+04 1.2769875005e+00 
1.7503284848e-10 1.3547124571e+04 1.6519804243e-01 
5.0811634619e-08 1.8525228336e+04 9.9679428152e-01 
1.5404719281e-07 1.2156897168e+04 9.2891114767e-01 
1.9824179516e-10 1.1220163825e+04 9.6921206078e-01 
6.3240150694e-10 2.5000000000e+04 3.3068068440e-01 
3.5809337251e-08 1.1548322007e+04 1.3936481228e+00 
2.7361041133e-07 1.1418968797e+04 6.5744461024e-01 
3.5211493716e-11 1.8141918289e+04 1.4349131464e+00 
1.3430438256e-08 1.2840806523e+04 1.0403747303e+00 
3.6548617857e-09 1.1365170508e+04 6.8893899230e-01 
2.2883528470e-10 1.3371164632e+04 1.0364797378e+00 
1.8928116978e-10 2.1172791942e+04 2.5716470862e-01 
7.0179128755e-12 2.0751985512e+04 1.5748919014e-01 
2.0661993493e-09 1.1311296295e+04 3.7556905637e-01 
1.8041511353e-10 1.3220221885e+04 7.1125589276e-01 
2.0096756245e-09 1.6676705910e+04 2.6275996479e-01 
1.6359003400e-09 1.3258699633e+04 4.7358451201e-01 
2.4626862153e-09 1.1756259510e+04 5.8208269512e-01 
3.4936264309e-07 1.2429355768e+04 6.1855412499e-01 
4.6449716541e-08 1.7019016711e+04 1.4863412381e+00 
2.2426227757e-09 1.1222094781e+04 3.5739903240e-01 
2.1812697843e-08 1.4084089786e+04 9.7666611332e-01 
6.2163043445e-09 1.2216470752e+04 1.2181368879e+00 
6.3384157524e-09 1.4776194720e+04 1.4336769572e+00 
5.9034076109e-09 2.1286824995e+04 4.8705508025e-01 
6.4080854536e-11 1.2565821116e+04 8.9304496000e-01 
1.4559640469e-10 1.1490924254e+04 6.5151647857e-01 
1.1102571835e-09 1.4340462687e+04 5.3189761193e-01 
6.8071651626e-06 2.4061301094e+04 8.2452676867e-01 
2.2814013173e-07 2.5000000000e+04 1.3141448964e+00 
4.7892131070e-08 1.2979229207e+04 4.8840525173e-01 
4.0130778671e-07 1.6225826381e+04 6.7787051066e-01 
2.0261988484e-10 1.1696392050e+04 2.2388162247e-01 
1.6507979111e-09 1.8693203008e+04 1.3590710692e+00 
5.2779447930e-08 1.3233142269e+04 1.0383625552e+00 
1.1849647992e-06 1.3853594216e+04 3.6442046118e-01 
2.0104315597e-08 1.3149307536e+04 1.0851119348e+00 
2.2057829282e-06 1.2070995294e+04 2.2179998456e-01 
2.8700674972e-08 1.1618494817e+04 7.7459230003e-01 
2.3269494906e-11 1.1381619308e+04 1.2972409936e-01 
2.9605465961e-06 1.3574360518e+04 1.3128878550e+00 
3.5995902396e-08 1.8572277294e+04 7.3609477298e-01 
1.2122202868e-08 1.5526453718e+04 3.4708064828e-01 
4.3597935449e-07 1.7390457917e+04 5.7692765226e-01 
1.9030116492e-09 1.2278703224e+04 5.2000998022e-01 
8.8914806378e-12 1.4227521079e+04 4.0647344512e-01 
2.9196806324e-07 1.7162834043e+04 6.3107698906e-01 
2.8806620510e-11 1.2364857242e+04 7.8149746749e-01 
3.1421913619e-11 1.9600440816e+04 2.9052947060e-01 
6.4906495232e-08 1.4666142136e+04 1.3600001133e+00 
1.3646614456e-08 1.3654618855e+04 1.1301921375e+00 
2.4828083448e-08 1.1407257538e+04 6.7948463173e-01 
2.8213990398e-08 1.2477183164e+04 7.2969112235e-02 
3.2483224675e-08 1.2342093687e+04 8.8061752893e-01 
6.3931718381e-08 1.1320319066e+04 1.1224884728e+00 
2.0249434850e-07 1.4955412773e+04 1.4710816678e+00 
2.7334834473e-11 2.5000000000e+04 5.1919844052e-01 
1.6801962422e-08 1.2460943186e+04 9.5151415764e-01 
4.2933482397e-07 1.5498726621e+04 6.6135947321e-01 
1.7997846492e-08 1.3900263570e+04 2.0476734865e-01 
2.7776804672e-07 1.4153952444e+04 1.0592333300e+00 
5.7015712262e-10 1.1269612756e+04 6.8426651899e-01 
4.6497605590e-06 1.7407528671e+04 5.5358844469e-01 
5.8206216567e-09 1.1317326052e+04 1.0910913459e+00 
9.8367511868e-09 1.2817037851e+04 6.3576571121e-01 
7.5269890062e-10 1.4704136057e+04 1.2747129349e+00 
2.7529374764e-11 1.4152974304e+04 4.0158990393e-01 
4.3501789646e-09 1.2166751004e+04 7.4152591964e-01 
8.8815989904e-08 2.5000000000e+04 1.2564076472e+00 
4.2305505004e-08 2.0626766952e+04 7.0056362548e-01 
2.7860976523e-10 1.3473578304e+04 5.7457180908e-01 
1.5233972627e-07 1.1707857555e+04 1.2424560187e+00 
1.7387250568e-09 1.3274052868e+04 6.1854433144e-01 
4.5852152786e-11 1.9036412627e+04 1.1060368857e+00 
1.3053691807e-07 1.4668739680e+04 8.5532858978e-01 
1.1394641556e-09 1.4372576869e+04 7.4408896234e-01 
1.1797670467e-08 1.2150286221e+04 5.7239594089e-01 
3.7527844206e-07 1.3918635325e+04 8.7842019083e-01 
1.2093749756e-10 1.1816840990e+04 8.0003542364e-01 
6.9738404113e-08 1.3341960594e+04 8.9139128928e-01 
9.2704228771e-09 1.6670959459e+04 9.1053090676e-01 
2.3409388783e-11 1.4360995120e+04 1.2460043203e+00 
3.1822526987e-11 1.1222153098e+04 1.1855906016e+00 
1.7302099529e-08 1.2493953773e+04 9.8352686860e-01 
3.3560573930e-08 1.3129305666e+04 8.5007694960e-01 
2.4923825101e-08 1.1545408080e+04 5.3977297797e-01 
3.6556209650e-08 1.4995038189e+04 1.4011041903e+00 
5.2809310247e-09 1.4938305294e+04 8.4431224715e-02 
6.5915411599e-09 1.2597918401e+04 5.3633546836e-01 
4.0153647496e-10 1.4460648721e+04 1.2443588476e+00 
1.5797201315e-09 1.2704266214e+04 1.1403311659e+00 
2.7809855293e-09 1.2416192187e+04 1.1866946296e+00 
1.1563542137e-11 1.1689019393e+04 2.9366914822e-01 
9.6340404468e-08 2.5000000000e+04 1.0189699769e+00 
4.2403011525e-10 1.1834517950e+04 4.5364154509e-01 
4.3296374141e-10 1.2968367276e+04 7.3768992489e-01 
3.0149117514e-07 1.1944818444e+04 1.2396678637e+00 
1.9683106506e-09 1.1229281617e+04 7.7183416235e-01 
2.2695371828e-09 2.1057056290e+04 9.1797557476e-01 
9.1032169881e-10 1.3669883617e+04 5.3668047291e-01 
3.6217800073e-08 1.7631163400e+04 8.3593243893e-01 
1.0408216490e-10 1.2327618675e+04 4.4910595925e-01 
1.9981556156e-07 1.2469805463e+04 1.0227130645e+00 
1.9548410081e-09 1.8311410814e+04 5.4986677745e-01 
5.1729386980e-08 1.2887644525e+04 5.8541643450e-01 
5.6355337951e-07 1.1402516939e+04 5.3198621442e-01 
8.9660963577e-09 1.2374590684e+04 6.2887934290e-01 
7.1922945152e-09 1.2778837987e+04 3.8654495793e-01 
5.2442113109e-10 1.1751108108e+04 1.2235074883e+00 
4.3378114246e-10 1.1875147828e+04 1.1818230234e+00 
6.5289412909e-06 1.1209205425e+04 4.6402545256e-01 
2.7684391832e-09 1.2242117997e+04 1.8148259849e-01 
1.2573861084e-06 1.4054870898e+04 5.9634452814e-01 
1.4256609675e-09 1.3852207726e+04 8.1986832548e-01 
1.0582225069e-11 1.2294316490e+04 9.5086981127e-01 
2.1013483642e-07 2.0492174634e+04 8.4417935309e-01 
1.0050303427e-09 1.6568351193e+04 1.0786442646e+00 
9.4598268603e-10 1.3646846297e+04 9.6322038387e-01 
8.5646137142e-09 1.2505906144e+04 1.8260697370e-01 
1.0484424543e-09 1.5308154106e+04 7.1190920026e-01 
4.4827599519e-07 1.2534902991e+04 1.3716263105e-01 
4.9910539132e-09 1.3752963224e+04 1.1204071117e+00 
6.1299519792e-06 1.1985544983e+04 1.0149372249e+00 
8.2630099696e-10 1.3188341624e+04 6.8755462896e-01 
1.1932833784e-07 1.1891641500e+04 4.0342150049e-01 
1.1803211737e-07 1.1900217997e+04 1.2249231265e+00 
4.1368076256e-06 1.4508026108e+04 2.2851016128e-01 
5.9330128728e-07 1.6488551051e+04 5.4341254442e-01 
3.7563338426e-11 1.4238546103e+04 8.5404923516e-01 
5.7738083179e-11 1.1854558384e+04 7.1587146884e-01 
6.5037816795e-09 1.1326694131e+04 1.3981026692e+00 
1.9481558381e-08 1.3041890313e+04 3.4691762855e-01 
4.0983634589e-09 1.5079719088e+04 6.2477874768e-01 
4.6813360102e-07 1.4569763544e+04 1.0055327558e+00 
2.6430783217e-09 1.1615086445e+04 3.4842019285e-01 
4.3053881411e-10 1.1201736531e+04 6.5962505986e-01 
2.9661351512e-07 1.1846864018e+04 9.7549659451e-01 
1.1772039628e-09 1.1313829898e+04 8.0732450448e-01 
1.3226235650e-07 1.2438647446e+04 3.1956441782e-01 
8.5159202126e-09 1.1836653120e+04 8.0755945059e-01 
2.2431975821e-10 1.3703326304e+04 4.8622721775e-01 
2.3411301385e-10 1.9137258113e+04 6.2542810385e-01 
2.0392314576e-09 1.2443122675e+04 1.0068101146e+00 
6.2877389118e-11 1.4703392235e+04 9.0580682139e-01 
4.1556107215e-10 1.3553092410e+04 4.3129006494e-01 
1.1340892490e-06 1.4699073463e+04 3.2573951833e-01 
1.7117888919e-06 1.7086741499e+04 1.3927915761e+00 
4.8524501756e-10 1.1264500264e+04 6.3545798120e-01 
5.5759747489e-10 1.4076387985e+04 5.5496548307e-01 
1.4077670891e-08 1.2542085276e+04 4.1092036248e-01 
1.5060440537e-08 1.2172999653e+04 8.2575149473e-01 
3.7882748793e-07 1.3006103050e+04 4.9430623962e-01 
1.7585853445e-10 1.1691733306e+04 8.2588103862e-01 
7.5722345727e-08 1.1282495236e+04 8.4553016624e-01 
6.2387356090e-08 1.6668344092e+04 7.0593628981e-01 
7.5673438298e-09 1.3548130139e+04 1.1146470157e+00 
1.5679758743e-08 1.2428187140e+04 1.1163786096e+00 
2.2506890608e-07 1.1338426150e+04 6.9680904515e-01 
6.1565127707e-10 1.1515468330e+04 9.4747495267e-01 
1.8434150461e-11 1.3412409549e+04 1.1806287089e+00 
1.9207381947e-08 1.1852729176e+04 5.4353491581e-01 
6.6059839794e-11 1.4617541724e+04 1.5564459711e+00 
5.8166702927e-08 1.3226472385e+04 3.0645010745e-01 
2.7945096299e-08 1.1540998018e+04 1.1111145897e+00 
1.8613782459e-07 1.4221490298e+04 1.2427059998e+00 
1.4617750503e-10 1.1583042374e+04 1.5401208912e-01 
3.9550695244e-10 1.2938785856e+04 4.8958637819e-01 
7.3534949254e-10 1.1447486952e+04 7.4399814087e-01 
1.0811638303e-09 1.2018167772e+04 1.2308044811e-01 
7.9556663180e-09 1.2351129434e+04 7.9977123048e-01 
5.3595523278e-09 1.7450101992e+04 1.1640141594e+00 
1.3003900693e-06 1.1240335625e+04 5.3408747892e-01 
8.1719440860e-09 1.8850732862e+04 7.7700770273e-01 
1.2064876209e-08 1.2880746126e+04 1.0973265700e+00 
4.6296232343e-11 1.4962142193e+04 7.0938871599e-01 
2.3658090059e-09 1.4207646368e+04 3.4735191545e-01 
8.0934611652e-11 1.6524856905e+04 2.5239698858e-01 
2.8270917855e-11 1.5425536529e+04 9.3174976302e-01 
4.8900721938e-10 1.2575861206e+04 6.9522032922e-01 
1.3971556035e-07 1.2887180751e+04 1.3447863352e+00 
1.4132704827e-09 1.3108235934e+04 5.5332455922e-01 
6.2910529490e-06 2.5000000000e+04 8.1906009252e-01 
6.2905336357e-08 1.2740927370e+04 1.2300437802e-01 
3.3996719291e-07 1.3174904763e+04 1.0127558230e+00 
8.2717842212e-10 1.1741013234e+04 4.6960701862e-01 
1.3721710478e-09 1.4938546626e+04 9.8075946799e-01 
7.7691218667e-06 1.3985851966e+04 4.2001882066e-01 
2.7819410200e-11 1.1281025386e+04 9.3292943190e-01 
7.7707426984e-07 1.3902126345e+04 5.2332654921e-01 
1.5083474678e-10 1.3746975035e+04 1.4909176344e-01 
1.2220720921e-08 1.3396124648e+04 4.7862353490e-01 
1.0152197176e-09 1.3757891560e+04 6.6390166607e-01 
1.6177122286e-11 1.2610253873e+04 9.8204606779e-01 
7.6794778847e-10 1.3966304734e+04 9.5559483801e-01 
4.5963008831e-07 1.7265412854e+04 8.1767090265e-01 
4.2577034904e-10 1.4487627076e+04 2.1184020446e-01 
8.3116964987e-10 1.4076685914e+04 1.0844036374e+00 
8.7390948008e-06 1.2546066388e+04 4.8124145118e-01 
7.3497021116e-07 1.3197485764e+04 1.0860041196e+00 
2.9283810538e-08 1.5340087035e+04 6.7247581356e-01 
1.7318098007e-08 2.5000000000e+04 2.7282050044e-01 
3.0306446920e-07 1.5172238493e+04 1.1906969475e+00 
1.1473116082e-09 1.3681823609e+04 5.0172137227e-02 
2.3023565042e-08 1.3017242065e+04 1.4669224964e+00 
1.2434265775e-09 1.2530732097e+04 1.2797492196e+00 
2.9546066612e-08 1.2822526407e+04 1.3721195295e+00 
3.7338616410e-08 1.3183855506e+04 6.1794295521e-01 
7.4996615362e-10 2.5000000000e+04 4.7329654021e-01 
1.5054253658e-07 1.2523749540e+04 8.8574760124e-01 
5.5722974290e-12 1.3795426005e+04 1.0292024675e+00 
1.1828250618e-10 1.2469918009e+04 7.0818692863e-01 
9.3220485958e-10 2.3275234751e+04 1.3113577616e+00 
1.7110106213e-10 1.1447451955e+04 5.0398099611e-01 
9.8980488935e-12 1.6674914803e+04 5.8320192207e-01 
4.4558006874e-06 1.2438336261e+04 3.7525833321e-01 
5.6105330772e-10 1.5140796068e+04 2.9345425586e-01 
4.2355476034e-08 2.5000000000e+04 1.2054618641e+00 
8.8645089879e-11 1.2968362049e+04 4.8211375428e-01 
4.9418647895e-08 1.7686538028e+04 7.9259358591e-01 
1.2610896339e-07 1.1321220412e+04 1.1108550958e+00 
2.7074778153e-08 1.2964003913e+04 7.7824391024e-01 
6.0672959319e-10 1.3625464555e+04 3.9542878908e-01 
5.6475546075e-10 1.1782390795e+04 8.0403907381e-01 
8.3995850684e-06 1.4340127923e+04 1.1636008912e+00 
3.8759223238e-10 2.4052082274e+04 4.8441049336e-01 
3.1141541849e-09 1.1373203960e+04 1.3680946693e+00 
8.5321050382e-10 1.3652609317e+04 1.0140898153e+00 
1.5463342814e-08 1.2530144210e+04 1.0603439581e+00 
1.9280877123e-08 1.3511645811e+04 1.3329544160e+00 
5.5429527122e-09 1.4544699679e+04 9.6770026210e-01 
3.4436685358e-08 2.5000000000e+04 1.2552525860e+00 
1.1900745387e-09 1.1230395505e+04 4.5943641575e-02 
1.5004596329e-09 1.1874984756e+04 3.6756554018e-01 
1.3732834377e-07 1.1212050174e+04 9.6510969799e-01 
1.2155620708e-06 1.6721970578e+04 3.9218087423e-01 
2.1353353754e-07 1.3594223343e+04 3.4666901911e-01 
1.9614868800e-10 1.1856776276e+04 1.4054446568e+00 
1.8353725562e-10 1.1532582000e+04 2.4122052256e-01 
5.3187354839e-09 1.2426090778e+04 6.7510138794e-01 
3.1787376655e-06 1.4558032167e+04 5.0122440413e-01 
1.2830040203e-08 1.6043060132e+04 1.2295506467e+00 
7.0020356499e-10 1.4034620473e+04 1.2250453995e+00 
3.9792780886e-10 1.6060232032e+04 3.2124590632e-01 
7.3586678178e-10 1.3213277543e+04 1.0568341962e+00 
2.0749322076e-07 1.1902359153e+04 7.7576860081e-01 
2.9248928430e-10 1.4065003977e+04 1.0607067889e+00 
1.1473875861e-05 1.3580088922e+04 1.3699625605e+00 
6.6927899324e-08 1.5994552238e+04 8.9465047705e-02 
1.2699100915e-08 1.7474580832e+04 1.3396901309e+00 
4.8820230812e-07 1.6401473436e+04 6.9554381496e-01 
4.0041222856e-07 1.2401886311e+04 1.0578448155e+00 
2.9803804885e-09 1.1348175500e+04 2.3012946587e-01 
1.7454237809e-06 1.2465530859e+04 1.0916155255e+00 
4.2237920314e-08 1.4083008777e+04 8.9246471973e-01 
1.4676318074e-11 1.2050584648e+04 7.5469328447e-01 
1.4360821664e-09 1.8708543428e+04 1.0326825558e+00 
5.2113788600e-11 1.5204813419e+04 8.4746910598e-01 
4.9546631490e-08 1.3636928985e+04 7.8802240744e-01 
2.6807467638e-11 1.1201832100e+04 3.5042811624e-01 
1.1202697111e-09 1.2235456578e+04 1.4206090290e+00 
1.1152008559e-09 1.1870706590e+04 8.0347859074e-01 
1.0630063096e-09 1.6413126978e+04 8.6226140576e-01 
5.6922791361e-09 1.5004197979e+04 1.0795641562e+00 
2.2033465105e-10 1.1601400986e+04 1.1510597358e+00 
6.2434714518e-09 1.1844229801e+04 5.6451533237e-01 
7.1941906128e-08 1.2140136962e+04 6.2491393000e-01 
1.0759643118e-09 1.4672572997e+04 9.4030175542e-01 
1.2805110376e-09 1.2135527840e+04 9.2573658199e-01 
1.8036208525e-11 1.3096693405e+04 3.7790215900e-01 
3.1321410896e-09 2.0413070136e+04 6.9859390209e-01 
2.7961792671e-09 1.4165452259e+04 1.8613708371e-01 
9.1351974934e-08 1.4028819619e+04 8.5494759905e-01 
1.4668336682e-07 1.2970107654e+04 4.9502784837e-01 
1.0939870262e-07 1.4833865589e+04 1.4109135506e+00 
2.7392910503e-08 1.2594459036e+04 1.2085340777e+00 
2.5091933030e-10 1.3508131571e+04 9.8912797980e-01 
1.6432769528e-08 1.3525139100e+04 7.1674411881e-01 
9.0543316275e-09 1.1284685265e+04 1.1027939464e+00 
2.6925400902e-07 1.3014311347e+04 5.7091295794e-01 
4.1900180087e-09 1.4110159857e+04 1.0678581643e+00 
5.6233299540e-12 1.4462773432e+04 1.1321336364e+00 
3.0549697829e-08 1.3124570724e+04 2.2912443141e-01 
2.1438051902e-10 1.2891036112e+04 9.1007783402e-01 
5.6612620859e-11 1.2022948524e+04 8.7760345964e-01 
1.5739100472e-08 1.1640179776e+04 3.8246490307e-01 
6.9781950847e-09 1.3455091216e+04 7.9588060853e-01 
3.0503295139e-08 1.1217132567e+04 1.0094497296e+00 
1.0138691789e-07 1.1985333307e+04 3.2084787085e-01 
2.3300067275e-06 2.5000000000e+04 6.5774465749e-01 
1.2915723637e-08 1.2035392513e+04 6.5702319586e-01 
6.2533740886e-08 1.1985763211e+04 1.2727774337e+00 
1.3409246157e-09 1.2840936029e+04 6.8872130955e-01 
9.9254183433e-11 2.0043969525e+04 5.4530992373e-01 
4.3786678995e-09 1.2792641888e+04 9.9039205774e-01 
1.8219141592e-08 1.1235401299e+04 6.0900546584e-01 
2.4540114773e-08 1.6193953532e+04 1.0247325070e+00 
3.4826004917e-07 1.3490590723e+04 6.3731081292e-01 
6.2888486662e-09 1.2312034435e+04 9.9616946378e-01 
6.9484221173e-10 1.4927561045e+04 1.2379298595e+00 
5.2067116364e-08 1.1627030339e+04 3.1586343116e-01 
3.8140056606e-06 1.2665557977e+04 4.9264566407e-01 
1.3442014374e-06 1.6180695111e+04 8.6082488291e-01 
3.8339375875e-07 1.9496955173e+04 1.3023440553e+00 
4.8993314620e-10 1.2838012843e+04 7.5775884607e-01 
1.4741493339e-06 1.2498668213e+04 2.7316374953e-01 
1.0989265034e-09 1.2449725509e+04 1.3111492507e+00 
3.4258247652e-11 1.2137362153e+04 1.2642902888e+00 
5.5540479719e-09 1.2743071296e+04 8.1942839025e-01 
5.7651584027e-11 1.1411510301e+04 9.4275515064e-01 
4.1448674619e-10 1.5498032924e+04 8.8674473144e-01 
1.6829083448e-07 1.1509922524e+04 7.9149522826e-01 
7.6532597976e-08 1.1296829713e+04 5.2006205617e-01 
1.0271384723e-07 1.3293480555e+04 8.1089374616e-01 
3.1729988903e-07 2.5000000000e+04 1.3642949135e+00 
8.1813454658e-11 1.9568098011e+04 6.5302464807e-01 
5.3053128589e-09 1.2262169528e+04 5.5853658254e-01 
4.8728522351e-09 1.5190936347e+04 3.7002506518e-01 
2.0950053270e-08 1.5099668432e+04 5.6032892699e-01 
1.2574753657e-08 1.5278712193e+04 9.9073217142e-01 
1.9753259227e-08 1.7586798714e+04 1.1395842953e-01 
4.3444561894e-10 1.1285269402e+04 7.8858407540e-01 
1.9053399567e-08 1.3429744451e+04 4.0006587090e-01 
2.1653657673e-10 1.8227530643e+04 7.8450283204e-01 
2.4488902824e-08 1.2174797120e+04 8.1449525602e-01 
1.0979270737e-10 1.1770223049e+04 1.0760062805e+00 
7.4776866327e-09 1.3878706818e+04 2.5276958853e-01 
1.3332708858e-10 1.4035991809e+04 1.3286921754e+00 
1.2731302413e-09 1.2001877149e+04 8.0070706443e-01 
8.8491248522e-10 1.1353065155e+04 7.5355870185e-01 
4.3121802020e-11 1.3443593462e+04 7.5616149452e-01 
2.3102789664e-10 1.1438964438e+04 1.6754651947e-01 
1.8809043140e-09 1.5726264386e+04 7.6477513329e-01 
5.5967018976e-09 1.1928407281e+04 2.6121325110e-01 
2.1842030311e-10 1.7411190990e+04 9.5611869016e-01 
3.6020543664e-07 1.6770234223e+04 9.1444659327e-01 
6.8214443857e-09 1.2306670160e+04 8.0885977451e-01 
1.3335314249e-09 1.4650696854e+04 9.8132841852e-01 
1.5841639730e-06 1.4252705027e+04 6.4396611583e-01 
2.4530759155e-11 1.1678947736e+04 6.8340036666e-01 
5.4038397264e-10 1.3314898846e+04 6.6184093071e-01 
8.3869257962e-11 1.1724985060e+04 8.7468663602e-01 
1.6027740105e-11 1.2271515330e+04 1.0550947088e+00 
2.7624091198e-10 1.2180665379e+04 6.8796918815e-01 
7.4655932461e-10 1.5869934130e+04 4.8710768566e-01 
3.4422614832e-09 1.6551479270e+04 9.4348520105e-01 
6.9566615404e-08 1.4374276546e+04 1.3246733859e+00 
2.6560911386e-09 1.7937770030e+04 3.9946566045e-01 
2.4342006659e-09 1.4372997654e+04 1.1237243192e+00 
1.6844693177e-10 1.3603367405e+04 8.0520232246e-01 
1.7801321847e-08 2.1585164875e+04 9.4579701520e-01 
9.5051593990e-10 1.1755121072e+04 1.3591666858e+00 
1.1490859700e-10 1.1642926384e+04 4.7800289760e-01 
7.5906224280e-10 1.1774489908e+04 9.8386644091e-01 
7.0656289611e-09 1.2544485567e+04 1.0831744375e+00 
4.1067643540e-09 1.1288148911e+04 4.4916780607e-01 
3.2669971393e-10 1.1953546937e+04 6.8324645714e-01 
4.1569181962e-09 1.1530609354e+04 2.0108902289e-01 
1.2622833096e-10 1.4515272880e+04 6.8478227811e-01 
5.5169207820e-09 1.2142203055e+04 4.4306090027e-01 
1.2233615207e-09 1.4585125700e+04 4.5054559756e-01 
1.0818505823e-08 1.1273230810e+04 3.4294672457e-01 
2.6693361418e-08 1.1923607759e+04 1.2539281029e+00 
2.2905480986e-09 1.9196831769e+04 9.9595589625e-01 
3.5572283057e-07 1.2601809096e+04 1.2494534764e+00 
1.1969092444e-09 1.5115145870e+04 8.3448027561e-01 
3.4692112721e-09 1.7003260525e+04 1.3382032573e+00 
1.1413278906e-11 1.3130766075e+04 1.2986246745e+00 
5.6590188671e-11 1.3632179566e+04 9.0083922335e-01 
4.0204790563e-12 1.4445806672e+04 5.3164329316e-01 
1.7892479769e-10 2.0965246116e+04 1.2365715271e+00 
1.4592078832e-06 1.2812490357e+04 9.9963801733e-01 
1.8210042197e-05 1.5099293757e+04 1.4507775296e+00 
1.9005176290e-07 1.1416644490e+04 4.6066316697e-01 
1.2164040283e-10 1.1269508657e+04 1.0383605965e+00 
3.4119272800e-11 1.1877301824e+04 5.9768686742e-01 
5.3375595010e-07 1.1429598056e+04 1.3735791419e+00 
9.1016659667e-09 1.3109715154e+04 7.5133127071e-01 
1.4904284158e-10 1.1374670836e+04 4.9695275792e-01 
4.2854988998e-09 1.9919059558e+04 1.0058963368e+00 
6.9942217591e-09 1.3139333754e+04 7.7098513000e-01 
3.7892014042e-08 1.1577362827e+04 1.1235711860e+00 
6.5161061382e-10 1.2527196598e+04 6.1784864664e-01 
8.2619481121e-08 1.8099412787e+04 1.4895682792e+00 
7.1710819992e-06 1.1618559730e+04 1.2200816587e+00 
3.0694861426e-08 1.1787547992e+04 9.8250004813e-01 
6.2377996435e-11 1.5329132083e+04 6.5686885610e-01 
1.0397037318e-07 1.2421630241e+04 1.2298187656e+00 
6.8486617490e-11 1.1551092962e+04 1.6411094589e-01 
9.4646082138e-07 1.4908778195e+04 2.6406094718e-01 
1.0987599483e-08 1.1231637349e+04 7.6127223882e-01 
1.0840400355e-11 1.6422633774e+04 7.5633594592e-01 
1.1458955775e-08 1.2837106637e+04 1.3459458790e+00 
2.0123946895e-10 1.1856172318e+04 9.6992761274e-01 
2.5881810069e-07 1.3690149833e+04 1.2823819261e+00 
2.2077509740e-08 1.4328716006e+04 1.0779193399e+00 
2.7504451646e-09 1.2104043680e+04 2.2383343955e-01 
7.8041596438e-08 1.1628834789e+04 5.7138440161e-01 
8.2199829828e-10 1.3921480643e+04 6.7087095548e-01 
2.8048461067e-07 1.5428290906e+04 9.9676500148e-01 
8.0500889165e-10 1.8042628369e+04 1.2529791877e+00 
6.8915435171e-10 1.3943290665e+04 4.9041959424e-01 
1.8701594769e-06 2.5000000000e+04 7.4702539978e-01 
6.1033583726e-08 1.5820508260e+04 1.1045226490e+00 
1.0905284723e-10 1.1584503314e+04 6.3124906548e-01 
3.5582105171e-09 1.1394812955e+04 3.2927490727e-01 
7.9647031575e-08 1.3675409570e+04 2.9550469591e-01 
9.2684188790e-08 1.1273688549e+04 7.2444838417e-01 
2.1501566621e-07 1.6045672111e+04 1.5818763833e-01 
1.2979462411e-08 1.1940655032e+04 4.3435862465e-01 
1.8673956043e-10 1.1393601006e+04 1.1203506228e+00 
2.0341930070e-11 1.2324254170e+04 6.7700758444e-01 
3.7508977916e-09 1.4018048125e+04 1.4443845269e+00 
8.7294107633e-11 1.4789663692e+04 3.0548551533e-01 
1.2063742209e-10 1.9656968137e+04 3.7717403251e-01 
1.1359273853e-10 2.3397892007e+04 1.4074505388e+00 
1.8657810804e-08 1.7686205366e+04 4.5791683739e-01 
1.2163626826e-08 1.1517582037e+04 1.8344189927e-01 
2.1825833929e-06 1.7621409878e+04 1.5405308961e-01 
1.2692894158e-08 1.2019448797e+04 4.0528653371e-01 
5.9567826547e-09 1.7467914473e+04 1.5865351898e-01 
2.2837627789e-07 1.3052295462e+04 8.6171047960e-01 
1.2965624944e-11 1.1475678626e+04 3.9656058478e-01 
2.1433772728e-09 1.1832701572e+04 6.9070643753e-01 
1.1321038179e-07 1.7211362201e+04 1.4250216568e+00 
1.0394490868e-05 1.2772534107e+04 9.5744619195e-01 
3.1913950788e-08 2.3167922082e+04 5.0465211363e-01 
1.8657311173e-08 1.1849213197e+04 6.7855159817e-01 
3.3147472358e-10 1.1284345915e+04 6.8777808974e-01 
1.2166366719e-08 2.1625742531e+04 7.3246611580e-01 
6.5456239490e-08 1.2084191473e+04 5.2418388168e-01 
7.9394233076e-09 1.6710706966e+04 5.5328203025e-01 
2.7198741879e-07 1.1581945815e+04 1.1267387697e+00 
2.4155803868e-08 1.9230198601e+04 4.3522493561e-01 
3.2254730724e-09 1.6120099676e+04 3.6920603323e-01 
7.0058679085e-10 1.2304364961e+04 6.1760985169e-01 
3.8606345066e-07 1.6142133434e+04 7.8014201365e-01 
6.4698078018e-07 2.5000000000e+04 4.5501940908e-01 
9.4830951695e-09 1.3705661349e+04 7.7801833920e-01 
2.3762252986e-09 1.2678606744e+04 1.0755580605e+00 
1.0511865322e-09 1.8085782252e+04 1.1702354419e+00 
2.7011626518e-07 1.2121754630e+04 5.0622529667e-01 
