4.0130306091e-04 0.0000000000e+00 
5.6986282232e-06 3.5946702734e-01 
4.2356146413e-05 1.0000000000e+00 
2.8876597333e-05 2.9520817800e-01 
1.0319475328e-05 1.3931914974e-01 
2.5065046254e-05 6.3883687046e-01 
6.5131010356e-05 1.8539056014e-01 
2.0389524897e-04 0.0000000000e+00 
9.9117376816e-05 1.5914972859e-01 
4.5419799044e-05 2.0224322264e-01 
3.6980583064e-04 0.0000000000e+00 
1.6100115333e-05 1.0000000000e+00 
9.3427849878e-05 1.4149036628e-01 
1.4578929649e-05 1.8645757000e-01 
2.3104457428e-04 9.2782222445e-01 
1.5434749276e-05 1.9934098103e-01 
9.1835713330e-05 1.4653499076e-01 
1.7060471548e-05 3.7887484732e-01 
1.4539473430e-05 1.0000000000e+00 
4.2413037863e-04 0.0000000000e+00 
5.4535413951e-05 0.0000000000e+00 
6.5213982801e-05 1.7786422860e-01 
3.9148048874e-04 1.0000000000e+00 
7.1698091203e-06 1.0000000000e+00 
2.8722602748e-05 6.6148471367e-01 
2.6401870648e-04 4.4261661647e-01 
4.0931477909e-05 2.2785911571e-01 
3.4570486902e-05 2.4095079216e-01 
1.7476765672e-05 4.1176114387e-01 
6.8728608338e-05 7.8982386098e-02 
5.6992860173e-05 1.8800486230e-01 
1.9163623805e-04 0.0000000000e+00 
6.5783598862e-05 1.0000000000e+00 
2.4956218775e-05 2.9614680806e-01 
7.9736086131e-05 1.5604273801e-01 
4.3959214827e-05 2.1337719470e-01 
3.9995140086e-05 2.3694062350e-01 
5.3421246369e-05 2.5911052781e-01 
1.2834427293e-04 2.6558021073e-01 
1.3546685284e-05 3.0115916646e-01 
1.0749065498e-04 1.0262355256e-01 
6.5464812935e-05 1.0428259102e-01 
6.0559542071e-05 1.7904922815e-01 
8.5671196411e-05 1.7416653838e-01 
3.8319198605e-05 6.1794931246e-01 
7.3677555057e-06 1.0000000000e+00 
1.2155483600e-05 1.0000000000e+00 
4.8979510029e-05 2.0992279155e-01 
3.9383396885e-05 0.0000000000e+00 
5.1393600139e-05 4.5189530428e-02 
1.2513552953e-04 7.9364568446e-02 
3.6798086371e-05 7.7311702400e-02 
9.1886981549e-04 0.0000000000e+00 
1.3191563387e-05 1.5406927495e-01 
4.2910640690e-05 1.9448514117e-01 
7.6730276830e-05 1.6137149056e-01 
2.8249953039e-04 1.0000000000e+00 
1.2410624466e-04 8.2508270853e-02 
3.2838836127e-05 1.0000000000e+00 
2.1262136818e-05 2.3415659711e-01 
9.6163616385e-05 1.4272249031e-01 
1.6269644486e-04 4.2707837097e-02 
2.1400595641e-05 4.2585827414e-01 
2.1870489025e-05 2.8846373792e-01 
1.0688986896e-04 1.0000000000e+00 
1.9944499329e-04 0.0000000000e+00 
1.0629167880e-05 1.0000000000e+00 
7.6361670828e-05 1.6320705256e-01 
5.8511414458e-05 0.0000000000e+00 
2.4194781194e-05 1.6470699509e-01 
1.6262480480e-05 3.3310656513e-01 
6.1856589374e-06 3.8961793149e-01 
4.9078106431e-05 5.3705883148e-02 
2.2308743281e-05 6.3520466809e-02 
3.7483832620e-05 2.7024140291e-01 
3.8109237834e-05 2.2729954797e-01 
5.0011280717e-05 0.0000000000e+00 
2.0858546543e-04 0.0000000000e+00 
1.1657322362e-04 1.0000000000e+00 
5.0494710659e-05 6.0664560729e-02 
8.3440425514e-05 1.6173599838e-01 
6.2024284727e-05 6.4095815383e-01 
6.0015674444e-05 1.0000000000e+00 
4.5690110387e-05 2.1461098332e-01 
1.4989662800e-05 3.6712258257e-01 
2.0314558022e-05 2.7468166639e-01 
3.2421403999e-05 2.4170608907e-01 
4.4629700960e-04 0.0000000000e+00 
1.5111393051e-04 1.1803932231e-01 
1.0904569011e-04 1.1823388516e-01 
1.9498064088e-04 0.0000000000e+00 
2.2397973692e-05 3.0586348602e-01 
3.7767899624e-05 8.4618747864e-01 
1.1446888735e-04 1.2659283295e-01 
3.1621012789e-04 1.0000000000e+00 
8.6400886330e-05 1.5984679959e-01 
4.1168955718e-04 0.0000000000e+00 
9.7605133951e-05 1.1857817064e-01 
9.2583466108e-06 1.0000000000e+00 
4.6565229796e-04 1.0000000000e+00 
8.4079467247e-05 1.4585463261e-01 
7.1939081405e-05 1.0000000000e+00 
1.9656822535e-04 0.0000000000e+00 
4.4169136040e-05 9.3881212082e-02 
7.5070557317e-06 4.6054122926e-01 
1.7126760625e-04 0.0000000000e+00 
9.9411178130e-06 1.0000000000e+00 
9.7107969159e-06 3.4983512122e-01 
1.3032683143e-04 1.0000000000e+00 
7.6146117309e-05 1.8148930222e-01 
9.4029149530e-05 1.1937624896e-01 
9.6294211673e-05 2.8339853215e-01 
9.9412592132e-05 1.2783672926e-01 
1.2615029967e-04 3.5180844383e-01 
1.9043294592e-04 1.0000000000e+00 
8.0516880884e-06 3.4729686719e-01 
8.1572243988e-05 1.4978312047e-01 
2.0283037817e-04 0.0000000000e+00 
8.0531141789e-05 2.2561452791e-01 
1.8745765479e-04 1.2870838368e-02 
3.3132893114e-05 9.9166291974e-02 
4.4766298169e-04 0.0000000000e+00 
7.2611987669e-05 0.0000000000e+00 
6.6829205403e-05 1.6976018270e-01 
3.3902776563e-05 3.3413091956e-01 
1.1650108606e-05 2.6311798364e-01 
5.4859245404e-05 1.3433946815e-01 
1.0907892463e-04 1.5119440716e-01 
8.4938809279e-05 1.4023258402e-01 
2.4762243924e-05 6.1181485865e-02 
1.7319772130e-04 1.0000000000e+00 
3.8674415804e-05 2.1801288159e-01 
1.3030837503e-05 1.4710233248e-01 
1.4076116267e-04 6.8988076562e-02 
3.2693034169e-05 2.3780939789e-01 
7.2651419858e-05 1.5762115420e-01 
2.0360015599e-04 0.0000000000e+00 
1.8950231357e-05 2.9967159390e-01 
1.2121717520e-04 1.0359860735e-01 
5.8499809960e-05 2.0007920626e-01 
9.2768629721e-06 1.0000000000e+00 
1.0276597288e-05 1.0000000000e+00 
8.2830858914e-05 1.4945491709e-01 
9.6969669005e-05 1.3517807164e-01 
9.3816976306e-05 1.2882500157e-01 
1.0762789260e-04 1.0000000000e+00 
5.3349208579e-05 3.2109506349e-01 
5.9787164793e-05 1.8207178906e-01 
2.8792105937e-05 2.2398957327e-01 
4.6323095245e-05 5.1624713535e-02 
5.5970059372e-05 6.1504938883e-02 
7.3333331063e-06 1.0000000000e+00 
1.0471672588e-04 1.1107444693e-01 
2.9676148858e-05 1.1969375876e-01 
2.9311851405e-05 0.0000000000e+00 
2.1745162214e-04 1.0000000000e+00 
5.0166657294e-05 0.0000000000e+00 
3.4063891922e-05 2.5084951326e-01 
3.1460560378e-05 2.3492420906e-01 
8.6561551552e-05 1.5074524351e-01 
1.8274514184e-05 2.4531066289e-01 
1.7760699801e-04 3.4132878303e-02 
3.4317645283e-05 2.4533358328e-01 
1.1140542053e-04 1.0891110293e-01 
2.5636070055e-04 0.0000000000e+00 
6.6020423612e-05 1.6746807763e-01 
6.1756777843e-05 1.9747815223e-01 
2.6151574686e-05 1.0000000000e+00 
2.7704118394e-05 4.3370643348e-01 
6.0496125927e-04 0.0000000000e+00 
4.9327600657e-05 2.2135842916e-01 
3.0662103312e-04 0.0000000000e+00 
3.5937143004e-05 2.2305809989e-01 
7.1197287537e-06 1.0000000000e+00 
1.5170482324e-04 1.0000000000e+00 
3.0877906798e-05 2.6020429426e-01 
3.6020328033e-05 4.2737312131e-02 
6.6519448815e-05 2.5679082166e-01 
3.0728512528e-05 2.4912648780e-01 
2.3556711141e-04 1.1561533481e-01 
5.6503571859e-05 1.9024328292e-01 
5.6882828619e-04 0.0000000000e+00 
3.3315153183e-05 9.9959087079e-02 
1.5270841679e-04 6.5713052881e-02 
1.6005366193e-04 8.9237886280e-01 
4.8505186244e-04 0.0000000000e+00 
2.2319700584e-04 0.0000000000e+00 
1.3070354898e-05 2.2891152193e-01 
1.4254732024e-05 4.1168711675e-01 
6.0533125960e-05 1.0000000000e+00 
8.3595822374e-05 1.7726466908e-01 
5.0091292596e-05 1.0000000000e+00 
2.1789245906e-04 0.0000000000e+00 
5.1516376690e-05 8.3167873457e-02 
3.0025304868e-05 1.4785850636e-01 
2.0531245456e-04 0.0000000000e+00 
4.2412693052e-05 0.0000000000e+00 
1.5646541951e-04 8.2383862337e-02 
6.7700836408e-05 1.3560637372e-01 
2.2970635116e-05 9.5462449702e-02 
1.7432558053e-05 2.9676358616e-01 
4.9515705788e-05 0.0000000000e+00 
1.5719414908e-05 1.3460259078e-01 
2.7123908665e-05 1.3478607355e-01 
3.0196871738e-04 0.0000000000e+00 
3.8793102879e-04 1.0000000000e+00 
3.1315123003e-05 1.2336590591e-01 
2.6807141479e-05 2.4081230128e-01 
7.6359269768e-05 1.7297442877e-01 
7.8670936910e-05 1.4542016606e-01 
2.1259998591e-04 0.0000000000e+00 
2.1713167576e-05 2.6308517899e-01 
1.3474972460e-04 6.8862587372e-02 
1.0488791410e-04 1.1480562525e-01 
6.3785671368e-05 1.9109136315e-01 
8.5909945136e-05 9.3511693084e-02 
1.8771822414e-04 0.0000000000e+00 
3.3823288679e-05 1.5494450953e-01 
8.5666724052e-06 1.0000000000e+00 
8.5425694180e-05 1.4263123376e-01 
1.3109424366e-05 1.0000000000e+00 
1.1780995702e-04 1.3822197346e-01 
1.1070261030e-04 0.0000000000e+00 
1.6125403694e-04 1.0000000000e+00 
1.9603416764e-05 3.8292201777e-01 
2.8061649866e-05 6.9756276838e-02 
3.6107105772e-05 3.7137873444e-02 
3.8678578975e-05 2.1686021276e-01 
6.4210228407e-05 1.6575879280e-01 
5.1333689342e-05 2.3477507807e-01 
3.4191040624e-04 0.0000000000e+00 
5.2606247177e-05 2.0475285449e-01 
7.5262918785e-05 1.6724677582e-01 
1.4073056832e-05 1.0479965966e-01 
4.1779225405e-05 2.4268973133e-01 
1.4257391339e-05 3.1690005396e-01 
1.1925374352e-05 2.0689225605e-01 
3.0805265562e-05 0.0000000000e+00 
1.6827491345e-04 1.0000000000e+00 
3.6908727309e-05 2.1123055634e-01 
4.2784694907e-04 0.0000000000e+00 
1.2397131603e-04 2.2690268090e-01 
2.0510769655e-04 0.0000000000e+00 
3.6763773976e-05 5.1679317534e-02 
3.5035806126e-05 2.3777815902e-01 
5.9557929382e-04 0.0000000000e+00 
9.8262337178e-06 1.0000000000e+00 
2.6298544700e-04 0.0000000000e+00 
2.0178418179e-05 2.4350935837e-01 
7.0235704887e-05 1.7595516987e-01 
3.2266008310e-05 2.2971090814e-01 
8.2017187591e-06 1.0000000000e+00 
3.3151315434e-05 7.1992717686e-02 
1.9861608928e-04 0.0000000000e+00 
2.5033259061e-05 2.9942060637e-01 
3.5861464284e-05 1.1227577934e-02 
6.4059981761e-04 0.0000000000e+00 
2.6771804323e-04 0.0000000000e+00 
8.5321116887e-05 1.4993124094e-01 
6.3003588206e-05 1.8179186588e-01 
1.9327004986e-04 5.8349647996e-02 
3.4223775049e-05 3.5429292018e-01 
9.2256145909e-05 1.0000000000e+00 
3.4872078384e-05 1.0000000000e+00 
1.0025460751e-04 1.0000000000e+00 
9.9259839182e-05 1.2767826585e-01 
2.2473992543e-05 2.7879713487e-01 
1.5887440595e-04 4.3444096204e-02 
5.7493120362e-06 1.0000000000e+00 
1.9326222399e-05 1.9493515272e-01 
2.7911799238e-05 3.1200065734e-01 
2.1512631968e-05 2.6080026556e-01 
8.3678409473e-06 1.7556933968e-01 
5.1376549478e-04 0.0000000000e+00 
2.6239083563e-05 2.9141782492e-01 
8.7388891156e-05 1.0000000000e+00 
1.7485252194e-05 1.9570987426e-01 
9.5249867534e-05 1.3344481034e-01 
1.4993642087e-04 3.8178000421e-01 
9.0659797515e-05 1.3994264860e-01 
2.9343253973e-05 1.9159801845e-01 
3.3043671004e-05 5.9037042325e-02 
4.8680742370e-04 4.5083970523e-01 
1.8555093495e-05 2.9387498986e-01 
4.7357033218e-05 1.0000000000e+00 
3.6055338691e-05 0.0000000000e+00 
8.1379442106e-05 1.5486556110e-01 
8.6958768199e-05 1.0000000000e+00 
5.3989074356e-05 2.0398036346e-01 
8.0835737838e-05 1.9125037489e-01 
4.0430704859e-05 2.5558618520e-01 
4.3311264930e-05 8.1142739914e-02 
1.6443289618e-04 3.4506277694e-02 
2.9169714591e-04 0.0000000000e+00 
1.7579794223e-04 1.8122830838e-02 
1.8842256841e-05 1.0000000000e+00 
2.1551463994e-05 3.2626000723e-01 
5.6309004283e-05 1.7785677506e-01 
4.2169676733e-04 0.0000000000e+00 
7.1519129777e-05 2.1461988167e-01 
3.5037735868e-05 1.5680657056e-01 
2.2861106314e-05 2.9668280205e-01 
3.5702952123e-05 1.3646833240e-02 
1.7889518724e-04 0.0000000000e+00 
2.6276161502e-05 8.5560706132e-02 
7.3143291359e-04 1.0000000000e+00 
1.1745217476e-04 2.3736744705e-01 
7.3401495221e-05 1.0000000000e+00 
2.0714164225e-04 0.0000000000e+00 
2.2445285412e-04 0.0000000000e+00 
5.4227057788e-05 1.3585737114e-01 
3.5279307494e-04 0.0000000000e+00 
1.0107347880e-04 1.3298208825e-01 
7.9398108322e-06 1.0000000000e+00 
3.1879249167e-05 2.6421031440e-01 
1.4681510486e-05 9.9349646443e-02 
1.0669648036e-04 1.1856587717e-01 
9.7056147136e-06 1.0000000000e+00 
3.3680509158e-05 1.0000000000e+00 
4.1183439464e-05 0.0000000000e+00 
3.0136333153e-05 2.5588404845e-01 
5.4877133065e-05 2.1219413602e-01 
1.9586885486e-05 1.0000000000e+00 
6.0750863735e-05 1.6713433974e-01 
1.2648700903e-04 8.4482848677e-02 
3.2563261508e-05 2.3722201000e-01 
4.3157011349e-05 0.0000000000e+00 
9.4291914220e-06 4.8362479615e-01 
3.7587368367e-05 2.3676123797e-01 
4.4578041786e-05 2.8755175342e-01 
1.2837583076e-04 9.2472307661e-02 
1.5519069944e-04 3.6657751573e-02 
1.5509882491e-04 1.0000000000e+00 
8.8367856064e-05 7.8686163570e-01 
2.5058308091e-05 9.8080122732e-02 
7.5692389808e-05 1.6292415174e-01 
8.3869394419e-05 0.0000000000e+00 
1.8798381818e-04 0.0000000000e+00 
5.1499384475e-05 2.1094506760e-01 
5.7668099510e-06 1.0000000000e+00 
9.7245782181e-05 1.9394865217e-01 
2.3782253173e-05 1.3317834874e-01 
1.2452088649e-05 1.0000000000e+00 
8.2204995580e-05 1.6430907481e-01 
5.8936337145e-05 1.8692113861e-01 
1.0952459219e-04 0.0000000000e+00 
1.4611814649e-04 1.0101540290e-01 
3.0230862898e-04 0.0000000000e+00 
7.4779761323e-05 1.5044848674e-01 
1.2871897916e-04 1.0000000000e+00 
3.8580428361e-05 1.0930582500e-01 
1.3209450987e-05 3.1394870036e-01 
5.6477193849e-05 1.0211026772e-01 
8.6044101641e-05 1.2479994440e-01 
8.1840107258e-05 1.7112432101e-01 
2.0081528285e-04 0.0000000000e+00 
6.5399673922e-05 2.6889497903e-02 
3.4741090271e-05 1.1257460002e-01 
1.2016168720e-04 1.3727189298e-01 
4.7510069850e-04 0.0000000000e+00 
2.9445624579e-04 0.0000000000e+00 
1.7291037306e-04 4.8449994556e-01 
3.0655438487e-05 0.0000000000e+00 
3.5274632279e-04 0.0000000000e+00 
3.3465244276e-05 1.0000000000e+00 
1.0532371399e-05 1.0000000000e+00 
5.6797032732e-05 1.8037857701e-01 
1.2527801545e-05 1.0000000000e+00 
2.3589284704e-05 2.5593530367e-01 
1.6944545900e-04 0.0000000000e+00 
1.3451273814e-04 7.4783157680e-02 
1.3601274177e-04 7.5104057126e-02 
1.5219374549e-04 5.1270419824e-01 
1.2580206514e-05 3.1188264733e-01 
5.6768983888e-05 1.7985655456e-01 
5.0517639897e-05 2.2404264267e-01 
7.8063277304e-05 1.6572034245e-01 
6.7944479530e-05 1.8799150568e-01 
7.6740889197e-05 2.6671531968e-01 
3.0078888086e-05 1.6047200727e-01 
8.1457992970e-05 1.6959782788e-01 
1.7540525663e-05 2.9203786194e-01 
9.1306014119e-05 1.3176538126e-01 
1.5528480048e-05 1.0000000000e+00 
6.0865224267e-05 2.3295562556e-01 
1.6567001648e-05 1.0000000000e+00 
4.2519903508e-05 0.0000000000e+00 
3.8414887665e-05 9.0425040195e-03 
1.3609153100e-05 2.5314678892e-01 
2.3170196075e-05 3.3759401908e-01 
3.6376465022e-05 2.3674055045e-01 
6.0249397156e-05 2.1095295013e-01 
1.8506831917e-05 2.8227270889e-01 
1.8617365461e-04 0.0000000000e+00 
6.1444188923e-05 1.6707259148e-01 
3.5063463159e-05 2.3400915822e-01 
3.2903617262e-04 0.0000000000e+00 
9.4226873179e-06 1.0000000000e+00 
2.9760160137e-05 7.2200668051e-02 
1.5929614861e-05 4.4970253591e-01 
8.1763953160e-06 1.0000000000e+00 
2.5924804551e-05 1.0119745937e-01 
2.7409131365e-05 2.6618343990e-01 
4.3437335168e-05 2.2885442440e-01 
1.3337407128e-04 1.0000000000e+00 
3.8810695853e-05 2.4169767597e-01 
4.5539588792e-05 1.7287062904e-01 
2.1783015824e-05 5.6433304921e-02 
6.6000249468e-05 1.0000000000e+00 
3.1885330162e-05 1.0000000000e+00 
1.8613642362e-05 3.0072860541e-01 
3.6429559262e-05 1.1618674661e-01 
6.9231564051e-05 0.0000000000e+00 
5.9556344421e-05 0.0000000000e+00 
2.7435673573e-05 1.0220199878e-01 
5.8580865095e-05 1.6760681724e-01 
1.8999302463e-05 6.9608610937e-02 
5.8090615573e-05 1.8829243753e-01 
3.3386595522e-05 2.4894865721e-01 
7.6058906837e-05 1.4277131222e-01 
9.6918244512e-05 1.0000000000e+00 
3.6100693638e-05 2.5013828926e-01 
2.3048499391e-04 9.3073188875e-01 
3.2491658056e-05 2.4399533021e-01 
4.9350153223e-05 8.2980404127e-01 
7.3014300177e-06 1.0000000000e+00 
1.4906480481e-05 2.5224678260e-01 
5.1566032532e-06 1.0000000000e+00 
1.7341796503e-05 3.1422383818e-01 
3.3727138873e-04 0.0000000000e+00 
8.5318150873e-04 1.0000000000e+00 
1.7936943175e-04 0.0000000000e+00 
1.6068070681e-05 1.0000000000e+00 
1.0518109933e-05 1.0000000000e+00 
2.6305831061e-04 1.0000000000e+00 
6.4505363998e-05 1.7430968493e-01 
2.0358665730e-05 2.9198785902e-01 
4.3148037442e-05 2.3336750299e-01 
5.9575782407e-05 1.8264682005e-01 
1.1767246762e-04 5.3574198986e-03 
3.3235211610e-05 0.0000000000e+00 
1.4124245944e-04 1.0000000000e+00 
6.2542421867e-04 9.9314923953e-01 
1.0149952019e-04 1.1884354895e-01 
1.5021823467e-05 9.3036976146e-02 
1.5204774740e-04 8.6665421958e-01 
1.4518728806e-05 5.2287799185e-01 
2.8513974631e-04 0.0000000000e+00 
7.7681586778e-05 0.0000000000e+00 
8.6584074567e-06 1.9158882104e-01 
7.3111573582e-05 1.0000000000e+00 
2.2380928410e-05 3.1037146185e-01 
2.0704159943e-04 9.5183758841e-01 
8.4928109465e-05 1.6865335385e-01 
4.9920679719e-05 1.8857256686e-01 
1.3306407470e-04 7.5056733084e-02 
3.0095624030e-05 2.3311281270e-01 
1.7918544349e-04 0.0000000000e+00 
2.9507041830e-05 2.8456423418e-01 
2.8714605177e-05 2.4537444648e-01 
2.7839227146e-04 0.0000000000e+00 
1.1182259337e-04 1.4105156735e-01 
1.8261187875e-05 3.0741896812e-01 
5.6848701120e-05 8.0997927063e-02 
1.2862694608e-04 1.2237859753e-01 
1.4211270627e-04 5.4642120459e-02 
1.7118061518e-04 1.1733673874e-01 
7.6120470230e-05 1.6513792364e-01 
1.8536023055e-05 1.0000000000e+00 
8.8525523276e-06 1.0000000000e+00 
5.0386732230e-05 1.0000000000e+00 
1.6731326015e-05 1.8048285219e-01 
1.4400954960e-05 3.1902097536e-01 
1.6019419323e-05 7.1341160288e-01 
7.1220405451e-05 1.7130475139e-01 
7.6943818302e-05 2.3920781435e-01 
3.6669186381e-04 0.0000000000e+00 
7.5689129318e-05 1.7091846963e-01 
5.2409251733e-05 2.7466861261e-01 
1.7752504019e-04 0.0000000000e+00 
7.6184905836e-06 1.0000000000e+00 
4.8584236639e-05 0.0000000000e+00 
1.5687962236e-04 1.0000000000e+00 
6.6408141588e-04 0.0000000000e+00 
7.5112756042e-05 1.4849769499e-01 
8.4591430421e-05 1.3608614904e-01 
2.7382462406e-05 1.7851292847e-01 
5.6146425447e-05 1.9619143161e-01 
1.2405910028e-04 9.1538249909e-02 
5.5131049545e-05 2.0318030575e-01 
1.7469945476e-04 6.3362143130e-01 
7.6103421759e-05 1.0000000000e+00 
4.3327597656e-05 2.3665991634e-01 
3.4407590030e-05 0.0000000000e+00 
1.9231132579e-04 0.0000000000e+00 
1.9922497473e-04 0.0000000000e+00 
6.3832620884e-05 1.8050532963e-01 
5.2045551476e-05 0.0000000000e+00 
3.0763240122e-05 2.7573760492e-01 
2.0355284791e-04 1.0000000000e+00 
