5.9246890970e-09 1.3761376748e+04 7.8986340309e-01 
1.8563932592e-09 2.2667694048e+04 9.3479505653e-01 
8.0338411809e-10 1.1264496930e+04 1.4387306244e+00 
7.5829510628e-08 1.5088361839e+04 6.8450051152e-01 
1.4924149724e-08 1.1278710183e+04 2.5315629575e-01 
3.1634542153e-09 1.2317994941e+04 1.1906472938e+00 
6.4907164018e-11 1.7751738155e+04 7.9353844616e-01 
2.9262339578e-09 1.7280004118e+04 7.7037146712e-01 
1.3759815700e-11 1.3125817357e+04 4.0787400214e-01 
4.1099759804e-10 1.2139504177e+04 3.9733273301e-01 
2.9576713673e-09 1.3425661725e+04 5.6720128648e-01 
1.1952011552e-09 1.4071413531e+04 1.0547223544e+00 
5.1971058060e-10 1.4945286371e+04 4.0622600386e-01 
1.1472815215e-06 1.3447791859e+04 1.3417306465e+00 
1.6407643224e-08 1.6878588387e+04 7.8551839202e-01 
8.7642389511e-08 1.1528073540e+04 6.6610196889e-01 
8.6868413313e-09 1.3633310312e+04 1.2685164521e+00 
1.0598918160e-10 1.2628474696e+04 4.6815347893e-01 
7.6932051439e-08 1.1300373620e+04 1.1912732603e+00 
3.6855368816e-11 1.4432383137e+04 5.3222152481e-01 
1.1336684531e-07 1.8026951961e+04 2.2000300319e-01 
7.5040586085e-06 1.9276278700e+04 3.9505990428e-01 
6.1097235856e-10 1.2576993465e+04 7.8116090929e-01 
3.2885906040e-10 1.1715471085e+04 1.1897032749e+00 
4.6044573032e-09 1.2139709902e+04 9.9786783160e-01 
6.1021746138e-09 1.2302119024e+04 4.5962492906e-01 
2.4552529932e-07 1.4585402939e+04 5.7437453648e-01 
3.0458193376e-09 1.5238554612e+04 6.4567506408e-01 
5.3341221745e-10 1.1261559745e+04 6.6425779045e-01 
1.9447064183e-10 2.1268633769e+04 1.4241531909e+00 
5.7053627833e-09 1.3379110048e+04 1.2354043266e+00 
4.3831862276e-08 1.3112259855e+04 1.0230882469e+00 
2.3590695778e-09 1.3555602115e+04 8.4717909477e-01 
2.8058496055e-10 1.4408355622e+04 4.3947629110e-01 
5.5228059441e-09 1.2806236685e+04 1.1117301136e+00 
8.3050939350e-08 1.1367958960e+04 1.0653663885e+00 
1.3215589233e-09 2.2105410906e+04 9.6703761705e-01 
2.8987607235e-07 1.2141868517e+04 7.1282732115e-01 
4.5734435224e-06 1.1516492314e+04 1.0858565103e+00 
1.0594890003e-09 1.1770812481e+04 3.0796128844e-01 
2.6679665571e-08 1.4238222448e+04 2.2786534376e-01 
1.2801374787e-05 1.1614026397e+04 7.3193895507e-01 
7.0528072249e-09 1.4573828108e+04 8.3460584274e-01 
7.3659875101e-11 1.3124437231e+04 1.0583499085e+00 
1.2039630114e-08 1.3893532072e+04 2.4551680865e-01 
8.4390339690e-06 1.1487994360e+04 9.1739426726e-01 
4.1894460168e-11 1.1871042502e+04 7.8445575101e-01 
1.5791128024e-10 1.1845787193e+04 6.8384215286e-01 
8.6822971707e-11 1.1931700659e+04 4.4682421821e-01 
2.4512754636e-09 1.1583153880e+04 1.0892189443e+00 
1.9098266466e-08 1.2912292140e+04 1.2748520983e+00 
4.1676456341e-08 1.1346641775e+04 1.1014365373e+00 
1.4127728698e-08 1.1948734628e+04 8.1255157663e-01 
6.4579885622e-10 1.4645747334e+04 5.8697840918e-01 
2.9225887180e-09 1.4099328413e+04 5.4197450159e-01 
1.2745230596e-09 1.1973358455e+04 5.0746313187e-01 
6.2080408583e-07 1.3542038122e+04 1.1882114897e+00 
1.0265777083e-07 1.4385025302e+04 4.5784260084e-01 
4.1271711419e-07 1.1703444926e+04 7.0193514250e-01 
9.3394694234e-09 1.4074295451e+04 4.6155382705e-01 
1.0108531796e-09 1.1316161867e+04 9.8842542970e-01 
5.0900659273e-08 1.4821750869e+04 1.2626223608e+00 
9.9231850411e-10 1.1783467144e+04 1.4953811054e+00 
1.2189539553e-11 1.6459766625e+04 4.7735428088e-01 
2.4402260565e-07 1.8617773406e+04 8.2331298516e-01 
5.4367611844e-09 1.4111077183e+04 6.7861731111e-01 
2.4509875953e-10 1.2678431650e+04 5.9646257141e-01 
8.4081552200e-07 1.6885954413e+04 1.2541428939e+00 
1.0014470645e-08 1.2344860776e+04 3.6030530244e-01 
1.1550719757e-10 1.2059621853e+04 6.9264209422e-01 
2.3823762911e-09 1.3959783582e+04 1.0134994633e+00 
1.2980898485e-08 1.6739351597e+04 3.0600514473e-01 
4.4912720953e-07 1.7663685811e+04 7.0195852036e-01 
2.7380805256e-09 1.2801829088e+04 7.0255955971e-01 
1.7819360044e-11 1.1385782054e+04 1.0513431103e+00 
9.3426204621e-11 1.2568948236e+04 1.2933868786e+00 
4.7889790017e-10 1.2264517212e+04 1.0964662454e+00 
8.9091144086e-08 1.2998738970e+04 6.4992933302e-01 
1.0896740835e-06 1.4758200483e+04 8.9768426601e-01 
2.5812741078e-10 1.4801621402e+04 1.0179226466e+00 
3.7111947709e-08 1.2431797240e+04 7.2900982041e-01 
3.3462430656e-10 2.1618679057e+04 4.1368244936e-01 
2.0524154910e-11 1.1372053676e+04 1.2382547129e+00 
4.3412468034e-10 1.5637761777e+04 2.6257135371e-01 
9.4194760934e-11 1.8161113959e+04 2.8235666340e-01 
4.3916201961e-09 1.6239887745e+04 1.0127230155e+00 
1.0331551509e-07 1.6030799065e+04 1.2640109916e+00 
9.9821103359e-10 2.5000000000e+04 7.6581866525e-01 
4.5656291174e-09 1.1519447515e+04 3.8071924380e-01 
1.2350696456e-08 1.2375325786e+04 7.9425772277e-01 
7.2892695969e-09 1.9661290285e+04 4.5983343433e-01 
1.2590230199e-08 1.1528383669e+04 4.6040799755e-01 
1.1438939800e-08 1.8795425095e+04 4.2801927106e-01 
3.7398645274e-08 1.5606172629e+04 1.1895788961e+00 
1.8025046751e-09 2.0546175762e+04 9.7733503232e-01 
6.6671929203e-08 1.5486027934e+04 6.0790399091e-01 
2.8327788195e-11 1.4625097796e+04 6.3878603189e-01 
4.1922934414e-10 1.3060767063e+04 1.0846585481e+00 
3.3586721675e-10 2.2355602733e+04 1.0326553659e+00 
8.9445863216e-09 2.0583842840e+04 3.0310047428e-01 
7.4013093663e-10 1.2510147532e+04 6.6236050256e-01 
1.5763387844e-10 1.3192565192e+04 4.4907528521e-01 
1.2522981107e-07 1.2425207015e+04 1.2740824578e+00 
3.8068211345e-10 1.1567655638e+04 8.9934404531e-01 
7.7061083774e-10 1.2776709314e+04 8.7832122103e-01 
1.5557109680e-07 1.3405833855e+04 1.1117144135e+00 
1.5487397056e-06 1.1989040654e+04 8.1637277635e-01 
1.4674801699e-08 1.4463321532e+04 5.4233539127e-01 
2.4661258153e-08 1.2028055274e+04 9.2623387247e-01 
1.7643644740e-05 1.1513038126e+04 8.6307227117e-01 
6.7489327049e-09 1.4630510470e+04 1.0857335151e+00 
3.2749601087e-09 1.2261634807e+04 8.5807119938e-01 
4.6783751215e-10 1.1473428574e+04 1.5178365878e+00 
1.5151603608e-11 1.2314458524e+04 8.4372854880e-01 
1.2268971527e-10 1.1448625413e+04 3.4537038891e-01 
3.3470997003e-08 1.3478026341e+04 5.6778079691e-01 
1.0731812333e-08 1.3668285359e+04 9.8816805409e-01 
1.6000169657e-08 1.4293190835e+04 9.0353553284e-01 
6.0609706583e-09 1.1810413979e+04 3.4789729514e-01 
4.4272593432e-10 1.1483808635e+04 5.2653464458e-01 
2.5500636489e-11 1.4240876087e+04 7.1989959656e-01 
1.1393682449e-10 1.9419714708e+04 8.9041527230e-01 
5.4957918831e-10 1.1977474731e+04 1.4314996054e+00 
2.4525377206e-09 1.1590428049e+04 7.4780021450e-01 
3.9393444555e-10 1.1996634442e+04 3.9546250402e-01 
7.2028562059e-08 1.4296555782e+04 9.1290618522e-01 
4.5695454967e-06 1.7176171164e+04 1.3427228440e+00 
1.7450862436e-08 1.3519395529e+04 5.9093289094e-01 
8.0810394806e-10 1.1271674813e+04 1.0593034424e+00 
1.4971777912e-09 1.4866840613e+04 5.9929113657e-01 
1.0249256626e-11 1.5065675793e+04 1.2033672212e-01 
3.2551001721e-10 1.2011623126e+04 1.4721660831e+00 
1.1814963215e-09 1.1453803177e+04 6.3430556822e-01 
3.8448047946e-09 1.3995928043e+04 9.7355157996e-01 
7.8821103190e-08 1.3551841978e+04 7.4053106721e-01 
3.0724731287e-09 1.3466491630e+04 5.2968005855e-01 
5.4396784574e-06 2.3229334828e+04 7.4302938517e-01 
4.6862068355e-08 1.1348523553e+04 3.3246029000e-01 
3.3475507839e-08 1.5732123010e+04 3.5703153593e-01 
2.5345206741e-08 1.1840774337e+04 1.0755440368e+00 
1.1380089989e-05 1.1249490849e+04 8.5675575381e-01 
2.1808325376e-06 1.1583509513e+04 1.0812537163e+00 
7.0667095583e-10 1.6924460836e+04 7.2930612406e-01 
4.4071883265e-10 1.2645955484e+04 5.1667213036e-01 
3.2859859916e-10 1.4649865330e+04 9.3873522331e-01 
4.0729617206e-10 1.7891158449e+04 1.0299680398e+00 
3.1670728761e-07 2.5000000000e+04 7.7050847379e-01 
1.6713693336e-08 2.0794313112e+04 5.8838779900e-01 
1.6949811859e-05 1.3742267328e+04 9.6314697667e-01 
1.3278137102e-07 1.4831674671e+04 6.9300545006e-01 
4.1639384548e-10 1.2649567553e+04 3.7213907199e-01 
7.5909294001e-06 1.4382530582e+04 8.5786418682e-01 
2.0485996424e-08 1.2162026874e+04 7.8021058219e-01 
1.3445744603e-10 1.4658479967e+04 4.2094544889e-01 
9.5929795350e-08 1.3779325793e+04 7.3399151387e-01 
1.4598211479e-08 1.2171664815e+04 9.4689925023e-01 
1.2679564760e-09 1.1948693440e+04 7.9676882859e-01 
7.6895290833e-09 1.3437869930e+04 3.8925500070e-02 
1.0356066120e-09 1.1783420725e+04 1.1269935616e+00 
3.1727714664e-08 1.5900258171e+04 3.2132997918e-01 
4.2789041988e-10 1.1724993371e+04 6.8538269937e-01 
3.7367025829e-09 1.2252970106e+04 3.0119889046e-01 
1.8526789478e-08 1.3737791802e+04 9.2596873188e-01 
1.1469729109e-08 1.2635231941e+04 2.5050119495e-01 
5.1723746045e-07 1.1432308905e+04 1.1637033825e+00 
6.2613245280e-11 2.5000000000e+04 1.9835863751e-01 
1.0587880427e-06 1.4431554378e+04 5.0683650328e-01 
8.1601957686e-10 1.8307410311e+04 2.9235627774e-01 
2.8166482590e-10 1.3211609308e+04 5.3940226194e-01 
7.0687170585e-08 1.1806905380e+04 1.3343060881e+00 
2.5826260787e-09 1.2187391071e+04 6.5221659665e-01 
2.0553954496e-09 1.1240114310e+04 1.1767742284e+00 
6.4451138970e-10 1.6388214555e+04 1.0494026195e+00 
3.0230049304e-07 2.1204672490e+04 5.3350708380e-01 
8.5550131601e-10 1.2315768160e+04 1.0764557581e+00 
9.6640171673e-09 1.5121117283e+04 1.0967647479e-01 
5.0917720470e-09 1.2077479916e+04 1.0381377004e+00 
3.0929724723e-06 1.1200334482e+04 1.2060134621e+00 
2.4883035688e-07 1.2399402582e+04 9.5388844872e-01 
2.4007281315e-09 1.8021263372e+04 3.6191056094e-01 
5.8108705292e-08 1.5101054741e+04 9.1216067109e-01 
8.4586469678e-10 1.6682787474e+04 1.0165994694e+00 
1.4472010518e-08 1.1695803236e+04 6.8742392142e-01 
3.1866503252e-11 2.5000000000e+04 8.3288154087e-01 
1.1279187150e-08 1.3728683106e+04 1.0709233645e+00 
1.6542674259e-10 1.1897374163e+04 1.0363233693e+00 
2.1570805676e-09 1.9434018930e+04 2.5078434585e-01 
3.1361577756e-06 1.1478456119e+04 7.6943305569e-01 
1.3994998159e-09 2.0640897550e+04 1.2788693172e+00 
2.4458441539e-07 1.1584869487e+04 1.2032041082e+00 
8.4668525609e-11 1.1849410866e+04 6.0525026473e-01 
3.9814983299e-10 1.2455785798e+04 1.1226511518e+00 
1.0069511675e-05 1.1292958508e+04 4.3008873298e-01 
2.3581758625e-09 1.1250574559e+04 1.0672404643e+00 
1.6014270387e-09 1.1689105551e+04 4.1892210196e-01 
1.1956669113e-10 1.3852802004e+04 1.0283945568e+00 
4.3818976564e-09 1.2484424543e+04 2.6494487438e-01 
7.7908245935e-10 1.3443863927e+04 8.5869396867e-01 
