Radius [m]       Fe Area [frac]    Max Temp [k]    
2.0578977934e-05 3.1405258363e-01 2.4105911772e+03 
2.6100863449e-05 2.6166641531e-01 1.9683099562e+03 
2.9394879587e-05 9.6315055147e-02 2.2660625463e+03 
8.9884941021e-06 3.6630504148e-01 2.4101202831e+03 
5.3989150901e-05 2.3520692519e-01 1.9918714902e+03 
3.7884418139e-05 2.6664894901e-01 1.9634908765e+03 
5.9038021029e-05 8.3000530317e-02 2.4113450118e+03 
1.1154783417e-05 2.6041834964e-01 1.9658757052e+03 
1.7789880897e-05 3.0777662730e-01 2.4135543719e+03 
1.0082589473e-04 1.7138347790e-01 2.6112018796e+03 
8.9375503024e-05 2.1710681901e-02 2.3947109928e+03 
7.4576771521e-05 4.0858312295e-02 2.1739534010e+03 
8.4698999500e-06 1.0000000000e+00 1.4323492717e+03 
2.3646170011e-05 1.0000000000e+00 1.4644041206e+03 
1.2768002953e-05 2.8378136690e-01 1.9468647502e+03 
7.5304643481e-05 2.2757982503e-01 2.4814942148e+03 
2.5722809617e-05 1.0212750213e-01 2.3010247066e+03 
1.6051435129e-04 1.7204645602e-01 2.5977434185e+03 
2.1022493220e-05 3.6741276379e-01 2.4291137747e+03 
3.8776091603e-05 2.7064389434e-01 2.5315287140e+03 
6.7617180595e-06 3.6251405557e-01 2.3894949654e+03 
1.2652953561e-05 3.5945329060e-01 2.3887666393e+03 
1.6358880526e-05 1.0000000000e+00 1.4582724258e+03 
3.8212895950e-05 1.9347120769e-01 2.0365618555e+03 
2.3871194215e-05 8.3439237866e-02 2.1484500920e+03 
1.1601927793e-04 1.6317465164e-01 2.5814491258e+03 
2.2868876782e-05 3.0435522772e-01 1.9300645639e+03 
1.7597666408e-05 2.8055699286e-01 1.9487427829e+03 
2.5806337295e-05 2.6750686167e-01 2.4138178911e+03 
2.9896203850e-04 0.0000000000e+00 2.7614276531e+03 
3.9626616039e-05 0.0000000000e+00 2.2959829688e+03 
1.2167847206e-04 1.6509642219e-01 2.5622458686e+03 
6.8950029217e-05 2.5952522553e-01 1.9689998230e+03 
3.1898506226e-05 1.0000000000e+00 1.5433868259e+03 
5.2498843221e-05 2.0632082538e-01 2.4686408966e+03 
4.7768458591e-06 1.0000000000e+00 1.2931627467e+03 
5.1413462732e-06 1.0000000000e+00 1.3107845510e+03 
4.4833963104e-05 3.6037618913e-01 1.8874010782e+03 
1.6040846168e-04 1.3077880593e-01 2.0973663470e+03 
5.7988654600e-05 6.1705899954e-02 2.3803023050e+03 
1.1694342991e-04 1.7569616955e-01 2.5545649674e+03 
6.3653628422e-05 2.0416891786e-01 2.4720844443e+03 
2.8962967222e-05 8.3923855288e-02 2.2989013307e+03 
1.7830403423e-05 2.7120224916e-01 1.9571882194e+03 
7.9817786497e-05 2.0745016126e-01 2.6236085029e+03 
1.0657727473e-04 1.7357571704e-01 2.5107461374e+03 
4.3216361091e-05 2.5746163557e-01 1.9710913135e+03 
2.4829360501e-05 3.0952103686e-01 2.3617697099e+03 
1.1378163005e-04 0.0000000000e+00 2.2133311863e+03 
1.0588979514e-05 1.0000000000e+00 1.6209342162e+03 
1.1555604306e-05 3.5074438684e-01 1.8952057176e+03 
4.1296284845e-05 2.7912586284e-01 2.5007209565e+03 
1.3567425323e-05 1.0000000000e+00 1.4162040814e+03 
3.6186634577e-05 1.4680788729e-01 2.0837794165e+03 
6.1257769392e-05 2.4627051976e-01 1.9814934786e+03 
8.3207868080e-06 3.4538121319e-01 2.6715163540e+03 
1.9988671123e-05 1.0000000000e+00 1.8083880952e+03 
5.1595272103e-05 0.0000000000e+00 2.2975764824e+03 
8.3460856715e-06 1.0000000000e+00 1.4770610752e+03 
7.3440497238e-06 3.6695977009e-01 2.4310020713e+03 
2.1853094923e-04 1.2548650563e-01 2.6141434459e+03 
4.7029654579e-05 4.1246692644e-02 2.2027027488e+03 
6.1560503031e-05 1.3264102517e-01 2.0954308802e+03 
9.4487722583e-05 1.9650758487e-01 2.5852689881e+03 
2.0522318411e-05 2.2782384056e-01 1.9976776179e+03 
8.7486196357e-06 3.3693691278e-01 2.3665063885e+03 
3.2634019717e-05 2.7889773023e-01 2.3947265955e+03 
1.1450556942e-05 1.0000000000e+00 1.8009746309e+03 
5.4978881283e-04 1.0000000000e+00 8.1382966401e+02 
1.9510269455e-04 0.0000000000e+00 2.3885516464e+03 
7.1762709867e-05 2.0025053521e-01 2.5073188552e+03 
6.3898016859e-05 2.4185692540e-01 2.4755987827e+03 
5.8242384067e-05 2.1789580741e-01 2.4290798761e+03 
6.0461415096e-05 8.6572412074e-02 2.4184877021e+03 
3.2467547005e-05 2.3710098736e-01 1.9868363720e+03 
8.4817974159e-05 1.9647496040e-01 2.5828737284e+03 
4.4827631024e-05 1.6237988126e-01 2.0661114583e+03 
2.9625816486e-05 9.4481340851e-02 2.1364580362e+03 
1.1243898377e-04 0.0000000000e+00 2.3938974714e+03 
2.6412138425e-05 2.5047557462e-01 2.4103352997e+03 
5.6411816056e-05 2.5854205164e-02 2.3864197147e+03 
1.0020112462e-04 1.6177324235e-01 2.5016993108e+03 
1.0315616425e-04 2.3686889721e-01 2.5327272632e+03 
2.0545282309e-05 2.8345015558e-01 1.9474648366e+03 
5.7545578767e-05 0.0000000000e+00 2.2855900408e+03 
1.1307974333e-04 1.6175691283e-01 2.6289010577e+03 
4.1455266128e-05 7.3350486967e-02 2.1505549619e+03 
1.2694341703e-05 1.0000000000e+00 1.7875477792e+03 
5.3113409253e-06 1.0000000000e+00 1.5008591310e+03 
5.1201032174e-05 0.0000000000e+00 2.2897944354e+03 
8.8524114634e-05 0.0000000000e+00 2.3947363156e+03 
4.7492107115e-05 2.9247120714e-01 2.5028127220e+03 
3.9848603645e-05 2.1483602505e-01 2.0135152186e+03 
1.9273181246e-05 4.2300798045e-01 1.8504787127e+03 
1.2699556331e-05 1.0000000000e+00 1.5977242658e+03 
1.7339392907e-05 1.0000000000e+00 1.4396282622e+03 
8.4894234342e-05 1.7250731197e-02 2.1851233708e+03 
3.9481256445e-05 1.1373173724e-01 2.1200290334e+03 
3.4127444013e-05 3.1672370577e-01 2.4264037604e+03 
4.5963759572e-06 1.0000000000e+00 1.3148519627e+03 
5.4083778129e-05 2.4150438302e-01 1.9880859939e+03 
2.2622286613e-05 3.6601703953e-01 1.8843968284e+03 
8.5744752624e-06 3.5556297167e-01 2.3634863753e+03 
1.5179369496e-05 1.0000000000e+00 1.5853992316e+03 
1.2325523080e-04 1.5793453983e-01 2.6382322667e+03 
7.7612093434e-06 1.8418201879e-01 2.0457138104e+03 
6.4917289899e-05 1.9494754124e-01 2.4262419277e+03 
4.2192680995e-05 0.0000000000e+00 2.2956061859e+03 
9.9217264389e-06 1.0000000000e+00 1.7676210490e+03 
2.2133189414e-05 2.1110733336e-01 2.3146136334e+03 
6.0069750129e-05 3.5274719297e-01 1.8906608729e+03 
3.4902639421e-05 1.7681934259e-01 2.3301954826e+03 
1.3921229761e-05 3.2217857836e-01 2.3655854637e+03 
2.0929522064e-04 1.0530762013e-01 2.6585447161e+03 
1.4040874439e-04 1.5303914568e-01 2.5728737779e+03 
2.2851024258e-05 6.1524700941e-02 2.2496343246e+03 
2.3471556307e-05 2.9541163092e-01 2.6726240873e+03 
5.7950243681e-05 5.4767887865e-02 2.4114489447e+03 
5.5760567400e-05 0.0000000000e+00 2.2849578484e+03 
1.1937550255e-05 1.0000000000e+00 1.7418610999e+03 
2.7209519729e-05 5.0621646480e-01 1.8206279219e+03 
2.7637878351e-05 1.7480818006e-01 2.0524891035e+03 
9.9123961612e-05 1.7369131908e-01 2.5021990022e+03 
4.7891711789e-05 2.3778763659e-01 2.5030394715e+03 
2.3857577585e-04 2.0329585017e-01 2.5218166717e+03 
1.8458042046e-05 1.3201144601e-01 2.1008967379e+03 
4.0672866662e-06 1.0000000000e+00 1.7478224668e+03 
6.7327689650e-05 3.2626386678e-01 1.9121029636e+03 
1.3126512813e-05 3.2546639520e-01 2.4695499470e+03 
2.3196617489e-05 2.8726539430e-01 2.4089755205e+03 
2.7348164626e-04 1.3247292704e-01 2.5818070984e+03 
9.9956734623e-05 1.9544151819e-01 2.4782107213e+03 
1.7839273000e-04 1.6727916304e-01 2.5768073306e+03 
1.5792239318e-04 1.6988872794e-01 2.5320919024e+03 
5.0029185952e-05 1.5276104932e-01 2.0785829981e+03 
7.3061990996e-05 0.0000000000e+00 2.2294230231e+03 
4.6565040833e-05 1.5257786427e-02 2.1959143031e+03 
6.8534721153e-05 0.0000000000e+00 2.3513680075e+03 
1.3026168858e-04 1.0000000000e+00 3.5041355088e+02 
3.1038934302e-05 2.7732538436e-01 2.4476431046e+03 
2.4532132145e-05 1.0000000000e+00 1.7193684632e+03 
2.6609818569e-05 1.0000000000e+00 1.6823315723e+03 
2.0165746085e-05 3.1727876998e-01 2.4963758737e+03 
9.0623117841e-06 1.6915428345e-01 2.2325014112e+03 
1.4633558696e-05 3.7589832170e-01 1.8765950693e+03 
1.5080044204e-05 3.3720117688e-01 2.5182532558e+03 
1.1467984471e-04 2.7634213261e-01 1.9542028474e+03 
1.1250103340e-04 2.8465890256e-01 2.3829651827e+03 
6.3710778039e-05 2.3145940360e-01 2.6353842224e+03 
1.4818178879e-05 3.1879798934e-01 2.4352272482e+03 
5.2079090177e-05 2.1783072224e-01 2.0104079411e+03 
7.2994802314e-06 1.0000000000e+00 1.5654796491e+03 
3.4287753621e-05 8.9341312603e-03 2.2375058762e+03 
5.7929300817e-05 3.0311516617e-01 1.9315149705e+03 
2.4332580391e-05 4.4281864880e-01 1.8412049495e+03 
3.6271111381e-05 7.1381500529e-02 2.3311196703e+03 
1.0291009936e-04 1.7759560701e-01 2.5655316122e+03 
3.7858304460e-04 0.0000000000e+00 2.7430252574e+03 
3.5731584016e-05 4.7315778041e-02 2.2953064676e+03 
1.6313174010e-05 1.0000000000e+00 1.7488781861e+03 
2.0460212700e-04 1.1798456808e-01 2.6492670891e+03 
4.8843091662e-05 2.4643077830e-01 2.6282906019e+03 
5.8491562616e-05 2.4264971665e-01 2.4809559494e+03 
1.8387459908e-04 1.7868855226e-01 2.5933365743e+03 
6.7259747385e-05 3.8097786058e-02 2.1766702565e+03 
4.7923128724e-05 0.0000000000e+00 2.2731297150e+03 
8.2028712038e-05 2.2846618796e-01 2.5114844990e+03 
4.9957189820e-05 4.2262848442e-02 2.1928375582e+03 
1.1429486820e-04 0.0000000000e+00 2.4325893826e+03 
7.1198377978e-06 4.8725868749e-01 1.8289898838e+03 
9.7830639187e-05 0.0000000000e+00 2.2649396207e+03 
3.6903251471e-05 9.1457341881e-02 2.1392621206e+03 
2.8859567623e-05 1.0000000000e+00 1.8071788393e+03 
6.3092859349e-05 1.5113967035e-01 2.4526802706e+03 
4.1104708177e-05 2.8627262210e-01 2.3996955852e+03 
1.4726403736e-05 1.0000000000e+00 1.1373718055e+03 
6.4322590249e-05 0.0000000000e+00 2.3414984807e+03 
4.0272624142e-05 3.8872139929e-02 2.1791196477e+03 
1.2836912282e-05 3.5569569989e-01 2.3646379739e+03 
2.1577016901e-05 2.1055845097e-01 2.3012743237e+03 
7.2056053084e-05 2.0565893999e-01 2.4488910267e+03 
7.5712733997e-05 0.0000000000e+00 2.3313365391e+03 
1.1324599218e-05 1.0000000000e+00 1.7002039988e+03 
6.1068388396e-05 0.0000000000e+00 2.3103278009e+03 
1.9271424797e-05 1.0000000000e+00 1.7434049719e+03 
4.3471119876e-05 2.6124855785e-01 2.5761004233e+03 
5.1414130643e-05 2.8472634281e-01 2.5352068859e+03 
2.1181099931e-05 4.7150166085e-01 1.8320848884e+03 
2.5997973271e-05 1.3978671266e-01 2.0887682136e+03 
5.2886682733e-05 0.0000000000e+00 2.2969039723e+03 
2.7503992822e-06 1.0000000000e+00 1.3193025036e+03 
5.3938239012e-05 0.0000000000e+00 2.3566553442e+03 
4.0108639984e-05 2.3209213887e-01 1.9954755092e+03 
1.6863087931e-04 1.2044680298e-01 2.6813715395e+03 
4.2981031450e-05 2.6044153929e-01 2.5387134569e+03 
6.8522996913e-05 0.0000000000e+00 2.3887498794e+03 
1.8710930087e-05 9.4646833795e-02 2.2735553239e+03 
7.9401534430e-05 0.0000000000e+00 2.3377838758e+03 
9.9358425756e-05 1.8874813460e-01 2.5222851892e+03 
5.9476605024e-05 2.1138894167e-01 2.4918814363e+03 
8.3726782249e-05 3.5165508418e-01 1.8943626647e+03 
1.0113626523e-04 1.7854700337e-01 2.5851304174e+03 
6.8030739413e-06 3.6605199425e-01 2.4134433079e+03 
2.5392182342e-05 1.0000000000e+00 1.7592107451e+03 
8.4791319296e-05 1.8886354668e-01 2.5780964291e+03 
1.4614935249e-04 1.6548724841e-01 2.5772316423e+03 
5.3013789801e-05 0.0000000000e+00 2.2690775590e+03 
1.1555284144e-05 3.2069413341e-01 1.9135550208e+03 
9.5294293565e-05 1.8155761993e-01 2.4832908488e+03 
5.6726028020e-05 0.0000000000e+00 2.3768402317e+03 
3.4009121787e-05 1.0000000000e+00 1.7931771715e+03 
2.7325689919e-05 0.0000000000e+00 2.2506973220e+03 
1.3698841791e-05 1.0000000000e+00 1.5084702664e+03 
2.9020763535e-05 3.3593733081e-01 2.4229504388e+03 
2.0844475214e-05 3.0721698421e-01 2.4521277706e+03 
3.8633742181e-05 1.9932519635e-01 2.0292197559e+03 
1.9637822823e-05 1.6213879861e-01 2.0676468527e+03 
5.3343890743e-05 0.0000000000e+00 2.3428682383e+03 
1.2022527336e-04 1.7285895521e-01 2.5692387711e+03 
1.5708506883e-05 3.0459171969e-01 2.3997329079e+03 
1.7782438028e-04 0.0000000000e+00 2.2695800271e+03 
3.2250598866e-04 1.3045245258e-01 2.6039997664e+03 
1.1979774375e-05 1.0000000000e+00 1.5317065827e+03 
3.1419578708e-05 2.7239918601e-01 2.5300982414e+03 
1.3120965613e-04 1.3543199728e-01 2.7289994938e+03 
3.6347085730e-05 6.3583148552e-02 2.1603623578e+03 
2.2093000830e-05 1.0000000000e+00 1.7656313650e+03 
6.4481329772e-05 2.0315403216e-01 2.7310591439e+03 
1.1588795643e-04 0.0000000000e+00 2.3406139732e+03 
6.3095555136e-05 1.5856322335e-01 2.4601519624e+03 
7.2067398158e-05 1.8235146745e-01 2.4807080488e+03 
5.2409456107e-05 0.0000000000e+00 2.2195479819e+03 
2.3758963318e-05 1.0000000000e+00 1.6315700362e+03 
2.2205840650e-05 1.0230620785e-01 2.1751938900e+03 
3.3293114547e-05 2.1895892278e-01 2.4164445208e+03 
4.5381774839e-05 1.5290499126e-01 2.0824173750e+03 
6.7353779295e-05 0.0000000000e+00 2.3159102115e+03 
2.7567224839e-05 1.0000000000e+00 1.4380974323e+03 
2.9323106642e-05 1.2820344822e-01 2.1014332078e+03 
2.4118459386e-05 2.4748393216e-01 1.9818423940e+03 
4.3811496222e-05 2.5787729146e-01 2.4730668742e+03 
2.5347198889e-05 3.0180564030e-01 2.4600642651e+03 
2.5023820282e-05 1.0000000000e+00 1.7773384175e+03 
3.1484477755e-05 2.5007766154e-01 1.9761321633e+03 
1.5911764040e-05 1.0000000000e+00 1.6425709468e+03 
5.5674675519e-05 2.5135013780e-01 2.4355057692e+03 
6.0693462481e-05 1.9494668391e-01 2.4867379991e+03 
3.7465289630e-05 1.0000000000e+00 1.6586708164e+03 
1.0296996044e-05 1.0000000000e+00 1.6629383911e+03 
2.5243567422e-05 1.5789667605e-01 2.0719190562e+03 
2.8237269057e-05 1.4633332378e-01 2.0839482846e+03 
5.1641020889e-05 0.0000000000e+00 2.3376849440e+03 
6.9134732023e-05 2.1920282378e-01 2.5491580808e+03 
7.5220188778e-05 1.9693763894e-01 2.4848451536e+03 
4.5955984741e-05 3.6886919493e-01 1.8813219250e+03 
4.5414583677e-05 1.0000000000e+00 7.4976729201e+02 
1.2267845796e-04 1.4307303104e-01 2.6866768812e+03 
1.4963517210e-05 1.0000000000e+00 1.4325041368e+03 
8.8565482097e-06 3.6681604664e-01 2.4132082784e+03 
2.3563686862e-05 5.0188257738e-01 1.8225468867e+03 
8.3287586060e-05 1.3796300242e-01 2.4408706353e+03 
1.2218160806e-04 1.3875614000e-01 2.7317452607e+03 
1.8294733559e-05 3.2229026320e-01 2.6374216704e+03 
1.4712284373e-05 3.4741222302e-01 2.3439678540e+03 
1.9670854362e-04 1.5044508824e-01 2.5931460167e+03 
7.7933208538e-05 2.0416103409e-01 2.4761892123e+03 
3.0552617361e-05 2.8686901988e-01 2.4338491232e+03 
2.0089569016e-05 1.0000000000e+00 1.7725777856e+03 
2.2836461503e-05 3.1918709823e-01 2.4896223213e+03 
1.2616972314e-05 3.5490650736e-01 2.3630976293e+03 
2.6458710807e-06 1.0000000000e+00 1.4794185188e+03 
8.0546074623e-06 4.8630198496e-01 1.8278669054e+03 
1.1731321202e-05 1.0000000000e+00 1.5062206537e+03 
1.5540575783e-05 3.6697537020e-01 2.4154048601e+03 
1.0905413627e-04 1.5499692702e-01 2.5600748824e+03 
2.1813613771e-04 0.0000000000e+00 2.3635723130e+03 
1.0841244672e-05 3.3421612954e-01 2.4400569872e+03 
6.4996498765e-05 2.2520067828e-01 2.5211693079e+03 
8.6800255072e-05 1.9932709178e-01 2.5525227908e+03 
6.6862865611e-05 2.0818129484e-01 2.4716557422e+03 
1.3136835692e-04 0.0000000000e+00 2.2924065317e+03 
8.9909795125e-05 7.3142743338e-02 2.4496171259e+03 
1.4024870793e-04 1.4879282057e-01 2.5517287591e+03 
2.6230371883e-05 3.3191005737e-01 2.5491541574e+03 
2.1373208120e-05 1.1028631339e-01 2.2128272049e+03 
2.9156260868e-05 1.7864922617e-01 2.0500354002e+03 
6.3827103320e-05 2.7976415344e-01 2.5242701113e+03 
1.3393311981e-05 3.3941035833e-01 2.6682266093e+03 
2.6957733645e-05 1.0000000000e+00 1.7200359901e+03 
4.8263409961e-05 5.5578282542e-02 2.2035466110e+03 
7.5435487186e-05 0.0000000000e+00 2.3915449720e+03 
1.3861440508e-04 3.1793182695e-01 2.5004748310e+03 
3.7306533061e-05 2.9274787770e-01 2.4018598668e+03 
4.0470516071e-05 2.1455803128e-02 2.2237601281e+03 
5.4147933475e-05 2.2384434613e-01 2.4801468079e+03 
2.0587750750e-05 1.0000000000e+00 1.7379903116e+03 
5.7014570641e-05 2.1652340253e-01 2.5039620764e+03 
3.3523980655e-05 2.6359198868e-01 2.5073785656e+03 
1.1204838789e-04 0.0000000000e+00 2.4523212043e+03 
4.6267619062e-05 1.5627632921e-01 2.0715362667e+03 
5.9366403997e-05 1.6895590766e-01 2.0585206305e+03 
3.6243522423e-05 2.8556642284e-01 1.9459523355e+03 
9.7937688227e-05 1.2839863440e-01 2.0984881669e+03 
7.1066986808e-05 1.8710667592e-01 2.4871097551e+03 
2.7077029728e-05 1.2313303341e-01 2.1062048884e+03 
4.3381329540e-05 1.9082954364e-01 2.3897285065e+03 
3.1037926569e-05 1.2412544835e-01 2.1095787820e+03 
5.6725319375e-06 1.0000000000e+00 1.2689349403e+03 
2.9117831891e-05 2.6331120830e-02 2.1989866092e+03 
2.1026743543e-04 1.5170348316e-01 2.5435553890e+03 
8.2355378115e-05 0.0000000000e+00 2.4516632876e+03 
2.2686345666e-05 4.6285025012e-01 1.8348764457e+03 
1.2199130646e-04 1.9508532776e-01 2.4858621821e+03 
3.4438000355e-05 2.7178797373e-01 1.9584385761e+03 
3.3762942387e-05 1.3774332628e-01 2.0900124018e+03 
1.2836609580e-04 1.5021162067e-01 2.6005298485e+03 
6.7790715154e-05 2.4509955722e-01 2.5520181448e+03 
8.7265701960e-06 3.6236099808e-01 2.4966083556e+03 
1.9564780671e-05 2.8689700002e-01 2.4005879940e+03 
1.5939988742e-04 1.5835476948e-01 2.6704329872e+03 
7.5732061837e-05 3.0873902493e-01 1.9261650536e+03 
1.8443509039e-05 3.5573389313e-01 2.3642718876e+03 
5.4251547307e-05 8.6335421813e-02 2.3868267820e+03 
2.3326534603e-05 4.3919774108e-01 1.8441969843e+03 
9.1203089723e-05 2.0918288270e-01 2.5640132328e+03 
1.1971152640e-04 1.5093668764e-01 2.5731896707e+03 
2.2068892057e-05 3.3935295905e-01 2.5367436815e+03 
2.1530479515e-04 1.1836343503e-01 2.6348279336e+03 
1.0140380028e-04 1.5822899051e-01 2.5394552463e+03 
8.7283077846e-06 1.0000000000e+00 1.6684763158e+03 
1.5446182006e-05 3.4132149052e-01 1.8952837609e+03 
9.9726584605e-05 1.6103098545e-01 2.4937258565e+03 
2.4159543960e-05 1.0000000000e+00 1.4047890932e+03 
2.6686370275e-06 1.0000000000e+00 1.2599637148e+03 
4.6270704466e-05 2.4341992067e-01 2.5186681338e+03 
2.5794638233e-05 2.8608286523e-01 2.4002718729e+03 
3.3242961148e-05 3.1257717239e-01 2.3772685824e+03 
5.5823729221e-05 2.5346470363e-01 2.5930058824e+03 
4.5663520986e-05 1.8436313597e-01 2.0439701032e+03 
3.3883130081e-06 1.0000000000e+00 1.3421962879e+03 
9.1317279880e-05 2.0427425886e-01 2.5434502265e+03 
1.3061121463e-05 4.7709971465e-01 1.8302852193e+03 
8.8170523015e-05 1.9000737660e-01 2.5220115551e+03 
1.3846222905e-05 1.0000000000e+00 1.7589869077e+03 
4.6431339625e-05 7.4056899192e-02 2.3453735029e+03 
7.4926285431e-05 2.4605702568e-01 2.5228258410e+03 
3.5992140726e-04 2.7927192847e-01 2.4232655061e+03 
7.6585348337e-06 3.5811224853e-01 2.3726848550e+03 
4.2221392435e-06 1.0000000000e+00 1.2817421852e+03 
1.9747281467e-05 3.1630174371e-01 2.5665073467e+03 
7.3023685917e-06 3.5027168390e-01 2.6066407624e+03 
3.2773753688e-05 7.5645539784e-02 2.3494259929e+03 
9.3956557495e-05 1.5597570027e-01 2.5177542048e+03 
5.8239920727e-06 1.0000000000e+00 1.3386894119e+03 
6.7869190242e-05 1.0655979105e-01 2.4446052675e+03 
2.0261665574e-04 1.0546000220e-01 2.6696779550e+03 
1.0821157195e-04 0.0000000000e+00 2.1937152769e+03 
2.2294312214e-05 2.6267415731e-01 2.4025448127e+03 
2.4204880084e-05 3.8719210468e-01 1.8706558725e+03 
1.3984980267e-04 1.4020971300e-01 2.6474671350e+03 
3.2445805851e-06 1.0000000000e+00 1.3604143399e+03 
7.2704862429e-06 1.0000000000e+00 1.1674378121e+03 
2.2250959483e-04 1.0685543117e-01 2.6462438788e+03 
1.6269414163e-05 2.8659879207e-01 2.3779551256e+03 
7.4731278263e-05 0.0000000000e+00 2.4103872414e+03 
2.8623469807e-04 1.5127351145e-01 2.5102878613e+03 
1.0499466773e-04 1.6643690868e-01 2.5382283490e+03 
1.0518198325e-04 1.9318795611e-01 2.5291115246e+03 
7.7916471559e-06 1.0000000000e+00 1.6002407947e+03 
6.7389988897e-06 1.0000000000e+00 1.4923826369e+03 
2.2697671385e-05 3.1675029354e-01 2.3749762803e+03 
9.3044482554e-06 1.0000000000e+00 1.5530082274e+03 
1.3350429568e-05 1.0000000000e+00 1.7945632132e+03 
8.6886868444e-06 1.0000000000e+00 1.1836698153e+03 
8.4814573230e-05 1.9040774102e-01 2.5638822222e+03 
1.3684299749e-04 1.7157054370e-01 2.5788647298e+03 
1.4313618212e-05 3.0495672914e-01 2.7543965569e+03 
1.2717502092e-04 1.6340137405e-01 2.5936627808e+03 
1.0329112970e-04 3.1811892140e-01 1.9186975253e+03 
3.4322598162e-05 2.6190401082e-01 2.5608308687e+03 
1.5406796489e-04 2.1439829735e-01 2.5898018102e+03 
1.3674419579e-04 9.0572707921e-02 2.1414822607e+03 
5.1349628413e-05 0.0000000000e+00 2.2643689839e+03 
1.3041051509e-04 1.0000000000e+00 3.0000000000e+02 
1.2330905295e-04 1.4140738180e-01 2.0896056037e+03 
2.0844910643e-04 1.3173381707e-01 2.6112591730e+03 
8.5277604965e-05 0.0000000000e+00 2.3187054085e+03 
7.3937597868e-04 1.0000000000e+00 3.0000000000e+02 
2.8693961768e-05 1.7512256732e-01 2.3455474262e+03 
8.7183403885e-06 1.0000000000e+00 1.3065578728e+03 
1.1752864146e-04 1.0000000000e+00 4.2911373307e+02 
1.9976619627e-04 1.1187183400e-01 2.4385095947e+03 
1.6259523617e-04 1.3005698093e-01 2.6034224181e+03 
7.2262097760e-06 3.5852590049e-01 2.4054342476e+03 
2.2895583949e-04 8.4957303887e-02 2.6843683637e+03 
2.0578203764e-05 1.4354069252e-01 2.0888106555e+03 
2.3532834330e-05 6.4568413031e-02 2.1733727783e+03 
2.3366210999e-05 3.2487472138e-01 2.4986503190e+03 
7.1944422109e-06 3.6720042906e-01 2.4498650099e+03 
6.2566532858e-06 3.5775197960e-01 2.5730632570e+03 
2.6558275993e-05 1.0000000000e+00 1.6930058067e+03 
4.9355928022e-05 2.0772039677e-01 2.4398099573e+03 
9.4097421610e-06 1.0000000000e+00 1.4851361394e+03 
7.5943193702e-06 3.5168544738e-01 2.3540584198e+03 
1.1058379733e-05 1.0000000000e+00 1.7349174963e+03 
5.9020839347e-05 0.0000000000e+00 2.2322700072e+03 
3.1316904398e-05 2.9211604853e-01 1.9414341492e+03 
1.2617916390e-05 3.3605971209e-01 2.3408273048e+03 
1.5661339401e-04 0.0000000000e+00 2.4114753831e+03 
1.3179119206e-05 1.0000000000e+00 1.4488309015e+03 
2.5954085828e-04 1.7425294877e-01 2.6786136779e+03 
3.4896621877e-05 2.4863858615e-01 2.4456518100e+03 
4.6490793548e-05 0.0000000000e+00 2.2638646057e+03 
8.7828294764e-06 3.6491562293e-01 2.4822662939e+03 
1.2775165283e-05 3.3240365531e-01 1.9080871691e+03 
5.8402087874e-05 1.9812768004e-01 2.4676410384e+03 
1.7505134424e-04 1.0000000000e+00 9.0250914021e+02 
1.1119255059e-05 1.5301549546e-01 2.2702144110e+03 
3.9942105074e-05 2.6558011850e-01 2.4598898770e+03 
8.0181427246e-05 2.2070488901e-01 2.4839371014e+03 
1.1111719913e-04 1.6832061355e-01 2.6602525602e+03 
4.7065041306e-05 2.3653644504e-01 2.4436753288e+03 
1.7211225306e-05 4.0454067359e-01 1.8604374263e+03 
7.9216464497e-06 3.6361227172e-01 2.4878112723e+03 
1.7532145962e-05 3.0097134428e-01 2.4120170900e+03 
9.9889997584e-06 1.0000000000e+00 1.6255254184e+03 
1.8157203140e-05 2.9138266819e-01 2.7762075278e+03 
1.3915831075e-04 3.8495738716e-02 2.4391138287e+03 
1.0154044825e-04 1.9401511614e-01 2.4888945691e+03 
9.6888940993e-06 3.6539654883e-01 2.4767905333e+03 
6.1726450054e-06 3.6694896249e-01 2.4208423108e+03 
2.4724889764e-04 1.6708820722e-01 2.5142124318e+03 
5.4570915887e-05 2.9298810795e-01 2.4922631303e+03 
5.7663548306e-05 0.0000000000e+00 2.3377180197e+03 
8.6916335537e-05 2.4836656196e-02 2.3892012672e+03 
2.2219816691e-05 1.0000000000e+00 1.7608754509e+03 
8.4714610826e-06 3.5742963382e-01 2.5265328088e+03 
5.1256087512e-04 1.0000000000e+00 3.0000000000e+02 
5.4040391482e-05 3.2065206858e-01 1.9164534411e+03 
7.0415578840e-06 3.4796443419e-01 2.6232332355e+03 
2.1026367973e-05 3.0336618638e-01 2.5165678262e+03 
3.5534749567e-05 2.6584319467e-01 2.4150182872e+03 
7.0161252524e-05 0.0000000000e+00 2.3581868910e+03 
1.3135461209e-05 1.0000000000e+00 1.3171504309e+03 
6.2169276143e-05 2.3448678016e-01 2.5874063139e+03 
3.5850703729e-05 0.0000000000e+00 2.3031926339e+03 
2.2538132363e-05 3.1468824664e-01 2.5038883507e+03 
1.7782684699e-05 4.1061771434e-01 1.8583659713e+03 
1.1238989272e-05 3.4886933262e-01 2.6444320997e+03 
1.9704370105e-05 3.0944237316e-01 2.4895512189e+03 
1.4038802480e-05 1.0000000000e+00 1.6502952824e+03 
7.8294390063e-05 5.6359224913e-02 2.1706429435e+03 
4.8839546563e-05 1.8104286511e-01 2.0462234211e+03 
3.1674123022e-05 1.0000000000e+00 1.7566279975e+03 
5.8700468419e-06 1.0000000000e+00 1.4617794199e+03 
1.4891334733e-05 2.1575436737e-01 2.0087829225e+03 
6.9657235967e-05 2.5531012199e-01 2.4717273463e+03 
2.1874315519e-04 1.2437026696e-01 2.6237812202e+03 
4.3546775247e-05 1.0000000000e+00 9.4209831609e+02 
1.0066697125e-04 1.6509811201e-01 2.7073221620e+03 
4.9785885254e-05 1.4648380258e-01 2.0808720139e+03 
1.4680748961e-05 1.0000000000e+00 1.6418128902e+03 
6.6560619670e-05 1.9310272436e-01 2.4874900056e+03 
3.1729644373e-05 3.1379426217e-01 1.9186737000e+03 
6.4718550580e-05 2.1658794098e-01 2.5512642535e+03 
5.6049295926e-05 2.2494500507e-01 2.5206653662e+03 
2.8092716171e-05 1.4740146738e-01 2.3459215594e+03 
2.5181034370e-05 2.5859525392e-01 1.9704884742e+03 
2.4485537971e-04 1.2575015915e-01 2.6221467454e+03 
6.7698958620e-06 3.5871580203e-01 2.5563324356e+03 
7.6085433187e-05 9.1134900581e-02 2.3207053509e+03 
2.9828559879e-05 2.7625381426e-01 2.5042484150e+03 
2.2351200883e-05 2.8018822707e-01 2.7698755032e+03 
6.4870541650e-05 7.6143620070e-02 2.1503774045e+03 
1.0192139680e-05 3.1528518212e-01 2.3638439714e+03 
8.0793740312e-05 2.0292557246e-01 2.6794294848e+03 
1.3861797538e-05 3.2735984207e-01 2.7394305482e+03 
3.4391906812e-05 2.9389960208e-01 2.4696091168e+03 
9.5343604362e-06 3.0349544520e-01 2.8076628397e+03 
1.2992482057e-04 1.7031502693e-01 2.6066260967e+03 
1.0963674909e-04 1.2661372120e-01 2.4078366016e+03 
2.2580341040e-05 5.7775152440e-02 2.2127080372e+03 
4.5424408026e-05 0.0000000000e+00 2.3589969034e+03 
8.6619444019e-05 1.0780571849e-01 2.4418596640e+03 
5.1413729562e-05 0.0000000000e+00 2.2438062545e+03 
1.1256307962e-04 2.2356761631e-01 2.5637881254e+03 
4.0616379110e-04 0.0000000000e+00 2.7987642483e+03 
3.6791942185e-05 0.0000000000e+00 2.2794582720e+03 
2.5769107372e-04 9.0024702408e-02 2.7105045849e+03 
3.5006107043e-04 1.2545004683e-01 2.6553052981e+03 
3.8969436928e-05 2.2151560524e-01 2.0051738453e+03 
5.7685742912e-05 1.0000000000e+00 8.8298034828e+02 
8.9090082847e-06 3.4492712591e-01 2.3859293091e+03 
2.8905990839e-05 4.8536049355e-02 2.1812384979e+03 
1.0778683435e-04 5.2807030204e-02 2.1678197179e+03 
2.1393627343e-05 2.9392752526e-01 2.4336589766e+03 
1.0484841995e-04 1.7203513040e-01 2.6585714619e+03 
6.3102305974e-05 1.7672080687e-01 2.0515431509e+03 
1.1413795332e-04 1.8954539401e-01 2.5408161321e+03 
1.8041165764e-05 3.6718827294e-01 2.4324683200e+03 
