5.1497882815e-09 1.1381905477e+04 5.4269764360e-01 
9.7418410685e-09 1.3005032018e+04 3.6896976984e-02 
2.8739327619e-10 1.3416454817e+04 1.0377579630e+00 
5.8944316309e-11 1.1345209539e+04 4.8685397710e-01 
2.3247807439e-10 1.4897898523e+04 8.8883100275e-01 
6.9932042708e-08 1.2243736816e+04 1.2591763158e+00 
1.4530863706e-07 1.3811943864e+04 4.2901770953e-01 
2.4476263390e-10 1.2652891432e+04 1.0979141335e+00 
2.0056725895e-09 1.2708463515e+04 7.0939578988e-01 
7.0319999790e-08 1.1523074747e+04 1.1125102362e+00 
3.4808128175e-10 1.1412131185e+04 1.0320658470e+00 
8.7439019755e-09 1.7011806205e+04 1.3130724315e+00 
6.1764730088e-11 2.0170763319e+04 1.5587419463e+00 
1.5302821487e-06 1.5929914033e+04 5.4530868313e-01 
1.1808029321e-08 1.2263425577e+04 4.8995576616e-01 
1.0172528731e-10 1.1472291625e+04 4.6241277357e-01 
6.0273929449e-09 1.1285410424e+04 1.1932509602e+00 
1.8987611705e-10 2.5000000000e+04 4.4154526822e-01 
9.3340678634e-06 1.5082095187e+04 1.4322663656e+00 
2.7208357403e-10 1.4089971285e+04 4.2690601672e-01 
2.7179304102e-08 2.5000000000e+04 1.1909676770e+00 
8.8579211879e-09 1.1634271250e+04 7.7526659404e-01 
3.1406016110e-09 1.3993851644e+04 8.8606740669e-01 
4.7907130352e-09 1.1594162353e+04 1.1445309197e+00 
3.8575327927e-10 1.1924286810e+04 6.2559379202e-01 
6.9229106611e-11 2.0215250874e+04 6.4702313813e-01 
8.7561605168e-11 1.5453490767e+04 1.1836279770e+00 
1.2609549396e-08 1.2007434031e+04 1.2696879024e+00 
2.9416001007e-09 1.1620183151e+04 3.2571555517e-01 
3.8499099469e-07 1.1980334983e+04 1.0290720132e+00 
9.5877798632e-09 1.3964646138e+04 7.6108284884e-01 
2.6433303141e-08 1.3101800277e+04 1.5032324373e+00 
9.4231603929e-09 1.3220375054e+04 6.2933963297e-01 
1.8103529490e-09 1.7066099087e+04 2.9728076731e-01 
2.8330931879e-10 1.5617400334e+04 9.0608961405e-01 
1.7346032490e-08 1.3274671206e+04 5.6299143927e-01 
2.1260145058e-09 1.1481780945e+04 5.4519116546e-01 
3.3822634143e-09 1.1402753100e+04 5.3177544365e-01 
2.6245894099e-09 1.4081480510e+04 2.9049193091e-01 
4.6765042904e-09 1.3602235745e+04 8.7563466773e-01 
2.9123126486e-05 1.5196093509e+04 1.2044185830e-01 
1.0012185218e-07 1.7581404791e+04 1.0477889176e+00 
2.8020794330e-11 1.2489111381e+04 8.7361220997e-01 
2.6960573195e-10 1.2241859171e+04 1.0566444424e+00 
7.9010519322e-08 1.3026163357e+04 9.5924044234e-01 
1.9663369099e-09 2.5000000000e+04 1.2149326715e+00 
1.8826144831e-09 1.4355286538e+04 1.3253696255e+00 
1.0580497822e-07 1.2859106683e+04 4.7755075945e-01 
6.0993703875e-10 1.2849835922e+04 1.0085810713e+00 
5.6635322489e-09 1.2367356572e+04 2.7967367342e-01 
2.1096015107e-10 1.3069226555e+04 6.7419887775e-01 
1.5818340367e-09 1.3618046010e+04 9.0487295346e-01 
1.6052106048e-08 1.3013168975e+04 1.2840737283e+00 
4.4658626745e-09 1.7813211190e+04 8.6968089060e-01 
2.4171869582e-08 1.3976739030e+04 1.0312051638e+00 
2.2640410667e-08 1.6543597774e+04 8.4831176644e-01 
5.7993450539e-11 1.6072618325e+04 7.3274534478e-01 
9.0608436424e-10 2.1119894760e+04 1.4554899637e+00 
2.2823858684e-08 2.2280887769e+04 5.0628928935e-01 
4.6299011280e-06 1.2118747042e+04 8.1825010678e-01 
1.5215548329e-09 1.1809828363e+04 1.5465633298e-01 
2.1232451706e-10 1.2387412506e+04 3.6467499234e-01 
1.8063923404e-08 1.2251229098e+04 1.4947409805e+00 
4.9318179551e-07 1.2765165024e+04 2.9986197226e-01 
6.2458955592e-10 1.1518500934e+04 9.6760656650e-01 
1.0628275288e-08 1.2571162449e+04 7.6121084164e-01 
1.6178749663e-07 1.4548423517e+04 7.2518921946e-01 
1.8146661127e-07 1.1624275491e+04 1.1319208937e+00 
8.5902499402e-09 1.4843631606e+04 2.3722279012e-01 
6.2633964214e-09 1.4587966936e+04 1.3616960254e+00 
1.5807207705e-09 2.5000000000e+04 9.6688022423e-01 
2.4633911338e-06 1.8368195517e+04 7.9846238372e-01 
7.8320434551e-12 1.6408026938e+04 6.1548942407e-01 
7.3318181058e-10 1.6494232614e+04 4.1518936630e-01 
9.2966621163e-09 1.3769345499e+04 4.4914483354e-01 
3.6656763098e-07 1.1219223399e+04 1.9144160737e-01 
9.1263769257e-10 1.8691742796e+04 1.0721649761e+00 
2.6250353258e-10 1.3118158253e+04 9.9484772363e-01 
6.3906285087e-11 1.4214214871e+04 6.3300883139e-01 
1.7104514343e-08 1.5924884729e+04 9.7981297094e-01 
3.3917400058e-07 1.2734637145e+04 8.9997968608e-01 
3.5177255737e-08 1.4213078278e+04 9.1266022878e-01 
3.5014754826e-09 1.2294536660e+04 1.1220390634e+00 
4.4613808815e-10 1.4425651283e+04 7.8387327099e-01 
3.2960810782e-09 1.1608049256e+04 6.0149876665e-01 
6.7744320967e-10 1.1932826599e+04 1.0956806943e+00 
2.6517602127e-06 1.2231544959e+04 7.5197337038e-01 
1.2174852470e-10 1.4592020500e+04 5.6358679027e-01 
2.4871958212e-10 2.2412772928e+04 1.4048700069e+00 
2.8989525033e-10 1.3335633720e+04 9.4125346692e-01 
9.8269534180e-09 1.1338003654e+04 7.4197508661e-01 
2.2811226010e-08 1.1314507022e+04 1.2532155528e+00 
1.1055694499e-10 1.1470809494e+04 1.1488202674e+00 
5.3573417492e-09 1.3210442043e+04 1.4581608940e+00 
2.4216207811e-11 1.1493033022e+04 5.3807558627e-01 
3.5348295938e-06 1.2886841039e+04 7.8338246913e-01 
2.5674981522e-11 1.2325141956e+04 3.8897123944e-01 
6.4363990157e-08 1.1641832835e+04 6.4689888985e-01 
1.0730484109e-09 1.5071899798e+04 8.4509712379e-01 
2.7245563383e-07 1.1827556752e+04 1.3447979247e+00 
1.4813929946e-11 1.1764522850e+04 1.4168858029e+00 
1.3815445799e-10 2.4561130200e+04 3.3298700966e-01 
4.3033532009e-12 1.1756037847e+04 2.1175944926e-01 
3.2582999022e-11 1.3147390523e+04 9.7648294413e-01 
6.2845457317e-10 2.3227776387e+04 7.9100608360e-01 
1.1404573910e-11 1.1434623583e+04 5.3044525777e-01 
2.2663514091e-08 1.7776378112e+04 7.1301810240e-01 
9.6147353104e-09 1.2615193363e+04 1.2709332066e+00 
3.4072887526e-09 1.1318599363e+04 7.4899589340e-01 
4.8242280770e-09 1.7030745534e+04 9.5207709928e-01 
1.7045762419e-10 1.1621325062e+04 1.0729117201e+00 
7.7951255959e-10 1.1825265775e+04 3.1964359160e-01 
4.8958335822e-09 1.4336295956e+04 1.2500742596e+00 
4.2924097523e-09 1.2208772852e+04 1.2898919248e+00 
2.2597769292e-10 1.1420614871e+04 1.2230484709e+00 
3.3700021886e-09 1.5368053189e+04 9.2472396088e-01 
4.0005904894e-12 1.2935679812e+04 7.1847470810e-01 
2.7663127163e-07 1.1232292819e+04 7.6876933955e-01 
5.1744484474e-08 1.6256385548e+04 9.0871604304e-01 
2.1677463799e-09 1.2664584655e+04 5.9578496488e-01 
2.4472244524e-11 1.1251230095e+04 6.0804053596e-01 
7.5004448260e-10 1.6343153595e+04 7.9296233393e-01 
8.4253201128e-11 1.4872879330e+04 7.3017639803e-01 
1.1465467233e-05 1.1211841070e+04 6.3937414643e-01 
2.9155739260e-09 1.6668202760e+04 8.3041379442e-01 
1.0933246449e-07 1.2281169151e+04 5.7798448710e-01 
9.0617641134e-07 1.6640147775e+04 7.5330825993e-01 
5.7011184032e-10 2.5000000000e+04 1.3260709409e+00 
1.9052006753e-08 1.4890499800e+04 3.0251190725e-01 
8.6682347485e-09 1.2827201869e+04 5.4687977368e-01 
4.6123218804e-10 1.2803267063e+04 7.4955684386e-01 
3.8372413114e-10 1.4116546964e+04 5.0631236521e-01 
1.0936133650e-10 1.5681065143e+04 9.9916046841e-01 
7.6875865813e-06 1.4429238564e+04 6.7167439916e-01 
5.2588472476e-09 1.3250613069e+04 9.3763568616e-01 
5.3353124006e-10 1.2793530349e+04 1.3297816518e+00 
2.0275295636e-08 2.5000000000e+04 4.0228512759e-01 
4.8878205804e-08 1.3892178444e+04 7.6349260718e-01 
3.7207758906e-11 1.1300393306e+04 8.2519656891e-01 
2.3532060728e-06 1.7303646389e+04 6.5121328332e-01 
7.2189576776e-10 1.1880971843e+04 9.4368126813e-01 
2.6397865464e-08 1.1861490883e+04 7.6453398337e-01 
4.8475479522e-11 2.5000000000e+04 1.7950845102e-01 
2.9238607055e-06 1.1696528931e+04 1.0213814703e-01 
8.5177454611e-11 1.1494340457e+04 5.0429641543e-01 
4.9258523551e-09 1.1271625924e+04 7.3690264316e-01 
1.3770321467e-09 1.1310183807e+04 1.1373317619e+00 
9.8172989292e-06 1.5776009247e+04 6.3186963518e-01 
2.5254967345e-08 1.3980414294e+04 4.3326182163e-01 
3.4608295138e-10 1.8613496268e+04 1.3934282943e+00 
7.4438809108e-08 1.2083909498e+04 8.2880460779e-01 
2.8462479657e-08 1.5855922096e+04 2.5222946007e-01 
2.1733462455e-09 1.5978266514e+04 5.7532233342e-01 
4.7464400532e-08 1.7962906377e+04 1.2497734211e-01 
1.0390600424e-07 1.7327118155e+04 5.1383622175e-01 
1.6028250872e-05 1.4542759245e+04 8.5827098731e-01 
5.0681868798e-07 1.1758946979e+04 2.4661064183e-01 
7.9715326158e-09 1.3259325040e+04 1.1121579673e+00 
1.8772918903e-08 1.1279485185e+04 1.4034137795e+00 
3.5606979438e-06 1.2190277408e+04 5.6573967266e-01 
4.8353832247e-11 1.1862735247e+04 1.0861849669e+00 
2.0025319279e-09 1.1740019578e+04 7.3428467048e-01 
5.4914791287e-09 1.7705169239e+04 8.6118158786e-01 
2.3016305499e-05 1.1995156807e+04 1.0235920339e+00 
5.0246331446e-11 1.1327809473e+04 1.1012434385e+00 
1.2329097791e-07 1.1528902362e+04 4.0229740531e-01 
1.4404405621e-07 1.4759463643e+04 6.2034847608e-01 
1.2295367140e-07 1.8087176131e+04 9.2100779329e-01 
1.3739338293e-05 1.2080024477e+04 2.1952670931e-01 
1.5023768417e-10 1.2112523005e+04 6.8756324175e-01 
1.0698578038e-09 1.3473551502e+04 6.7107424934e-01 
3.0602731899e-07 1.7366932601e+04 2.0440040920e-01 
2.8485129188e-07 1.1561221911e+04 8.3138529196e-01 
9.8855211450e-09 1.6028992223e+04 8.8091741398e-01 
4.1537107696e-08 1.2014804117e+04 5.0037015865e-01 
7.2110837672e-12 1.1615406539e+04 7.4193494684e-01 
2.5590799658e-05 1.2708224109e+04 3.0933514703e-01 
4.7411295281e-06 1.4957025999e+04 1.1443085544e+00 
2.4080820323e-09 1.4740566396e+04 7.1593683517e-01 
5.2875788614e-09 1.1803551894e+04 8.6750087794e-01 
1.1695482672e-05 1.7409718619e+04 1.3535538015e+00 
1.3282073166e-10 1.1265151841e+04 1.2181760066e+00 
7.9530598686e-10 1.2582162699e+04 8.4624050198e-01 
1.5272027096e-08 1.2436166329e+04 9.2509936794e-01 
4.8282207917e-07 1.2265319096e+04 3.8094365257e-01 
6.6927268317e-11 1.1294996625e+04 1.2538963398e+00 
3.8194455822e-09 1.5181195333e+04 4.1226012374e-01 
8.7152997733e-09 1.2211528804e+04 4.8832219676e-01 
1.9821226057e-06 1.6370345901e+04 6.8750115974e-01 
1.7117701879e-07 1.2146766183e+04 1.3901160931e+00 
1.4481683331e-05 1.9295852621e+04 9.7309774627e-01 
9.9872732181e-10 1.2477956644e+04 1.3753025847e+00 
1.6712610122e-06 1.1629544099e+04 5.1291212010e-01 
3.1021944131e-10 1.2805724459e+04 3.5006084839e-01 
3.4266567672e-11 1.2151246424e+04 6.8539661763e-01 
3.1383119399e-08 1.3952049714e+04 1.3122180609e+00 
2.3383301467e-09 1.8101023815e+04 1.4223786773e+00 
2.4960215187e-09 1.2052689480e+04 1.2321949290e+00 
1.1279262957e-07 1.8426318939e+04 7.0180300210e-01 
4.5580691978e-08 1.4043783471e+04 1.9110615913e-01 
1.4169776001e-09 2.0100232759e+04 5.1118341836e-01 
8.9013329291e-08 1.2121642203e+04 6.2723475231e-01 
1.7975524863e-07 1.4404998590e+04 6.2720885042e-01 
1.4148468968e-08 1.1581479491e+04 1.2641892449e+00 
1.5348936370e-10 1.4336844044e+04 4.6677898094e-01 
6.6219635697e-12 1.8770245838e+04 1.0512484330e+00 
7.2843137576e-11 1.2179884731e+04 7.3277837871e-01 
3.0177601314e-09 1.1714060613e+04 4.6950980353e-01 
1.6349250039e-09 1.2785647998e+04 1.0821847287e+00 
3.8518129230e-08 1.1806405366e+04 1.0286623348e+00 
2.0020960870e-08 1.8414422523e+04 1.2519024987e+00 
2.9751008809e-09 1.1366065011e+04 1.2280216452e+00 
1.1547560017e-09 2.0022288195e+04 1.0192545469e+00 
6.1041559502e-07 1.2490523383e+04 1.0454493800e+00 
5.7013619308e-09 1.6125835610e+04 4.7499115098e-01 
5.2296589182e-09 1.7868436110e+04 9.1683958690e-01 
2.6370094706e-09 1.5900008184e+04 1.1896174939e+00 
3.2962004800e-08 1.9112628195e+04 1.1363422550e+00 
5.6411838163e-09 1.3788019753e+04 5.0897217512e-01 
1.0576659636e-10 1.1376234611e+04 5.7945117006e-01 
1.2368895095e-08 1.3841104065e+04 7.5816959957e-01 
1.4240868785e-07 1.3648233029e+04 1.0564992697e+00 
2.7513276311e-08 1.3194416975e+04 1.8976327430e-01 
3.5243835949e-10 1.6217794933e+04 1.3523850755e+00 
3.4776390314e-10 1.2158371680e+04 6.5608468905e-01 
4.1885676665e-08 1.6305683711e+04 3.9126202081e-01 
4.8398168858e-10 1.1352857602e+04 9.7043150714e-01 
2.5657688844e-09 1.1372370862e+04 8.8693413830e-01 
1.0587664683e-10 1.7531083962e+04 9.5560022566e-01 
5.9361284686e-08 1.1961689544e+04 7.5534752364e-01 
1.8435174984e-10 1.3564964797e+04 1.1655552457e+00 
2.5622865190e-10 1.7567751600e+04 1.2086231546e+00 
1.2569234546e-09 1.5485596848e+04 1.1955004794e+00 
1.6041628804e-10 1.3345116133e+04 1.2257387287e+00 
2.9522582951e-11 1.1258839682e+04 6.9947294655e-01 
9.5096586038e-12 1.5310458048e+04 5.8657219296e-01 
2.7719857756e-08 1.2668645186e+04 1.3322357590e+00 
1.0752468466e-08 1.5892893779e+04 5.7076983832e-01 
5.0906769121e-08 1.2173035362e+04 1.0666734657e+00 
5.1027461952e-10 1.6670467893e+04 7.4329793458e-01 
1.9635717942e-09 1.2400397993e+04 7.8751118626e-01 
9.5875443789e-11 1.2092327166e+04 5.0024395242e-01 
9.2251827113e-08 1.2004809911e+04 7.9454747064e-01 
3.4147733530e-10 1.2586274770e+04 6.7897707662e-01 
3.5516433447e-08 1.6493981011e+04 1.2681077989e+00 
3.3974501890e-09 2.5000000000e+04 1.0837027688e+00 
1.6211165758e-08 1.8933779763e+04 1.3924947496e-01 
1.8051041505e-10 2.4056661886e+04 6.7915463033e-01 
3.2236095880e-08 1.1512123077e+04 8.6295562350e-01 
7.1166314357e-10 1.6055338307e+04 9.5967912640e-01 
1.4595593329e-05 1.2293193656e+04 3.9546660099e-01 
9.7855984677e-08 1.5554570752e+04 7.0088420382e-01 
1.0568899093e-09 1.1801680656e+04 7.3782682434e-01 
2.0314281941e-09 1.1403203515e+04 5.4459342825e-01 
3.1447100572e-07 1.5187080843e+04 8.0373329146e-01 
2.1284701594e-05 1.2471306591e+04 5.1741296950e-01 
3.2839936009e-10 1.6358399004e+04 6.2413401762e-01 
2.9676772428e-06 1.4276898887e+04 6.3369822878e-01 
5.9383293691e-10 1.1233802523e+04 9.0240520864e-01 
1.3556808803e-11 1.1200326688e+04 3.0251333470e-01 
1.6770757693e-09 1.2882436130e+04 9.2612131333e-01 
6.1408661067e-10 1.7067847602e+04 8.3930571586e-01 
1.6647579990e-08 1.3756501859e+04 5.4033973025e-01 
5.1073167623e-09 1.2592099820e+04 1.2897539727e+00 
6.7708382288e-08 1.1953718369e+04 1.1543092163e+00 
2.6856025470e-08 1.8331196284e+04 1.0948528075e+00 
9.7503856089e-09 1.3237045364e+04 5.1812881640e-01 
4.1451302977e-10 1.7807530102e+04 2.3170661358e-01 
2.3955730570e-11 1.8873631914e+04 3.5758999686e-01 
5.0375884268e-10 1.1854697757e+04 1.1015668999e+00 
7.6192258553e-08 1.2252421328e+04 1.0421161123e+00 
8.0847235193e-12 1.1274122977e+04 1.0035060878e+00 
1.0635844822e-09 1.2278386344e+04 2.4905538839e-01 
1.3006764734e-09 1.2576444439e+04 6.5856313831e-01 
3.3666940933e-10 1.1227856303e+04 6.2898588784e-01 
5.9995087467e-09 1.2033932227e+04 3.1130770983e-02 
1.6733608590e-08 1.9820809777e+04 7.4208150536e-01 
1.5354924171e-09 1.1386972647e+04 4.1759506882e-01 
1.6038152717e-07 1.9140907850e+04 5.9861311873e-01 
4.1501397601e-07 1.2580892865e+04 7.0565839118e-01 
2.2098250115e-06 1.3966138842e+04 5.2575902440e-01 
1.0476497835e-10 1.2252195615e+04 7.6178189848e-01 
6.1234963127e-11 1.2651167768e+04 3.6460229301e-01 
6.6105014428e-09 1.7025416843e+04 1.0087536401e+00 
1.4822564511e-09 2.0110757458e+04 8.4017614855e-01 
2.0109703000e-06 1.5947588906e+04 1.1876168928e+00 
6.3993713712e-07 1.4691235442e+04 7.3153835664e-01 
2.2322056945e-09 1.2200468059e+04 1.2890374287e+00 
3.0547225918e-10 1.7863385961e+04 1.3227597696e+00 
7.7619529974e-11 1.4496214005e+04 1.0910253504e+00 
3.6292685374e-08 1.2536602742e+04 1.3409257803e+00 
1.0201263693e-09 1.1204951369e+04 1.1525714005e+00 
5.1436756840e-09 1.5976588909e+04 2.3259722071e-01 
1.6947746666e-09 2.5000000000e+04 1.2233419703e+00 
5.0436349072e-08 1.3229287625e+04 1.0389144554e+00 
9.2741510907e-10 1.1827835144e+04 8.5979822734e-01 
6.6271300130e-08 1.1288435217e+04 6.8483718046e-01 
1.4470130154e-10 1.1451322576e+04 1.0212498146e+00 
2.1552109039e-07 1.2620959370e+04 1.1831265874e-01 
1.2776808939e-08 2.1742217276e+04 2.0007010202e-01 
2.2203799441e-10 1.4835919331e+04 1.0393249533e+00 
1.6550124655e-10 1.1716716434e+04 5.3738237119e-01 
5.7781142450e-07 1.5911715320e+04 3.9365228317e-01 
2.7074762104e-10 1.1946446027e+04 8.3666422435e-01 
4.5616159558e-09 1.2870832648e+04 1.1896581968e+00 
4.2088567477e-09 1.2217036535e+04 1.0586190077e+00 
5.7369826397e-10 1.2354156311e+04 1.3652165218e+00 
4.9705916362e-09 1.6216102468e+04 8.5559179417e-01 
1.0124361023e-11 1.1664494994e+04 8.5930028616e-01 
2.0602600934e-07 1.2995606619e+04 6.6284998667e-01 
6.5520665791e-10 1.3145540620e+04 6.0816945784e-01 
2.1719143058e-10 1.3136264599e+04 9.1245618521e-01 
3.9534344226e-07 2.5000000000e+04 3.2545262981e-01 
3.1815960980e-08 1.3627781121e+04 7.5580730139e-01 
1.5692384672e-09 1.1287354375e+04 4.8998526744e-01 
1.5817157734e-09 1.2433841043e+04 6.9142383147e-01 
3.3354435852e-10 1.3611558466e+04 4.6050502198e-02 
1.8322474595e-10 1.2974535716e+04 5.3674066971e-01 
1.0611162037e-09 1.6349198195e+04 1.0515107805e+00 
3.0918160135e-07 1.2168977021e+04 1.3320317281e+00 
6.8158450883e-08 1.5403431798e+04 4.3096060195e-01 
3.4769042425e-08 1.4522476782e+04 4.3033180324e-01 
9.5170864017e-10 1.5626325255e+04 8.5197862223e-01 
1.9852919083e-08 1.2135097658e+04 6.8857751651e-01 
7.7529749848e-06 1.1787636688e+04 2.6725551296e-01 
5.1897115666e-11 1.7757034780e+04 1.3975449417e+00 
3.6257663361e-10 1.2338260875e+04 4.4479803719e-01 
5.0000216537e-08 2.5000000000e+04 6.4161588326e-01 
9.4863158089e-08 1.6049049090e+04 9.4984075788e-01 
9.8784041536e-10 1.2815450163e+04 5.9250533971e-01 
1.9236869463e-07 1.1524375940e+04 4.7704231102e-01 
2.8017453979e-11 1.7742664396e+04 3.6234880151e-01 
1.5649130623e-08 1.6626501873e+04 1.1537411707e+00 
3.1148133293e-10 1.2489238908e+04 1.0306074796e+00 
1.8747751866e-10 1.1682224128e+04 5.1470047922e-01 
1.7312309445e-05 1.3077505766e+04 9.1372933805e-01 
1.9108062594e-10 1.6315531873e+04 8.0303598490e-01 
3.4027817223e-08 2.5000000000e+04 2.3997791386e-01 
3.2592028549e-09 1.1956715837e+04 1.0486516866e+00 
1.3168618716e-07 1.3033349859e+04 1.8872786593e-01 
1.0703613179e-06 1.4144675697e+04 1.4187697047e+00 
2.0737212641e-10 2.1657334886e+04 3.7907758889e-01 
1.1584853394e-08 1.4152732070e+04 1.6744654010e-01 
1.1072583109e-09 1.1694912116e+04 1.1886303391e+00 
5.7538734542e-10 1.2471911084e+04 1.2254454406e+00 
1.6095401233e-08 1.6119379278e+04 8.9891271333e-01 
1.8904196948e-07 1.2744788196e+04 9.4565202610e-01 
5.4080040902e-08 1.1909148419e+04 2.3216978125e-01 
1.1883844375e-10 1.2311109638e+04 4.9229112424e-01 
9.8600412793e-11 1.7947805042e+04 1.1775736235e+00 
3.1237014874e-08 1.4338343955e+04 8.0574139673e-01 
9.9780838571e-07 1.4114589935e+04 7.0774316958e-01 
1.9822260644e-06 1.6619136110e+04 1.2741827884e+00 
2.5788795468e-11 1.2648120428e+04 7.2051101878e-01 
1.5434585808e-07 1.2036246104e+04 9.1284002247e-02 
3.7123505515e-07 1.4085909384e+04 1.1599281617e+00 
3.9455677980e-11 1.1558022931e+04 3.5860498205e-01 
1.3228372544e-08 1.2024178915e+04 7.9194624959e-01 
1.8736777603e-09 1.2289409566e+04 7.1936320194e-01 
6.5344937514e-11 1.1379972029e+04 8.4142614133e-01 
9.4927931752e-11 1.4514326049e+04 8.1155425073e-01 
2.9978947510e-09 1.3039004192e+04 8.5102325670e-01 
2.1529096927e-10 1.8528071168e+04 4.9101205343e-01 
2.8570851620e-07 1.4536280122e+04 1.4410268153e+00 
7.2409275418e-10 1.5035519747e+04 1.2410896638e+00 
1.1970780594e-09 1.4081702749e+04 2.9475652850e-01 
2.6014245959e-08 1.1497836804e+04 5.7390517387e-01 
1.7732207588e-05 1.3678771954e+04 4.7329482008e-01 
1.0913665317e-11 1.1253287408e+04 1.1730576640e-01 
4.0231252715e-10 1.1664755222e+04 7.3466227314e-01 
2.1101703161e-07 1.4933556117e+04 7.9151665534e-01 
6.3197436964e-06 1.3065256204e+04 3.9398380695e-01 
2.4574758566e-07 1.4100643548e+04 1.0795131819e+00 
3.6103702792e-08 1.2692021968e+04 9.0512996338e-01 
3.4042495203e-08 1.6219474987e+04 6.3409000462e-01 
6.4932234118e-08 2.4618543302e+04 2.8086831438e-01 
5.5697844179e-09 1.5678348124e+04 1.0159228821e+00 
2.8587608375e-06 1.2976323970e+04 3.8954072164e-01 
4.8412715270e-08 1.4907672510e+04 4.5337213091e-01 
9.5137207265e-07 1.3856905195e+04 6.4755327344e-01 
7.3206024479e-11 2.0522111366e+04 1.4249334030e+00 
4.2382411311e-08 1.1484634551e+04 5.2621038937e-01 
1.9851187284e-08 2.1763486567e+04 1.2363501713e+00 
2.3428837562e-07 1.3097832095e+04 1.1545611803e+00 
1.5912132792e-10 1.1455316598e+04 3.2614796918e-01 
2.9438390351e-08 1.1779154151e+04 5.4775544494e-01 
1.0175901787e-08 1.7417095045e+04 7.6656298636e-01 
1.0738928114e-10 1.1937446155e+04 9.7205693903e-01 
3.3933421467e-10 1.2198267631e+04 1.3755883925e+00 
5.2087219896e-10 1.1771222922e+04 9.6677805800e-01 
3.7530347981e-11 1.5875821173e+04 9.7206511771e-01 
1.0503078275e-08 1.4305827699e+04 8.5950568377e-01 
1.6880930554e-09 1.1823132133e+04 1.0227749118e+00 
1.9748846967e-07 1.1816770607e+04 4.6071655523e-01 
6.9098851075e-06 2.1240553509e+04 1.2395386637e+00 
4.2005180699e-12 1.2369716511e+04 6.0847314485e-01 
3.7743431122e-08 1.3221558100e+04 9.5041054900e-01 
3.1688834830e-10 1.6911048588e+04 1.1823262611e+00 
2.7815526328e-11 1.1855389124e+04 6.6607885819e-02 
3.6233335872e-08 1.6650116953e+04 1.2227858194e+00 
4.4860730771e-08 2.1378450170e+04 3.0311781589e-01 
3.2322841376e-11 1.6243362028e+04 3.0278458211e-01 
5.0708989722e-06 1.3210166624e+04 1.2637366825e+00 
4.0695939700e-11 1.3898085867e+04 1.1618748471e+00 
3.6993760665e-10 2.5000000000e+04 3.1577625660e-01 
1.8267976769e-08 1.1318926932e+04 1.4650549760e+00 
7.7462309057e-07 1.2753796905e+04 2.3280284350e-01 
1.3149452674e-11 1.1691006896e+04 9.8554326735e-01 
1.7765895777e-07 1.2104064282e+04 6.6856692481e-01 
2.0910252961e-07 1.1994607930e+04 1.0513460546e+00 
1.2883969675e-08 1.3653832544e+04 7.2669768401e-01 
1.8627300296e-09 1.2252930783e+04 6.3796701928e-02 
1.8251372460e-10 1.5505447613e+04 4.6255875407e-01 
6.1420506298e-10 2.5000000000e+04 9.6769526945e-01 
2.8109677664e-10 1.1590197897e+04 1.3360635260e+00 
3.0650142250e-09 1.1289184996e+04 7.7796569598e-01 
5.5040039207e-09 1.2160132384e+04 5.4102481509e-01 
1.7121090160e-06 1.1944471717e+04 5.9605240391e-01 
3.1543847238e-10 1.4149189786e+04 1.3272569764e+00 
2.1835268624e-06 1.5408249009e+04 7.7151184745e-01 
2.1766974559e-11 1.1317267189e+04 5.2534735707e-01 
5.0376401738e-12 1.1504706204e+04 1.1880055252e+00 
5.4698995065e-10 2.3326842310e+04 7.4534477591e-01 
1.4927957443e-09 1.3932790068e+04 1.3155397047e+00 
1.8683883598e-10 1.4478567427e+04 1.3251874783e+00 
9.3134288882e-09 1.5972533358e+04 1.0057906804e+00 
2.0379377782e-07 1.5089554854e+04 9.9379240757e-01 
7.8931712015e-08 1.3839837207e+04 5.6111344605e-01 
6.0416374429e-11 1.1611484613e+04 7.5763661771e-01 
1.6122527001e-08 1.1321306877e+04 1.0918001405e+00 
1.1247884570e-10 1.3025195047e+04 1.3682596309e+00 
2.3700266133e-09 1.1381749030e+04 8.1865784779e-01 
1.6178129996e-08 1.1417022082e+04 4.8214152942e-01 
2.4944768413e-08 1.8919694387e+04 3.9973887261e-01 
2.7368351303e-11 1.2670078857e+04 7.6691923143e-01 
1.0901577536e-09 1.1648711786e+04 1.4264333134e+00 
2.9644678637e-10 2.2118122857e+04 5.9598500149e-01 
7.1805191340e-11 1.1802903041e+04 1.1760072276e+00 
7.2338722490e-08 1.3156567203e+04 1.3029546978e+00 
4.3686050135e-12 1.2943467277e+04 1.2822380893e+00 
9.6565192047e-09 1.3202893534e+04 8.5999825268e-01 
1.1798633907e-05 1.4310958063e+04 9.2010037944e-01 
4.1179904262e-06 1.2755637624e+04 1.0165797424e-01 
5.2670232219e-08 2.1001691571e+04 2.4144764394e-01 
1.1691165768e-06 1.1653911503e+04 4.8860692403e-01 
1.1086850726e-07 1.2251136532e+04 9.8137661145e-01 
6.3279499557e-11 1.2759687488e+04 8.4872170877e-01 
2.6976894536e-07 2.5000000000e+04 6.0040609140e-01 
1.7457573451e-09 1.1492138203e+04 5.7438925791e-01 
1.6159106791e-08 1.4444776316e+04 1.2682956211e+00 
6.9216256464e-08 1.7201838338e+04 1.2821979084e+00 
1.0674973691e-10 1.9786430981e+04 7.9631839256e-01 
2.3445982740e-10 1.2179888831e+04 9.3127979329e-01 
7.6907477201e-11 1.5555796942e+04 8.4512216978e-01 
1.3792279807e-08 1.2156755511e+04 5.4260683262e-01 
2.9341076928e-07 1.1651052141e+04 5.4742230494e-01 
1.4407640425e-06 1.1712207107e+04 1.0980944184e+00 
1.8445696922e-10 1.7683437534e+04 1.3055667561e+00 
1.8773705807e-10 1.1401276795e+04 5.0070319887e-01 
1.6559204638e-11 1.1421471207e+04 7.4025481763e-01 
2.9842865165e-11 1.7953510459e+04 7.4230176730e-01 
1.4919420527e-10 2.5000000000e+04 1.1619312494e-01 
5.0337720202e-10 1.2023080742e+04 9.7437545615e-01 
3.3891013198e-09 1.2755381929e+04 1.2377078521e-01 
3.8320819918e-12 2.5000000000e+04 1.2858400711e+00 
1.4821852553e-09 2.2223436504e+04 6.3133893998e-02 
2.7597116794e-09 1.3978928082e+04 1.2506223267e+00 
1.6722156346e-07 1.8429358736e+04 1.2969055017e+00 
2.0706435954e-07 1.3413737264e+04 1.1715342927e+00 
3.3185870723e-08 1.1518356739e+04 1.1588116639e+00 
1.6008785425e-08 2.0852489689e+04 3.3901802627e-01 
4.2398218969e-10 1.8642397585e+04 1.3213295217e+00 
1.7499845295e-11 1.3026243346e+04 7.7903325398e-01 
7.7483176239e-09 1.2708021251e+04 4.9640399465e-01 
7.3252858955e-10 1.2239160777e+04 5.5179093262e-01 
1.3699636662e-06 1.2086602753e+04 2.5857743388e-01 
6.4561956082e-09 1.1200375296e+04 8.7907678614e-01 
1.1389384111e-07 1.5197955097e+04 1.0760471211e+00 
4.3702828239e-11 1.1952249970e+04 1.9439601398e-01 
4.9761618030e-09 1.3643039169e+04 1.5531586692e+00 
2.8623463451e-08 1.3762191797e+04 5.7530486960e-01 
5.6510687929e-11 1.1581483846e+04 7.8316520841e-01 
9.6108434858e-09 1.1841822861e+04 6.2183285200e-01 
4.2413737146e-10 1.1826404327e+04 8.2159511910e-01 
7.1587098806e-09 1.1722291707e+04 6.4086936864e-01 
1.7726655421e-11 1.1418088713e+04 1.0166142001e+00 
5.8670295007e-10 1.4707561791e+04 4.4108249834e-01 
5.5214989921e-06 1.4122650133e+04 2.7041996372e-01 
1.5476720164e-10 2.5000000000e+04 9.3196817413e-01 
2.9490038885e-09 1.1998893781e+04 9.8173717221e-01 
6.2429103811e-08 1.8541122188e+04 2.4884624950e-01 
5.5669085365e-11 1.3281651585e+04 8.6538074363e-01 
1.0618473379e-07 1.2120056128e+04 9.0119720222e-01 
1.6134220714e-09 1.1885727373e+04 1.3450631318e+00 
3.8631739654e-08 1.2491050688e+04 6.7097273507e-01 
8.9376412896e-06 1.2318505383e+04 1.1697712768e+00 
7.5619947396e-10 1.6566648617e+04 1.0074896651e+00 
5.1198943535e-09 1.1585836952e+04 7.1526731811e-01 
2.1151076999e-11 1.1614904593e+04 8.6212843935e-01 
1.4748001880e-08 1.1321416102e+04 1.0353678957e+00 
2.2492017051e-09 1.3601833756e+04 4.7685310214e-01 
1.8944374467e-09 1.3630011570e+04 9.5391974436e-01 
5.9074299493e-09 2.5000000000e+04 7.0927637459e-01 
2.0973125238e-09 1.4014843131e+04 1.3472162908e+00 
5.7241345074e-10 1.6000161741e+04 5.4403034456e-01 
4.9590732446e-11 1.3835717376e+04 1.1087715492e+00 
6.4448429012e-09 1.5182199176e+04 4.6478005343e-01 
1.6603128762e-05 1.1516846299e+04 1.3607487656e+00 
6.2956086188e-09 2.3570488647e+04 7.8202086909e-01 
1.4041419551e-08 1.2859292924e+04 4.5533903822e-01 
1.1477790589e-09 1.1473028470e+04 1.2092784198e+00 
1.6650768034e-09 1.3251410379e+04 6.9160145191e-01 
7.7617214897e-11 1.8565206012e+04 9.1418018881e-01 
1.9595789848e-07 1.4406980050e+04 5.8802990632e-01 
1.0868306889e-06 1.1417762448e+04 1.2384221393e+00 
2.2515295390e-09 1.2204379464e+04 7.1522814870e-01 
4.7740437923e-06 1.2612747486e+04 8.0651588593e-01 
1.8908674934e-11 1.1396798661e+04 1.2049780922e+00 
1.8855938443e-09 1.3408444714e+04 1.4245804458e+00 
3.8934122740e-09 1.6727851080e+04 6.4259477678e-01 
2.3135121755e-09 1.9001080457e+04 3.7611062105e-01 
4.8457864649e-12 2.5000000000e+04 1.3632744306e+00 
5.6427488714e-12 1.6817822001e+04 1.1596525168e+00 
4.5607005966e-07 1.3604337540e+04 4.3710857018e-01 
1.0419002975e-09 1.4521826115e+04 6.5210247310e-01 
3.0657523689e-08 1.1391925979e+04 7.7091507158e-01 
3.8533478829e-09 1.3330772066e+04 3.5946707567e-01 
8.4599505003e-10 1.4750289900e+04 6.1746962586e-01 
6.9529809503e-06 1.5141060770e+04 5.8541033123e-01 
5.5084313118e-09 1.3830860032e+04 1.0790752194e+00 
1.3442709005e-10 1.1636473323e+04 6.4649581848e-01 
3.3547299963e-08 1.2004700623e+04 4.7524076984e-01 
2.7984765354e-08 1.4127160212e+04 4.4031480162e-01 
1.4438837493e-09 1.2357799251e+04 8.0059598964e-01 
2.6074046564e-10 1.1844257981e+04 3.9304716378e-01 
6.7613691204e-07 1.4119756698e+04 8.9071730993e-01 
1.1024544374e-11 1.6284722288e+04 5.4231414544e-01 
9.5045466239e-09 1.1319143271e+04 9.3154050498e-01 
1.6792037613e-07 1.1627237565e+04 1.8966260976e-01 
1.3164638188e-06 1.1620676401e+04 8.0980574643e-01 
4.0990085212e-11 1.1541729899e+04 1.1663546199e+00 
2.2908311783e-07 1.6543578086e+04 6.4683145559e-01 
5.1519595973e-11 1.1430039477e+04 6.9190791286e-01 
3.3402375190e-08 1.2503948006e+04 5.8323217019e-01 
6.3572848946e-10 1.3152383090e+04 4.2159852755e-01 
2.6531893340e-08 1.4474193588e+04 7.9300965825e-01 
2.0639655800e-11 1.1740446759e+04 9.1837970676e-01 
4.5999998590e-11 1.1743598359e+04 6.6504045713e-01 
1.9458419003e-11 1.3061092437e+04 5.6058696147e-01 
1.2023900550e-07 1.3597509332e+04 1.1922666808e+00 
1.6776166176e-08 1.2889898171e+04 5.6552908011e-01 
2.6442193138e-09 1.1346978457e+04 7.1694643626e-01 
6.3197558444e-08 1.1660547439e+04 1.0415656094e+00 
1.0842218141e-11 1.5427595590e+04 6.6126281774e-01 
2.1201175007e-10 1.5928160444e+04 5.4111600495e-01 
2.1829339431e-10 1.6775562119e+04 4.0427062001e-01 
2.6048093985e-10 1.1441007228e+04 1.1895080437e+00 
3.3269617518e-06 1.2775772376e+04 4.8132263237e-01 
4.3903480897e-10 1.3197704457e+04 6.3853761675e-01 
2.7893039114e-10 1.7734888814e+04 6.9866737865e-01 
1.2158165933e-07 1.3797980487e+04 7.6631274639e-01 
8.0036892719e-07 1.1492349792e+04 1.1923954395e+00 
6.0082673672e-07 1.6141700751e+04 1.3577080909e+00 
4.5513510268e-10 1.2870073837e+04 5.2493055264e-01 
9.2219580236e-11 1.7578047007e+04 8.3624461048e-01 
3.9822814750e-08 2.1407409561e+04 9.6837217229e-01 
2.7031248470e-08 1.5446395152e+04 9.8839739034e-01 
1.0156784624e-08 1.2463480592e+04 4.3751944653e-01 
1.8463052318e-10 1.2234884967e+04 3.0020608490e-01 
9.3757732290e-11 1.1606622573e+04 6.3119325201e-01 
9.4825255119e-06 1.2701251675e+04 8.0095376084e-01 
2.7335329034e-08 1.3005122144e+04 3.9286099881e-01 
6.3468343157e-06 1.1852572499e+04 7.5976963982e-01 
1.0199241306e-07 1.9337164160e+04 7.2132331581e-01 
1.4440431768e-08 1.1375531068e+04 7.9996623974e-01 
1.9553430529e-10 2.5000000000e+04 1.4258273293e+00 
2.7764620281e-07 1.1690860638e+04 1.3187592641e+00 
9.0323091901e-11 1.9290634672e+04 6.1486806348e-01 
3.6939956248e-08 1.4290908307e+04 2.2083686088e-01 
7.5497093324e-09 1.2891255741e+04 8.6309644192e-01 
1.6245494505e-09 1.7062575306e+04 4.5435918310e-01 
1.5581094895e-09 1.5811437433e+04 1.1268515899e+00 
2.8147025034e-07 1.4699237328e+04 1.0026510854e+00 
1.2064834630e-08 2.1279174292e+04 1.3282813166e-02 
2.0360474853e-07 1.1743288680e+04 3.8430212596e-01 
3.1691142240e-09 1.9293263640e+04 4.4697175379e-01 
1.2838759029e-06 1.5347105276e+04 7.7805613393e-01 
1.7402638546e-07 1.3406526407e+04 1.3589661394e+00 
3.0843646792e-08 1.3179397606e+04 5.8888702004e-01 
5.7859830657e-07 1.4424580435e+04 5.9168151856e-01 
1.3946273156e-10 1.5874429983e+04 8.9101825360e-01 
5.0166598837e-07 1.1482383849e+04 4.8398359994e-01 
1.3020777380e-09 1.1309231414e+04 1.8681600170e-01 
3.3201270867e-07 1.3374388898e+04 1.4342526546e+00 
7.9900966012e-10 1.5950246629e+04 1.3339758299e+00 
1.0282983729e-07 1.1223045610e+04 2.5490880798e-01 
2.4968226852e-09 1.5881594081e+04 8.8474545251e-01 
5.9726519683e-11 2.1759045158e+04 6.2469946962e-01 
6.5600484169e-06 1.3493718724e+04 1.2566745301e+00 
3.1644765822e-07 1.6132326313e+04 1.5175300029e+00 
2.9608307935e-09 2.5000000000e+04 4.1415524070e-01 
1.0155130568e-07 1.3295987739e+04 8.0712850019e-01 
4.7700500990e-07 1.1214417558e+04 7.1691175311e-01 
5.2045159200e-09 1.3673108255e+04 3.0399492665e-01 
1.2225585568e-09 1.1714643139e+04 8.7969104193e-01 
2.7837980311e-11 1.2860816599e+04 6.0415657533e-01 
3.2331321338e-10 2.0443283422e+04 5.7510650808e-01 
1.6983377857e-08 1.1230137321e+04 8.1188587358e-01 
1.1428336502e-09 1.2189954612e+04 8.3112773762e-01 
4.3859208252e-06 1.2458660011e+04 4.3429861035e-01 
4.0267209640e-09 1.2166887698e+04 1.0556652456e+00 
9.0634806720e-09 1.6715164888e+04 4.2908252335e-01 
3.0064812267e-11 1.2271287676e+04 6.0939066404e-01 
1.0430427495e-06 1.1505887099e+04 9.7383730456e-01 
2.3761844796e-06 1.1815621853e+04 8.2810794372e-01 
5.5116440457e-11 1.3647483672e+04 1.2443277434e+00 
2.6806718572e-08 1.1246643282e+04 5.1960372946e-01 
1.4359625258e-08 1.1224723630e+04 1.0195439040e+00 
3.0717910888e-08 1.3201691450e+04 2.0815193839e-01 
6.6672718920e-06 1.4189289722e+04 1.0442685715e+00 
1.1345313779e-09 1.1524113244e+04 5.8107120239e-01 
8.4751125764e-09 1.7024142145e+04 5.4665798993e-01 
6.1762631982e-11 2.5000000000e+04 5.0670889385e-01 
6.0098910197e-08 1.3917996451e+04 5.4109352103e-01 
2.0844442933e-07 2.1898183921e+04 1.1385394763e+00 
4.4761887973e-12 1.3639727681e+04 1.7447392382e-01 
1.8489962336e-08 1.3267438051e+04 7.9734066901e-01 
8.2757000942e-06 1.1288048294e+04 3.1910097252e-01 
1.6941995344e-08 1.1643741186e+04 5.4410447488e-01 
2.2360578197e-09 1.1967128517e+04 9.7038266914e-01 
4.0335537699e-09 1.3488137504e+04 1.4590108431e+00 
2.4264452286e-11 1.2245333243e+04 9.1261633281e-01 
2.4098406006e-08 1.5467209134e+04 3.7433645977e-01 
2.1464941874e-08 2.5000000000e+04 8.8116617164e-01 
6.8231342161e-10 1.3844205867e+04 4.4303839349e-01 
2.0205190537e-08 1.1785727253e+04 6.6061435503e-01 
2.3498925738e-10 1.7143868001e+04 4.9599814845e-01 
7.4853886389e-10 1.3852133687e+04 9.5689545982e-01 
1.4012480432e-06 1.4650969557e+04 7.6008343417e-01 
2.5134884050e-08 1.3477674077e+04 4.1856763539e-01 
5.0138497082e-09 1.1465162737e+04 7.8381993294e-01 
1.6843894475e-07 1.1363481454e+04 1.1893888424e+00 
2.4014986265e-08 1.5586008706e+04 6.0085571654e-01 
2.9614723360e-07 1.3483719025e+04 1.2645782264e+00 
1.9226303980e-09 1.2738376837e+04 4.6199851090e-01 
4.5216509125e-07 1.2969966221e+04 1.0918910756e+00 
9.8916705433e-09 1.1640430664e+04 4.5101321299e-01 
4.0823975320e-08 1.1476666061e+04 6.1588769804e-01 
1.7284711723e-10 1.4814461422e+04 5.7799893966e-01 
4.3866858038e-10 1.1356141002e+04 1.4232830221e+00 
7.1221972121e-09 1.2076802041e+04 1.8573206575e-01 
2.5452382460e-08 1.1202885727e+04 4.2749442322e-01 
8.3609798584e-08 1.3753842570e+04 5.7063291540e-01 
1.3070698183e-11 1.1622852592e+04 1.0480266320e+00 
9.2247062872e-06 1.1757949372e+04 9.4218587807e-01 
1.9107430363e-10 1.4637109986e+04 2.1738161695e-01 
3.0838176986e-08 1.1254482697e+04 8.9397903870e-01 
5.7799116328e-09 1.7975803900e+04 1.5743909248e-01 
4.0581996928e-11 1.4513257418e+04 1.1657720423e+00 
2.2691860388e-10 1.6422971734e+04 6.7468316250e-01 
2.6246673616e-08 1.2226954531e+04 6.0908834455e-01 
3.3397545501e-10 1.3957264581e+04 8.9122041773e-01 
6.7990098634e-10 1.2354007149e+04 3.6519556546e-01 
1.0105430250e-10 1.1999273473e+04 3.0727441090e-01 
3.0953832069e-08 1.2046445804e+04 2.8556187195e-01 
1.5558673826e-07 1.7784314568e+04 6.4987473305e-01 
7.7175183658e-08 1.1346201176e+04 5.6713381995e-01 
1.7214049382e-07 1.4251520445e+04 9.9669646529e-01 
4.0577469530e-11 1.8180514449e+04 1.5575345193e-01 
1.7430229268e-07 2.5000000000e+04 2.8949565948e-01 
5.9604540322e-06 2.5000000000e+04 7.0179324433e-01 
4.3989935017e-07 1.6672463707e+04 6.2689772613e-01 
6.6673296256e-09 1.2583731968e+04 3.7527504171e-01 
5.3345527233e-09 1.5239871971e+04 2.6339685850e-01 
3.6376518770e-10 2.5000000000e+04 4.1602794258e-01 
5.9390070780e-08 1.3035158893e+04 1.1170014887e+00 
6.7996985028e-09 1.3548388470e+04 1.0255240276e+00 
1.0457054598e-10 1.6513289202e+04 1.1085266089e+00 
9.8536757400e-06 1.4567331038e+04 1.0656032006e+00 
2.4754656453e-09 1.5350171049e+04 7.1729197387e-01 
1.0229443750e-08 1.2723249572e+04 8.9714278009e-01 
4.5426826672e-10 1.2223719979e+04 3.1887192034e-01 
3.1329509013e-09 1.2521841049e+04 1.1641948615e+00 
7.6507955141e-12 1.2897498272e+04 3.0083531799e-01 
1.0582281969e-08 1.3110481249e+04 6.1825615356e-01 
3.2214981481e-07 1.1585833130e+04 1.3333931213e+00 
4.8397726659e-10 1.3557819107e+04 1.4362461034e+00 
2.4546247454e-06 1.4895191482e+04 1.1716102551e+00 
9.5089132744e-09 1.1372523895e+04 6.4276716873e-01 
5.1485916435e-09 1.1744802072e+04 1.1762282041e+00 
9.6616844285e-08 1.3397548026e+04 2.5593749405e-01 
2.0788102591e-09 1.2589162640e+04 1.3302910399e+00 
6.6175677928e-10 1.5920680052e+04 8.3051748673e-01 
1.2888675667e-10 1.5301315511e+04 1.2904217560e+00 
3.6847157338e-08 1.2117977059e+04 9.7154449041e-01 
1.8390085040e-08 1.4392683362e+04 7.4792661134e-01 
6.8233855884e-07 1.1462876139e+04 7.1519165765e-01 
1.0965600734e-07 1.1266896047e+04 8.5047557684e-01 
8.8243274738e-10 1.1806439946e+04 8.3377510808e-01 
6.1525423763e-11 1.8340843660e+04 3.6358512176e-01 
3.8872671318e-09 1.2240607635e+04 7.1738502448e-01 
3.0458727688e-07 1.9542480471e+04 6.7492713655e-01 
2.7760546685e-08 1.4996496121e+04 7.3853699856e-01 
6.3982836505e-09 1.1298619177e+04 4.8698466329e-01 
1.5393726602e-08 1.2173429343e+04 7.8730790393e-01 
4.5228838502e-10 1.2086870963e+04 1.0849324226e+00 
4.6438169630e-09 1.3684786023e+04 6.2880543544e-01 
7.4734887581e-08 1.2522115029e+04 1.0372356571e+00 
2.3084844682e-06 1.1213269676e+04 1.2311860311e+00 
2.4952041463e-09 2.0248249811e+04 1.3265227695e+00 
1.0789487731e-08 1.2913724033e+04 3.0239404134e-02 
4.9941133197e-12 1.2041928364e+04 9.4839007910e-01 
9.1154783788e-09 1.1725297803e+04 3.8634580984e-01 
1.2858366710e-09 1.6792267028e+04 7.8946262760e-01 
2.3868121010e-06 1.5236076662e+04 6.7997791513e-01 
1.9260150411e-08 1.5995600016e+04 8.8933650891e-01 
2.2919047197e-10 1.1895488588e+04 1.1736859791e+00 
4.0531646705e-09 1.4606796355e+04 8.5279192377e-02 
1.5201924949e-06 1.5213165103e+04 1.3456475471e+00 
3.0227592892e-07 1.9187372507e+04 4.1878206607e-01 
5.1129287350e-07 1.1202259254e+04 7.3455467555e-01 
8.4838215962e-06 1.3823492880e+04 3.6696161898e-01 
1.6656783248e-08 1.1559091612e+04 8.0728984383e-01 
1.4154346811e-08 1.1764370022e+04 1.7193549539e-01 
3.7803681235e-06 1.7548315616e+04 1.1435964847e+00 
1.2139504487e-08 1.5276270300e+04 6.2703383571e-01 
1.2924796972e-09 1.6094253532e+04 1.0334357101e+00 
2.1086250216e-10 1.3762016866e+04 5.0995771510e-01 
4.4765843011e-07 1.2712390949e+04 5.7127020942e-01 
3.9475152832e-09 1.5234595376e+04 9.2892708393e-01 
4.0949070511e-08 1.1671030225e+04 1.1732607084e+00 
2.4912869634e-10 1.1251027482e+04 7.9002259894e-01 
7.5447763551e-11 1.5767578224e+04 4.6286870845e-01 
3.6059154480e-08 1.8296582097e+04 1.2217408073e+00 
8.7765760294e-09 1.7212458331e+04 6.9276125060e-01 
1.2291126138e-08 1.2413204965e+04 7.2067719637e-01 
3.8344381303e-08 1.4816079071e+04 9.5168444216e-01 
2.4803509176e-05 1.4984311374e+04 5.2458508062e-01 
2.4941359808e-08 1.1279883293e+04 1.3338285621e+00 
1.9927229280e-09 1.3387219489e+04 6.8279211304e-01 
4.9260332430e-09 1.5218948593e+04 5.9497398182e-01 
1.6824608365e-10 1.1527893872e+04 1.0834300463e+00 
1.7303906578e-07 1.6914931284e+04 7.9724895536e-01 
8.8103292088e-08 1.3022317968e+04 1.5425285232e-01 
2.8408873803e-08 1.1726014207e+04 3.5587935673e-01 
2.2772199994e-08 1.2426648814e+04 7.3089576082e-01 
1.3338434721e-08 1.3790323689e+04 1.4178313442e+00 
8.9378363618e-11 1.2158990682e+04 9.4576552520e-01 
3.3449932377e-06 1.4549157362e+04 9.9532658907e-01 
4.6042328350e-11 1.1903958198e+04 1.2773277033e+00 
7.6480674296e-08 1.1285811584e+04 1.2316513166e+00 
2.4012789867e-09 1.2968182981e+04 6.6752023057e-01 
1.2072254874e-10 1.1446431931e+04 1.2568195241e+00 
6.9242824995e-08 1.3955660316e+04 9.9993003130e-01 
2.3714388561e-08 1.4266042260e+04 1.0691547423e+00 
4.1385379569e-09 1.5317841908e+04 8.6458139135e-01 
2.3667575515e-09 1.1638133326e+04 2.6116333634e-01 
1.9941709224e-09 1.1784014619e+04 1.3862759481e-01 
6.4013466383e-09 1.4987458472e+04 9.0515593479e-01 
1.4647499752e-06 1.6812567833e+04 1.0969432363e+00 
1.9081674557e-08 2.0791333395e+04 1.5778637463e-01 
1.4863642224e-07 1.2484905879e+04 7.5364161252e-01 
1.3881874260e-10 1.4347697607e+04 9.0829174136e-01 
4.7653849150e-10 1.2023298005e+04 8.8017941878e-01 
1.5941428325e-09 1.7338491505e+04 8.2617700956e-01 
8.5541585397e-11 1.3815951655e+04 1.2459057190e+00 
9.9975886360e-08 1.5560380947e+04 1.0195736323e+00 
2.6273353172e-08 1.2973340401e+04 3.8153819348e-01 
6.9813367324e-10 1.1404635180e+04 5.0264284747e-01 
1.3406427563e-09 1.4129444976e+04 7.5541066271e-01 
2.6159414794e-09 2.3227689316e+04 6.4817347015e-01 
2.0637101720e-08 1.5718661485e+04 1.8790805219e-01 
2.7558342002e-07 1.3459962932e+04 2.6000143085e-01 
3.2711268928e-08 1.4710887092e+04 3.8653792848e-01 
5.4574893950e-10 1.2142941230e+04 9.9331952886e-01 
1.7969558906e-10 1.1314982810e+04 1.0625891505e+00 
9.6692530508e-10 1.1430936232e+04 1.5219823492e+00 
2.5103028173e-08 2.5000000000e+04 9.5388627551e-01 
1.6801748075e-07 1.6009577319e+04 5.8585080067e-01 
5.0823008217e-10 1.5129912849e+04 9.4876547324e-01 
8.2216040049e-11 1.2241297421e+04 1.2292127830e+00 
4.0149569239e-11 1.7360762203e+04 8.7224904387e-01 
9.0711524838e-07 1.2934610912e+04 1.1497709699e+00 
2.4814446432e-08 1.3452899333e+04 9.3338981537e-01 
5.8397926493e-07 1.1588554194e+04 7.4204976883e-01 
3.0733926798e-07 2.5000000000e+04 4.8447249782e-01 
2.8362822872e-08 1.3799669890e+04 1.0712587647e+00 
1.1461682533e-06 1.4116300289e+04 9.2137304977e-01 
1.2409827820e-09 1.3065079679e+04 7.5439708118e-01 
2.5131493404e-08 1.4453589652e+04 6.2496881936e-01 
1.0635223847e-08 1.3075816551e+04 1.8605564845e-01 
1.5428780842e-09 1.1996690109e+04 6.1152483895e-01 
1.7383489820e-09 1.3630859428e+04 9.7105133675e-01 
1.6061560287e-09 1.9049956716e+04 2.8944433357e-01 
1.9003814292e-09 1.3835627135e+04 1.2094038594e+00 
1.3395959952e-08 2.5000000000e+04 4.0233658712e-01 
2.6321030128e-09 1.1806194377e+04 7.1153028330e-01 
1.5432082403e-11 2.1332193896e+04 9.0715681867e-01 
2.3654146310e-05 1.4847786168e+04 5.6995971025e-01 
1.4057981760e-10 1.7368049818e+04 8.8991984003e-01 
5.7683052285e-09 1.1549058721e+04 7.2192121352e-01 
1.4980023087e-10 1.4804572593e+04 1.0342166587e+00 
4.5449426338e-10 1.4474520342e+04 7.1386981416e-01 
6.0196494324e-11 1.9834122819e+04 7.3771227032e-01 
7.1366478434e-10 1.2978897385e+04 7.7728180857e-01 
1.1387285640e-09 1.2653460258e+04 1.0025852395e+00 
5.6415642692e-08 1.1819849646e+04 9.2878052598e-01 
2.5926359364e-11 1.6861807381e+04 5.9028268505e-01 
1.6537288168e-11 1.3175934435e+04 9.6994511567e-01 
7.9488999832e-09 1.2886338476e+04 4.3585716349e-01 
4.9782628169e-08 1.6941811473e+04 1.3913385946e+00 
3.7215607073e-06 1.1476616315e+04 1.3903768194e+00 
5.1470811274e-11 1.1597265309e+04 6.2081649009e-01 
8.9216798825e-08 1.4037881633e+04 2.5093624332e-01 
1.4307384306e-07 1.3830029992e+04 3.3090245950e-01 
6.0196260123e-06 1.2323784114e+04 1.0699620647e+00 
7.8139405474e-09 1.3817142337e+04 6.2530934827e-01 
1.2791194383e-09 2.3378379761e+04 5.7899548633e-01 
8.0420918052e-09 2.1565980673e+04 1.1915314357e+00 
6.2449864482e-10 1.6250018762e+04 1.0327529748e+00 
9.0657789578e-08 1.2046745082e+04 1.1159599180e+00 
8.1528485734e-07 1.4574921219e+04 9.4966472217e-01 
2.5792135582e-07 1.1903727159e+04 1.2103269109e+00 
6.9523276742e-09 1.1502976497e+04 6.4780255701e-01 
7.7242734345e-10 1.1256062517e+04 8.0932282070e-01 
2.2895723789e-05 1.2695866797e+04 1.1953802115e+00 
1.2239055564e-06 1.3806859538e+04 1.2880479415e+00 
5.9345714106e-11 1.1243995506e+04 6.3122392161e-01 
2.9523784889e-08 1.2455905256e+04 1.5103050440e+00 
6.4225052667e-12 1.1213177993e+04 1.3101427018e+00 
3.6878180736e-09 1.4706316752e+04 7.0924424835e-01 
1.9934345795e-06 1.4176675392e+04 5.2584637367e-01 
1.4349716104e-11 1.2449291042e+04 1.0314316358e+00 
1.8774897495e-08 1.4213785773e+04 3.9537416392e-01 
1.6241124921e-07 1.2167204505e+04 1.0979680915e+00 
2.5182882294e-09 1.2571272097e+04 3.2370028909e-01 
4.5274485029e-07 1.2325826389e+04 6.3018561544e-01 
2.1470437032e-09 1.1743921613e+04 1.4196319802e+00 
4.9040088311e-10 1.3835730817e+04 3.4521281119e-01 
1.8834537438e-11 1.2267151868e+04 1.0100947837e+00 
3.0021953179e-08 1.3640048001e+04 5.9298423768e-01 
3.6016593508e-08 1.2014016907e+04 7.9050416266e-01 
2.7446838674e-09 1.3451613890e+04 2.8803056459e-01 
1.0626130660e-07 1.5173787448e+04 3.3183808924e-01 
1.6483727723e-10 1.2372145927e+04 1.7629255343e-01 
2.1703341723e-10 1.8624397168e+04 5.2472251840e-02 
7.3689053767e-10 1.2666705842e+04 9.9757146164e-01 
2.0545524673e-11 1.3520479626e+04 5.5824025037e-01 
7.5140046456e-11 1.2630087052e+04 1.3750391970e+00 
1.1703295661e-09 2.2820324826e+04 5.3165614836e-01 
5.2321328265e-07 1.1660989399e+04 9.0260844995e-01 
3.9559631903e-08 1.1999692239e+04 1.0348328955e+00 
1.8236834382e-10 1.1626382688e+04 2.0628510397e-01 
1.7560989245e-09 1.2865204961e+04 7.1975924569e-01 
1.8596368843e-09 1.6012996915e+04 5.5199629936e-01 
1.4504639659e-08 1.1688301003e+04 2.9894410480e-01 
3.7964107567e-07 1.1432875772e+04 9.9205029139e-01 
4.2714783914e-06 1.8490816877e+04 1.2502620139e+00 
2.1597310481e-08 1.1656125838e+04 6.0865312135e-01 
5.6646619437e-08 1.2825255529e+04 4.7666814876e-01 
7.1520436092e-09 2.2597173758e+04 1.0674554307e+00 
3.5650270546e-07 1.3290395595e+04 1.1636720230e+00 
9.4143241002e-08 2.2366857996e+04 1.3751574171e+00 
2.3808999560e-07 1.1759537772e+04 9.1013805731e-01 
1.7835606804e-09 1.1979593219e+04 1.1757576977e+00 
1.4762284547e-11 1.4992880531e+04 9.1864504065e-01 
1.7345991441e-08 1.9961131694e+04 2.4747286271e-01 
6.9041678134e-11 1.1364988547e+04 9.2385346741e-01 
1.3875882550e-09 1.1668961940e+04 1.0178231012e+00 
3.3240365497e-07 1.1589743644e+04 1.1254422968e+00 
1.5052825550e-09 1.4084275691e+04 1.1207255396e+00 
4.4790382246e-07 1.1986925142e+04 1.3272646474e+00 
1.7521637103e-08 1.2204370888e+04 1.0032383194e+00 
1.8574704415e-08 1.2139855604e+04 5.0132813144e-01 
5.6313911935e-09 1.3842385559e+04 4.6630704832e-01 
1.2324569234e-09 1.7194820945e+04 7.1614248710e-01 
1.0903533019e-11 1.1656788060e+04 1.3448307045e+00 
2.4417855716e-09 1.2253360491e+04 1.4338033578e+00 
4.0934712779e-10 1.3491889457e+04 1.0204444013e+00 
1.8956840254e-07 1.2250065308e+04 1.1086984441e+00 
1.0861049421e-07 1.3351116326e+04 1.4529172707e+00 
9.1427250833e-07 1.1295592808e+04 9.3146643760e-01 
1.0637801513e-07 1.1699877894e+04 5.8177348571e-01 
1.7019032871e-09 1.5722608313e+04 7.9499974618e-01 
1.5436982235e-08 1.1842675408e+04 6.2792875773e-01 
3.7764421355e-09 1.7993754328e+04 1.0532806935e+00 
2.3482542706e-10 1.2220928922e+04 1.3568709957e+00 
8.0579117964e-11 1.3020345506e+04 7.5603867244e-01 
3.9411558656e-07 1.1884226969e+04 1.1773776180e+00 
1.2310363522e-10 1.8718856979e+04 8.3299255730e-01 
4.1189285476e-10 1.1386040065e+04 8.1243004995e-01 
3.3186353101e-08 1.6272356246e+04 9.4064630074e-01 
1.5651155859e-07 1.4879503170e+04 1.3274990237e+00 
7.1313710642e-09 1.2250336510e+04 6.0486885463e-01 
2.3526073660e-09 1.1832207053e+04 1.0181177704e+00 
3.1050764364e-08 1.1881007989e+04 1.9869190678e-01 
3.8984954531e-08 1.5085057016e+04 1.1187926615e+00 
3.6650275174e-08 1.8607812378e+04 1.0474190462e+00 
1.7004764652e-09 1.1228120316e+04 7.9969657067e-01 
1.7054612638e-06 1.2490552801e+04 9.1509500813e-01 
6.6654269689e-10 1.1527927514e+04 6.9293463164e-01 
1.0915580673e-08 2.5000000000e+04 1.0642835371e+00 
3.4125418935e-07 1.2022056426e+04 1.2963028105e+00 
1.0831913067e-06 1.1709087657e+04 5.9131163806e-01 
9.2492179217e-10 1.2254339197e+04 6.4699861726e-01 
8.3113431828e-09 1.2953852082e+04 1.1040788237e+00 
3.2073665985e-08 1.6727988254e+04 9.1324600392e-01 
1.3769057172e-07 2.3321766003e+04 9.8624601507e-01 
2.2648718479e-10 1.3203244867e+04 5.2404942348e-01 
9.0427853465e-09 1.5490341964e+04 1.3785826921e+00 
7.6544519590e-10 1.3962798226e+04 1.4586936411e-01 
1.1457144617e-08 1.2887087450e+04 3.7627010053e-01 
1.2133502792e-09 1.2622760937e+04 1.0180639899e+00 
1.2006702443e-06 2.3757817124e+04 6.2842346618e-01 
3.7965268672e-10 2.4544689400e+04 1.5904132553e-01 
8.5527711090e-07 1.1228009145e+04 1.0891460011e+00 
6.2286593935e-10 1.1478877233e+04 9.0195871646e-01 
3.7965355711e-10 1.2974288330e+04 3.8968531401e-01 
6.0677096981e-11 1.2355434000e+04 3.6993912306e-01 
2.5790331669e-09 1.3267242950e+04 4.3813741734e-01 
5.2895247775e-09 1.9323335240e+04 1.1134613337e+00 
2.2959180016e-07 1.3466915269e+04 8.1679045967e-01 
1.9360702780e-08 1.6816243850e+04 8.9207416418e-01 
1.6831437338e-09 1.1473450871e+04 7.7681113133e-01 
6.5934016954e-11 1.4278454116e+04 1.0190564296e+00 
4.7430536531e-08 1.1674025225e+04 1.2043265650e+00 
9.1621337719e-10 1.2266727503e+04 8.9907635206e-01 
5.0305494012e-11 1.3406741403e+04 1.4006945854e+00 
8.3498769292e-11 2.1440240296e+04 4.3926130661e-01 
1.3253678884e-06 1.3171127611e+04 1.3400390719e+00 
2.2277765916e-10 1.1823717306e+04 6.9916566667e-01 
1.0012271366e-08 1.8044038220e+04 5.3687556817e-01 
1.1114015745e-09 1.2062782411e+04 1.0760555488e+00 
9.5216581908e-07 1.2623878507e+04 8.6796382327e-01 
3.0281843035e-10 1.5788302127e+04 6.6965470169e-01 
1.2878691052e-08 1.2028097344e+04 8.9520977707e-01 
5.6262865788e-10 1.4985378576e+04 1.1012940444e-01 
1.1799008341e-06 1.1275200781e+04 1.2069992515e+00 
3.1339248274e-11 1.1819925528e+04 1.1302730839e+00 
6.6771156304e-10 1.7759915771e+04 7.0502781826e-01 
3.9381776209e-08 1.6490857889e+04 4.0388467834e-01 
8.3166129635e-10 1.2762767045e+04 4.5092314769e-01 
4.3090219260e-06 1.1686832889e+04 6.4728295020e-01 
4.5519290158e-09 1.1437997098e+04 1.0902426438e+00 
3.5435668800e-11 1.6622630668e+04 7.3209233711e-01 
2.5390738990e-08 1.5511202485e+04 1.0173727645e+00 
3.3492704066e-10 1.7305476489e+04 1.6543761829e-01 
1.2581957637e-10 1.1503333543e+04 7.0872150011e-01 
7.8867162719e-09 2.1464777422e+04 8.0844171109e-01 
4.4168395879e-10 1.1968594509e+04 1.1415347255e+00 
5.9744543509e-08 1.5384645451e+04 5.5877866912e-01 
4.7468709848e-12 1.6583582948e+04 7.0172259310e-01 
1.7949784104e-06 1.2897217244e+04 2.9303939448e-01 
3.1228554601e-07 1.4631914374e+04 7.8838197674e-01 
6.5116025312e-11 1.1312241503e+04 8.8184264693e-01 
1.6752364418e-08 1.8780002210e+04 1.0851717795e+00 
3.3679466990e-11 1.6764417116e+04 1.2525379932e+00 
7.0106281367e-09 1.2180953593e+04 1.2802534714e+00 
3.4306791637e-07 1.1654508039e+04 1.2744499773e+00 
3.6702897196e-10 1.1872365059e+04 6.8960348900e-01 
8.8189798106e-08 1.1794423395e+04 1.3359415699e+00 
3.0355528960e-06 1.4962142369e+04 8.7946872059e-01 
7.3867743148e-08 1.2796274000e+04 5.6216189209e-01 
2.2742543100e-08 1.4151820355e+04 7.0939127339e-01 
3.3209309062e-07 1.4759752352e+04 1.3796594522e+00 
1.4214434532e-09 1.2693979588e+04 3.5814039811e-01 
1.0579843783e-10 1.1603435090e+04 9.1114937585e-01 
1.5353535608e-06 1.2547894434e+04 8.8136297073e-01 
3.1405079486e-06 1.6414200570e+04 3.4050615758e-01 
2.1882618867e-08 1.4022124769e+04 1.3769216821e+00 
2.8540595469e-09 1.2297567208e+04 6.8323615318e-01 
9.5276298350e-11 1.2575333649e+04 5.6674980419e-01 
3.7712842846e-09 1.4908643181e+04 6.5760708849e-01 
5.4964549574e-10 1.1793191945e+04 1.0943301842e+00 
6.3140662155e-10 1.2177634453e+04 3.0435218581e-01 
1.3512723974e-05 1.5724663785e+04 4.0028160601e-01 
3.5338205614e-06 1.1952296146e+04 1.1504540892e+00 
2.3205547107e-06 1.4268196238e+04 2.2918468730e-01 
2.9213282736e-10 1.4552174173e+04 4.7049984522e-01 
1.2686787153e-06 1.5934904063e+04 6.4647119830e-01 
2.8169502551e-11 1.1230267261e+04 8.1052782679e-01 
2.1075301243e-07 1.1723250809e+04 5.1057647909e-01 
1.3451445252e-08 1.1422807848e+04 1.0131842430e+00 
3.4035399319e-08 1.5176519388e+04 8.9031432085e-01 
5.0988911482e-07 1.3250113051e+04 9.0606295384e-01 
1.3780304193e-06 1.2145726765e+04 1.2897366674e+00 
9.5680469233e-09 1.5895690092e+04 9.2074401901e-01 
4.6119332393e-08 1.2835888782e+04 6.8270768615e-01 
1.1727552951e-08 1.1855873008e+04 6.9337421977e-01 
4.6008676194e-12 1.1538455689e+04 9.1558395918e-01 
2.8978103627e-09 2.1172707030e+04 7.9152263689e-01 
6.4989437917e-06 1.1600634661e+04 3.7562614090e-01 
4.0513577378e-06 1.5678509493e+04 2.8952454304e-01 
1.1430124993e-09 1.4209533769e+04 8.7373257930e-01 
6.4638710302e-10 1.5560759429e+04 1.2558381786e+00 
4.5140134139e-09 1.2988497063e+04 1.1994959650e+00 
2.8408937845e-10 1.4519215276e+04 2.7420549885e-01 
4.0364079921e-09 1.1995006835e+04 8.8875242540e-01 
2.8100380154e-08 1.1900563615e+04 8.3791335524e-01 
1.8361092424e-08 1.2525611689e+04 4.1112657624e-01 
