6.8120598187e-05 0.0000000000e+00 
6.8387274850e-05 2.4118120174e-01 
2.7228548755e-05 0.0000000000e+00 
1.4091246846e-05 4.6471061387e-01 
2.4146948659e-05 0.0000000000e+00 
1.3360719764e-04 1.0000000000e+00 
1.5659605317e-04 0.0000000000e+00 
2.4500291505e-05 2.3278746492e-01 
4.6200076327e-05 0.0000000000e+00 
1.4552802346e-04 0.0000000000e+00 
2.7208469474e-05 2.7559639803e-01 
5.5892241987e-05 9.8923990983e-01 
1.2818915936e-05 1.0000000000e+00 
3.2393433812e-04 0.0000000000e+00 
7.4143515107e-05 0.0000000000e+00 
1.7952522722e-05 2.9178213550e-01 
6.1470690626e-05 6.8212664880e-01 
1.4376348330e-05 2.3179293163e-01 
6.8280197441e-04 1.0000000000e+00 
2.4640778277e-05 0.0000000000e+00 
7.0976115536e-05 3.3359907728e-02 
7.6489566598e-05 0.0000000000e+00 
4.6110480405e-05 7.5955208973e-02 
7.2151737706e-05 0.0000000000e+00 
3.0482354489e-05 0.0000000000e+00 
1.1658703836e-05 2.4030468586e-01 
1.7486149997e-05 2.0649369190e-01 
7.5480998974e-05 1.0000000000e+00 
5.6477429409e-05 0.0000000000e+00 
2.3461553776e-04 0.0000000000e+00 
6.3667147916e-05 0.0000000000e+00 
9.6602477008e-05 1.0000000000e+00 
6.5289546702e-05 0.0000000000e+00 
3.5602088329e-05 1.6865411366e-01 
2.2696752741e-05 0.0000000000e+00 
7.9201319461e-05 0.0000000000e+00 
5.3398462934e-05 0.0000000000e+00 
6.1057769546e-05 0.0000000000e+00 
4.3967815697e-05 1.4935481519e-01 
5.2743031355e-05 4.2624180949e-02 
1.0273236326e-03 0.0000000000e+00 
1.4502651957e-04 1.0000000000e+00 
9.8498873668e-06 1.0000000000e+00 
2.5401077565e-05 2.1984796083e-01 
1.3221678418e-04 0.0000000000e+00 
3.1800298975e-05 1.9045455607e-01 
4.0042844015e-05 1.0000000000e+00 
1.2591344906e-04 1.0000000000e+00 
3.5817385182e-05 0.0000000000e+00 
5.9586260481e-05 1.0216103010e-01 
2.4882682871e-05 0.0000000000e+00 
4.1419418630e-05 0.0000000000e+00 
8.1805365674e-05 1.0000000000e+00 
4.4449612826e-05 1.0090317817e-01 
8.8491423117e-05 0.0000000000e+00 
7.6106368492e-05 0.0000000000e+00 
1.5068302776e-05 0.0000000000e+00 
3.1380558032e-05 1.0000000000e+00 
6.7083815351e-05 0.0000000000e+00 
5.3520229110e-04 0.0000000000e+00 
4.4631013271e-05 5.7559523545e-02 
2.3995207549e-05 5.6792909023e-02 
8.5089337950e-05 1.0000000000e+00 
2.5062768237e-04 0.0000000000e+00 
3.4820295169e-05 2.3622020363e-02 
7.0436533161e-05 0.0000000000e+00 
1.5451117722e-04 0.0000000000e+00 
1.5654135268e-04 4.9917310235e-01 
6.2212283744e-05 1.2228207243e-01 
5.9777959093e-05 1.0000000000e+00 
2.7531406662e-05 1.7320659934e-01 
3.5270375601e-04 0.0000000000e+00 
7.9258586186e-06 1.2561699716e-01 
2.6981160278e-05 1.7947545146e-01 
6.4249254392e-05 1.1383318503e-02 
2.3757000416e-04 0.0000000000e+00 
2.7930802151e-05 1.8022671397e-01 
2.6350100235e-05 0.0000000000e+00 
1.6442874387e-05 0.0000000000e+00 
7.2393517552e-05 0.0000000000e+00 
1.8358589766e-04 1.0000000000e+00 
9.6098662719e-05 0.0000000000e+00 
6.4641515282e-05 0.0000000000e+00 
2.7419800033e-05 0.0000000000e+00 
5.9675874448e-05 0.0000000000e+00 
3.5297388992e-05 1.2632410094e-01 
4.3787391189e-04 0.0000000000e+00 
1.9682743394e-05 0.0000000000e+00 
2.0688132862e-05 8.1596107253e-01 
2.7770004321e-05 0.0000000000e+00 
8.1730922411e-05 0.0000000000e+00 
9.1971653130e-05 1.0000000000e+00 
1.5564426634e-05 1.0000000000e+00 
5.6744124622e-05 1.0000000000e+00 
9.3822390725e-06 1.0000000000e+00 
4.7207647229e-04 0.0000000000e+00 
9.5669718656e-06 1.0000000000e+00 
1.2943529200e-04 0.0000000000e+00 
3.1709100788e-05 1.3504142772e-01 
2.1023404566e-04 1.0000000000e+00 
7.9645494386e-06 1.0000000000e+00 
1.3443423285e-05 2.5025187951e-01 
5.2748095170e-06 1.0000000000e+00 
1.0357814654e-05 1.0000000000e+00 
2.1098758847e-05 1.9714562070e-01 
7.2995732601e-06 1.0000000000e+00 
7.3207002556e-05 0.0000000000e+00 
6.8957825987e-05 1.0000000000e+00 
6.3404588627e-05 0.0000000000e+00 
4.7230853535e-05 9.9970584981e-02 
1.7980837959e-05 1.0000000000e+00 
3.7289538106e-05 0.0000000000e+00 
5.8983809406e-05 2.3968819981e-01 
5.2703344326e-05 1.0000000000e+00 
1.9752692688e-05 1.0000000000e+00 
4.4733794174e-05 1.0008371417e-01 
5.1480862726e-06 1.0000000000e+00 
2.1220087815e-04 0.0000000000e+00 
1.0117133148e-04 0.0000000000e+00 
4.6063286512e-05 0.0000000000e+00 
9.4151891935e-06 1.0000000000e+00 
2.6943302937e-05 1.6336473874e-01 
1.7924259371e-05 0.0000000000e+00 
7.7542882884e-04 0.0000000000e+00 
4.0305449146e-05 1.1418190074e-01 
1.4943054961e-04 0.0000000000e+00 
2.4284688150e-04 1.0000000000e+00 
2.3222692428e-05 2.5225593200e-01 
7.8706713074e-05 1.3227430204e-02 
6.5039715722e-05 0.0000000000e+00 
3.2382996986e-05 0.0000000000e+00 
2.6378298892e-05 0.0000000000e+00 
1.9639037897e-05 0.0000000000e+00 
5.9539700102e-04 0.0000000000e+00 
5.5950965884e-05 1.2298742923e-02 
2.6302138978e-05 1.0000000000e+00 
6.2505278490e-05 0.0000000000e+00 
1.0715472453e-04 0.0000000000e+00 
1.0826355599e-05 1.0000000000e+00 
3.5942948570e-04 0.0000000000e+00 
3.7741549267e-05 0.0000000000e+00 
9.7099980902e-05 0.0000000000e+00 
9.9647497068e-06 3.1468957561e-01 
4.7007379555e-04 0.0000000000e+00 
1.6787339771e-05 3.1593587229e-01 
7.0256630188e-05 0.0000000000e+00 
4.4567267866e-05 1.4595970475e-01 
6.2690996962e-04 0.0000000000e+00 
8.7527166709e-05 0.0000000000e+00 
2.2768330425e-05 1.0000000000e+00 
1.3327659837e-04 0.0000000000e+00 
8.7668515403e-05 0.0000000000e+00 
3.7634677823e-05 1.2113587630e-01 
9.9655047885e-05 1.1311566597e-01 
1.2460450168e-04 0.0000000000e+00 
7.6976103196e-04 0.0000000000e+00 
2.6224717728e-04 0.0000000000e+00 
7.0744834151e-05 0.0000000000e+00 
8.6188313941e-05 1.0000000000e+00 
4.9225286102e-04 0.0000000000e+00 
1.1814483771e-05 1.0000000000e+00 
5.2680909245e-05 0.0000000000e+00 
4.7503511683e-05 9.1460877064e-02 
8.4973083730e-04 0.0000000000e+00 
1.1966649472e-05 1.0000000000e+00 
1.6299994207e-04 0.0000000000e+00 
1.4820596732e-04 0.0000000000e+00 
1.2793777206e-04 0.0000000000e+00 
8.4323369386e-04 0.0000000000e+00 
2.1464213055e-05 9.1548043350e-02 
3.5550597374e-05 0.0000000000e+00 
1.8996425298e-04 0.0000000000e+00 
1.9350203364e-04 1.0000000000e+00 
6.0047957886e-05 4.3094317692e-02 
1.1137413298e-04 0.0000000000e+00 
6.2652436319e-06 1.0000000000e+00 
1.0380515100e-03 0.0000000000e+00 
5.0502183636e-04 0.0000000000e+00 
4.0396374899e-05 1.0264634952e-01 
6.9415391669e-05 0.0000000000e+00 
7.3611189136e-04 1.0000000000e+00 
1.6546002019e-05 1.0000000000e+00 
3.9000732586e-05 0.0000000000e+00 
8.0785046599e-05 0.0000000000e+00 
2.5080586289e-04 0.0000000000e+00 
1.3166554769e-05 1.0000000000e+00 
4.6750577120e-05 1.0333026950e-01 
6.7726879612e-05 0.0000000000e+00 
3.4585716201e-04 0.0000000000e+00 
1.8006097732e-04 1.0000000000e+00 
6.5769923092e-04 0.0000000000e+00 
3.2415552421e-05 1.0000000000e+00 
3.8865101684e-04 0.0000000000e+00 
2.7292086441e-05 0.0000000000e+00 
1.1741741321e-05 4.6909741440e-01 
1.0229077914e-04 1.0000000000e+00 
4.3043382577e-05 1.0000000000e+00 
4.4624732509e-05 8.3108399523e-01 
1.2181920884e-04 0.0000000000e+00 
1.0788536753e-04 4.1739986506e-02 
3.0677431027e-05 1.0000000000e+00 
1.4031185441e-04 0.0000000000e+00 
1.6137882861e-04 0.0000000000e+00 
7.8434584290e-05 1.0000000000e+00 
2.1081648696e-05 0.0000000000e+00 
7.4142105334e-06 1.8593123581e-01 
1.6264695684e-05 2.5225914746e-01 
5.7000205096e-05 0.0000000000e+00 
4.9856535746e-05 0.0000000000e+00 
1.1409379558e-04 0.0000000000e+00 
7.7712083731e-05 1.0000000000e+00 
4.6641411230e-05 1.0000000000e+00 
2.8366093453e-05 1.7742841086e-01 
2.6778889962e-04 0.0000000000e+00 
5.0665325183e-05 7.7412735530e-02 
5.0319765685e-05 1.0000000000e+00 
4.4068959812e-05 1.3970652351e-01 
8.4417414668e-05 0.0000000000e+00 
5.4711642057e-05 5.1068413046e-02 
1.8224161179e-05 2.8619131530e-01 
6.9221356428e-05 0.0000000000e+00 
1.5854041869e-04 0.0000000000e+00 
9.4415239657e-05 9.1501430900e-02 
2.2906857135e-05 1.0000000000e+00 
2.9531888199e-05 0.0000000000e+00 
9.6492344646e-05 0.0000000000e+00 
3.1461197923e-05 1.4467938044e-01 
5.9075328956e-05 0.0000000000e+00 
1.5562490787e-05 1.3161691505e-01 
1.2432438768e-04 0.0000000000e+00 
2.2070739278e-05 2.6487292352e-01 
2.4378794055e-05 0.0000000000e+00 
4.0587261859e-05 0.0000000000e+00 
1.7620596428e-05 1.0000000000e+00 
1.0022803918e-05 1.0000000000e+00 
8.3183246358e-06 2.1541364086e-01 
9.8144985687e-05 1.0000000000e+00 
6.1442928655e-05 1.4147588679e-02 
1.2246754727e-04 0.0000000000e+00 
2.3684938938e-05 1.7380154834e-01 
4.9540124474e-05 0.0000000000e+00 
1.8085484818e-05 1.9759403725e-01 
1.4247442435e-04 0.0000000000e+00 
2.9403900508e-05 0.0000000000e+00 
9.4282611949e-05 2.0720619438e-01 
3.5887600806e-05 1.5317425353e-01 
6.9478257486e-05 1.4470066225e-01 
1.4120666615e-05 2.3148780578e-01 
1.0609508675e-04 0.0000000000e+00 
2.7604437519e-05 1.5802488302e-01 
8.3870910246e-04 0.0000000000e+00 
1.2646540518e-04 0.0000000000e+00 
4.3383528666e-05 0.0000000000e+00 
5.2942527952e-05 0.0000000000e+00 
1.8937174046e-04 0.0000000000e+00 
9.4080311863e-04 0.0000000000e+00 
2.0931929781e-05 1.8146585725e-01 
4.2608847582e-04 0.0000000000e+00 
3.4225058039e-05 3.3577182094e-02 
7.7325654963e-06 1.0000000000e+00 
4.7596435417e-05 0.0000000000e+00 
2.4905985066e-05 1.7251331685e-01 
7.6547823926e-05 0.0000000000e+00 
5.5847282869e-05 1.0000000000e+00 
1.1957044636e-04 4.2526522911e-01 
7.9759527502e-05 0.0000000000e+00 
6.6168224826e-05 0.0000000000e+00 
2.2376874245e-05 2.4287330789e-01 
9.1693247115e-06 2.5608235671e-01 
3.1342589245e-05 2.1383225853e-01 
1.3810191602e-04 0.0000000000e+00 
6.5086788182e-06 1.0000000000e+00 
3.9870169105e-05 0.0000000000e+00 
4.2748176426e-05 0.0000000000e+00 
2.8225144202e-05 5.8735199784e-02 
6.3136263237e-05 1.8532449634e-01 
6.2842164602e-05 0.0000000000e+00 
4.7867514567e-05 0.0000000000e+00 
1.3592375594e-04 0.0000000000e+00 
2.2820100032e-04 0.0000000000e+00 
3.9232502114e-04 0.0000000000e+00 
1.8745924984e-05 1.7467218435e-01 
1.5363253419e-05 2.4445295690e-01 
5.2601308532e-05 8.7078048728e-02 
2.9616525977e-05 1.6188452067e-01 
3.6691749879e-04 0.0000000000e+00 
2.4495917548e-04 0.0000000000e+00 
4.2382104776e-05 1.0000000000e+00 
2.6846378148e-05 0.0000000000e+00 
1.6819523719e-05 2.0405210641e-01 
1.0736864809e-04 1.0000000000e+00 
3.9212178095e-05 2.5328574521e-01 
5.1269051147e-05 1.4859632615e-01 
3.0516935436e-05 1.9590765291e-01 
1.1539047626e-04 0.0000000000e+00 
4.1698446414e-05 0.0000000000e+00 
1.3347131223e-04 0.0000000000e+00 
1.7025319187e-05 1.0000000000e+00 
1.8654410297e-04 0.0000000000e+00 
6.0321931365e-05 9.0400017317e-02 
2.5134975114e-05 0.0000000000e+00 
2.1977263426e-05 1.4142636274e-01 
2.2029969397e-04 1.0000000000e+00 
2.6312435869e-05 2.9561929833e-02 
6.9351331792e-05 0.0000000000e+00 
6.7780784892e-05 0.0000000000e+00 
2.6946288927e-05 1.0000000000e+00 
4.8232643343e-05 8.6486873488e-02 
7.0155273915e-06 1.0000000000e+00 
1.7791117535e-04 0.0000000000e+00 
3.3875809301e-05 0.0000000000e+00 
2.4986145745e-05 0.0000000000e+00 
1.5191133922e-04 1.0000000000e+00 
9.4280939826e-05 0.0000000000e+00 
4.8803915408e-05 0.0000000000e+00 
4.5787234975e-05 0.0000000000e+00 
2.6211533033e-05 1.7089501475e-01 
2.3472367276e-05 0.0000000000e+00 
3.1483524380e-05 1.5521640365e-01 
2.1928503659e-04 1.0000000000e+00 
1.1592744381e-04 0.0000000000e+00 
9.5450447238e-05 0.0000000000e+00 
2.9962004324e-05 1.4558472852e-01 
8.7200517295e-05 0.0000000000e+00 
6.8814489310e-04 0.0000000000e+00 
1.2096290014e-05 1.0000000000e+00 
2.9366948381e-05 0.0000000000e+00 
8.1056664603e-05 0.0000000000e+00 
1.2500395753e-04 0.0000000000e+00 
3.8591975522e-05 0.0000000000e+00 
1.8779612493e-04 0.0000000000e+00 
1.0636802442e-05 1.3574324067e-01 
7.2377091100e-05 5.4839337446e-02 
2.7303736534e-05 1.1070709989e-01 
2.2959659318e-05 1.2803311787e-01 
8.3225514003e-04 0.0000000000e+00 
1.8139695962e-05 1.7737049155e-01 
7.7571864857e-05 0.0000000000e+00 
6.3473770365e-05 0.0000000000e+00 
1.5849099629e-04 0.0000000000e+00 
3.3172732917e-04 1.0000000000e+00 
1.6018273407e-05 2.3209121868e-01 
7.0059349750e-05 1.5456746707e-01 
3.9632574253e-05 2.9965132203e-01 
3.0228694968e-05 4.5060686236e-01 
6.9416230578e-05 2.6479217187e-02 
1.7726073223e-04 0.0000000000e+00 
1.2282052343e-04 0.0000000000e+00 
1.9710687701e-05 1.2509897453e-01 
1.8474340941e-05 0.0000000000e+00 
9.1205559336e-05 0.0000000000e+00 
2.9113921951e-04 0.0000000000e+00 
3.2679995584e-04 1.0000000000e+00 
1.0733107872e-05 4.5487298350e-01 
1.6971486357e-04 8.6720014469e-02 
2.1826976858e-04 0.0000000000e+00 
1.1040132534e-05 1.0000000000e+00 
7.7755397432e-05 0.0000000000e+00 
4.8824203124e-05 0.0000000000e+00 
1.3061962499e-05 1.0000000000e+00 
1.8916375657e-05 0.0000000000e+00 
4.9116677079e-05 0.0000000000e+00 
1.7337370825e-05 2.1070811235e-01 
2.1358898182e-04 1.0000000000e+00 
3.6859787955e-05 0.0000000000e+00 
3.4574409261e-05 1.7399727141e-01 
9.8381917133e-05 0.0000000000e+00 
8.4975182708e-04 0.0000000000e+00 
7.1932970333e-06 1.0000000000e+00 
3.0729241975e-05 0.0000000000e+00 
1.6659389369e-04 0.0000000000e+00 
6.0152600512e-04 0.0000000000e+00 
1.8698107445e-04 0.0000000000e+00 
1.0390397260e-04 0.0000000000e+00 
1.0017078319e-04 1.0000000000e+00 
9.5893937256e-05 0.0000000000e+00 
5.2333201997e-05 8.4767407615e-02 
4.5431175202e-04 0.0000000000e+00 
1.0468942397e-04 0.0000000000e+00 
2.8970648491e-04 0.0000000000e+00 
1.3566049305e-05 1.0000000000e+00 
1.1498788619e-04 0.0000000000e+00 
7.0197405387e-05 8.0760503604e-02 
1.8803172763e-04 0.0000000000e+00 
2.1041402831e-05 2.5910880868e-01 
1.0059362887e-04 0.0000000000e+00 
5.7384367477e-05 4.0786061737e-02 
1.7599130052e-05 4.0177002588e-01 
2.2619361109e-05 1.0000000000e+00 
3.2793357482e-05 0.0000000000e+00 
1.3605820737e-05 0.0000000000e+00 
6.5053899047e-05 0.0000000000e+00 
5.0860998436e-05 0.0000000000e+00 
1.8715636641e-04 0.0000000000e+00 
5.0566809430e-04 0.0000000000e+00 
5.2324538029e-06 1.0000000000e+00 
1.0338517229e-04 0.0000000000e+00 
2.6259685304e-05 0.0000000000e+00 
9.8257764158e-06 1.0000000000e+00 
9.6264712760e-05 0.0000000000e+00 
8.9257623861e-05 0.0000000000e+00 
1.2299746084e-05 5.9685639896e-02 
5.5792885512e-04 9.5676810722e-01 
1.1154620788e-05 1.0000000000e+00 
1.8151335789e-05 2.2175522904e-01 
8.5408533932e-05 1.0000000000e+00 
2.9396970161e-04 0.0000000000e+00 
7.6543269518e-06 1.0000000000e+00 
1.7610195970e-04 0.0000000000e+00 
1.9350404379e-04 0.0000000000e+00 
7.0494757834e-05 0.0000000000e+00 
4.5819759785e-05 1.3381750113e-01 
1.8916725840e-05 1.3761009961e-01 
2.3954776171e-05 1.0000000000e+00 
2.1243353306e-05 1.0000000000e+00 
6.1867409277e-05 0.0000000000e+00 
5.9520157477e-05 0.0000000000e+00 
3.8352549152e-04 0.0000000000e+00 
2.2075438406e-05 1.0000000000e+00 
3.6664091066e-04 0.0000000000e+00 
9.0546251013e-06 1.0000000000e+00 
5.5592153536e-06 1.0000000000e+00 
2.0122684543e-05 1.9877637601e-01 
3.7062773283e-05 1.0000000000e+00 
1.8539307215e-05 1.0000000000e+00 
6.0438030990e-05 5.7728844645e-02 
1.6713345083e-04 0.0000000000e+00 
1.2621960611e-04 0.0000000000e+00 
1.4272840775e-05 4.5168105710e-01 
1.0738809698e-04 0.0000000000e+00 
1.5654098679e-05 1.0000000000e+00 
5.7229550673e-05 0.0000000000e+00 
8.5462432213e-05 0.0000000000e+00 
7.5862683088e-05 0.0000000000e+00 
1.0919464074e-05 4.6232332551e-01 
3.3375995861e-05 1.0000000000e+00 
1.7192675006e-05 2.1448254592e-01 
1.3478960424e-05 1.0000000000e+00 
1.3512262134e-04 1.0000000000e+00 
5.3013365621e-06 1.0000000000e+00 
6.6844661458e-05 0.0000000000e+00 
6.9537979209e-04 0.0000000000e+00 
5.1765311760e-04 0.0000000000e+00 
1.0075924085e-04 1.0000000000e+00 
3.0537052206e-04 1.0000000000e+00 
1.5362859049e-04 0.0000000000e+00 
1.5538592264e-05 2.4765867996e-01 
1.4417881164e-04 0.0000000000e+00 
5.0494361732e-05 0.0000000000e+00 
7.2749083362e-05 9.8927741865e-01 
1.0561473502e-04 4.2122521230e-01 
1.3516555546e-05 2.2800066531e-01 
2.4812772593e-05 1.1823486115e-01 
1.7259002065e-05 0.0000000000e+00 
7.8021957503e-05 0.0000000000e+00 
2.1339922774e-04 0.0000000000e+00 
2.9658162939e-04 4.0332059365e-01 
2.2736814203e-05 7.5588169776e-02 
2.2751995751e-05 1.7666526893e-01 
8.2657882335e-06 1.0000000000e+00 
1.0787537763e-05 4.4166541073e-02 
1.4240242781e-05 3.1622246302e-01 
3.2699704084e-05 0.0000000000e+00 
5.0696877295e-05 1.9885182631e-01 
6.0773649479e-06 2.3590356488e-01 
3.0740125547e-05 2.9028521466e-01 
5.1173881194e-05 2.8432258473e-01 
1.3109283059e-04 4.9281869754e-01 
1.7311923469e-04 1.1847940873e-01 
1.0549829887e-04 4.2371103829e-01 
6.3454005256e-05 1.2502302148e-02 
2.8456173587e-05 0.0000000000e+00 
8.4194266945e-06 1.0000000000e+00 
6.3466972858e-05 0.0000000000e+00 
3.7355795763e-05 0.0000000000e+00 
3.6626243994e-04 0.0000000000e+00 
7.8688671647e-05 0.0000000000e+00 
1.3986992489e-04 0.0000000000e+00 
1.2472236559e-05 5.2991524046e-01 
5.5365082065e-05 1.0000000000e+00 
9.0749126248e-05 0.0000000000e+00 
1.2444610690e-05 1.0000000000e+00 
7.0859913571e-05 0.0000000000e+00 
3.1310521476e-05 0.0000000000e+00 
6.9458770804e-05 0.0000000000e+00 
8.4556445417e-06 1.0000000000e+00 
2.6854755922e-05 1.6308203047e-01 
5.6728199556e-04 0.0000000000e+00 
1.3487344644e-05 2.3871300502e-01 
6.0738195072e-05 0.0000000000e+00 
1.0708881623e-04 0.0000000000e+00 
1.5056998823e-05 2.0654853485e-01 
1.4989002532e-04 0.0000000000e+00 
3.8035323536e-05 1.0000000000e+00 
1.0523913771e-04 0.0000000000e+00 
6.0987695685e-04 1.0000000000e+00 
2.7905478782e-05 1.6335806689e-01 
6.7726139296e-05 0.0000000000e+00 
8.9684063806e-06 1.0000000000e+00 
1.0235519837e-04 0.0000000000e+00 
4.2060690352e-05 9.5311805850e-02 
4.4265282105e-05 0.0000000000e+00 
4.0561598439e-05 9.4158389012e-02 
4.1510583067e-05 1.0000000000e+00 
2.5095233517e-05 1.7182842176e-01 
1.1914375712e-05 1.0000000000e+00 
5.4441037897e-05 6.3996730002e-02 
8.2730902541e-04 1.0000000000e+00 
4.2596933683e-05 9.5677150198e-02 
7.5937945752e-05 0.0000000000e+00 
3.4520679870e-05 8.1709455162e-01 
3.9803444135e-05 0.0000000000e+00 
1.3099038240e-05 2.1367644514e-01 
1.6697450207e-04 0.0000000000e+00 
3.3342007736e-04 1.0000000000e+00 
5.1398040184e-05 0.0000000000e+00 
5.3085702009e-04 0.0000000000e+00 
8.6395571571e-06 1.0000000000e+00 
4.0063956360e-05 1.0000000000e+00 
4.3609687951e-05 9.6615477976e-02 
3.5902871544e-05 1.4511972774e-01 
5.4877275414e-06 1.0000000000e+00 
5.7734404557e-06 1.0000000000e+00 
2.3266688188e-04 0.0000000000e+00 
3.1692975648e-05 1.2845927931e-01 
1.0455611812e-04 0.0000000000e+00 
5.0521097864e-05 9.9890298314e-02 
2.9618570663e-05 1.3919601363e-01 
5.6690794739e-04 0.0000000000e+00 
5.7476108777e-05 5.0175989458e-02 
2.0275526557e-05 1.9465232045e-01 
1.0432424667e-04 0.0000000000e+00 
9.0063639735e-05 0.0000000000e+00 
4.6375620963e-05 0.0000000000e+00 
2.5709294751e-05 8.5417259785e-02 
2.5551031580e-04 0.0000000000e+00 
8.9148936345e-06 6.7960232701e-02 
8.7474416652e-05 0.0000000000e+00 
1.6578623343e-04 1.0000000000e+00 
3.5277141493e-04 0.0000000000e+00 
1.1181431064e-05 1.0000000000e+00 
1.6297864228e-04 0.0000000000e+00 
1.2066887572e-05 1.0000000000e+00 
1.0078116488e-04 0.0000000000e+00 
3.3097073820e-05 0.0000000000e+00 
8.6088927285e-05 0.0000000000e+00 
8.8955321515e-06 1.0000000000e+00 
1.2983540360e-05 4.6241220247e-01 
9.9938355163e-06 3.9109955711e-01 
1.3963664128e-04 3.0958201536e-01 
7.9600229375e-05 0.0000000000e+00 
5.8518035953e-05 0.0000000000e+00 
1.3359174158e-04 0.0000000000e+00 
8.7684809259e-06 1.7794668187e-01 
1.8810829811e-05 1.8278877719e-01 
1.8542998507e-05 2.1102211993e-01 
2.0710778962e-05 1.0000000000e+00 
4.7579275518e-04 0.0000000000e+00 
3.0734604236e-05 0.0000000000e+00 
1.9078835829e-05 1.9616083408e-01 
1.4455398161e-04 0.0000000000e+00 
2.9852095410e-04 9.0360819427e-01 
2.7364501042e-04 1.0000000000e+00 
3.1357610391e-05 0.0000000000e+00 
1.4091139274e-05 2.0005569358e-01 
8.1835243753e-05 0.0000000000e+00 
8.5511607736e-05 0.0000000000e+00 
7.0218172632e-05 0.0000000000e+00 
2.2641251144e-05 1.5017478091e-01 
1.7574809620e-05 2.7401321236e-01 
6.7693602728e-04 0.0000000000e+00 
9.3715060276e-05 0.0000000000e+00 
6.0543546697e-04 0.0000000000e+00 
1.1521304902e-04 0.0000000000e+00 
8.9325856823e-05 0.0000000000e+00 
1.9013189316e-05 8.5057953852e-01 
2.1156071673e-04 1.0000000000e+00 
1.3010560399e-05 2.2610976602e-01 
9.9979630518e-05 2.0059485606e-02 
6.3248708356e-05 0.0000000000e+00 
3.3613143341e-05 1.4516247866e-01 
3.6998437998e-05 1.3972392331e-01 
2.0314570178e-04 1.0000000000e+00 
6.0468704765e-05 2.6286588605e-01 
1.9093200842e-04 0.0000000000e+00 
3.8747946861e-05 1.2266267255e-01 
3.0509117861e-04 0.0000000000e+00 
1.8105456676e-04 1.0000000000e+00 
9.5151685703e-05 0.0000000000e+00 
2.4053271678e-04 0.0000000000e+00 
1.9559115869e-05 0.0000000000e+00 
2.0773706536e-04 1.0000000000e+00 
4.3307835827e-05 6.5585839175e-02 
2.2455497753e-04 1.0000000000e+00 
3.0092282269e-05 1.0000000000e+00 
1.5646377160e-04 0.0000000000e+00 
3.9778364627e-05 1.1874529676e-01 
1.0708533036e-05 2.4741789473e-01 
6.0240444102e-04 1.0000000000e+00 
2.2098955410e-04 1.0000000000e+00 
3.3790020938e-05 1.2863225027e-01 
1.3894592774e-04 0.0000000000e+00 
2.5441207665e-04 0.0000000000e+00 
5.4919926779e-05 1.1086630144e-01 
4.5864081133e-05 0.0000000000e+00 
1.1498911009e-05 3.3153177832e-01 
1.8393001456e-05 2.0848856597e-01 
9.5533981716e-05 0.0000000000e+00 
4.4196900442e-05 0.0000000000e+00 
5.3515963032e-04 0.0000000000e+00 
6.7101076160e-05 0.0000000000e+00 
5.7795370088e-05 5.7550928289e-02 
1.1323802546e-05 4.4806711852e-01 
3.3196017571e-04 0.0000000000e+00 
4.2861901215e-04 0.0000000000e+00 
1.2341411623e-05 1.0000000000e+00 
1.0008894248e-04 0.0000000000e+00 
1.0202003893e-04 0.0000000000e+00 
9.7787742271e-05 6.3613373051e-02 
5.7462228063e-04 0.0000000000e+00 
4.4138271521e-05 0.0000000000e+00 
5.5223261706e-05 4.9305185698e-02 
1.0101738161e-05 2.5896311131e-01 
1.1521320620e-04 0.0000000000e+00 
1.4501451047e-04 0.0000000000e+00 
5.3445020610e-06 1.0000000000e+00 
8.0623686794e-05 0.0000000000e+00 
7.1206481350e-04 0.0000000000e+00 
8.5292458006e-05 0.0000000000e+00 
5.5900673220e-05 0.0000000000e+00 
5.1621870121e-05 1.0000000000e+00 
9.3884654938e-06 1.0000000000e+00 
8.2695852006e-05 0.0000000000e+00 
6.1353909225e-05 0.0000000000e+00 
3.0373585362e-05 3.3969914438e-02 
8.9269221890e-05 0.0000000000e+00 
1.8586885643e-05 2.0213926642e-01 
3.6102526045e-05 0.0000000000e+00 
3.2123625989e-04 0.0000000000e+00 
8.9360802197e-05 0.0000000000e+00 
6.9757255170e-05 0.0000000000e+00 
1.7950778808e-04 8.2015799761e-01 
7.9918549780e-05 0.0000000000e+00 
2.1605712333e-04 9.0309109326e-01 
4.4238615606e-05 0.0000000000e+00 
2.3981983557e-04 0.0000000000e+00 
7.4242185948e-05 0.0000000000e+00 
1.1289053186e-04 0.0000000000e+00 
2.0827702980e-05 0.0000000000e+00 
2.4640525178e-05 1.0000000000e+00 
6.5564965900e-05 1.2774366431e-01 
9.9395072456e-05 0.0000000000e+00 
1.2870348552e-04 0.0000000000e+00 
7.6390152854e-06 1.0000000000e+00 
6.9797827835e-04 0.0000000000e+00 
2.1427125386e-05 9.8671905740e-02 
1.1068427236e-04 0.0000000000e+00 
5.0956582714e-05 1.8390084475e-01 
1.1144200613e-05 1.0000000000e+00 
1.8794041137e-05 1.8281726706e-01 
9.4676511329e-05 0.0000000000e+00 
2.8511164960e-05 0.0000000000e+00 
3.5499022445e-05 0.0000000000e+00 
1.8030090825e-05 2.6823034182e-01 
1.0232490808e-04 0.0000000000e+00 
1.3897863370e-04 0.0000000000e+00 
1.3934981502e-04 0.0000000000e+00 
1.6285012766e-04 0.0000000000e+00 
1.1067814087e-05 3.1094242241e-01 
1.3288790705e-04 0.0000000000e+00 
4.2289250404e-04 0.0000000000e+00 
1.8428392818e-04 1.0000000000e+00 
6.1778853932e-05 4.7376179368e-02 
5.2753646578e-05 1.3278539547e-01 
1.7588216571e-05 2.1659711620e-01 
1.2498913399e-04 0.0000000000e+00 
6.1070017752e-05 1.3639276592e-02 
1.9273440328e-05 0.0000000000e+00 
6.5345422845e-04 0.0000000000e+00 
3.9921985759e-05 1.0843903034e-01 
7.0288798695e-05 0.0000000000e+00 
3.0963809499e-05 0.0000000000e+00 
6.2016815001e-05 0.0000000000e+00 
6.3900851956e-06 1.0000000000e+00 
6.7980858780e-05 0.0000000000e+00 
2.2230901730e-04 1.0000000000e+00 
2.5461233380e-05 1.0000000000e+00 
3.9090271477e-04 0.0000000000e+00 
7.8799780750e-05 0.0000000000e+00 
6.6330005235e-05 2.0951402819e-01 
1.4165688179e-04 0.0000000000e+00 
4.1388155048e-05 1.0000000000e+00 
2.6470402855e-05 1.5861553182e-01 
1.8736700235e-05 3.9518054813e-01 
1.0882654010e-04 0.0000000000e+00 
7.6557668990e-05 0.0000000000e+00 
2.8397103529e-04 0.0000000000e+00 
1.5784689238e-04 0.0000000000e+00 
4.0965530790e-05 0.0000000000e+00 
1.2195750050e-05 2.4762024533e-01 
5.7046220827e-05 0.0000000000e+00 
1.6624564497e-04 0.0000000000e+00 
8.5238599683e-05 0.0000000000e+00 
7.2287388824e-05 0.0000000000e+00 
8.0787138867e-05 0.0000000000e+00 
3.0545456861e-05 1.7339766163e-01 
5.1341508480e-05 5.2928378411e-02 
1.3517515750e-04 0.0000000000e+00 
4.2859467329e-04 1.0000000000e+00 
4.0369494279e-05 2.0938130374e-01 
7.0939406487e-05 2.4008352855e-01 
5.5431578726e-06 1.0000000000e+00 
7.2165607078e-05 0.0000000000e+00 
3.1208621057e-05 1.4959443586e-01 
3.8170500019e-04 0.0000000000e+00 
7.4113671237e-05 0.0000000000e+00 
1.9845862126e-05 1.0000000000e+00 
4.9659570483e-05 2.4835372095e-01 
3.7288133511e-04 1.0000000000e+00 
1.7363270622e-04 0.0000000000e+00 
2.6091196120e-04 0.0000000000e+00 
6.5846035579e-04 0.0000000000e+00 
8.7870482029e-05 0.0000000000e+00 
8.0954285456e-05 1.3425384069e-01 
4.3398951403e-04 0.0000000000e+00 
6.5013642689e-05 0.0000000000e+00 
3.3398541787e-05 1.4643677100e-01 
2.3938063618e-05 0.0000000000e+00 
2.3493248803e-04 0.0000000000e+00 
4.7153329032e-05 8.8582926217e-02 
1.0763888593e-04 5.9018788594e-01 
2.5049356112e-05 1.7346688411e-01 
1.5715150763e-05 0.0000000000e+00 
9.1176212325e-05 1.4222536248e-02 
5.5048090711e-05 5.0417343222e-02 
7.4176997687e-05 0.0000000000e+00 
9.7292332419e-05 0.0000000000e+00 
9.1907608381e-04 0.0000000000e+00 
9.4749696189e-05 1.0000000000e+00 
4.0547338617e-05 8.1656068674e-02 
4.9498983147e-05 7.9399434805e-02 
1.7902737265e-05 1.0000000000e+00 
1.4680723947e-04 0.0000000000e+00 
1.3781887989e-04 2.7789778108e-02 
1.0074358070e-04 0.0000000000e+00 
8.9647727837e-05 0.0000000000e+00 
7.6908216368e-05 1.0000000000e+00 
1.6770347123e-05 3.6527393346e-01 
4.4225371193e-04 0.0000000000e+00 
1.1623141978e-05 1.0000000000e+00 
1.3765384697e-04 1.0000000000e+00 
4.4285885749e-05 0.0000000000e+00 
1.6027554002e-05 1.0000000000e+00 
1.2273010856e-04 0.0000000000e+00 
8.7521245823e-05 0.0000000000e+00 
4.7187192480e-05 8.6276659598e-02 
5.2480235157e-05 0.0000000000e+00 
4.8348014882e-05 5.8579048625e-02 
5.4866197309e-05 5.6904956820e-02 
3.1512921348e-04 0.0000000000e+00 
7.0515632323e-05 1.0181100193e-01 
1.6316163238e-04 0.0000000000e+00 
2.1561293924e-05 0.0000000000e+00 
3.2713212306e-05 0.0000000000e+00 
3.2778530128e-05 1.4738459016e-01 
1.4288836996e-05 1.0000000000e+00 
1.3057594417e-04 0.0000000000e+00 
9.2909749874e-05 0.0000000000e+00 
3.7048328603e-05 0.0000000000e+00 
3.4986489227e-05 1.1043320600e-01 
3.2652909595e-05 1.3387607912e-01 
8.0023242222e-05 1.0851763357e-01 
2.0133106267e-04 0.0000000000e+00 
9.3306107833e-05 0.0000000000e+00 
3.3760680528e-05 0.0000000000e+00 
1.8299964861e-05 1.0000000000e+00 
3.2067769919e-05 1.0000000000e+00 
6.5143579911e-05 0.0000000000e+00 
1.5032697916e-04 0.0000000000e+00 
2.7731109891e-05 0.0000000000e+00 
1.4101218278e-05 1.0000000000e+00 
1.3080638497e-05 0.0000000000e+00 
2.5196107565e-04 3.7925933304e-01 
8.9514742656e-05 0.0000000000e+00 
2.6776068562e-04 0.0000000000e+00 
1.5347762476e-04 0.0000000000e+00 
9.4500692487e-05 0.0000000000e+00 
3.0672960885e-04 0.0000000000e+00 
4.0403380121e-05 0.0000000000e+00 
8.4576395941e-05 0.0000000000e+00 
7.0648474856e-05 1.4440363363e-01 
4.7168895191e-05 0.0000000000e+00 
4.4339420195e-05 0.0000000000e+00 
3.2611924362e-05 1.7372923836e-01 
5.1409934962e-05 0.0000000000e+00 
5.4404791505e-05 5.8763631061e-03 
5.6043050092e-05 0.0000000000e+00 
7.5663338570e-06 2.4960438368e-01 
8.9979676448e-04 0.0000000000e+00 
1.6151836198e-05 1.9408909837e-01 
7.0032596739e-05 0.0000000000e+00 
2.2001453739e-05 0.0000000000e+00 
2.6287880771e-05 0.0000000000e+00 
1.1362127470e-05 2.3762973385e-01 
3.6356573234e-05 0.0000000000e+00 
4.4296423179e-05 0.0000000000e+00 
1.2562875276e-04 0.0000000000e+00 
1.1484183233e-05 0.0000000000e+00 
8.2621399729e-06 1.0000000000e+00 
6.3770100475e-05 1.3761056070e-02 
1.1929723842e-04 1.0000000000e+00 
5.0255024163e-04 1.0000000000e+00 
1.3582573824e-05 4.4078085193e-01 
1.3500408017e-04 0.0000000000e+00 
1.5823461652e-04 0.0000000000e+00 
5.3279293408e-04 0.0000000000e+00 
6.0009475615e-05 0.0000000000e+00 
2.6236843266e-05 1.6258539257e-01 
5.2358039831e-05 1.2383332739e-01 
2.6951146501e-05 1.5768027859e-01 
1.4923758422e-04 0.0000000000e+00 
2.6959152957e-04 0.0000000000e+00 
2.0569376829e-04 8.6434507367e-01 
7.2239699250e-05 0.0000000000e+00 
3.8674419784e-05 0.0000000000e+00 
8.8043395733e-04 1.0000000000e+00 
3.4698316352e-04 9.8612051030e-01 
1.2649331384e-05 1.0000000000e+00 
1.0022939934e-04 1.0000000000e+00 
6.0279911577e-06 1.0000000000e+00 
4.6091275300e-05 8.1328448700e-02 
3.7599036204e-04 0.0000000000e+00 
7.8804718117e-06 1.0000000000e+00 
8.3478562327e-05 1.0000000000e+00 
1.7827277610e-04 0.0000000000e+00 
4.8198744052e-05 0.0000000000e+00 
2.3863223231e-04 0.0000000000e+00 
4.1836121131e-05 1.0000000000e+00 
2.8728941711e-05 0.0000000000e+00 
8.6282509871e-06 1.0000000000e+00 
9.2387045345e-05 0.0000000000e+00 
1.0605707414e-04 0.0000000000e+00 
4.5698489400e-05 1.4266853067e-01 
1.3728794204e-04 0.0000000000e+00 
2.1420321618e-05 2.2229674620e-01 
1.8046766163e-05 3.4079005478e-01 
3.8290780919e-05 0.0000000000e+00 
1.0521162377e-05 2.9353801723e-01 
1.3684479079e-05 1.0000000000e+00 
2.5958244946e-05 1.6841546076e-01 
2.5880880628e-04 0.0000000000e+00 
1.1346468507e-04 0.0000000000e+00 
2.1906342309e-05 2.7243293442e-01 
4.3985782087e-05 0.0000000000e+00 
3.5926940090e-05 1.2864089186e-01 
8.1465951909e-05 1.5864765119e-02 
2.3843818089e-04 0.0000000000e+00 
4.2056927504e-04 0.0000000000e+00 
9.1922507785e-05 0.0000000000e+00 
1.1872300334e-04 0.0000000000e+00 
4.7326072733e-05 1.0733852577e-01 
2.0013746476e-04 1.9097608555e-01 
1.2955060551e-04 1.0000000000e+00 
1.9861224403e-04 0.0000000000e+00 
4.9469555107e-05 0.0000000000e+00 
9.3748373731e-06 3.0892406922e-01 
6.7980352159e-05 5.2009297025e-02 
1.3303775160e-05 1.0000000000e+00 
4.7250106003e-05 0.0000000000e+00 
1.8445797250e-04 5.6642124261e-01 
4.5808818855e-05 0.0000000000e+00 
2.4812243801e-04 1.0000000000e+00 
8.8143571113e-05 0.0000000000e+00 
8.5828794118e-05 0.0000000000e+00 
5.4902319991e-05 5.7077567453e-02 
3.0238543976e-05 1.5334359505e-01 
7.1910702472e-06 1.0000000000e+00 
4.3669037981e-05 1.0000000000e+00 
3.1183235067e-05 0.0000000000e+00 
1.8742817949e-04 0.0000000000e+00 
1.5472543541e-04 1.0000000000e+00 
3.1919786111e-04 0.0000000000e+00 
1.2838727062e-04 1.0000000000e+00 
3.5236904519e-05 1.3087996372e-01 
8.1922123856e-05 0.0000000000e+00 
4.3558999962e-05 1.2584490885e-01 
2.0007192796e-05 1.0000000000e+00 
1.7398215685e-05 1.0179539228e-01 
2.1493138320e-04 1.0000000000e+00 
1.4645275396e-05 2.1621128122e-01 
3.0323925996e-05 8.9159748940e-03 
8.7999817865e-05 0.0000000000e+00 
1.7476451483e-04 1.0000000000e+00 
6.3140051306e-05 0.0000000000e+00 
5.7125530324e-05 0.0000000000e+00 
1.0316575396e-04 7.2293723049e-02 
1.0033844186e-04 0.0000000000e+00 
8.6409377683e-05 0.0000000000e+00 
5.1485943197e-05 0.0000000000e+00 
3.7339616929e-04 0.0000000000e+00 
3.7006012615e-05 0.0000000000e+00 
5.1199670807e-05 8.5346662480e-02 
2.2661941499e-04 1.0000000000e+00 
3.3054268750e-04 0.0000000000e+00 
4.0354048430e-05 0.0000000000e+00 
7.4811310208e-05 0.0000000000e+00 
8.5461947237e-05 0.0000000000e+00 
1.1902972131e-04 0.0000000000e+00 
2.5085904802e-05 0.0000000000e+00 
6.7562419036e-05 1.0000000000e+00 
3.1483537965e-05 1.9832895950e-01 
7.1634366805e-05 0.0000000000e+00 
4.5296157376e-05 0.0000000000e+00 
2.4621853280e-04 0.0000000000e+00 
1.9092923278e-05 2.6839271281e-01 
2.5368481568e-04 4.6691800759e-01 
3.5357825177e-05 0.0000000000e+00 
2.9133949606e-05 0.0000000000e+00 
1.5144871669e-05 2.8311683982e-01 
4.4598130076e-05 9.2994335731e-02 
4.7383577681e-05 1.2093325660e-01 
1.8074793352e-04 0.0000000000e+00 
7.2378463832e-05 0.0000000000e+00 
5.0994320142e-05 0.0000000000e+00 
1.6070575146e-05 1.6799232956e-01 
1.1907459255e-04 7.7029031580e-01 
4.1367011160e-05 0.0000000000e+00 
1.1971344342e-05 1.0000000000e+00 
1.2096727678e-05 2.4844284416e-01 
3.5621860476e-04 1.0000000000e+00 
2.4611777415e-05 4.5835640149e-02 
5.6543510841e-05 3.4237095847e-02 
4.3213753647e-05 0.0000000000e+00 
3.0285366445e-04 0.0000000000e+00 
2.0971649085e-05 1.6934171746e-01 
7.9527446140e-05 0.0000000000e+00 
2.6667579702e-05 2.8286286668e-01 
3.4332047784e-04 9.5171895738e-01 
1.0224309210e-05 1.0000000000e+00 
2.4671762337e-05 1.7705322700e-01 
8.6257651111e-05 1.0000000000e+00 
3.6835070739e-05 0.0000000000e+00 
5.3374921499e-04 0.0000000000e+00 
7.1483719008e-05 0.0000000000e+00 
1.2897710464e-05 0.0000000000e+00 
8.4228657129e-05 0.0000000000e+00 
2.1298419044e-05 2.7738967395e-01 
1.9566686090e-05 2.4419118414e-01 
4.7825474256e-05 7.9082814458e-02 
2.9336655238e-05 2.8743923556e-01 
1.0927297714e-04 0.0000000000e+00 
6.5677146269e-06 2.3152006370e-01 
3.5755022540e-04 1.0000000000e+00 
1.9187844889e-04 0.0000000000e+00 
1.3046692043e-05 1.0000000000e+00 
6.7806084800e-05 4.9036037469e-02 
1.1681471279e-05 4.6627954309e-01 
6.2066429261e-05 1.0000000000e+00 
2.2702019123e-04 1.0000000000e+00 
2.9932439752e-05 0.0000000000e+00 
1.4434793200e-04 1.0000000000e+00 
4.1814155159e-04 0.0000000000e+00 
1.2880838785e-04 0.0000000000e+00 
8.2702312223e-05 0.0000000000e+00 
2.2457309803e-04 1.0000000000e+00 
4.1945070895e-05 0.0000000000e+00 
1.7489440834e-05 4.0546078557e-01 
3.5874657991e-04 0.0000000000e+00 
4.3003605647e-04 0.0000000000e+00 
9.0706320254e-05 1.0000000000e+00 
5.2839353981e-05 0.0000000000e+00 
1.8356647487e-05 1.1231705544e-01 
4.6036722874e-05 8.2816871241e-02 
3.2436808079e-05 1.9422687464e-01 
3.4460927920e-05 0.0000000000e+00 
7.3601213450e-04 0.0000000000e+00 
4.2401139908e-04 1.0000000000e+00 
4.1542376829e-04 0.0000000000e+00 
2.3503542943e-05 0.0000000000e+00 
2.9983014899e-04 0.0000000000e+00 
9.8672813020e-06 1.0000000000e+00 
1.9132312154e-04 0.0000000000e+00 
9.7778383325e-05 0.0000000000e+00 
9.1538904031e-05 0.0000000000e+00 
2.4020279023e-04 0.0000000000e+00 
3.6087548874e-04 1.0000000000e+00 
6.0057278950e-05 4.4611079458e-02 
1.0962730103e-04 0.0000000000e+00 
7.4994031353e-05 0.0000000000e+00 
5.3936698903e-06 1.0000000000e+00 
3.5339696686e-05 1.3458413008e-01 
6.4174974385e-04 0.0000000000e+00 
4.8581299897e-04 0.0000000000e+00 
3.4188274102e-05 7.5831051759e-02 
3.5272481534e-05 0.0000000000e+00 
6.8899361322e-05 0.0000000000e+00 
2.3741712716e-05 8.4322615929e-02 
6.4083908316e-05 0.0000000000e+00 
9.9154933793e-05 0.0000000000e+00 
8.4452964318e-05 0.0000000000e+00 
