6.9900049598e-08 2.5000000000e+04 8.2580649884e-01 
2.9417258338e-06 1.2319479865e+04 1.1571893235e+00 
3.4791589772e-06 1.2832361321e+04 1.0634343910e+00 
3.0138126805e-11 1.3354567832e+04 1.1917354262e+00 
1.7114271143e-07 1.5645260154e+04 2.5707823353e-01 
2.5673745851e-10 1.9083705979e+04 1.3347458169e+00 
7.8562866055e-08 1.3739100194e+04 6.9031578317e-01 
2.4583263636e-09 1.3245605846e+04 4.5163512595e-01 
1.5035274682e-09 2.5000000000e+04 5.2965765668e-01 
3.2444945759e-09 1.4367616413e+04 1.0985988071e+00 
1.0046191156e-10 1.3064012382e+04 1.1513546239e+00 
7.3162027411e-12 1.1892187917e+04 7.7974421195e-01 
1.9070272374e-09 1.2675887658e+04 8.0816544257e-01 
1.5009290837e-07 1.1668521677e+04 1.2895073315e+00 
1.4204873256e-08 1.6485750272e+04 5.1746858988e-01 
2.6009500923e-08 1.7122698320e+04 1.0105695662e+00 
7.4279155082e-09 1.4463965551e+04 6.0676754337e-01 
1.5603727419e-09 1.1652429466e+04 8.0686843802e-01 
4.9695387693e-11 1.1521905207e+04 1.5297144565e+00 
1.9772799362e-09 1.2113068981e+04 4.1243973100e-01 
3.2462981947e-07 1.4549713883e+04 1.0125696974e+00 
2.0940484918e-11 1.1395841967e+04 3.0650372013e-01 
5.8323699255e-09 1.2712456318e+04 6.4390015097e-01 
4.4526360284e-08 1.8293920227e+04 1.2945618841e+00 
1.8254084865e-08 1.7621685921e+04 8.4277181810e-01 
1.3674922797e-07 1.6364647496e+04 8.9266042152e-01 
1.6678498122e-10 1.1966209269e+04 2.2744974567e-01 
4.4103520938e-11 1.1288732515e+04 1.4769023043e+00 
2.1030526392e-09 1.4230290361e+04 1.0308323789e+00 
9.1115138096e-09 2.5000000000e+04 6.9055644938e-01 
6.5151933714e-08 1.1329105518e+04 6.2630828643e-01 
2.5444995257e-11 1.1954021273e+04 1.0172664063e+00 
9.2818613520e-07 1.2348432257e+04 6.7684824626e-01 
4.0787584747e-09 1.2235383552e+04 3.8443023873e-01 
8.1896937870e-12 1.3197946591e+04 1.4399224098e+00 
1.4126265041e-07 1.1579507291e+04 3.5978723595e-01 
9.2217719422e-09 1.2342462724e+04 5.8518696056e-01 
1.7088199224e-11 1.1801494522e+04 5.6139501099e-01 
1.0945694885e-09 1.4767237715e+04 5.1268921595e-01 
1.3369781513e-07 1.1549811603e+04 4.9875175458e-01 
1.0589209319e-10 1.2026986895e+04 1.0359079884e+00 
6.2911660458e-08 1.1936479688e+04 7.4830790667e-01 
1.1342274117e-09 1.8867842598e+04 4.4391796428e-01 
2.4093604886e-05 1.7276554645e+04 1.1386283803e+00 
2.6274269883e-07 2.5000000000e+04 1.0011884838e+00 
7.6607462513e-09 1.1573750244e+04 9.9296811053e-01 
1.9417150538e-07 1.3886500604e+04 9.1106549703e-01 
1.0129960492e-08 1.5126599176e+04 4.4962252956e-01 
7.2974843226e-08 1.5519792888e+04 1.2083328953e+00 
3.3153805354e-09 1.2136985200e+04 9.2518458808e-01 
5.0075699812e-07 1.3550107307e+04 4.7449485260e-01 
4.3587599767e-10 1.1247845953e+04 1.2781172212e+00 
7.7982107596e-08 1.2998739481e+04 7.5962099973e-01 
1.7082573591e-09 1.1807901415e+04 9.9898375861e-01 
7.3041433105e-10 1.1927000196e+04 7.2704472205e-01 
9.4655321705e-11 1.9307343922e+04 9.2716795321e-01 
3.0883782078e-11 1.7903080945e+04 3.8119427988e-01 
4.5338225829e-11 1.2452945528e+04 9.6355340015e-01 
9.8564032321e-10 2.2330261696e+04 2.5585001228e-01 
6.2949737883e-12 1.4258154070e+04 8.9010843371e-01 
5.3955371194e-11 2.5000000000e+04 3.6141226843e-01 
2.4234939391e-09 1.1936603628e+04 3.4130180464e-01 
1.7602574459e-06 1.3548873456e+04 1.4394779868e-01 
1.4909767100e-07 1.2599956533e+04 5.3922116840e-01 
6.5119690235e-08 1.3411003810e+04 3.9648103854e-01 
7.6002625351e-10 1.8063096328e+04 8.7902436081e-01 
5.4663712062e-10 1.1748021774e+04 9.8445979105e-01 
2.6478775882e-10 1.1995086928e+04 8.0757904380e-01 
2.2405562963e-07 1.1225326316e+04 9.1083513389e-01 
1.5619032915e-09 1.2157901714e+04 1.1147319303e+00 
1.0251768459e-08 1.1220779163e+04 1.2441517668e+00 
3.2433789833e-11 1.1860642466e+04 1.0554454725e+00 
3.9052203941e-09 1.9580119734e+04 7.8096714754e-01 
2.0333264626e-06 1.5134399289e+04 8.8702566537e-01 
1.8791852006e-09 1.8731350751e+04 6.0240848757e-01 
9.2464729667e-11 1.2873151539e+04 1.1543698412e+00 
1.3272753100e-11 1.6283469368e+04 7.7304477740e-01 
2.1063053870e-09 2.5000000000e+04 4.0556229807e-01 
1.0869185263e-07 1.2541371625e+04 9.9840452647e-01 
2.4265590439e-08 1.3155861443e+04 6.3892582299e-01 
1.4564562643e-08 1.2199652359e+04 1.1930788727e+00 
3.6193435871e-09 2.5000000000e+04 6.9819803876e-01 
5.0371592102e-06 1.2272257209e+04 2.6461641713e-01 
1.7148160794e-06 1.3515919510e+04 4.3510791553e-01 
2.0142690372e-09 2.0996480746e+04 1.2390546814e+00 
7.4849759081e-12 1.1390042233e+04 1.1294272193e+00 
5.2636766110e-10 1.3032979018e+04 4.5891228583e-01 
9.3742577641e-11 1.3376333800e+04 1.1344178660e+00 
1.1196937095e-08 1.3132447124e+04 8.6682275592e-01 
2.8960463235e-08 1.2437283626e+04 8.4642838744e-01 
6.3921520863e-10 1.2457819166e+04 7.2246675100e-01 
1.8628980529e-11 1.3273992890e+04 4.6398804873e-01 
2.7055312716e-09 1.7420968608e+04 1.1888413060e+00 
6.9440309800e-10 1.3978031963e+04 7.2424091634e-01 
1.4980980134e-10 1.2072067439e+04 3.5807951282e-01 
4.3821897438e-07 1.2306136603e+04 3.8958209239e-01 
1.8842579391e-09 1.2466898682e+04 9.3776033366e-01 
5.1774660137e-08 1.2415344333e+04 1.4055056016e+00 
3.0191321127e-08 1.1618375731e+04 1.0468768349e+00 
1.1126234533e-11 1.8780725441e+04 9.8186675059e-01 
2.9651160063e-11 1.5520787474e+04 9.4096579278e-01 
1.5308672932e-10 1.2312827710e+04 1.1303610775e+00 
5.0448785215e-09 2.2548181390e+04 8.8689328553e-01 
7.9058744419e-10 1.2751149702e+04 6.9940932506e-01 
8.4362964765e-06 1.1484704942e+04 3.7865453213e-01 
3.7661859783e-07 1.1313640170e+04 4.9813227860e-01 
1.3882979237e-08 2.3718265282e+04 1.0348631485e+00 
1.8637980584e-08 1.2242985920e+04 1.0159212572e+00 
3.6291918826e-08 1.9553030750e+04 9.9893379776e-01 
1.5480363480e-06 1.2713465602e+04 7.6792777072e-01 
4.0915812279e-10 1.3642210528e+04 9.9277829603e-01 
1.1285111959e-05 1.3456731579e+04 4.4945777492e-01 
1.0341369210e-09 1.4539016714e+04 1.3078249473e+00 
1.1175986438e-08 1.4983638456e+04 1.1311047261e+00 
7.1779475869e-08 1.3324109868e+04 1.2405595920e+00 
3.0081278965e-11 1.6196535410e+04 8.7241970171e-01 
2.9567253382e-10 1.1842508348e+04 2.8499074286e-01 
1.3863138329e-11 1.5723710281e+04 8.1977507528e-01 
3.8668896173e-10 1.3017615849e+04 1.4752275202e+00 
2.5656135114e-10 1.2550402709e+04 8.8228977849e-01 
4.7690764077e-09 1.2873088922e+04 1.2248063795e+00 
5.4086282763e-06 1.3616149992e+04 3.9129647007e-01 
3.0843738801e-09 1.1623129640e+04 1.0594486821e+00 
2.0322317712e-08 1.1350837491e+04 1.6783559380e-01 
6.4725821232e-10 1.4147494606e+04 7.1490126888e-01 
1.7694396379e-09 1.1523417872e+04 1.0023047116e+00 
2.1750104587e-09 1.1674892151e+04 5.1186023978e-01 
2.5407936504e-06 1.2561663650e+04 1.1792300614e+00 
1.2928202786e-09 1.2247673719e+04 4.4253617593e-01 
3.0416142251e-06 2.5000000000e+04 1.9675698744e-01 
2.7655035862e-11 1.1795006302e+04 8.7651611468e-01 
6.3125284165e-08 1.2625463749e+04 6.3734195746e-01 
4.2062065843e-09 1.2585726493e+04 8.0621280311e-01 
1.6057173537e-09 2.0618125860e+04 1.1979432990e+00 
4.5047796729e-09 1.5914009676e+04 7.6707425437e-01 
5.5647237834e-10 1.1468879349e+04 9.8334899552e-01 
8.9567632078e-08 1.1731833057e+04 6.6416357288e-01 
5.2917483703e-09 1.3744832684e+04 5.0987120618e-01 
4.5442600193e-10 1.2119863065e+04 6.4347114677e-01 
2.7753699583e-07 1.4741415076e+04 3.8944834351e-01 
9.4156359215e-10 1.2683413568e+04 9.6107104744e-01 
6.7933544605e-10 1.1852025684e+04 6.8743899741e-01 
4.5751910355e-08 1.1561778863e+04 6.1623570688e-01 
9.7550337702e-09 2.0026658333e+04 8.4364404488e-01 
9.3034364453e-12 1.2077260412e+04 9.1665396768e-01 
1.2459932871e-11 1.3511811221e+04 9.9880737041e-01 
1.5708140130e-10 1.3033295610e+04 1.1195411571e+00 
1.0707065545e-10 1.1562579132e+04 1.0853883249e+00 
1.5996618845e-10 1.1642416887e+04 7.8991608778e-01 
1.7130536453e-07 1.7172774182e+04 1.0549915580e+00 
8.1512763332e-10 1.3936056974e+04 7.5904321759e-01 
2.7105730747e-10 1.4649738335e+04 1.2815255110e+00 
2.7202619122e-08 1.4327053276e+04 5.5762132191e-01 
2.7656077005e-07 1.2472149611e+04 1.2439215741e+00 
1.1191392340e-10 1.1264547617e+04 1.3440090958e+00 
5.0923690060e-10 1.1480604914e+04 2.5190174473e-01 
3.1032863555e-11 1.1528256724e+04 1.4370838248e+00 
3.5676080624e-09 1.2091372572e+04 1.0906998099e+00 
1.6183709244e-09 1.2489000775e+04 5.8090298133e-01 
1.5453581445e-09 1.1729209806e+04 5.2825806995e-01 
3.8018963991e-09 1.2513183406e+04 1.5041830233e+00 
1.3313892393e-08 1.2198562263e+04 8.1078887042e-01 
7.9414456117e-10 1.2325356425e+04 6.5183006306e-01 
2.7435355352e-10 1.3109872389e+04 6.5986646229e-01 
7.2009263749e-12 1.2444929761e+04 9.0577674239e-01 
7.2617517210e-07 1.3596177907e+04 3.8795741028e-01 
9.4923173107e-09 1.2716191255e+04 1.3716149913e+00 
1.6217486396e-10 2.0538026762e+04 4.0393884424e-01 
1.6398886510e-09 1.3441178816e+04 4.3004296160e-01 
1.4022298907e-07 1.1680383807e+04 1.0870067137e+00 
2.9385551781e-07 1.1913784325e+04 3.9601403422e-01 
2.6339197801e-05 1.2276322344e+04 9.1499933990e-01 
2.7733699076e-10 1.3579590329e+04 6.7018281773e-01 
8.5956684311e-08 1.4218105196e+04 7.5065818838e-01 
3.3705868481e-11 1.1741838908e+04 9.8174422707e-01 
6.5746742545e-08 1.2846011381e+04 1.1632675974e+00 
2.1965394948e-07 2.3684881202e+04 1.0377917416e+00 
1.7157850009e-08 1.1622031649e+04 4.1345629610e-01 
1.7946032618e-08 1.1823142779e+04 1.2867397448e+00 
2.0267587660e-06 1.2610289593e+04 9.2088598305e-01 
2.4775090928e-09 1.1576176887e+04 1.0135049417e+00 
3.8307959862e-07 2.5000000000e+04 1.0211870152e+00 
2.8022528105e-05 1.4200458393e+04 1.8193264780e-01 
1.3318004005e-09 1.2057288136e+04 4.1716511448e-01 
4.4304394254e-08 1.1501389619e+04 7.4537521431e-01 
6.3529031379e-10 1.2217897418e+04 2.9501728743e-01 
1.6309161560e-06 1.6898267739e+04 1.5192908502e+00 
3.9314236509e-07 1.2833245422e+04 1.2122604197e+00 
3.0259004887e-09 1.6119711429e+04 8.6727810793e-01 
4.1630547770e-07 1.1396951005e+04 1.1900815460e+00 
1.1580369402e-09 1.1343946665e+04 1.0417276783e+00 
2.7383305512e-08 1.2486648333e+04 6.6338040002e-01 
1.8649007943e-08 1.6185758262e+04 7.4932992573e-01 
1.2176938077e-08 1.6021426572e+04 1.0323578801e+00 
5.2075906342e-08 1.1913342728e+04 3.6008758532e-01 
4.8254817259e-10 1.1249478734e+04 6.7514015082e-01 
3.0373137506e-08 2.3321633346e+04 7.5837644266e-01 
1.8983053050e-08 1.3949693075e+04 1.1342028630e+00 
1.4018830385e-05 1.4581363478e+04 8.4865207599e-01 
8.9922068328e-10 1.3701044446e+04 3.5722071393e-01 
6.0098767740e-10 1.4695449867e+04 8.1664160790e-01 
2.7785388498e-10 1.7222464364e+04 1.0099884498e+00 
1.2739193601e-07 1.2460017681e+04 7.0461229361e-01 
1.5615411692e-05 1.4887020645e+04 5.7050543243e-01 
1.2572676959e-09 1.3215384561e+04 6.2122588967e-01 
1.1021826318e-08 1.7077214607e+04 8.1153925788e-01 
3.7677741063e-06 1.2179034612e+04 2.1534910166e-01 
2.2532949495e-11 1.2386867497e+04 1.2878143460e+00 
2.7750800106e-08 1.4200544515e+04 7.8272052524e-01 
4.7607900800e-07 1.2515942700e+04 4.9958462489e-01 
6.3001417771e-11 1.1852538616e+04 7.6289089483e-01 
3.1080539923e-07 1.3576851903e+04 5.9896929619e-01 
2.6430910133e-08 1.2456713683e+04 1.0783243200e+00 
2.9948831020e-10 1.2583774206e+04 5.2189228862e-01 
3.4169218538e-09 1.1891118666e+04 9.2107670276e-01 
3.0121400560e-06 1.1819157051e+04 3.0886300678e-01 
2.9804900171e-08 1.1912023246e+04 1.1840852567e+00 
1.5266689726e-10 1.2992967448e+04 1.0715731183e+00 
4.1011438855e-08 1.3155089852e+04 8.3338115395e-01 
1.8112549653e-09 1.5527251610e+04 8.4754275754e-01 
1.8132248308e-08 1.7658325561e+04 9.3745104587e-01 
2.5746296569e-10 1.3545245416e+04 1.0232679531e+00 
1.3320821626e-08 1.3094829411e+04 1.8478289525e-01 
5.9059867672e-10 1.1801842716e+04 5.1031877382e-01 
2.4119319245e-08 1.2068298546e+04 7.9184417644e-01 
5.5056658061e-12 1.1395176723e+04 1.0172672241e+00 
7.9510609234e-08 2.0754941758e+04 7.9623377406e-01 
4.5172518027e-08 1.1964193328e+04 1.0134270158e+00 
5.3912036787e-09 1.1773042114e+04 1.1170683198e+00 
2.2421386557e-08 1.2044435330e+04 7.0704772668e-01 
7.5277732722e-09 1.3798533638e+04 7.7788094011e-01 
1.7161576883e-10 1.2706657076e+04 6.8455957548e-01 
1.7204671783e-09 1.4750171086e+04 2.9988744396e-01 
1.4704731759e-11 1.7638145968e+04 4.7887362032e-01 
5.6061048376e-09 1.3014838202e+04 1.4820937924e+00 
6.0876142513e-07 1.4451727504e+04 1.1663728770e+00 
1.7811673017e-11 1.5608416379e+04 7.3491640142e-01 
9.5856479413e-09 1.2077678248e+04 7.8779216336e-01 
1.4905635464e-11 1.3372828645e+04 8.7017882908e-01 
1.3348623496e-09 1.2055938246e+04 5.5364779910e-01 
6.7207840432e-11 1.1663378774e+04 3.7386885345e-01 
1.1175575482e-07 1.1606768177e+04 8.1151414583e-01 
5.0835521686e-08 1.2240770165e+04 3.0604924584e-01 
6.0109361489e-10 1.2999400415e+04 7.3833579701e-01 
6.4972451687e-09 1.2324876716e+04 9.8244992028e-01 
1.8014404198e-11 1.1488605189e+04 1.2956634895e+00 
7.1801256195e-10 1.1883821643e+04 5.0637911099e-01 
2.6561410106e-11 1.5078717751e+04 7.0041181171e-01 
2.2242503018e-09 2.2765535930e+04 5.0016137274e-01 
2.2804674111e-08 1.1499747014e+04 5.0625840362e-01 
1.2048089068e-10 1.7884346149e+04 8.0105806461e-01 
1.1919230188e-10 1.3954352344e+04 9.9160545925e-01 
1.0796441914e-06 1.8980595692e+04 1.4218268401e+00 
1.0102334865e-07 1.2051998102e+04 6.6884793448e-01 
6.3128205638e-10 1.2383439155e+04 8.3404148853e-01 
1.0168988682e-09 1.1518647990e+04 6.8692653201e-01 
1.0815020115e-11 1.1318941144e+04 4.0631603260e-01 
3.4936033515e-06 1.2777504681e+04 1.3329742017e-01 
2.7865542253e-07 1.2256244874e+04 5.3254780173e-01 
3.3776064285e-09 2.0907809482e+04 8.1200050461e-01 
4.2309389069e-09 1.1327432646e+04 3.5168962315e-01 
1.2312084854e-09 1.1839839563e+04 9.1408343268e-01 
1.8565192079e-08 1.2566962310e+04 4.3960630644e-01 
9.5462338858e-07 2.5000000000e+04 5.8388924930e-01 
1.2502852095e-08 1.3721910232e+04 8.5005914255e-01 
9.2867715726e-09 1.2276823306e+04 1.4196479217e+00 
6.1823094686e-10 1.1948237583e+04 6.2063212596e-01 
1.5762869279e-05 1.1354495477e+04 7.5368712468e-01 
3.0028305524e-10 1.9510051065e+04 1.0260338077e+00 
1.9921998620e-07 1.1997475387e+04 2.9266115412e-01 
1.0847665109e-06 1.2324489346e+04 8.4002425798e-01 
2.0384871242e-07 1.2841880771e+04 2.7985395391e-01 
1.0822331515e-06 1.5217779582e+04 4.1053727768e-01 
8.8701664670e-12 1.5036695173e+04 1.3293273895e+00 
2.2551618599e-07 1.1504599331e+04 1.1521552982e+00 
5.4840435190e-09 1.3043846916e+04 5.3847415665e-01 
9.5177844708e-10 1.7307661082e+04 8.1866043908e-01 
7.5166288729e-09 1.1249503326e+04 5.9492716024e-01 
3.2921247564e-10 1.4458001658e+04 4.4196850578e-01 
2.6694028950e-10 1.2658721422e+04 9.9861406861e-01 
2.3458001570e-08 1.1984948281e+04 5.0167083934e-01 
4.5381648461e-08 1.3897515763e+04 3.8988164861e-01 
1.1418687696e-11 1.1602619678e+04 7.1282351290e-01 
5.4975150311e-10 1.4798738968e+04 5.5795333757e-01 
1.1941929917e-09 1.4142051769e+04 1.2919789410e+00 
6.6977139274e-09 1.3146584222e+04 8.4672578294e-01 
1.2574879675e-09 1.3312068806e+04 4.4801710841e-01 
1.5641602789e-09 1.1557504363e+04 3.2559697748e-01 
1.5476364520e-10 1.2277427600e+04 1.0411053171e+00 
3.2178314327e-10 1.1953317166e+04 1.3678536917e+00 
2.5651435721e-05 1.1892575152e+04 8.6570606901e-01 
2.1031832438e-10 1.2914057180e+04 5.6212598693e-01 
5.0415100748e-09 1.6680804253e+04 1.2261469486e+00 
9.4110776454e-09 1.1532496841e+04 1.1757676899e+00 
1.2051714044e-06 1.4895438924e+04 1.2835748946e+00 
1.2260527016e-09 1.6722409759e+04 7.8045066907e-01 
2.2160173709e-09 1.3966687280e+04 1.4237732380e+00 
1.5297096700e-09 1.5561152527e+04 1.4531871720e+00 
5.0489388138e-09 1.4107945303e+04 9.6853919427e-01 
1.8189719309e-08 1.7060943512e+04 7.6807530846e-03 
2.1416976496e-10 1.8319566757e+04 8.3242289841e-01 
5.0487607645e-10 1.2238695161e+04 2.3467791092e-01 
5.8281696123e-09 1.3282191841e+04 8.2294088862e-01 
5.8758019742e-12 1.2173330163e+04 6.3950828662e-01 
2.5404191619e-07 1.2248641370e+04 1.2677603475e+00 
9.1041062399e-08 1.3681494051e+04 6.5180541014e-01 
6.9369252706e-10 1.2466711190e+04 8.3349403444e-01 
9.1163823899e-06 1.1590013705e+04 1.0954341764e+00 
1.1896964012e-08 1.1827354644e+04 7.3845901137e-01 
6.6294519191e-07 1.3232689913e+04 8.1953083641e-01 
1.9890399918e-10 1.6297539246e+04 1.0865269229e+00 
2.8185778400e-08 1.1315809630e+04 9.0306054218e-01 
1.6757124268e-07 1.3876945328e+04 1.2987174588e+00 
1.0140719328e-06 1.2114572757e+04 2.0636657257e-01 
4.1859514761e-09 1.5201846128e+04 4.6900769292e-01 
4.5071648628e-08 1.2272505806e+04 9.7189401629e-01 
1.0778463461e-11 1.1364148734e+04 1.1433164144e+00 
2.6267828903e-10 1.2481814695e+04 6.6641247473e-01 
1.5066601162e-11 2.3803016894e+04 1.3413817398e+00 
1.7530219806e-07 1.1854832919e+04 7.2956043412e-01 
1.7430779104e-11 1.2000467791e+04 1.4059294170e+00 
3.8240778456e-09 1.1307469175e+04 1.0779178094e+00 
1.1933017786e-09 1.1387343182e+04 4.8861597336e-01 
9.1818591511e-08 1.2880837844e+04 9.2834074202e-01 
6.9687439065e-12 1.1259621242e+04 5.2913408035e-01 
9.8292350293e-09 1.6010324309e+04 6.7591989247e-01 
6.5107685444e-09 1.1870981089e+04 8.7594063146e-01 
2.8923192423e-08 1.8832252998e+04 3.5771696207e-01 
4.1681671202e-11 1.3040873943e+04 1.2480022522e+00 
6.7750879781e-10 1.2113918067e+04 2.1464514090e-01 
6.2523273678e-08 1.3902519030e+04 4.7081323352e-01 
5.5193504994e-07 1.1434217164e+04 4.5055408730e-01 
5.7572677634e-09 1.5677087077e+04 1.3617402701e+00 
2.1229614506e-10 1.4370034505e+04 4.1295160673e-01 
2.6511884632e-11 1.5450894429e+04 2.7675988398e-01 
3.0248672316e-08 1.7246834061e+04 4.7385127300e-01 
4.6129844312e-10 1.2100802062e+04 8.3488977240e-01 
3.1731156766e-07 1.3512736475e+04 1.1137905478e+00 
1.3437984125e-10 1.4786027571e+04 6.3044004174e-01 
2.4413402749e-08 1.2291683781e+04 1.1077103908e+00 
3.9199148060e-08 1.1924650890e+04 8.7229879117e-01 
1.8052319764e-11 1.1828813543e+04 4.1087401872e-01 
9.1923125364e-11 1.2650372637e+04 1.2653621399e+00 
4.6859870592e-09 1.3824094166e+04 6.2312639953e-01 
8.2106029704e-10 1.1444796163e+04 1.2205969274e+00 
3.1993161543e-10 1.4264524997e+04 7.6017841294e-01 
3.5116039178e-08 1.2670296602e+04 7.2157723791e-01 
1.1439873115e-08 1.2220063917e+04 7.1087182351e-01 
3.3128056691e-10 1.8776524618e+04 9.7224462014e-01 
9.1730086284e-09 1.3185108678e+04 6.7455243239e-01 
1.6301071964e-08 1.3485053873e+04 1.2168123659e+00 
1.3872261675e-11 2.0687543290e+04 9.5724439547e-01 
7.5010040242e-10 1.1307603204e+04 1.3569208810e+00 
2.6421354290e-07 1.1549028770e+04 8.5060717793e-01 
5.2118258725e-09 1.1647963236e+04 8.8913968980e-01 
2.3692254039e-06 1.1251332166e+04 1.1520030463e-01 
2.7683341567e-09 1.2091341087e+04 1.4374377478e+00 
4.0152379278e-09 1.1514461228e+04 7.0398059083e-01 
1.2483079365e-09 1.1337741645e+04 1.2177647125e+00 
5.7400671253e-11 1.7900049694e+04 5.3742739821e-01 
1.7720682237e-10 1.3961062703e+04 5.3137174189e-01 
1.1398825361e-09 1.3785486390e+04 1.3623202654e+00 
9.7414311805e-10 1.3434417580e+04 9.0318563591e-01 
2.4272457154e-11 1.8447901500e+04 8.2262762884e-01 
1.7515542319e-06 1.1471559740e+04 1.4205989436e+00 
1.4415793708e-10 2.5000000000e+04 1.3835074190e+00 
1.3019544249e-08 1.4524337550e+04 1.2479802080e+00 
2.2977687290e-08 1.2366093310e+04 5.4411109537e-01 
1.4302780033e-10 1.7649017611e+04 9.6368344583e-01 
9.4111778762e-12 1.5264680893e+04 5.3603733047e-01 
5.9490512418e-10 1.5982271718e+04 6.5233310325e-01 
1.2695615786e-07 1.1321523930e+04 1.2384480258e+00 
1.2928122837e-07 1.1422882033e+04 1.3306869333e-01 
1.7265067814e-08 1.5354574371e+04 5.7434127923e-01 
1.3834611314e-08 1.8760560622e+04 1.3704811375e+00 
1.6192844889e-07 1.4959059264e+04 2.8189551417e-01 
3.1516420796e-06 1.2547084460e+04 6.2686768244e-01 
2.4538254076e-07 1.6902969232e+04 5.5086056523e-01 
4.2466502450e-11 1.7359269714e+04 9.9696804624e-01 
3.9645360936e-09 1.3163965366e+04 1.1699194168e+00 
1.1933405704e-10 1.2576487494e+04 4.0334450923e-01 
4.1416777244e-09 1.2113849891e+04 5.6617108720e-01 
2.5953881664e-08 1.4970056298e+04 8.0068679362e-01 
5.6436831556e-10 1.5567001177e+04 2.7542315776e-01 
1.3504496293e-06 1.3227919874e+04 4.6846422607e-01 
3.2869498703e-07 1.3382917929e+04 1.2199074411e+00 
2.0550868949e-07 1.2837620994e+04 1.1843569269e+00 
4.3648635682e-10 1.2116293058e+04 9.3079962451e-01 
1.0851232160e-11 1.3535022250e+04 6.9194254785e-01 
6.6699499509e-06 1.7746171430e+04 1.0555063788e+00 
1.3271457393e-06 2.5000000000e+04 1.2886622044e+00 
5.1900163057e-09 2.3320447703e+04 2.8816100116e-01 
9.5438967218e-10 1.1716038765e+04 7.3758639784e-01 
3.1165911296e-08 2.0264006600e+04 8.5652211965e-01 
2.0225205232e-07 1.2414028875e+04 3.8284141344e-01 
3.5888310057e-08 1.4190627259e+04 2.4251321811e-01 
4.2009896426e-09 1.1456801822e+04 4.7017068546e-01 
2.2196752451e-07 2.5000000000e+04 9.8483937962e-01 
1.1267785345e-09 1.2033679098e+04 4.3594802853e-01 
5.6548763514e-09 1.6522315864e+04 8.1892477243e-01 
1.9933554495e-08 1.9025094427e+04 7.0041775827e-01 
5.3476168325e-09 1.2442919731e+04 7.5883208844e-01 
3.8743703208e-09 2.1460391566e+04 1.0902567278e+00 
1.3597475345e-06 1.1218251898e+04 5.4688758487e-01 
1.0108372627e-09 1.9598232572e+04 6.8394589931e-01 
2.6715322182e-09 1.1325218067e+04 7.9104628682e-01 
2.0669961873e-11 1.3844262339e+04 6.6509708998e-01 
2.6072991912e-05 1.2068145510e+04 7.8761222283e-01 
3.9035976811e-06 1.5694725572e+04 9.8714132565e-01 
3.0616022473e-08 1.1533782839e+04 6.3859731563e-01 
6.9403273780e-09 1.1502023793e+04 9.6733393070e-01 
2.5837101927e-09 1.2463675131e+04 3.9069921257e-01 
1.9418397141e-09 1.1543516244e+04 1.1230000366e+00 
4.0892115505e-09 1.3656556267e+04 5.8928640709e-01 
2.3227960456e-10 1.1715678751e+04 1.3508929246e+00 
4.3370188959e-11 2.5000000000e+04 6.5799783941e-01 
1.5502338165e-05 1.2167472059e+04 4.3215727687e-01 
2.1329690515e-05 1.2528627441e+04 1.1126329762e+00 
1.2717765737e-07 1.5591432337e+04 1.1970166561e+00 
3.5131003771e-11 1.5172294755e+04 7.0430789458e-01 
4.1650166146e-10 1.8538675018e+04 8.8707643577e-01 
8.5789761582e-10 1.4614755599e+04 8.3279447802e-01 
4.6968772839e-07 1.1796879787e+04 3.7022643630e-01 
3.2252593769e-06 1.1997184208e+04 9.6489929140e-01 
4.3356199893e-12 2.1648642311e+04 9.0151958815e-01 
1.2311133561e-06 1.4588634104e+04 1.1555659254e+00 
4.6353323869e-08 1.3078430094e+04 9.6078182587e-01 
4.8151675043e-10 1.3259352913e+04 1.2582642913e+00 
3.0422988148e-11 1.4482076893e+04 1.0035694597e+00 
5.6249624078e-08 1.1625615252e+04 9.4237354323e-01 
4.8492945516e-10 1.5897790072e+04 1.1171231293e+00 
2.0844580984e-10 2.5000000000e+04 1.3566816221e+00 
4.0435007713e-06 1.2512785313e+04 5.0418380967e-01 
1.3744123180e-09 1.1554409796e+04 4.2079937725e-01 
4.9176999241e-07 1.6258222065e+04 6.0540723741e-01 
2.6472725350e-10 1.2571192597e+04 3.5485171541e-01 
3.5926913104e-11 1.1652348703e+04 1.4454731716e-01 
2.2746673167e-08 1.6176701563e+04 6.0539842215e-01 
1.8485512634e-08 1.2947178418e+04 8.9719178721e-01 
9.6637299073e-10 2.5000000000e+04 5.6290426928e-01 
8.6581275652e-10 1.2246183527e+04 4.7612846202e-01 
1.2038802327e-07 1.7311400171e+04 6.5967075991e-01 
2.7480880165e-09 1.4724889036e+04 1.0039599680e+00 
2.9517382178e-10 1.2802760350e+04 1.0830345307e+00 
7.2148772741e-10 1.3956583649e+04 7.0625526143e-01 
2.3277241141e-10 1.4662395388e+04 6.9558479086e-01 
7.8642852403e-08 1.1715464861e+04 7.9062417074e-01 
5.3822827646e-11 1.8581900349e+04 8.6775409097e-01 
6.9778502828e-07 1.4397622410e+04 3.2856476794e-01 
2.0752261194e-09 1.2221964710e+04 8.9811403693e-01 
1.1767292281e-11 1.3444098344e+04 9.6191817671e-01 
2.4337116143e-08 1.7121953295e+04 1.3726647333e+00 
9.9232597412e-11 1.3360630235e+04 8.2869322785e-01 
2.2628985661e-10 1.2268530261e+04 7.0006353550e-01 
3.8737737391e-09 1.4876460750e+04 9.8137248892e-01 
9.6615121077e-11 1.1773101669e+04 1.0071410521e+00 
2.0611905131e-08 1.6605238973e+04 9.1111500079e-01 
4.6416127156e-10 1.4206102786e+04 4.7367351247e-01 
7.6511352644e-11 2.5000000000e+04 4.0085849947e-01 
4.2431549088e-06 1.3679335831e+04 4.4031391932e-02 
2.4064550000e-11 1.4851248916e+04 6.1036601739e-01 
4.4372458676e-09 1.1468783529e+04 2.6113119492e-01 
7.5117808910e-11 1.2066855119e+04 1.1355669599e+00 
2.9801507775e-11 2.1505190525e+04 1.9132885287e-01 
1.7969405155e-07 1.6669649734e+04 1.4714294515e-01 
1.0354694114e-08 1.4602536253e+04 3.1778501880e-01 
3.9661668762e-10 1.1575676054e+04 8.3655116515e-01 
3.4615486165e-10 1.2474063057e+04 8.5802317389e-01 
2.3816856642e-06 1.9508721153e+04 1.2149722307e-01 
1.1222944758e-06 1.4021703813e+04 4.6217231402e-01 
5.6441795376e-11 1.4390749036e+04 1.1785524507e+00 
2.6066053806e-08 1.3376662427e+04 1.1717775600e+00 
7.1199027265e-10 1.3385106098e+04 7.5737197461e-01 
8.1287348765e-07 1.1597683454e+04 1.1837128490e+00 
7.8972322166e-10 1.2644232209e+04 3.7833396446e-01 
9.0798343304e-12 1.2543965906e+04 1.3513243051e+00 
1.7438164000e-07 1.2046889362e+04 8.0553120788e-01 
5.9087315933e-10 1.4720758157e+04 3.1438603821e-01 
2.1813696739e-10 1.3587597838e+04 1.2472716416e+00 
4.5919358172e-08 1.5184709840e+04 9.6075283121e-01 
4.4098130852e-06 1.3672381219e+04 4.7902252047e-01 
8.0732506314e-09 1.1725048872e+04 9.6322725553e-01 
2.5004471028e-05 1.4240320597e+04 1.1101762307e+00 
6.5421054128e-09 1.1955817757e+04 6.6383494041e-01 
1.8301865229e-07 1.1619376981e+04 5.6728786729e-01 
4.3099260585e-08 1.1385410544e+04 9.4068819681e-01 
3.6435775965e-08 1.2082647702e+04 3.5418723645e-01 
8.4971021763e-10 1.2546741047e+04 7.0257965289e-01 
6.3407711751e-10 1.3765823875e+04 5.8949855241e-01 
2.5097284093e-09 1.1354426218e+04 9.7592754835e-01 
4.4171274547e-10 1.3240429381e+04 1.2158508623e-01 
1.2788993446e-06 2.5000000000e+04 1.3144106283e+00 
3.7366899389e-10 1.7407923016e+04 6.5382570305e-01 
3.3456680787e-07 1.4755028619e+04 1.1760285094e+00 
1.1357310785e-08 1.2246255669e+04 1.2234224994e+00 
2.7215797636e-07 1.2576199530e+04 3.7249382395e-01 
1.2971345692e-09 1.1652538561e+04 1.1041164213e+00 
1.2656447375e-08 1.3919451981e+04 4.3611863351e-01 
6.9896192241e-10 1.2210588875e+04 1.1202935871e+00 
3.3676850572e-08 1.1828129150e+04 7.3050963081e-01 
5.5673201381e-09 1.1412146125e+04 6.5976676887e-01 
1.9684096733e-08 2.2082382957e+04 4.3651116195e-01 
1.6745723626e-09 2.5000000000e+04 5.6285522136e-01 
9.3438628794e-11 1.5742756359e+04 1.1125480551e+00 
1.1199288427e-07 1.7179170718e+04 7.5350492058e-01 
1.6473874535e-10 2.5000000000e+04 6.6906313741e-01 
1.0430199959e-08 1.7301787812e+04 6.8063904332e-01 
1.4196703031e-05 1.2703391520e+04 1.0459991046e+00 
4.5346125009e-09 1.3709490473e+04 1.1826618352e+00 
2.9358632108e-09 1.7656225267e+04 1.2160081592e+00 
4.7081819636e-10 1.5820258991e+04 4.4864581172e-01 
6.0454058227e-09 1.2252292512e+04 5.8060157176e-01 
1.3988715642e-10 1.1511703232e+04 1.1007712589e-01 
4.1237789591e-10 1.3086419350e+04 4.9757160921e-01 
2.7601206569e-09 1.4596433577e+04 1.0632238457e+00 
1.8062007433e-06 1.2025123167e+04 6.2419446483e-01 
1.1092780823e-05 1.2477472023e+04 4.8580976348e-01 
2.0440392773e-06 1.7619017375e+04 6.1658050194e-01 
1.0047509674e-05 1.9082250394e+04 2.4629905725e-01 
1.2566824665e-09 1.1849757986e+04 1.2624659352e+00 
5.9661104935e-11 1.3422599810e+04 6.2419850347e-01 
2.7975092189e-07 1.3840949352e+04 5.7128600188e-01 
8.6176832827e-07 1.1291868413e+04 5.8689691679e-01 
9.8005094869e-11 1.1323408130e+04 7.3181934407e-01 
2.7593602686e-11 1.2382689445e+04 1.4678554982e+00 
3.8234815575e-06 1.1410741228e+04 9.5059912645e-01 
1.0245516094e-10 1.2613106280e+04 9.8862189776e-01 
5.4968088399e-08 1.2876948182e+04 1.2548633309e+00 
5.8292716250e-11 1.2993263688e+04 8.1235670395e-01 
1.8338876170e-09 1.2009463782e+04 3.0514743303e-01 
1.3374625093e-08 1.7207007207e+04 7.5888639237e-01 
1.0682618116e-05 1.2058659865e+04 9.6734491485e-01 
1.7639778020e-07 1.2777723095e+04 7.5995755658e-01 
4.5462076537e-11 1.2313155752e+04 6.4814159157e-01 
5.0338644162e-09 1.4298297866e+04 7.2493742013e-01 
4.7031413722e-06 1.1238749711e+04 6.6038616408e-01 
6.4071685128e-10 1.4290662751e+04 6.7647164475e-01 
3.5399408812e-09 1.2107286842e+04 1.1425678005e+00 
6.9957997501e-06 1.1207185322e+04 1.0667043918e+00 
2.9294630869e-09 1.3431677520e+04 7.2136720099e-01 
8.5139986651e-10 1.2616506225e+04 1.0970819167e+00 
1.3935658254e-06 1.3694132405e+04 8.0801811132e-01 
1.3365848180e-11 1.1411680278e+04 5.9460225761e-01 
1.8185773601e-07 1.2251030835e+04 1.0251840167e+00 
1.2579663149e-07 1.2565905222e+04 8.4249837760e-01 
9.5669549786e-12 1.5704311568e+04 7.3171626757e-02 
9.0443917827e-09 2.5000000000e+04 2.1998857794e-01 
8.2681048833e-09 1.1598932960e+04 1.0557764294e+00 
5.4943471587e-09 1.6167480125e+04 6.8093883718e-01 
3.5437154325e-07 1.4321972929e+04 3.3462788265e-01 
1.0423443107e-11 1.2009812669e+04 1.9413552921e-01 
3.7298712041e-08 1.6117382696e+04 8.4141209771e-01 
5.8170254012e-12 1.1455103343e+04 8.7019588500e-01 
7.8862928815e-12 1.5024444340e+04 8.7783043092e-01 
3.0631247831e-07 1.9659299645e+04 1.0608545670e+00 
2.4471499718e-08 1.3608332889e+04 6.9923579905e-01 
7.8654266424e-10 1.2638698139e+04 9.7111198791e-01 
3.1434182618e-07 1.1504834591e+04 3.5392170707e-01 
1.3057353932e-07 1.1712588784e+04 8.0481924430e-01 
2.2799984695e-08 1.3519393667e+04 9.3494727147e-01 
2.1855443938e-08 1.6108118861e+04 8.1190419633e-01 
7.9262541953e-09 1.1626682469e+04 5.9257441390e-01 
4.6342069502e-07 1.4333329516e+04 6.0436331959e-01 
1.1707572662e-07 1.7652347952e+04 6.7654080985e-01 
2.0790120414e-10 1.1687653422e+04 8.2760768303e-01 
1.3391511867e-09 1.3538045131e+04 8.9577384862e-01 
3.1394370510e-10 2.0583857577e+04 1.0322544677e+00 
1.7375000602e-10 1.2740197885e+04 7.1040336146e-01 
4.4667151408e-07 1.1537134257e+04 9.4835326956e-01 
7.2566942775e-12 1.6838596161e+04 5.8012305182e-01 
1.9917332434e-09 1.1585754571e+04 8.4710375775e-01 
1.0030252637e-09 1.5937861546e+04 4.3941004794e-01 
3.4486185565e-09 2.1105931134e+04 1.1152338685e+00 
1.3643743191e-11 1.2926869329e+04 1.1883241975e+00 
1.4161864764e-11 1.5102078525e+04 1.1357196270e+00 
5.4520154330e-08 1.1519857841e+04 2.8243539137e-01 
1.3530226968e-06 1.1211700863e+04 4.0668398003e-01 
2.1193809107e-09 1.1319510333e+04 8.7191177781e-01 
1.0361138326e-07 1.2796072478e+04 7.7878769500e-01 
2.5461459444e-08 1.3642155412e+04 8.2238796514e-01 
3.6161684237e-10 1.2552227894e+04 3.4774772165e-01 
1.0812992139e-08 1.1271279893e+04 5.6341776081e-01 
4.4212342807e-08 1.1720385511e+04 1.0032678110e+00 
2.1159655603e-07 1.1737060267e+04 6.4796865623e-01 
3.9849328897e-11 1.1420283437e+04 9.8341798975e-01 
1.1923626334e-09 1.5049497572e+04 1.3674078765e+00 
1.3717354604e-08 1.1696838648e+04 1.3144849771e+00 
5.0117731933e-10 1.6460401821e+04 8.5392467051e-01 
1.8848801758e-11 1.3031715471e+04 1.2519892530e+00 
5.5437363224e-06 1.1269029459e+04 6.7058970275e-01 
2.1510712475e-08 2.3363374495e+04 1.2544821567e+00 
1.8179151254e-11 1.1475901709e+04 7.1721008931e-01 
5.9089548700e-10 1.1256151659e+04 1.0037607357e+00 
1.2145371742e-08 1.1794361771e+04 6.8951415572e-01 
1.8147831893e-06 1.5493390629e+04 1.3307708485e+00 
1.0863587725e-08 2.2775734821e+04 8.8695571083e-01 
5.9919933253e-08 1.7065388872e+04 2.3419777852e-01 
7.0671564730e-08 1.2734077882e+04 1.3427478938e+00 
1.9687173936e-10 1.3614279716e+04 1.3440021751e+00 
5.3223749781e-09 1.1879203737e+04 8.5844241932e-01 
1.6482764547e-08 1.1862776876e+04 1.0506634986e+00 
2.5942830424e-10 1.3358071292e+04 9.1451790455e-01 
1.9658944347e-09 1.4189966031e+04 9.9634926963e-01 
4.5845476925e-07 1.3755925094e+04 7.7383982336e-01 
1.2053517130e-07 1.1806623339e+04 8.4025413694e-01 
4.6100523177e-07 1.2983799976e+04 1.1013835104e+00 
2.3246460588e-08 1.9235612878e+04 1.1929111504e+00 
3.8769191199e-09 1.9341002058e+04 1.3786894008e+00 
1.5005284982e-07 1.4555421695e+04 2.5833823987e-01 
1.3637766083e-06 1.1542628871e+04 1.0215759545e+00 
3.1825323709e-11 1.3586459971e+04 6.9939546330e-01 
6.1199189655e-09 1.1394561723e+04 1.8658328334e-01 
8.4768640889e-08 1.1967871092e+04 9.3497964631e-01 
4.7357236723e-06 1.2897191334e+04 1.2140593057e+00 
5.2418409528e-12 1.1447944467e+04 8.8242662415e-01 
3.3017751098e-09 1.4120745909e+04 2.2792604230e-01 
3.3662734646e-08 1.2371430341e+04 5.0415070241e-01 
9.5919008342e-09 1.6103299720e+04 1.1225279787e+00 
2.9015485383e-07 1.4477024955e+04 5.5097603215e-01 
3.6211525858e-10 1.1513152080e+04 1.3557773386e+00 
5.9517714890e-09 1.5501426983e+04 9.1417331608e-01 
1.4788433763e-06 1.6551035119e+04 3.7932664763e-01 
6.2971033693e-11 1.3655164488e+04 6.0848303221e-01 
5.2119551272e-07 2.5000000000e+04 6.9891257493e-01 
6.4472202685e-09 1.5367284232e+04 8.1663136996e-01 
9.2915674143e-11 1.6450367990e+04 1.8340662677e-01 
4.8343418830e-10 1.3111555359e+04 8.7894482156e-01 
6.3497659084e-12 1.1561805161e+04 6.6833504062e-01 
6.7546087112e-09 1.7683599953e+04 9.6932822438e-01 
6.1896670906e-10 1.5150158560e+04 2.2617524499e-01 
2.2719853119e-06 1.4489595204e+04 4.2286598718e-01 
3.8828113267e-10 2.2918350248e+04 1.1706850459e+00 
2.3718923221e-09 1.4455100049e+04 8.7514103680e-01 
1.8036180065e-08 1.1508056314e+04 2.3830688880e-01 
5.8578167513e-12 1.5369504089e+04 1.1109902324e+00 
4.3410604355e-10 1.3935841238e+04 9.5389656734e-01 
2.2017870025e-10 1.3905184299e+04 1.7777009584e-01 
7.1733053400e-10 1.3146617110e+04 3.9720686859e-01 
3.9977441899e-09 1.4556896510e+04 1.3036375811e+00 
2.9597986587e-09 1.1361776596e+04 4.9658196898e-01 
1.1640185145e-07 1.5140903646e+04 1.9343849471e-01 
5.7995191090e-12 2.2026845525e+04 2.4818266775e-01 
3.9999142448e-10 1.6349557283e+04 5.0667363045e-01 
2.5832764524e-08 1.6461777610e+04 7.5376703794e-01 
1.9289658903e-08 1.7623359405e+04 7.9116057888e-01 
1.7344382046e-11 1.1399088184e+04 4.7140979354e-01 
1.9855896527e-09 1.3206116910e+04 7.3935662967e-01 
2.5607260989e-06 1.1495720096e+04 4.3694688104e-01 
3.6313943158e-11 1.1577454106e+04 4.9295839171e-01 
1.5309615091e-07 1.8177456838e+04 9.8099994641e-01 
2.0113414206e-07 1.3680577243e+04 1.1426660611e+00 
3.4978497867e-07 1.8710022229e+04 7.5528570578e-01 
8.1399073819e-07 1.2616349924e+04 1.0965133840e+00 
3.6290521509e-08 1.2541840658e+04 6.5579534093e-01 
2.0577753202e-10 1.2923303523e+04 8.4627206276e-01 
4.6883494893e-09 1.4290678872e+04 1.1286598117e+00 
9.3865457128e-09 1.2637382950e+04 7.4183056632e-01 
1.0883110517e-10 1.1936871231e+04 2.3284968667e-01 
5.1283303871e-07 1.3000647047e+04 1.0797317710e+00 
3.2761791362e-08 2.2905647008e+04 5.9636937068e-01 
3.3932269206e-10 1.4065719727e+04 1.1103313883e+00 
1.5133370886e-09 1.4581655946e+04 3.9747256789e-01 
2.6266648495e-08 1.9589890754e+04 5.3544891651e-01 
1.8224667471e-10 1.3425627114e+04 6.4202004646e-01 
2.4459114577e-09 1.3151808361e+04 1.9013979566e-01 
1.6421674212e-10 1.8800248290e+04 6.2885997240e-01 
4.4877412178e-10 1.3060033190e+04 1.1380406231e+00 
5.7340562522e-11 1.1917276333e+04 1.2082023024e+00 
9.2254117276e-07 1.3555761182e+04 6.7411584637e-01 
7.1437965005e-11 1.2852095592e+04 6.3648776921e-01 
1.0398659614e-09 1.2827464039e+04 8.2555416056e-01 
4.3081308768e-11 1.1687250304e+04 1.1300365137e+00 
1.2777749179e-10 1.1207237151e+04 1.2889094057e+00 
2.2155820837e-10 2.0164418700e+04 1.0645304429e+00 
5.7141031490e-08 1.8677386525e+04 1.0452899464e+00 
6.7593876060e-11 1.2722259781e+04 7.8700961451e-01 
3.2148763627e-11 1.1585786637e+04 1.3084551087e+00 
1.1378526431e-09 1.2367225580e+04 1.0248222828e+00 
1.4835432080e-09 1.7176940725e+04 7.2440122525e-01 
6.6163059344e-09 1.1395136071e+04 7.1834561965e-01 
2.6528113182e-06 1.1856418412e+04 9.3223516035e-01 
2.7189204107e-09 1.1330549192e+04 9.7380548571e-01 
3.8587711834e-09 1.3722081398e+04 7.2868666563e-01 
1.0226325269e-08 1.1388881449e+04 4.5011421298e-01 
8.8531283028e-09 2.5000000000e+04 7.7995638349e-01 
2.5286797127e-10 1.3205007143e+04 1.9692742786e-01 
2.4709623310e-08 1.2402110667e+04 9.0944494569e-01 
8.5117457399e-10 1.4412849471e+04 5.0062259665e-01 
1.2234286882e-08 1.1947505293e+04 1.4008492135e+00 
2.1622092514e-07 1.2528589063e+04 1.0696035266e+00 
1.8638450102e-10 1.3004837754e+04 7.5777210839e-01 
4.7642481308e-07 1.5201867972e+04 4.0395634279e-01 
2.8172497174e-09 1.1239696423e+04 1.0164940564e+00 
9.5152243058e-09 1.2102204361e+04 5.7321680349e-01 
2.6651807389e-06 2.0675715543e+04 1.2880886508e+00 
8.0353965546e-09 1.8180073402e+04 1.0647317306e+00 
2.5427661119e-07 1.3891607754e+04 7.6084043592e-01 
2.7191213077e-09 1.1987126407e+04 1.1067705727e+00 
1.4173077262e-10 1.3557954448e+04 8.0265946267e-01 
4.0402246729e-08 1.2642902240e+04 7.4084056842e-01 
4.7199754748e-08 1.5243795823e+04 1.1447582658e+00 
3.9904057123e-08 1.9894978260e+04 8.5690894981e-01 
3.7083498489e-08 1.8064706194e+04 3.7287232257e-01 
1.3757625602e-07 1.1319865969e+04 9.3477027126e-01 
6.8928395830e-06 1.6961397821e+04 1.2562300659e+00 
4.8613395658e-08 1.2357262305e+04 1.1300572072e+00 
1.3247860432e-07 1.5537862665e+04 9.3637305460e-01 
9.1292038859e-10 1.4154170401e+04 8.8272217069e-01 
4.8941488669e-09 1.2819864293e+04 6.1790428093e-01 
7.7239938321e-08 1.1443547307e+04 1.2825857546e+00 
8.5274214140e-06 1.1540611267e+04 7.1537940452e-02 
1.8704434251e-05 1.3012892244e+04 9.5207209313e-01 
4.0817922671e-11 1.3676747194e+04 8.2358212246e-01 
8.1668844911e-08 1.1411940855e+04 6.6131687900e-01 
1.1123383143e-10 1.4553425580e+04 7.7792371190e-01 
9.5118879226e-10 1.1492983206e+04 7.2013890145e-01 
1.6896771229e-07 1.1573698826e+04 7.2940466854e-01 
2.8171277473e-08 1.1467416890e+04 9.4043007770e-01 
4.9448283520e-09 1.4242685859e+04 3.6109528457e-01 
5.6203985281e-09 1.3711037922e+04 7.9016702522e-01 
3.3116555351e-09 1.1944542928e+04 6.0174082224e-01 
8.8671932285e-07 1.2351950391e+04 1.1356284054e+00 
2.3326630812e-09 1.1502644074e+04 3.9928550627e-01 
3.3487562920e-09 1.4929661182e+04 1.0702547802e+00 
9.4023786249e-11 1.5319370415e+04 1.2287453881e+00 
6.0317198065e-09 1.3828426207e+04 1.4618334614e+00 
2.2590531244e-09 1.6837685218e+04 3.7600805293e-01 
2.7331524956e-06 1.3237049953e+04 1.2989268890e+00 
2.8445692176e-11 1.2714297210e+04 8.1038704642e-01 
3.9200081595e-08 1.1457804356e+04 3.8449338085e-01 
3.9549698351e-08 1.2251175623e+04 3.1423035808e-01 
3.6898370819e-09 1.1901420281e+04 2.9053183511e-01 
4.2013772482e-08 1.4936806379e+04 9.9848166773e-01 
2.8835348548e-08 2.5000000000e+04 1.2415441671e+00 
9.0575244015e-08 1.1458068241e+04 7.2410736447e-01 
1.7870528455e-08 1.4327515896e+04 5.8960188635e-01 
3.4029615447e-06 1.2531814405e+04 6.0195477664e-01 
1.1358194997e-06 2.3551004024e+04 3.9136427346e-01 
3.7842647187e-10 1.5930689481e+04 7.3841992979e-01 
1.3326687559e-10 1.3482363963e+04 9.3892674871e-01 
9.1147888073e-11 1.1672694177e+04 8.7772789448e-01 
5.7806012848e-09 1.2373391589e+04 4.4737662154e-01 
2.4356197417e-07 1.6500402947e+04 1.1063106253e+00 
3.1639119304e-08 1.1788031434e+04 1.0672496384e+00 
4.0875249563e-08 2.0165519280e+04 3.6287737383e-01 
6.1606754326e-07 1.2539967374e+04 6.7465793772e-01 
8.0807310624e-10 1.2565824783e+04 7.1408565753e-01 
8.3421354518e-08 1.2134678744e+04 1.5271942781e-01 
4.1309748849e-10 1.1831894612e+04 3.1558622750e-01 
4.2940673895e-08 1.2899481990e+04 5.9492697259e-01 
2.9620081229e-08 1.1399746612e+04 6.5679091703e-01 
6.5878403987e-09 1.2755548564e+04 1.1140686536e+00 
3.2549576821e-08 1.1552317893e+04 1.1365834728e+00 
4.6232475318e-09 1.4244439992e+04 3.7859155345e-01 
2.5681908945e-08 1.4783454983e+04 9.8983748921e-01 
9.6397586087e-08 1.4803389271e+04 3.9004703054e-01 
5.0785460875e-12 1.7670870254e+04 7.7177296585e-01 
1.7340358522e-11 1.7047950398e+04 1.1488895944e+00 
4.2761160820e-09 1.2266128310e+04 1.3316720035e+00 
1.1268129977e-09 1.2936975366e+04 9.0527586344e-01 
1.5956559886e-06 2.3466017226e+04 1.8717428994e-01 
3.0978341043e-11 1.1983342892e+04 5.0703539507e-01 
2.6114904515e-06 1.2227108152e+04 5.5537544968e-01 
4.3893891174e-08 1.2444908060e+04 2.0265764038e-01 
3.0857895738e-06 1.2017039658e+04 8.5607503892e-01 
1.1281632156e-10 1.3096433773e+04 1.6773381508e-01 
9.9928765628e-06 1.6212084737e+04 8.2226143090e-01 
4.0106361289e-08 1.8058655369e+04 4.8251827421e-01 
2.3547202111e-08 1.1593184150e+04 4.5459938208e-01 
1.6560288787e-10 1.6017230860e+04 5.7273816056e-01 
7.5103926884e-09 1.2522280789e+04 2.9368621641e-01 
1.0154895802e-08 1.9750768557e+04 1.0435447742e+00 
1.0847937901e-09 1.2026628815e+04 5.9009843847e-01 
4.5992142151e-09 1.2608081247e+04 2.0289233917e-01 
1.1399585209e-08 1.4309234439e+04 1.3376805852e+00 
8.7425743765e-10 1.1645385425e+04 1.2904674511e+00 
4.4474543644e-10 1.1462512448e+04 1.2044693982e+00 
9.2071276583e-10 1.2274285639e+04 8.8016534704e-01 
3.1191792812e-10 1.1343551975e+04 7.1843159706e-01 
1.0669189257e-06 1.1756733700e+04 1.0176387761e+00 
2.1499012933e-06 1.3364534445e+04 1.0558087655e+00 
1.3659384630e-06 1.1556219005e+04 5.7031683593e-01 
1.2983068531e-10 1.1416713074e+04 1.2197962429e+00 
2.1223895648e-10 1.6635883344e+04 4.9857426515e-01 
1.8423293185e-08 1.1927249265e+04 2.3483593010e-01 
2.8369209116e-10 2.1012307696e+04 1.2374060505e+00 
2.8307365679e-10 1.1258814405e+04 2.8347139050e-01 
1.5598711727e-09 1.5119698552e+04 1.2307117268e+00 
4.5669854171e-09 1.2881072822e+04 5.8444018546e-01 
2.0885852926e-08 1.2855679267e+04 6.8858233833e-01 
1.0241886365e-09 1.1376996841e+04 1.5652924299e+00 
4.5678361217e-06 2.5000000000e+04 9.3465331009e-01 
4.1531829427e-07 1.1628565159e+04 6.2061654824e-01 
1.1859913217e-09 1.4391421806e+04 5.6100635767e-01 
3.4199893513e-08 1.1535667866e+04 1.0377621348e+00 
2.4119036324e-10 1.1346024060e+04 7.0669719874e-01 
4.3650653498e-10 1.1954127457e+04 7.7367149047e-01 
4.3107139934e-09 1.5276230625e+04 6.7483693996e-01 
9.4323841594e-08 1.6649474396e+04 3.7035393985e-01 
4.1369304451e-07 1.1468398803e+04 1.3883488908e+00 
4.2419166779e-10 1.3308542814e+04 1.2988192308e+00 
1.8984974746e-06 2.2758754822e+04 5.9948493390e-01 
1.2170512508e-08 2.1099695251e+04 5.1576248976e-01 
2.2863162118e-08 1.3537983505e+04 8.9954589901e-01 
1.0030419416e-08 1.1921967146e+04 2.1129702995e-01 
1.0817545767e-05 2.3919322504e+04 1.4692533527e-01 
5.4024919161e-07 1.5891143148e+04 7.7471979610e-01 
1.9039998705e-09 1.2869430049e+04 1.3408894960e+00 
8.7995648265e-09 1.4896503614e+04 8.4070647737e-01 
2.1825951486e-09 1.3394735856e+04 1.1426074364e+00 
8.9581811801e-08 1.3825533501e+04 1.0275861437e+00 
2.5253747597e-07 1.6700244436e+04 7.7600878627e-01 
5.4328021049e-07 1.1213093862e+04 1.1096645999e+00 
6.1720962667e-11 1.1920503799e+04 8.6557361945e-01 
3.5963086677e-09 1.1551854674e+04 3.9759444095e-01 
1.0344019739e-07 1.1399050163e+04 9.3320565599e-01 
1.3690375351e-09 1.7752142718e+04 7.9097549011e-01 
3.6592501534e-11 1.2448750346e+04 1.2182996480e+00 
8.8424171110e-10 1.8389687681e+04 5.3629844980e-01 
1.4241930421e-08 1.2487871531e+04 1.1302525733e+00 
1.7984163880e-09 1.6240243225e+04 2.2532506117e-01 
2.4476382066e-07 1.3430349886e+04 2.8729754999e-01 
6.0632851761e-09 1.1326499712e+04 8.3722710656e-01 
1.6269773310e-09 1.1729711355e+04 1.0318080520e+00 
2.9914822125e-08 1.6507941372e+04 5.8157137943e-01 
3.0458406125e-07 1.7056207251e+04 4.1438695200e-01 
2.6255660036e-09 1.4348885840e+04 9.0354169553e-01 
1.2752608397e-09 1.3028398021e+04 9.7442100262e-01 
4.5550746761e-10 1.3557084200e+04 6.6694443636e-01 
3.7445089827e-08 1.7105880889e+04 6.2945736898e-01 
1.9502540952e-09 1.1844656706e+04 6.8237049626e-01 
3.1378811015e-10 1.1726846420e+04 3.3683514769e-01 
2.9893656778e-09 1.1202964816e+04 6.3879945011e-01 
1.1884817106e-10 1.4975118171e+04 8.3371011183e-01 
7.7119051255e-08 1.4435001846e+04 9.9088175831e-01 
1.3933044985e-10 1.2154133059e+04 7.6891841422e-01 
6.7156928698e-11 1.1265395097e+04 3.5329464504e-01 
1.0830771595e-09 1.5264446193e+04 4.5077081944e-01 
2.1994119374e-11 1.2162242531e+04 3.9945252722e-01 
5.9752897967e-09 1.4336868178e+04 1.1432952302e+00 
9.4951340726e-12 1.1211104877e+04 8.0749215465e-01 
6.7934332397e-09 1.4310902049e+04 2.4594801492e-01 
2.5705612946e-09 1.2517104472e+04 1.5767423159e-01 
8.7351643283e-11 1.2256711179e+04 5.3312269504e-01 
5.6600434553e-10 1.1835730207e+04 1.4934329764e+00 
1.2085492063e-09 1.4569930156e+04 1.2268699611e+00 
2.6020655064e-09 1.1641267228e+04 1.1092058635e+00 
6.1331315187e-06 1.8666676043e+04 5.0038882428e-01 
8.3970984464e-09 1.2238060044e+04 1.0337073584e+00 
9.9286633311e-10 1.1509087477e+04 9.9317670483e-01 
2.1219090541e-08 1.2005005862e+04 5.1968312104e-01 
4.5339111577e-07 1.5590848799e+04 1.1950302764e+00 
2.0071357160e-08 1.2148642446e+04 2.4193328499e-01 
6.3528669183e-11 1.5929809168e+04 9.3298914914e-01 
2.7598730874e-08 1.2268415205e+04 7.1252778919e-01 
9.1781332129e-09 1.3634361394e+04 9.8159572489e-01 
9.8025866154e-09 1.4152332007e+04 1.4160103266e+00 
4.3723002981e-11 1.2006684076e+04 8.3055476186e-01 
7.8037351377e-09 1.1993757613e+04 4.5463573235e-01 
1.0996403029e-09 1.4111232919e+04 1.3850808519e+00 
2.3013691808e-07 1.2698535759e+04 3.6097503511e-01 
1.0342892305e-08 2.4353546292e+04 5.9958239415e-01 
6.7571116127e-11 1.1712748451e+04 1.0876477992e+00 
5.1541621663e-08 1.1720909498e+04 5.9917581195e-01 
4.5554928681e-06 1.1676209603e+04 9.3261267516e-01 
2.1787490900e-08 2.1414349459e+04 4.1124153540e-01 
1.3689442497e-06 1.5279484590e+04 6.2328685520e-01 
7.6293939423e-07 1.3717988083e+04 9.8634205884e-01 
8.7379254705e-10 1.7878799068e+04 7.8717059692e-01 
1.1954771159e-06 1.2188815287e+04 9.9216091904e-01 
7.7976023422e-12 1.4274177589e+04 1.4189517150e+00 
4.3147105258e-06 1.7223185680e+04 1.4964500302e+00 
1.0265448942e-07 1.4792199812e+04 9.3138090818e-01 
1.0449518003e-07 1.2696589057e+04 1.3916375422e+00 
9.9280236739e-06 1.7614310268e+04 9.2417695306e-01 
1.4255552289e-07 1.1974011144e+04 9.2578879276e-01 
3.2438882577e-10 1.2038417035e+04 8.9218508772e-01 
9.0983400572e-11 1.4387478559e+04 2.5652331405e-01 
1.1681951926e-10 1.4436430088e+04 1.1637858690e+00 
4.6905787775e-11 1.5638459719e+04 5.0736927165e-01 
1.1086557807e-05 1.5723351880e+04 4.5853352543e-01 
3.0951848198e-06 1.5812357338e+04 1.2875473549e+00 
1.7320309654e-09 1.9146720476e+04 2.3132611122e-01 
1.7155106870e-07 1.1883468026e+04 4.8524520823e-01 
3.7356802412e-12 2.5000000000e+04 4.9529516383e-01 
2.1799905669e-08 1.1461842337e+04 1.1560211531e+00 
1.5182154613e-07 1.5966954084e+04 1.2093153872e+00 
5.9547372068e-09 1.2889224980e+04 5.8675632426e-01 
5.3312197182e-10 1.5639816740e+04 8.5705262633e-01 
4.9224262275e-10 1.2337310403e+04 1.0684529972e+00 
6.9853507446e-09 1.2054767245e+04 6.3554387955e-01 
1.9784209014e-08 1.4690395651e+04 1.0479139882e+00 
3.7769204672e-07 1.1949827581e+04 9.0817551454e-01 
1.0652445849e-07 1.1425843482e+04 2.3422034819e-01 
1.7409364908e-09 1.1534126575e+04 7.8057772649e-01 
3.6464287936e-07 1.1765225863e+04 8.9872626012e-02 
2.7386340050e-09 1.2395642529e+04 4.3143350429e-01 
1.3331051372e-08 1.1538547004e+04 1.2050656664e+00 
2.3782092471e-08 1.1712923151e+04 1.0557247138e+00 
3.2725695213e-06 1.1698150003e+04 8.3462887716e-01 
5.4724101299e-07 1.2520405444e+04 1.3013324091e+00 
1.7891248930e-08 2.0603351153e+04 9.2973753056e-01 
8.8061643081e-11 1.2362508530e+04 3.0326668337e-01 
5.6290143867e-09 1.3838723436e+04 1.3276347975e+00 
4.4867161214e-09 1.6602476714e+04 7.0511567216e-01 
2.5021770209e-08 1.1463459304e+04 7.4072915460e-01 
1.8556318557e-07 1.3332428510e+04 8.4082178859e-01 
7.4836897885e-10 1.3215990852e+04 1.3009880523e+00 
1.5552949353e-09 1.3866467103e+04 6.1936793892e-01 
2.7714634104e-11 1.3941091108e+04 9.4795901961e-01 
1.7609688742e-09 1.2802369893e+04 6.8993380917e-01 
6.0558325182e-10 1.8384469261e+04 1.0395743242e+00 
2.5521863343e-08 1.1408477687e+04 1.3184951285e+00 
1.7607786268e-09 1.1786031070e+04 9.3842937498e-01 
5.2089329765e-07 1.1975007464e+04 1.1055203490e+00 
2.0684505122e-09 1.2976126804e+04 1.3589074815e+00 
3.6978274868e-09 1.2371345469e+04 5.5945137526e-01 
4.6651168417e-09 1.2508518206e+04 3.0295741366e-01 
1.0615301324e-07 1.2865370556e+04 3.4180866083e-01 
1.0492543234e-07 1.5248670003e+04 3.3881011012e-01 
3.1484670590e-09 1.2433582187e+04 1.0921755599e+00 
2.6813558764e-09 1.2489776597e+04 1.1589537637e+00 
7.0043715200e-11 1.2549143273e+04 5.9451838492e-01 
1.0496311359e-08 1.5617545218e+04 8.6052890601e-01 
1.1173130356e-09 1.5628382492e+04 3.4991196971e-01 
1.2540439665e-06 1.1501442906e+04 1.2237139459e+00 
1.8111593360e-09 1.2488774219e+04 1.3335618222e+00 
1.4988746655e-06 1.4275981079e+04 4.2821070724e-01 
8.3185921498e-09 1.1309310308e+04 9.5120326333e-01 
2.9977261996e-09 1.6266057215e+04 2.0817697611e-01 
5.5460102620e-10 1.2348221347e+04 8.4875128157e-01 
1.3210121956e-09 1.6852703510e+04 4.3444983175e-01 
4.3854368769e-10 1.1543161947e+04 1.0086778355e+00 
4.5716605264e-09 1.3981744779e+04 6.6005003870e-01 
2.3396782885e-09 2.5000000000e+04 5.8425718269e-01 
9.0048527772e-10 1.1820321585e+04 8.3841425459e-01 
5.1300237711e-06 1.8588792008e+04 4.5535270349e-01 
5.5677887938e-10 1.3768301288e+04 1.0145624408e+00 
9.3983061496e-10 1.3530160911e+04 5.2294125018e-01 
1.6889867680e-06 2.5000000000e+04 6.8249474235e-01 
1.8879379198e-09 1.1511800678e+04 2.5722492403e-01 
2.3146774388e-11 1.3997685130e+04 1.4728259195e+00 
1.7834330938e-09 1.2901238424e+04 8.0238286055e-01 
5.2700868937e-09 1.4611969690e+04 8.3712092439e-02 
1.4190552493e-09 1.2402993235e+04 6.4729600094e-01 
2.5745788210e-06 1.1320952565e+04 1.0515092221e+00 
1.6001150992e-11 1.2001687338e+04 4.1876406570e-01 
8.1008800457e-07 1.4287132173e+04 8.7440666452e-01 
1.6082945510e-09 1.1375699384e+04 8.1449968801e-01 
1.3901623737e-06 1.5135862922e+04 3.5348470792e-01 
6.3583998941e-10 1.7123533688e+04 1.0941756076e+00 
4.5648008763e-07 1.1217091550e+04 2.5377291550e-01 
9.3804689571e-10 1.6620211550e+04 1.3517230284e+00 
9.7563807235e-09 1.9941961651e+04 6.5154814434e-01 
1.9725478653e-09 2.5000000000e+04 1.1552791589e+00 
2.7845085587e-08 1.6880748847e+04 1.0509216245e+00 
1.9107413055e-09 1.1351491518e+04 9.4645882876e-01 
2.3308339067e-10 2.5000000000e+04 4.3692186520e-01 
1.2757618357e-09 1.5509733326e+04 9.9068328152e-01 
7.1781218145e-08 1.1639570738e+04 3.0968141072e-01 
5.9539539881e-09 1.1717787491e+04 1.2357026243e+00 
1.0368575516e-11 1.1979457149e+04 7.8201601480e-01 
3.0356967539e-10 1.1238255078e+04 4.2515199622e-01 
3.1893232605e-09 1.7171037862e+04 6.1868462479e-01 
2.7239689754e-09 1.1609776539e+04 6.3002014938e-01 
1.7068052711e-09 1.1452458808e+04 3.7393227616e-01 
3.3695085222e-09 1.1945857560e+04 6.2660237957e-01 
8.6584831476e-11 2.5000000000e+04 9.2468949771e-01 
1.7927855394e-08 1.5075475331e+04 2.4922445659e-01 
1.1146446633e-09 1.4146808157e+04 2.4606475146e-01 
1.0561778212e-08 1.1799319350e+04 1.0418300678e+00 
3.8325956629e-11 1.6250057869e+04 9.7143483608e-01 
2.1245407869e-09 1.1609899632e+04 9.8073834447e-01 
1.1241385293e-09 2.0254165255e+04 1.2035108665e+00 
1.7128364920e-09 1.2639603710e+04 1.0526670491e+00 
6.8457608468e-08 2.4695317008e+04 3.3389419438e-01 
6.2280766405e-09 1.5785482826e+04 1.0016187263e+00 
6.9533875608e-07 1.1551390667e+04 1.2826075854e+00 
5.9801794210e-11 2.3238578021e+04 9.7686528179e-01 
2.8541242731e-07 1.3703680061e+04 9.9799155538e-01 
1.9783517539e-07 1.2152674070e+04 7.5752735807e-01 
1.6417266607e-10 1.2008317669e+04 6.8789846453e-01 
5.2767998956e-08 1.2987010583e+04 2.6560826797e-01 
3.0287932682e-06 1.3234279725e+04 9.3655130141e-01 
8.1139889203e-10 1.4198273126e+04 1.0215315646e+00 
3.1603404554e-08 2.5000000000e+04 5.8145162557e-01 
2.7714619891e-07 1.3731390914e+04 3.5777686622e-01 
3.1145201135e-09 1.1591649298e+04 9.4373373854e-01 
8.0719948223e-08 1.1481143663e+04 2.1523524734e-01 
2.8802746960e-09 1.1521008522e+04 6.0708775233e-01 
4.2605000038e-11 1.2193484751e+04 4.0313783442e-01 
2.5898622543e-09 1.2855955070e+04 5.7730750187e-01 
1.8458013660e-07 1.2926019148e+04 7.7247511904e-01 
4.4783499561e-07 1.6395363177e+04 1.2960851344e+00 
9.5061285768e-08 2.3983098575e+04 1.0027807638e+00 
2.2644424111e-06 1.2233053480e+04 8.4887482286e-01 
3.7646768667e-11 1.3334407629e+04 1.9550846524e-01 
2.4808409569e-09 1.1390744693e+04 7.4593834757e-01 
2.1597787368e-09 1.3887841778e+04 9.2295230731e-01 
4.0651416991e-09 1.4181221257e+04 1.0641419439e+00 
