1.1985163577e-11 2.5000000000e+04 1.2405835978e+00 6.9000000000e-01 
2.6720351490e-09 1.1299857077e+04 8.6178082587e-01 6.9000000000e-01 
9.3517970242e-10 1.2753591964e+04 7.7405758172e-01 6.9000000000e-01 
2.6839382008e-07 1.3284569556e+04 5.5514361056e-01 6.9000000000e-01 
1.9929039425e-10 2.0709985692e+04 3.9161501007e-01 6.9000000000e-01 
9.3879722771e-10 1.1314701336e+04 5.9594004198e-01 6.9000000000e-01 
8.6058675058e-08 1.3234881124e+04 1.0259010542e+00 6.9000000000e-01 
6.2749882757e-08 1.4140477707e+04 6.2327728327e-01 6.9000000000e-01 
2.1299189242e-07 1.5654050663e+04 1.5337147804e-01 6.9000000000e-01 
6.9423175839e-08 1.1205950819e+04 9.3218207770e-01 6.9000000000e-01 
3.5458098262e-06 1.5041638891e+04 8.5952909282e-01 6.9000000000e-01 
9.2420769270e-10 1.4568344965e+04 7.3229155092e-01 6.9000000000e-01 
3.3034583994e-08 1.1526399586e+04 3.2951717168e-01 6.9000000000e-01 
9.2826311406e-12 2.3774891876e+04 6.8132350537e-01 6.9000000000e-01 
1.0307095599e-07 1.8624491854e+04 4.5471743726e-01 6.9000000000e-01 
8.7444777390e-10 1.1728126067e+04 5.6550360804e-01 6.9000000000e-01 
1.2735853676e-09 1.5929396320e+04 5.3278846446e-01 6.9000000000e-01 
6.8403373342e-08 1.7967247783e+04 3.1328297424e-01 6.9000000000e-01 
1.4716561033e-10 1.2875084621e+04 7.0063528280e-01 6.9000000000e-01 
9.5353188714e-10 2.0402576886e+04 9.9543272513e-01 6.9000000000e-01 
2.2386736574e-09 1.2594342035e+04 1.2288758322e+00 6.9000000000e-01 
1.7928416643e-06 1.1757770739e+04 1.1068432256e+00 6.9000000000e-01 
1.5365737552e-08 1.2317282756e+04 1.0690957018e+00 6.9000000000e-01 
2.2147562871e-10 1.5873474044e+04 5.1444698573e-01 6.9000000000e-01 
5.5764055012e-06 1.3584444759e+04 8.5620921687e-01 6.9000000000e-01 
2.9908422394e-09 2.3057937703e+04 6.3631149297e-01 6.9000000000e-01 
3.8703643284e-10 1.2504639577e+04 4.9042212036e-01 6.9000000000e-01 
2.8582570598e-08 1.2301928141e+04 1.0892877200e+00 6.9000000000e-01 
2.5958193308e-07 1.4851982947e+04 8.3553573627e-01 6.9000000000e-01 
4.2884019928e-09 1.1650866857e+04 1.4528721204e+00 6.9000000000e-01 
2.9794230325e-09 1.2916999641e+04 8.8306842283e-01 6.9000000000e-01 
1.0195677756e-10 1.4296082280e+04 4.4924937362e-01 6.9000000000e-01 
7.1180648623e-10 1.5666273965e+04 7.1861815230e-01 6.9000000000e-01 
1.1507459087e-07 1.3627133764e+04 5.5435230534e-01 6.9000000000e-01 
7.5783099314e-11 1.2010030561e+04 7.0686465759e-01 6.9000000000e-01 
1.3827020201e-11 1.4789466642e+04 7.4324455510e-01 6.9000000000e-01 
2.3408797625e-09 1.7410480050e+04 9.6640058234e-01 6.9000000000e-01 
7.7224695953e-10 1.1604632766e+04 8.6497978213e-01 6.9000000000e-01 
6.9707798217e-08 1.1539164856e+04 9.3037363917e-01 6.9000000000e-01 
3.6686278514e-10 1.6344513795e+04 7.5834479548e-01 6.9000000000e-01 
1.8539144732e-09 2.2139298805e+04 9.7596551567e-01 6.9000000000e-01 
8.4853518388e-10 2.5000000000e+04 5.1252074833e-01 6.9000000000e-01 
1.4609088496e-09 1.8359153731e+04 1.3547482336e-01 6.9000000000e-01 
1.8717905420e-10 1.1846742963e+04 1.0666179265e+00 6.9000000000e-01 
1.5418010335e-07 1.2906508482e+04 9.7471563229e-01 6.9000000000e-01 
1.1477205358e-09 1.3722675702e+04 6.6468909380e-01 6.9000000000e-01 
2.1440393820e-09 1.6726485545e+04 7.7914588447e-01 6.9000000000e-01 
1.3903375852e-10 1.5107629997e+04 9.5219547417e-01 6.9000000000e-01 
1.8770883311e-10 1.5148287260e+04 1.2541619816e+00 6.9000000000e-01 
1.1450040691e-08 1.3514896732e+04 1.1586418539e+00 6.9000000000e-01 
1.7918289417e-10 1.4468280813e+04 3.4221081164e-01 6.9000000000e-01 
1.1659292877e-06 1.2704336198e+04 7.1785343469e-01 6.9000000000e-01 
8.7520775135e-12 1.1399190907e+04 6.1536759757e-01 6.9000000000e-01 
6.1467056052e-08 1.3325243422e+04 1.2331856137e+00 6.9000000000e-01 
1.1794792472e-07 1.3371026838e+04 5.7724304532e-01 6.9000000000e-01 
5.4775394498e-08 1.6277307438e+04 5.6440372367e-01 6.9000000000e-01 
4.6375024079e-10 1.1578728225e+04 7.3664412070e-01 6.9000000000e-01 
5.9779089921e-09 1.2705453116e+04 6.2090208227e-01 6.9000000000e-01 
2.9489864982e-10 1.3841394349e+04 2.2541243583e-01 6.9000000000e-01 
3.8004013266e-06 2.0686559807e+04 1.1457455023e+00 6.9000000000e-01 
1.7956690891e-09 1.2448572143e+04 7.7427187712e-01 6.9000000000e-01 
4.0062515916e-09 1.4135010654e+04 9.1981599888e-01 6.9000000000e-01 
4.3905624230e-09 1.2573372353e+04 1.2834150178e+00 6.9000000000e-01 
9.6722556428e-07 1.1989453933e+04 1.2433294610e+00 6.9000000000e-01 
8.8763992013e-08 1.4860682902e+04 3.8723397767e-01 6.9000000000e-01 
8.9342540380e-12 1.1844380378e+04 5.6330090829e-01 6.9000000000e-01 
1.5120983529e-10 1.2606703978e+04 8.6071392324e-01 6.9000000000e-01 
1.6068051560e-07 1.4875275447e+04 9.4204555373e-01 6.9000000000e-01 
8.1864496831e-11 1.1268083231e+04 1.1384299225e+00 6.9000000000e-01 
1.0623278196e-08 1.3927571047e+04 1.0032825339e+00 6.9000000000e-01 
2.0949250835e-07 1.2371143344e+04 7.1488167168e-01 6.9000000000e-01 
4.6279382231e-10 1.4896634873e+04 8.5790848169e-01 6.9000000000e-01 
2.3384805601e-09 1.7299375391e+04 1.3101783049e+00 6.9000000000e-01 
6.7668914920e-10 1.5499575045e+04 2.5848757680e-01 6.9000000000e-01 
1.1253961993e-08 1.4740597617e+04 8.8978171762e-01 6.9000000000e-01 
2.4731339860e-09 1.6683462409e+04 7.8901583064e-01 6.9000000000e-01 
4.3870068425e-09 1.1824522375e+04 9.8616503967e-01 6.9000000000e-01 
1.6432815912e-08 1.1521080318e+04 8.4610701138e-01 6.9000000000e-01 
8.5584443439e-07 1.3241676411e+04 5.1238726099e-01 6.9000000000e-01 
2.5589200413e-09 1.1270333099e+04 4.8379067632e-01 6.9000000000e-01 
3.0860004240e-08 1.3757472686e+04 1.2175035212e+00 6.9000000000e-01 
3.7198665129e-10 1.2484070116e+04 8.3092284389e-01 6.9000000000e-01 
4.4696116678e-10 1.1681691832e+04 1.4195927743e+00 6.9000000000e-01 
1.6033657432e-09 1.5895550387e+04 1.0608714155e+00 6.9000000000e-01 
1.1343455917e-07 2.2061772955e+04 3.7077193791e-01 6.9000000000e-01 
1.2403244968e-08 1.1973030818e+04 2.7546848207e-01 6.9000000000e-01 
5.7761587653e-08 2.4703023407e+04 4.9869386113e-01 6.9000000000e-01 
1.0471281436e-10 2.3469477739e+04 8.2647544726e-01 6.9000000000e-01 
4.0826365891e-12 1.7793243987e+04 5.9461649374e-01 6.9000000000e-01 
9.8518828069e-06 1.3438691656e+04 1.1680967467e+00 6.9000000000e-01 
1.5886088304e-10 1.8860669015e+04 4.7477029175e-01 6.9000000000e-01 
2.5718532400e-07 1.3167014734e+04 1.4805320625e+00 6.9000000000e-01 
1.1771810022e-10 1.2485961871e+04 7.7667200604e-01 6.9000000000e-01 
1.9899309771e-08 1.1740153811e+04 5.3468573221e-01 6.9000000000e-01 
4.7343292441e-08 1.5126216070e+04 6.2349405236e-01 6.9000000000e-01 
7.1174870904e-09 1.1409990940e+04 7.9290289030e-01 6.9000000000e-01 
1.7202370255e-09 1.3471775287e+04 1.2110604402e+00 6.9000000000e-01 
2.1087471257e-09 1.1434522333e+04 1.2919055589e+00 6.9000000000e-01 
1.7345702760e-10 1.2383249107e+04 1.1845760888e+00 6.9000000000e-01 
3.8622652625e-09 1.6004201421e+04 1.0287483319e+00 6.9000000000e-01 
1.0528575863e-05 1.3242323499e+04 1.0504231716e+00 6.9000000000e-01 
1.6793924117e-10 1.7599062957e+04 7.9251087803e-01 6.9000000000e-01 
1.0448720073e-09 1.6065558521e+04 3.9754096926e-01 6.9000000000e-01 
1.3202118007e-08 2.5000000000e+04 1.0785017881e-01 6.9000000000e-01 
5.0815943139e-10 1.2624714002e+04 1.0244463773e+00 6.9000000000e-01 
1.9162333441e-08 1.1467694047e+04 6.9465042962e-01 6.9000000000e-01 
2.6012517538e-08 1.2624092941e+04 4.6856589377e-01 6.9000000000e-01 
2.1594066847e-09 1.1408095191e+04 4.4905354948e-01 6.9000000000e-01 
6.4199043034e-09 1.1975253068e+04 7.5986850059e-01 6.9000000000e-01 
2.8314875411e-09 1.7566926450e+04 1.2960097491e+00 6.9000000000e-01 
3.8467320528e-09 1.2664927168e+04 7.7699376776e-01 6.9000000000e-01 
2.2636169871e-08 1.3613182241e+04 1.1970217786e+00 6.9000000000e-01 
7.7776356438e-09 1.3065050011e+04 1.1119938872e+00 6.9000000000e-01 
1.7386576604e-05 1.1215656983e+04 5.4932254381e-01 6.9000000000e-01 
2.8487166722e-06 1.2099955531e+04 7.0698160615e-01 6.9000000000e-01 
1.6558500175e-09 2.3190419147e+04 3.3876336017e-01 6.9000000000e-01 
1.2417269957e-09 1.1355209069e+04 9.1262030695e-01 6.9000000000e-01 
1.3261576581e-09 2.0215812289e+04 1.1886048845e+00 6.9000000000e-01 
2.6098136751e-06 2.1267304486e+04 1.0102436756e+00 6.9000000000e-01 
4.1570492293e-09 1.1909773503e+04 8.4317279112e-01 6.9000000000e-01 
4.2253256102e-11 1.1252253548e+04 1.5307090331e+00 6.9000000000e-01 
6.0556925593e-08 1.2266607877e+04 1.0115049896e+00 6.9000000000e-01 
7.8459618513e-11 2.1281086816e+04 8.3381004199e-01 6.9000000000e-01 
4.0084800565e-10 1.2718786703e+04 1.4490337646e+00 6.9000000000e-01 
1.5620397422e-11 1.8669809698e+04 1.2407390800e+00 6.9000000000e-01 
3.9740804151e-11 1.6212239169e+04 3.7504035321e-01 6.9000000000e-01 
2.3719792281e-10 1.1516463322e+04 4.0553599590e-01 6.9000000000e-01 
1.8673612359e-07 1.4908808507e+04 3.9240052817e-01 6.9000000000e-01 
4.9583740815e-06 1.7244180830e+04 2.9592823071e-01 6.9000000000e-01 
3.3325536460e-11 1.7198961730e+04 1.0320249461e+00 6.9000000000e-01 
9.7179130637e-08 1.4076853478e+04 9.1554414645e-01 6.9000000000e-01 
3.2146041237e-08 1.1561714710e+04 6.7217208192e-01 6.9000000000e-01 
1.9552443587e-11 1.2783384388e+04 7.5221818988e-01 6.9000000000e-01 
6.0591919944e-07 1.2359278577e+04 5.3873557525e-01 6.9000000000e-01 
1.1697923286e-09 1.2303467341e+04 6.0005983384e-01 6.9000000000e-01 
3.4708897957e-06 1.1529478847e+04 7.8142897603e-01 6.9000000000e-01 
8.9562446534e-09 2.5000000000e+04 1.5567468635e+00 6.9000000000e-01 
5.1584566150e-11 1.5985805124e+04 9.6591686889e-01 6.9000000000e-01 
6.3399775578e-08 1.1568806701e+04 1.2571719145e+00 6.9000000000e-01 
3.6287007259e-08 2.5000000000e+04 9.9807958422e-01 6.9000000000e-01 
1.0565123450e-07 1.2726421558e+04 7.1958844820e-01 6.9000000000e-01 
1.4301437690e-08 1.2852832605e+04 1.0352871242e+00 6.9000000000e-01 
2.2524827647e-07 1.2318614858e+04 5.1737211469e-01 6.9000000000e-01 
2.8236762067e-10 1.1510157501e+04 8.8625499022e-01 6.9000000000e-01 
3.6654771470e-08 1.3183736927e+04 4.7225185193e-01 6.9000000000e-01 
2.1639200237e-10 1.2028808309e+04 7.0612022343e-01 6.9000000000e-01 
1.5914869390e-09 1.4312201747e+04 2.4179385946e-01 6.9000000000e-01 
4.8709692743e-10 1.1773028352e+04 1.0016655185e+00 6.9000000000e-01 
2.6462986107e-09 1.5310300286e+04 5.5988070729e-01 6.9000000000e-01 
6.0706551827e-11 1.2418581548e+04 1.1397682891e+00 6.9000000000e-01 
6.3489937461e-09 1.1521809912e+04 7.2552387746e-01 6.9000000000e-01 
5.2381367625e-09 1.1434783138e+04 4.7101332641e-01 6.9000000000e-01 
1.4132811285e-07 1.1864234726e+04 1.1686699836e+00 6.9000000000e-01 
2.5963850436e-10 1.4513704695e+04 4.1005322934e-01 6.9000000000e-01 
4.8923263276e-10 1.1296416609e+04 2.7553353814e-01 6.9000000000e-01 
1.1983315111e-05 1.2669778470e+04 2.2639213394e-01 6.9000000000e-01 
8.0075654810e-09 1.4378743393e+04 1.1593760740e+00 6.9000000000e-01 
3.5209470309e-07 2.1795949364e+04 1.1539114863e+00 6.9000000000e-01 
3.0495633767e-10 2.0466133909e+04 2.8146188514e-01 6.9000000000e-01 
4.5490296054e-10 1.7217076375e+04 1.1548274833e+00 6.9000000000e-01 
2.7345108609e-09 1.2036652672e+04 7.9637845740e-01 6.9000000000e-01 
1.3150907592e-08 1.1550079548e+04 2.0713013838e-01 6.9000000000e-01 
5.2570194973e-07 2.4430998880e+04 1.3504569921e+00 6.9000000000e-01 
5.8905719626e-09 1.1359548059e+04 5.0276284042e-01 6.9000000000e-01 
9.8245700365e-10 1.3084282030e+04 1.3295169390e+00 6.9000000000e-01 
3.9784968998e-08 1.7484935807e+04 5.4478130776e-01 6.9000000000e-01 
3.1329459287e-10 1.3469823801e+04 6.8649273128e-01 6.9000000000e-01 
1.6208898805e-09 1.1912296794e+04 1.1643443056e+00 6.9000000000e-01 
5.3192397197e-08 1.1764940422e+04 2.0873924564e-01 6.9000000000e-01 
2.4314291095e-09 1.1307063922e+04 3.1133012148e-01 6.9000000000e-01 
1.2231599071e-08 2.0325102277e+04 7.9067738674e-01 6.9000000000e-01 
8.7236841337e-08 1.4669740653e+04 1.0546028994e+00 6.9000000000e-01 
5.1711341994e-10 1.4306285249e+04 7.1565659622e-01 6.9000000000e-01 
2.9852380912e-09 1.6982416376e+04 5.5366818164e-01 6.9000000000e-01 
1.6265871617e-07 1.1339603251e+04 1.0400069478e-01 6.9000000000e-01 
8.5991189923e-11 1.7920779064e+04 8.0121615208e-01 6.9000000000e-01 
4.0264788277e-09 1.4508062171e+04 5.1815840983e-01 6.9000000000e-01 
2.2064977445e-08 2.1050815817e+04 7.5551056552e-01 6.9000000000e-01 
5.7275947194e-10 1.2489012762e+04 7.3978459821e-01 6.9000000000e-01 
2.9441220138e-09 2.4641320250e+04 5.8352663333e-01 6.9000000000e-01 
8.0921847556e-10 1.1251568670e+04 1.0563996815e+00 6.9000000000e-01 
2.6832004354e-08 1.1685595295e+04 1.0306610430e+00 6.9000000000e-01 
1.8122417521e-09 2.5000000000e+04 8.6945150921e-01 6.9000000000e-01 
4.1090002104e-11 2.3874284479e+04 4.9480272425e-02 6.9000000000e-01 
4.8507423864e-08 1.1348689197e+04 8.8556326449e-01 6.9000000000e-01 
2.9193975689e-10 1.2651681289e+04 1.0181768748e+00 6.9000000000e-01 
4.4763593133e-07 1.5971666311e+04 4.3247179091e-01 6.9000000000e-01 
6.6671520809e-07 1.1960676344e+04 6.3404341285e-01 6.9000000000e-01 
9.1202019801e-10 1.1524680333e+04 1.1682749458e+00 6.9000000000e-01 
2.0754810248e-08 1.4289673259e+04 2.8008576860e-01 6.9000000000e-01 
2.6155426536e-11 1.4329625208e+04 1.3674816928e+00 6.9000000000e-01 
2.2534358628e-08 1.2480991698e+04 4.0027441437e-01 6.9000000000e-01 
1.4350312616e-09 1.3126258659e+04 8.0816779100e-01 6.9000000000e-01 
3.5746768994e-10 1.1994440051e+04 7.8766480698e-01 6.9000000000e-01 
1.4188797276e-07 1.1617068332e+04 1.6542412318e-01 6.9000000000e-01 
1.4950672807e-08 2.0194672680e+04 9.9603681280e-01 6.9000000000e-01 
1.1329371782e-10 1.2017800204e+04 2.7865229168e-01 6.9000000000e-01 
2.8294724134e-09 1.2288180075e+04 1.2517345285e+00 6.9000000000e-01 
1.8332608967e-10 1.1276463169e+04 3.8575799618e-01 6.9000000000e-01 
1.8211870853e-07 1.5886458326e+04 1.0000202125e+00 6.9000000000e-01 
1.5250739563e-08 1.1808642542e+04 8.2074170103e-01 6.9000000000e-01 
4.2749131499e-11 1.3173681528e+04 1.4286967243e-01 6.9000000000e-01 
2.2160846839e-08 1.2624889687e+04 5.0401391055e-01 6.9000000000e-01 
3.6924789097e-09 1.5991394439e+04 6.1478874423e-01 6.9000000000e-01 
1.3637146526e-11 1.2540623900e+04 5.5643419519e-01 6.9000000000e-01 
2.8730020959e-06 1.3902486120e+04 5.4387798350e-01 6.9000000000e-01 
2.2165507846e-05 1.1407050445e+04 3.9648780188e-01 6.9000000000e-01 
7.1099973127e-07 1.2098740135e+04 1.3767946866e+00 6.9000000000e-01 
5.2751670475e-11 1.3224273981e+04 7.0818710635e-01 6.9000000000e-01 
1.5935531923e-09 1.5928737014e+04 1.2142692340e+00 6.9000000000e-01 
6.9737283901e-11 1.2025616435e+04 8.2837587659e-01 6.9000000000e-01 
2.8892280868e-09 1.3855171259e+04 8.2192580676e-01 6.9000000000e-01 
2.1788126015e-05 1.2472316347e+04 1.2766255480e+00 6.9000000000e-01 
2.2564310496e-08 1.5315276413e+04 8.0766564654e-01 6.9000000000e-01 
3.9836880527e-09 1.7504385403e+04 8.5533836628e-01 6.9000000000e-01 
2.1734731153e-08 1.5068384860e+04 7.7510913998e-02 6.9000000000e-01 
9.3469260160e-09 1.1436729416e+04 1.1098663129e-01 6.9000000000e-01 
9.6548847787e-09 1.2224034192e+04 1.3251347387e+00 6.9000000000e-01 
4.8095478334e-09 2.5000000000e+04 6.5972068382e-01 6.9000000000e-01 
2.8105133974e-07 2.1082279560e+04 1.1442843441e+00 6.9000000000e-01 
8.5489887115e-06 1.2684330276e+04 4.3373858294e-01 6.9000000000e-01 
2.0006524171e-07 1.1741348736e+04 2.7011810722e-01 6.9000000000e-01 
9.5685118943e-07 1.2644985329e+04 2.7693336821e-01 6.9000000000e-01 
4.4380870453e-12 1.5101606563e+04 3.4428042469e-01 6.9000000000e-01 
6.9260006475e-09 1.2672652098e+04 1.0768102192e+00 6.9000000000e-01 
7.9002892747e-10 1.6228196854e+04 1.2330540856e+00 6.9000000000e-01 
1.1183168932e-11 1.1433855341e+04 6.7908051808e-01 6.9000000000e-01 
1.7073457351e-10 1.4611149812e+04 5.4407570727e-01 6.9000000000e-01 
1.8952261031e-11 1.4237029285e+04 9.5538748373e-01 6.9000000000e-01 
1.9228408792e-08 1.3052305010e+04 4.1687451863e-01 6.9000000000e-01 
1.3402457270e-11 1.6477835180e+04 9.1339837045e-01 6.9000000000e-01 
1.4584453046e-08 2.0099191443e+04 4.2687342255e-01 6.9000000000e-01 
3.6101855069e-08 1.9785164287e+04 5.1465767182e-01 6.9000000000e-01 
1.2782439048e-08 1.2603695839e+04 5.7781063690e-01 6.9000000000e-01 
1.9237951548e-07 1.1228426519e+04 1.0277729827e+00 6.9000000000e-01 
3.8504149998e-08 1.3328973395e+04 8.1823332224e-01 6.9000000000e-01 
5.8042131986e-09 1.1216580502e+04 3.6278422116e-01 6.9000000000e-01 
3.4040081767e-08 1.1954722218e+04 2.4434700628e-01 6.9000000000e-01 
6.6815988007e-11 1.2196350144e+04 5.7335530484e-01 6.9000000000e-01 
6.1837444490e-07 1.6484610711e+04 9.2080736247e-01 6.9000000000e-01 
1.8967052584e-07 1.2183452526e+04 5.4974496881e-01 6.9000000000e-01 
1.9594008089e-08 1.3054587817e+04 8.4615976190e-01 6.9000000000e-01 
1.0123549321e-08 1.4656446864e+04 7.6234354342e-01 6.9000000000e-01 
2.7483084299e-09 1.1331260655e+04 7.0120721202e-01 6.9000000000e-01 
1.2788325785e-07 1.2801163289e+04 2.6714239645e-01 6.9000000000e-01 
1.7539233216e-05 1.3144763990e+04 7.6388703575e-01 6.9000000000e-01 
3.1425194115e-09 2.1688753571e+04 1.9135736809e-01 6.9000000000e-01 
2.2823237542e-08 1.1301365569e+04 1.3565724565e+00 6.9000000000e-01 
3.5735535307e-07 1.3008234975e+04 7.5950020590e-01 6.9000000000e-01 
2.7652297656e-09 1.7152869436e+04 1.4393587752e+00 6.9000000000e-01 
1.3802304992e-09 1.1294409545e+04 6.4740123725e-01 6.9000000000e-01 
4.8848798463e-08 1.1836819292e+04 8.2505533150e-01 6.9000000000e-01 
2.2347332254e-09 1.3568277771e+04 5.5801029143e-01 6.9000000000e-01 
7.9833340000e-11 1.1364515712e+04 4.4040396963e-01 6.9000000000e-01 
3.4666046887e-09 1.1677492615e+04 5.6900028390e-01 6.9000000000e-01 
1.7010561029e-09 1.1245948108e+04 5.5445424880e-01 6.9000000000e-01 
1.6014443523e-07 1.9707221599e+04 4.8266648816e-01 6.9000000000e-01 
1.9890326401e-07 1.9052749063e+04 3.0590341341e-01 6.9000000000e-01 
1.4550254379e-10 1.1579455078e+04 8.2421378359e-01 6.9000000000e-01 
5.4593476659e-09 1.3770023035e+04 1.1249369973e+00 6.9000000000e-01 
1.3287284214e-09 1.1745111789e+04 1.0033431094e+00 6.9000000000e-01 
1.3278985179e-09 1.2126450890e+04 6.9130070836e-01 6.9000000000e-01 
3.4863491408e-08 1.2246720564e+04 7.8038679926e-01 6.9000000000e-01 
2.4486851921e-09 1.3486126424e+04 1.0163423427e+00 6.9000000000e-01 
2.0054884628e-10 1.2150853504e+04 3.2322763514e-01 6.9000000000e-01 
1.5494544584e-06 1.3145125089e+04 3.3411988845e-01 6.9000000000e-01 
9.8211200145e-10 1.2303059105e+04 9.6139784134e-01 6.9000000000e-01 
6.1585751574e-11 1.3616553355e+04 6.6219834395e-01 6.9000000000e-01 
4.4404588842e-09 1.3598554151e+04 3.5588638751e-01 6.9000000000e-01 
3.7638216579e-10 1.2910983961e+04 4.3393734167e-01 6.9000000000e-01 
2.2276625148e-11 1.2665306191e+04 4.1605490395e-01 6.9000000000e-01 
5.1976967687e-10 1.3196976356e+04 5.6498940912e-02 6.9000000000e-01 
3.7920804630e-12 1.1936074190e+04 1.4149265711e+00 6.9000000000e-01 
2.2579577084e-06 1.1805480823e+04 1.2089468589e+00 6.9000000000e-01 
5.7879455708e-06 1.5662349621e+04 9.6254569435e-01 6.9000000000e-01 
4.3780512765e-08 1.3408378619e+04 8.5964803791e-01 6.9000000000e-01 
2.4258582060e-10 1.2185730793e+04 3.3230391127e-01 6.9000000000e-01 
2.9316505287e-09 1.1821282705e+04 6.9447962610e-01 6.9000000000e-01 
5.1678726826e-09 1.2158667689e+04 8.4098839959e-01 6.9000000000e-01 
4.8806725673e-09 1.3675335264e+04 8.4642360316e-01 6.9000000000e-01 
7.1331939834e-09 1.1948713854e+04 8.5622665196e-01 6.9000000000e-01 
5.2994883543e-11 1.1805278774e+04 9.9083917985e-01 6.9000000000e-01 
2.9599098062e-09 1.1816444489e+04 7.0613702629e-01 6.9000000000e-01 
1.1663513928e-05 1.1628662844e+04 9.3889296524e-01 6.9000000000e-01 
5.2024869618e-09 1.3266289755e+04 3.5380965943e-01 6.9000000000e-01 
6.1082312092e-10 1.2786849018e+04 1.2310465657e+00 6.9000000000e-01 
2.9196382523e-09 1.7168007776e+04 3.9695403052e-01 6.9000000000e-01 
2.6379360790e-11 1.3412681237e+04 6.9470252676e-01 6.9000000000e-01 
8.5556073874e-10 1.2201826673e+04 5.9466210097e-01 6.9000000000e-01 
1.3431329452e-09 2.0569895177e+04 4.2491782385e-01 6.9000000000e-01 
1.7800994940e-06 1.3374616648e+04 7.8517771561e-01 6.9000000000e-01 
8.9702546242e-11 1.4734152008e+04 5.4302751670e-01 6.9000000000e-01 
2.5095197302e-11 1.2455233930e+04 1.0877726700e+00 6.9000000000e-01 
2.3537781600e-09 1.1267098705e+04 7.5504807831e-01 6.9000000000e-01 
1.5206905928e-09 1.2390442843e+04 6.4640316327e-01 6.9000000000e-01 
1.2501553911e-10 1.1580023789e+04 7.9381667432e-01 6.9000000000e-01 
2.0652366709e-09 1.1865614837e+04 9.5168178559e-01 6.9000000000e-01 
4.1177932146e-09 1.7581269401e+04 9.1046584183e-01 6.9000000000e-01 
1.7479509731e-08 1.1206564529e+04 8.0403661705e-01 6.9000000000e-01 
5.1904987702e-10 1.7256082283e+04 7.7324656448e-01 6.9000000000e-01 
