Radius [m]       Fe Area [frac]    Max Temp [k]    
1.9465282428e-05 1.0000000000e+00 1.7803743470e+03 
2.9680608703e-05 2.9683054238e-01 2.4970464073e+03 
2.4014278152e-04 0.0000000000e+00 2.6381109512e+03 
7.0688201927e-06 3.1103531819e-01 2.3900048639e+03 
4.6058414487e-05 2.4919346497e-01 2.4273487700e+03 
4.1996530658e-05 0.0000000000e+00 2.3003271957e+03 
7.2206387750e-06 3.1974388161e-01 2.4480945204e+03 
9.3493814117e-05 0.0000000000e+00 2.4715080762e+03 
8.3979085613e-05 1.6462628724e-01 2.5308451040e+03 
3.2746066352e-05 1.0000000000e+00 9.3552574348e+02 
6.0163641910e-05 0.0000000000e+00 2.4399501541e+03 
9.4859713383e-05 9.2742554638e-02 2.5211240934e+03 
1.5895276627e-05 2.6786058668e-01 2.5506824735e+03 
1.4781983302e-05 1.0000000000e+00 1.5158217929e+03 
1.7364652496e-05 1.0000000000e+00 1.7696006524e+03 
1.6650342633e-04 0.0000000000e+00 2.3683685903e+03 
9.6884102241e-06 2.3698890939e-01 2.8379739999e+03 
6.4803224415e-05 1.4063149342e-01 2.6717210628e+03 
7.8402918283e-06 3.1015756607e-01 2.3881461618e+03 
3.1404759463e-05 0.0000000000e+00 2.1638540492e+03 
9.0359539593e-06 1.0000000000e+00 1.6781509682e+03 
5.1307248168e-05 1.1370616943e-01 2.0412491141e+03 
8.7613849291e-05 0.0000000000e+00 2.3329130904e+03 
2.1967438048e-04 0.0000000000e+00 2.4393175823e+03 
6.9695308827e-06 1.0000000000e+00 9.5500792813e+02 
1.7671370577e-04 0.0000000000e+00 2.6781448133e+03 
6.8594944499e-05 0.0000000000e+00 2.2642752261e+03 
6.9141366325e-05 0.0000000000e+00 2.2818359519e+03 
3.9882376474e-05 2.3469030895e-01 1.9481705640e+03 
1.8444733360e-05 0.0000000000e+00 2.2581848350e+03 
1.1020420092e-04 1.3703361392e-01 2.5074160059e+03 
9.7312564730e-05 1.0332114451e-01 2.4972280885e+03 
2.0989446870e-05 2.6781911552e-01 2.4881668651e+03 
3.3664277116e-05 0.0000000000e+00 2.3787357082e+03 
5.4098788047e-05 0.0000000000e+00 2.2631778128e+03 
6.3718994494e-06 3.1850146892e-01 2.4300112880e+03 
1.2255328239e-05 2.8113467710e-01 2.7104215318e+03 
1.2515926252e-04 8.3224916587e-03 2.5750181224e+03 
4.2141897457e-05 2.1271518062e-01 2.4212327095e+03 
8.2311264283e-05 9.6283655296e-02 2.5723819720e+03 
5.5296632537e-06 1.0000000000e+00 1.2620066460e+03 
1.4973338608e-04 0.0000000000e+00 2.8105985225e+03 
2.6892489426e-04 8.3473122111e-02 2.5892015723e+03 
1.0919534609e-05 1.0000000000e+00 1.5569990763e+03 
9.6917460768e-06 3.0210610380e-01 2.5819865668e+03 
1.9076572817e-05 3.2883907163e-01 1.8832622495e+03 
2.5715631058e-04 0.0000000000e+00 2.7079855565e+03 
4.5591588045e-04 1.0000000000e+00 1.0009326938e+03 
1.3843033886e-04 3.4345634346e-02 2.6236508554e+03 
2.2369767526e-05 3.7443916184e-01 1.8579654503e+03 
3.9810808348e-05 1.3033099502e-01 2.0290327997e+03 
4.8711998776e-05 2.3974000832e-01 2.4985030461e+03 
9.3857377232e-05 5.1920737234e-02 2.7404856237e+03 
3.5559436145e-05 0.0000000000e+00 2.2337891938e+03 
1.1229347141e-04 0.0000000000e+00 2.4107718400e+03 
2.8849962052e-05 2.0616198482e-01 2.4487444103e+03 
1.6259846674e-04 2.8257305371e-02 2.1063639619e+03 
1.2165934586e-04 1.0607200679e-01 2.5168670387e+03 
4.0596595815e-05 0.0000000000e+00 2.1764457743e+03 
1.3112545593e-04 0.0000000000e+00 2.5866069765e+03 
8.9350382267e-05 1.3551362410e-01 2.5543939922e+03 
4.2890537453e-05 1.9108518273e-01 2.4482029877e+03 
1.5479072991e-05 4.9698223486e-01 1.8205689131e+03 
6.6735646109e-06 1.0000000000e+00 1.4643276851e+03 
1.0316626741e-04 1.6811817217e-01 2.5207381506e+03 
1.7496650390e-04 6.8161811175e-02 2.5762508586e+03 
6.2402818590e-06 1.0000000000e+00 1.4467662522e+03 
1.9608427296e-05 3.4199851965e-01 1.8759707303e+03 
1.9674471553e-05 2.4383254863e-01 1.9421464247e+03 
1.8186480257e-04 1.2065425767e-01 2.6095723852e+03 
1.1064726482e-04 9.5224843724e-02 2.5862000286e+03 
1.1248469475e-04 5.7534102482e-02 2.5949780930e+03 
4.5400703104e-05 0.0000000000e+00 2.1589405825e+03 
4.0897725365e-05 0.0000000000e+00 2.1551672469e+03 
1.6392176598e-05 1.4873434174e-01 2.0135862939e+03 
2.0942243819e-05 1.0000000000e+00 1.8006562302e+03 
1.5949634103e-04 1.1209537273e-01 2.5664447924e+03 
1.5303269307e-05 0.0000000000e+00 2.1752122572e+03 
1.2407023105e-05 2.7201661579e-01 2.3694900664e+03 
1.1012382734e-04 0.0000000000e+00 2.2430283695e+03 
1.1212525036e-04 2.4155663916e-02 2.5536589625e+03 
2.0744434213e-04 5.7923914437e-02 2.6312919137e+03 
2.6847728027e-05 1.0000000000e+00 1.7822119289e+03 
1.8149079054e-05 2.6934176867e-01 2.3535086436e+03 
5.0493708707e-06 1.0000000000e+00 1.3798345114e+03 
1.5384972076e-04 7.2912754503e-02 2.5741621683e+03 
1.1489091203e-04 7.6431579618e-02 2.5320203204e+03 
4.8640168188e-05 0.0000000000e+00 2.3289613033e+03 
1.0145326655e-04 2.3416971439e-01 2.3809240748e+03 
1.1358142730e-05 4.3536914362e-01 1.8336219085e+03 
6.8220479290e-05 0.0000000000e+00 2.3532090586e+03 
2.5632349971e-04 0.0000000000e+00 2.6784100557e+03 
1.5162787699e-04 0.0000000000e+00 2.3551036773e+03 
2.1560869808e-04 0.0000000000e+00 2.6647614440e+03 
7.9188026397e-05 0.0000000000e+00 2.4096976527e+03 
7.8955781771e-05 0.0000000000e+00 2.3523504962e+03 
-1.0000000000e+00 -1.0000000000e+00 -1.0000000000e+00 
2.2158192680e-05 1.0000000000e+00 3.0000000000e+02 
3.6151037316e-05 3.3307224467e-02 2.0880828657e+03 
6.7332209065e-06 1.0000000000e+00 1.4049759291e+03 
1.9407303678e-05 3.6479468363e-01 1.8642014643e+03 
8.0332024196e-05 0.0000000000e+00 2.4374874381e+03 
9.5829424259e-05 0.0000000000e+00 2.3603141871e+03 
8.9280540808e-05 1.1072878302e-01 2.5968843932e+03 
8.1986323219e-05 8.9012027481e-02 2.5103690538e+03 
2.8301948940e-05 0.0000000000e+00 2.1020249419e+03 
8.9620099106e-05 9.7539477934e-02 2.6082969065e+03 
2.7133058317e-05 1.7205426355e-01 1.9947148379e+03 
1.2396333673e-04 0.0000000000e+00 2.5722407589e+03 
2.1558798486e-05 1.5290643128e-01 2.0130437774e+03 
8.4606425715e-05 1.4593232682e-01 2.5771672582e+03 
1.2067392176e-05 1.0000000000e+00 1.4663633302e+03 
5.7921401342e-05 2.1945797176e-01 2.4306869844e+03 
2.3978129239e-05 1.0000000000e+00 1.1404433842e+03 
5.4442549723e-05 1.8150032431e-01 2.5636902719e+03 
2.5411109474e-05 1.0000000000e+00 8.2249567778e+02 
4.0392202334e-05 1.0347339092e-01 2.4214406129e+03 
2.1267545732e-05 1.8787479946e-01 1.9856534562e+03 
1.3254961209e-05 3.9046410850e-01 1.8510564188e+03 
1.5493033919e-05 3.2917858333e-01 1.8852650249e+03 
1.0343751809e-04 1.9303005381e-01 2.4936021467e+03 
1.4894217441e-04 6.3918253849e-02 2.5623587619e+03 
1.4503817624e-05 1.0000000000e+00 1.5951504178e+03 
5.8169415252e-06 1.0000000000e+00 1.2034220879e+03 
4.5883621657e-05 3.0005372955e-01 1.9023930111e+03 
3.4286153451e-05 0.0000000000e+00 2.2547150555e+03 
1.6965307110e-05 7.6792724521e-02 2.3188543287e+03 
2.1373683644e-05 1.0000000000e+00 1.5263223299e+03 
1.6976840442e-05 1.0000000000e+00 1.7657672405e+03 
2.0768015374e-06 1.0000000000e+00 1.1482840498e+03 
8.3055614128e-06 3.0059761152e-01 2.4044389522e+03 
2.2175662265e-05 0.0000000000e+00 2.2103698495e+03 
2.6976302985e-05 1.0000000000e+00 1.4167601731e+03 
4.2093774448e-05 0.0000000000e+00 2.1917078628e+03 
2.8556731254e-05 2.3551671116e-01 2.3857303751e+03 
3.7163376827e-05 1.3935442320e-01 2.3413636726e+03 
2.3857227399e-05 3.8956865738e-01 1.8510158964e+03 
1.3391636287e-05 1.4139317927e-01 2.0194352333e+03 
2.4175635029e-05 0.0000000000e+00 2.1616178980e+03 
1.8466758222e-04 8.6408363994e-02 2.6057774915e+03 
1.7789938014e-05 2.2163104266e-01 2.7855179355e+03 
1.1281778751e-05 2.8629325382e-01 2.4696117382e+03 
7.5533033945e-06 1.0000000000e+00 1.3667385731e+03 
4.9225009301e-05 0.0000000000e+00 2.3407379017e+03 
4.6925346745e-05 1.7628093720e-01 2.4668700035e+03 
1.4589846600e-05 2.8429778507e-01 2.3582754783e+03 
6.2274019850e-06 1.0000000000e+00 1.7141250401e+03 
1.2128800035e-04 3.1486773948e-02 2.6614499016e+03 
7.0777309198e-05 0.0000000000e+00 2.3937173375e+03 
4.1303343708e-05 1.7920122665e-01 2.4863343965e+03 
7.2979038989e-05 8.6276543250e-02 2.5093332546e+03 
1.6031457978e-05 1.0000000000e+00 1.7037381123e+03 
1.6162547280e-04 1.0000000000e+00 1.4984412824e+03 
4.9085024466e-06 1.0000000000e+00 1.3696237285e+03 
2.2121734610e-04 0.0000000000e+00 2.2275836412e+03 
2.8230434753e-05 2.2013500807e-01 2.4780450162e+03 
1.1127765756e-05 1.0000000000e+00 1.6502835855e+03 
3.4626721812e-05 2.0363040151e-01 2.4451431297e+03 
3.4138810261e-05 0.0000000000e+00 2.1757912413e+03 
9.8308252598e-05 3.8930969522e-01 1.8512942911e+03 
8.9610058282e-05 1.0389942354e-01 2.5059506446e+03 
1.4158548597e-05 1.0000000000e+00 1.2543924066e+03 
7.2018178990e-05 1.5637888879e-01 2.4634974851e+03 
6.1884106637e-05 1.6769966076e-01 2.5104483478e+03 
1.6606174098e-05 3.8852115853e-01 1.8525640378e+03 
7.0755799853e-05 1.6269161292e-01 2.5375718166e+03 
4.7540267103e-05 7.9491696673e-02 2.0643904554e+03 
6.1218861258e-05 1.4275979334e-01 2.5088026108e+03 
3.5174736890e-05 2.0151879147e-01 2.4436182190e+03 
4.0663389845e-05 0.0000000000e+00 2.3373058205e+03 
1.2144866802e-04 6.3408722581e-02 2.5126547773e+03 
1.8246462174e-05 0.0000000000e+00 2.1518932388e+03 
5.0049562213e-05 0.0000000000e+00 2.3437826896e+03 
1.2445862882e-05 1.0000000000e+00 1.4127214400e+03 
8.7851424213e-06 3.0050764805e-01 2.6051648032e+03 
2.8693508460e-05 0.0000000000e+00 2.2776221982e+03 
1.3012068792e-04 1.8474906875e-01 2.4431490653e+03 
2.2293004615e-05 1.5982939496e-01 2.0055143790e+03 
1.5718938903e-05 0.0000000000e+00 2.1244037853e+03 
7.3906219962e-06 3.1798807391e-01 2.4221531873e+03 
1.4265245098e-04 0.0000000000e+00 2.7277347377e+03 
5.0599207956e-05 0.0000000000e+00 2.2196537724e+03 
2.7613650732e-05 3.7939712415e-02 2.0873826649e+03 
1.0881809374e-04 1.0000000000e+00 3.1820917029e+02 
2.9501189666e-05 2.2795381851e-01 2.5278217191e+03 
9.4430987529e-06 1.0000000000e+00 1.7188095871e+03 
8.6977271421e-06 3.1758875442e-01 2.4741417798e+03 
2.3691994193e-04 0.0000000000e+00 2.8022573256e+03 
1.8098546720e-05 2.2597226773e-01 2.4150788417e+03 
7.7251704291e-05 9.0637680107e-02 2.5359810168e+03 
7.9862650865e-06 1.0000000000e+00 1.7011979728e+03 
3.3177642871e-05 1.0000000000e+00 1.7135636094e+03 
1.6718240983e-04 0.0000000000e+00 2.6469631779e+03 
7.9164243758e-05 0.0000000000e+00 2.4780315134e+03 
3.3092004908e-05 1.6976355398e-01 2.4221372221e+03 
1.2319355971e-05 1.0000000000e+00 1.4684203929e+03 
1.0928236327e-04 4.8445009127e-02 2.6050090393e+03 
8.9380771132e-06 3.0525809453e-01 2.3738062288e+03 
1.2349353026e-05 2.2688650649e-01 2.8574967380e+03 
7.2329544754e-06 0.0000000000e+00 2.1389080449e+03 
5.4582935077e-05 5.8069522176e-02 2.4639073833e+03 
8.5637626304e-05 0.0000000000e+00 2.4348866687e+03 
3.1817498396e-05 2.8990475749e-01 1.9091834317e+03 
2.6859062360e-05 2.4824108396e-01 1.9383679886e+03 
3.4554162259e-05 0.0000000000e+00 2.1452270389e+03 
3.2301548620e-05 2.0337962262e-01 2.4513520317e+03 
1.8361357765e-04 0.0000000000e+00 2.5893724149e+03 
3.4522329877e-05 0.0000000000e+00 2.2707393489e+03 
7.9383022007e-05 4.7718208969e-02 2.4858521290e+03 
1.6239372120e-05 0.0000000000e+00 2.1906532468e+03 
1.3840526903e-04 1.0000000000e+00 1.3094136872e+03 
1.0995115281e-05 1.0000000000e+00 1.7463357119e+03 
1.7220175730e-04 0.0000000000e+00 2.3972829580e+03 
2.8081706983e-05 2.1599076280e-01 1.9642895783e+03 
7.5914927889e-05 0.0000000000e+00 2.3083421212e+03 
7.9064094528e-06 1.0000000000e+00 1.5674043150e+03 
7.1679005169e-06 2.9751139827e-01 2.6468008360e+03 
9.6769662577e-05 0.0000000000e+00 2.2689247350e+03 
4.0918691613e-06 1.0000000000e+00 1.2961422790e+03 
3.8652863945e-05 0.0000000000e+00 2.2647378338e+03 
1.1859044624e-05 1.0000000000e+00 1.6418045554e+03 
2.0132561768e-04 0.0000000000e+00 2.6665621906e+03 
2.8856049176e-05 9.2232776174e-02 2.0559605094e+03 
2.0648627805e-05 0.0000000000e+00 2.2015113197e+03 
4.2600434752e-05 0.0000000000e+00 2.1746060089e+03 
9.6522930111e-06 3.0799946046e-01 2.3809896830e+03 
1.1761270302e-04 2.5850827605e-02 2.4864706055e+03 
2.2873626622e-05 6.6962770368e-02 2.0717645400e+03 
6.9496798493e-05 9.0955847261e-02 2.0576424085e+03 
3.3837327368e-05 2.2244252684e-01 1.9595415587e+03 
6.0926504986e-05 0.0000000000e+00 2.4402960348e+03 
8.6740352157e-06 2.9371154040e-01 2.3662223453e+03 
2.5275918339e-05 2.4259109248e-01 1.9440912205e+03 
1.4497137269e-04 9.1263423304e-02 2.6170149155e+03 
2.6445614753e-05 2.5636874265e-01 1.9335742744e+03 
1.2477162959e-05 1.0000000000e+00 1.7310335867e+03 
8.6551507821e-06 3.1786264877e-01 2.4717478418e+03 
8.4800239756e-06 3.1882661365e-01 2.4367087863e+03 
5.0625759788e-05 0.0000000000e+00 2.2489077758e+03 
1.7663929195e-05 3.1826600356e-01 2.4167407126e+03 
8.8135168147e-06 3.0503805121e-01 2.5348214141e+03 
3.5839516197e-05 2.5562325244e-01 1.9341281948e+03 
1.7399949198e-05 1.0000000000e+00 1.7698222878e+03 
8.7851401506e-06 3.1257717826e-01 2.3946930456e+03 
7.8442009732e-05 0.0000000000e+00 2.4705879256e+03 
1.2737773942e-05 1.0000000000e+00 1.6839293260e+03 
7.8273648851e-05 7.3806328245e-02 2.5138232747e+03 
1.5747891399e-04 0.0000000000e+00 2.2214965478e+03 
7.5031660396e-05 1.3811883880e-01 2.5686273062e+03 
1.0847567699e-05 1.0000000000e+00 1.7579133699e+03 
2.3468284203e-05 2.3511762823e-01 1.9492594479e+03 
1.5880683752e-05 2.4076808725e-01 2.8346714664e+03 
5.8372754364e-05 0.0000000000e+00 2.3806422355e+03 
1.8783224988e-05 1.0000000000e+00 1.6811874124e+03 
8.8917966463e-06 3.1727865668e-01 2.4806507454e+03 
2.6312068103e-05 8.3506289774e-02 2.0629188796e+03 
5.7424352367e-05 1.1040892322e-01 2.4930861981e+03 
1.9484368824e-04 0.0000000000e+00 2.7038843179e+03 
3.0153986312e-05 2.1551600723e-01 2.5087502602e+03 
5.5586937394e-05 1.0000000000e+00 1.7825198130e+03 
1.3079687592e-05 0.0000000000e+00 2.2421694866e+03 
4.2737014516e-05 0.0000000000e+00 2.4016266404e+03 
6.8217708230e-05 0.0000000000e+00 2.3985662916e+03 
5.5976701338e-04 1.1775703175e-01 2.4943915171e+03 
6.8407205042e-05 1.4243062546e-01 2.4967656562e+03 
2.1174073106e-04 0.0000000000e+00 2.6215056697e+03 
4.5273225292e-05 0.0000000000e+00 2.3039570247e+03 
3.2667779038e-05 1.9789408179e-01 2.4479166050e+03 
1.1000339251e-04 0.0000000000e+00 2.4586487575e+03 
7.9807674083e-05 0.0000000000e+00 2.2824366175e+03 
8.8601315370e-05 1.0933076042e-01 2.5538475346e+03 
7.7308490131e-05 2.4833421399e-01 1.9573034356e+03 
1.0714812328e-05 1.0000000000e+00 1.7229759796e+03 
5.2673174936e-05 1.6688436025e-01 2.5428570766e+03 
1.0685833595e-05 2.4450949212e-01 2.8217077021e+03 
4.4946261838e-05 2.2704449880e-01 2.5981412580e+03 
3.0513211797e-05 2.1254422028e-01 2.5584175034e+03 
1.3472142662e-05 2.9352652797e-01 2.4141115348e+03 
1.2191514248e-04 1.0000000000e+00 3.0000000000e+02 
3.7765237430e-05 0.0000000000e+00 2.1137661955e+03 
4.7113585795e-05 0.0000000000e+00 2.2485034105e+03 
5.6911647375e-05 2.1917019074e-01 2.4323183886e+03 
1.3436309100e-04 2.3894285570e-01 2.4726741536e+03 
1.1078756519e-05 3.1501576154e-01 2.4967707746e+03 
6.8048951746e-06 3.0448663937e-01 2.6099955905e+03 
3.5978164563e-04 0.0000000000e+00 2.6978982017e+03 
8.1482174673e-05 1.7787891850e-01 2.5001206067e+03 
3.4571323331e-05 3.4393528831e-01 1.8763984920e+03 
1.4231333897e-05 1.0000000000e+00 1.7622844010e+03 
2.1200818898e-04 0.0000000000e+00 2.7138862012e+03 
1.5274807416e-04 1.7813352398e-02 2.5837667545e+03 
1.0420033024e-04 3.1900804111e-02 2.5207237847e+03 
2.3180528830e-05 2.5632670891e-01 2.4755595335e+03 
1.5360730873e-05 2.3164429936e-01 1.9482208658e+03 
8.2000411971e-05 0.0000000000e+00 2.3877498683e+03 
2.8869368181e-05 2.1706670897e-01 2.5800240054e+03 
2.0413986024e-05 1.5024502160e-01 2.0145201334e+03 
1.2403746020e-05 2.5702732417e-01 2.3354469088e+03 
1.0312009890e-04 6.1077329679e-02 2.5801664412e+03 
1.6854042230e-05 2.8128582162e-01 2.3890823290e+03 
2.4145869226e-05 2.3227346236e-01 1.9514212598e+03 
7.7077461338e-06 3.0202132176e-01 2.3678599954e+03 
1.2798483162e-05 2.8916416248e-01 2.3983742487e+03 
1.6776568146e-04 5.4811043220e-02 2.6195494205e+03 
1.4386929004e-05 3.0738932106e-01 2.3786150405e+03 
1.8181680615e-05 1.0000000000e+00 1.3677276789e+03 
1.9956558229e-05 2.4237006759e-01 2.4106118149e+03 
5.2437743408e-05 0.0000000000e+00 2.3004931982e+03 
4.3585112421e-05 1.8804024730e-01 2.4602758872e+03 
-1.0000000000e+00 -1.0000000000e+00 -1.0000000000e+00 
6.1752026664e-05 1.4408488867e-01 2.5160377458e+03 
2.6627823871e-05 2.2806647505e-01 1.9547802414e+03 
1.1534605193e-05 1.0000000000e+00 1.3739513485e+03 
2.2208164981e-05 2.7034493872e-01 2.4773931108e+03 
1.0408470394e-05 1.0000000000e+00 1.7677916983e+03 
8.2066459726e-06 2.8011050024e-01 2.7303810076e+03 
6.7879738823e-06 3.1835614286e-01 2.4227524573e+03 
7.7457001859e-06 1.0000000000e+00 1.2363340111e+03 
5.6556280712e-05 1.3459060491e-01 2.4922039624e+03 
1.3751061281e-04 9.4259880962e-02 2.6068678827e+03 
4.2279803669e-05 0.0000000000e+00 2.2903908646e+03 
8.0879291138e-05 1.4797041145e-01 2.5521695080e+03 
1.2967626862e-05 2.7971143252e-01 2.4813247720e+03 
2.5938944805e-05 2.5281869982e-01 2.4908695868e+03 
8.3272290294e-06 1.0000000000e+00 1.3823072079e+03 
8.8609527097e-05 1.0000000000e+00 1.4261180837e+03 
1.2884775614e-04 1.1127919683e-02 2.7033834632e+03 
3.6043955804e-05 2.6298966807e-01 2.3715447878e+03 
6.4196018655e-05 1.2850181443e-01 2.5273621467e+03 
7.0386303526e-05 0.0000000000e+00 2.2186965204e+03 
1.3069237309e-05 1.4578527375e-01 2.0135672501e+03 
3.6543163320e-04 2.7279416819e-02 2.5343614911e+03 
9.8178488721e-06 1.0000000000e+00 1.7973541430e+03 
5.7650528779e-05 9.3119543738e-02 2.4743047716e+03 
1.8046113970e-05 9.8945734797e-02 2.0500618763e+03 
7.2671539729e-05 1.4266046902e-01 2.4285226456e+03 
4.7232294122e-05 1.6621588056e-01 2.5214026747e+03 
2.5329860768e-05 1.3199768506e-01 2.3869253496e+03 
5.9518990109e-06 1.0000000000e+00 1.2634619225e+03 
3.5276842295e-05 3.4495718043e-01 1.8751180406e+03 
1.3025727955e-05 1.0000000000e+00 1.5732474116e+03 
7.5499014832e-06 1.0000000000e+00 1.5915245143e+03 
1.1953914274e-04 0.0000000000e+00 2.4906282865e+03 
1.8500450679e-05 2.5900578285e-01 2.3908106667e+03 
2.0194943124e-05 3.6386116343e-01 1.8645183445e+03 
6.7186730086e-05 0.0000000000e+00 2.3357756416e+03 
1.1399294828e-04 7.4452430031e-02 2.0667218727e+03 
2.8543737697e-05 1.6903622471e-01 2.0015694261e+03 
5.1012676784e-05 0.0000000000e+00 2.1520066340e+03 
9.3340756805e-06 2.9930081322e-01 2.3621793379e+03 
1.4131270439e-05 1.0000000000e+00 3.1152967360e+02 
5.1069218460e-05 0.0000000000e+00 2.2398377422e+03 
1.7332861947e-05 1.0000000000e+00 1.2250313192e+03 
3.2117028499e-05 2.1571387730e-01 2.4724741270e+03 
1.0352023349e-04 8.4084788124e-02 2.5143575569e+03 
8.9873542497e-05 1.2379853427e-01 2.5308131716e+03 
1.8730977860e-05 3.0744518683e-01 2.4016298877e+03 
1.6541604922e-05 1.0000000000e+00 1.7527294256e+03 
3.2178704733e-04 0.0000000000e+00 2.7488951809e+03 
4.5713835133e-05 0.0000000000e+00 2.3068563227e+03 
3.0547184484e-06 1.0000000000e+00 1.1622546234e+03 
1.4307541980e-05 2.8840294007e-01 2.4341446934e+03 
2.8937176959e-05 9.2368866285e-02 2.4002167744e+03 
2.3770607853e-05 2.6168196349e-01 2.5648207032e+03 
4.1170768861e-05 2.1402994493e-01 2.4513121469e+03 
1.0674971717e-04 1.2163409095e-01 2.5375025692e+03 
8.2708225601e-05 1.0000000000e+00 1.6988312685e+03 
2.8567281897e-05 0.0000000000e+00 2.1518738201e+03 
1.0487158637e-05 1.0000000000e+00 1.5804332027e+03 
1.5102460759e-04 0.0000000000e+00 2.6551711327e+03 
5.3862576240e-05 0.0000000000e+00 2.1326487427e+03 
2.1481754534e-05 3.1972943163e-01 2.4493710744e+03 
1.5767262759e-04 2.5480432131e-01 2.4999817077e+03 
3.6046285966e-05 2.2976018346e-01 2.4633661914e+03 
7.1565790550e-05 0.0000000000e+00 2.3999982146e+03 
2.4456177585e-04 2.7187643696e-02 2.6162369620e+03 
1.4507441957e-04 0.0000000000e+00 2.1732929453e+03 
3.6699667866e-05 0.0000000000e+00 2.1451731869e+03 
2.8185995194e-04 0.0000000000e+00 2.7563056403e+03 
7.8511106019e-06 3.0729717224e-01 2.5758713717e+03 
8.5938285004e-05 0.0000000000e+00 2.3374497713e+03 
5.7422306899e-05 1.2402753319e-01 2.4886072685e+03 
3.8212167090e-05 1.0000000000e+00 1.6785446439e+03 
5.0801886007e-05 0.0000000000e+00 2.1477711089e+03 
4.4806745337e-05 2.0730264042e-01 1.9705980681e+03 
6.8632350606e-05 0.0000000000e+00 2.3367976716e+03 
1.7038341978e-05 1.0000000000e+00 1.3710380655e+03 
1.9341899428e-05 2.4060660306e-01 2.6019295872e+03 
1.4022030949e-04 6.7347452335e-02 2.5952194088e+03 
8.1001382557e-06 3.0983976819e-01 2.4060681856e+03 
4.0313742436e-05 2.1294757052e-01 2.5355309978e+03 
9.7902214140e-06 1.0000000000e+00 1.3197548394e+03 
8.9340612920e-05 0.0000000000e+00 2.2424641784e+03 
3.6347361394e-05 1.0000000000e+00 3.0000000000e+02 
4.8359452006e-05 0.0000000000e+00 2.4196220217e+03 
7.0355855095e-05 2.3424671832e-01 2.4692414749e+03 
1.8436968147e-05 1.0000000000e+00 1.5528083824e+03 
8.3252545384e-05 0.0000000000e+00 2.3495497126e+03 
1.8127647701e-04 0.0000000000e+00 2.6232482503e+03 
7.3347726261e-05 0.0000000000e+00 2.2247777320e+03 
1.4039678341e-05 1.0000000000e+00 3.0000000000e+02 
7.4146294585e-05 1.2128643825e-01 2.5504223470e+03 
3.0866347319e-05 1.3173206529e-01 2.0291924772e+03 
4.5504510875e-05 2.3654179291e-01 2.4253363341e+03 
1.3197856030e-04 0.0000000000e+00 2.4370175674e+03 
3.8889721074e-05 1.8569076103e-01 2.5042103455e+03 
7.7415952924e-06 1.0000000000e+00 1.2831013447e+03 
6.8801554827e-05 1.5309952007e-01 2.6484087049e+03 
2.7758149171e-05 3.9955817753e-01 1.8459094563e+03 
3.2189256832e-05 2.6862599788e-01 2.5523737491e+03 
1.2065561408e-05 1.0000000000e+00 1.2570784664e+03 
6.4074708460e-05 1.4384582026e-01 2.5474666723e+03 
1.9893801459e-05 1.0000000000e+00 1.5809873531e+03 
5.0298147299e-05 0.0000000000e+00 2.3502264807e+03 
1.4934417850e-05 2.6403302621e-01 2.5468649430e+03 
9.0546412623e-05 8.2854060653e-02 2.4724264168e+03 
9.6362041887e-05 1.0773480688e-01 2.5124144561e+03 
9.4694025116e-05 0.0000000000e+00 2.1504997790e+03 
1.1977472624e-05 1.0000000000e+00 1.7818032952e+03 
1.1361136856e-05 2.9009600383e-01 2.4533145517e+03 
2.9318153253e-05 1.8098677555e-01 2.3907983793e+03 
1.6936822248e-05 2.6504749679e-01 2.3910838839e+03 
3.7501440717e-05 1.9895533669e-01 2.4501604739e+03 
6.5903563299e-05 0.0000000000e+00 2.3060669277e+03 
1.4075845709e-05 2.7988178086e-01 2.4286108180e+03 
3.4757624042e-05 1.8385766686e-01 2.4002729799e+03 
2.2536170821e-05 1.0000000000e+00 1.5738388080e+03 
5.0468297880e-05 0.0000000000e+00 2.2658544120e+03 
1.7207946342e-05 1.0000000000e+00 1.3562193221e+03 
7.8098730254e-05 0.0000000000e+00 2.3116050583e+03 
9.4465206639e-06 2.4093959000e-01 1.9391855561e+03 
1.0193565895e-04 4.4207365019e-02 2.7326659610e+03 
7.1806601862e-06 1.0000000000e+00 1.1852036395e+03 
1.1878114303e-04 2.9588759113e-02 2.5342858892e+03 
2.3948091693e-04 0.0000000000e+00 2.7002206727e+03 
1.7981491483e-04 7.9552887771e-02 2.4695820209e+03 
1.7113721314e-05 3.9306055026e-01 1.8498252266e+03 
1.7557124121e-05 2.3609280025e-01 1.9471850575e+03 
7.9895662673e-06 3.1869301423e-01 2.4367443545e+03 
1.3586189559e-04 0.0000000000e+00 2.4661276871e+03 
6.0852647874e-06 3.1474561188e-01 2.5023519843e+03 
1.9417883879e-05 1.0000000000e+00 1.7456796593e+03 
2.2020254871e-05 2.9257573749e-01 2.3581164342e+03 
4.2146116209e-05 1.0000000000e+00 1.7201271954e+03 
9.8599807828e-06 3.0619057715e-01 1.8965817281e+03 
4.4575540379e-05 0.0000000000e+00 2.1973506719e+03 
8.3730419219e-05 0.0000000000e+00 2.1984377599e+03 
6.3808538893e-05 0.0000000000e+00 2.1842656764e+03 
2.0661008806e-04 0.0000000000e+00 2.6951458328e+03 
1.0647165338e-05 3.1420065499e-01 2.3988742417e+03 
1.7646822490e-05 1.0000000000e+00 1.7303202803e+03 
3.2340601946e-05 1.0000000000e+00 1.7184894130e+03 
4.0944819304e-06 1.0000000000e+00 1.4109219119e+03 
2.8354332179e-04 0.0000000000e+00 2.7247954989e+03 
1.2280195938e-04 9.8960663746e-02 2.5061175623e+03 
1.7287809663e-04 6.7782975025e-02 2.5795182047e+03 
1.4717676584e-04 1.0000000000e+00 1.5935364214e+03 
1.0901453444e-04 0.0000000000e+00 2.3354609866e+03 
6.5212386192e-05 1.4323391142e-01 2.6165107114e+03 
4.3713463238e-05 1.2311515628e-01 2.0352184233e+03 
7.5205152097e-05 0.0000000000e+00 2.4247592395e+03 
2.3194903856e-05 2.3622419534e-01 2.4438649911e+03 
1.1051526843e-05 1.0000000000e+00 1.6723386435e+03 
4.3138035964e-05 1.0000000000e+00 1.7924247632e+03 
1.1458143127e-04 6.9949027145e-02 2.6145697401e+03 
1.7473771209e-05 8.4767589805e-02 2.0592261267e+03 
1.4639435802e-05 2.4546362810e-01 1.9405305648e+03 
2.0196462558e-05 0.0000000000e+00 2.2211942443e+03 
3.6824862694e-04 0.0000000000e+00 2.8014015355e+03 
4.4115544178e-05 1.0000000000e+00 1.7049105024e+03 
7.2540773518e-06 1.0000000000e+00 1.6056567201e+03 
3.4655639075e-05 0.0000000000e+00 2.2354097052e+03 
5.8771581533e-05 1.9242341216e-01 1.9829594602e+03 
1.4074802397e-04 8.2980082496e-02 2.6335277831e+03 
1.5998932478e-04 0.0000000000e+00 2.6302734194e+03 
1.6826652403e-05 1.0000000000e+00 1.3183862576e+03 
8.0608151169e-05 0.0000000000e+00 2.4260150229e+03 
6.5196055626e-05 2.8387080188e-01 1.9133435350e+03 
5.2998942343e-05 1.0421842664e-01 2.0492362333e+03 
1.2315024324e-05 1.0000000000e+00 1.1899300624e+03 
7.0957709290e-06 2.2828007325e-01 1.9494264474e+03 
1.1876380184e-04 0.0000000000e+00 2.4483030398e+03 
4.6036023820e-05 2.1301768150e-01 2.4732579480e+03 
8.8498288421e-06 2.5943222196e-01 2.7820102901e+03 
2.6811824301e-04 1.4854667928e-01 2.5012978733e+03 
9.4061272254e-05 1.0408242000e-01 2.6793867607e+03 
1.5114372143e-04 0.0000000000e+00 2.6649662315e+03 
8.0695676273e-05 0.0000000000e+00 2.3654944532e+03 
6.4943936165e-05 0.0000000000e+00 2.1062182327e+03 
1.2156141870e-04 1.0000000000e+00 1.8080782537e+03 
3.5476969935e-05 1.6966505134e-01 1.9997494312e+03 
2.5310786436e-04 0.0000000000e+00 2.6388844354e+03 
2.3227370801e-05 2.7828133409e-01 2.3992254281e+03 
1.2656178397e-05 1.0000000000e+00 1.7458271021e+03 
2.8593106579e-05 7.3476164794e-02 2.0680669759e+03 
5.1874923849e-05 0.0000000000e+00 2.1785927858e+03 
2.8920684860e-04 6.1940343602e-02 2.5575601508e+03 
3.6116008020e-05 0.0000000000e+00 2.2850746606e+03 
3.7271611566e-05 2.3745432229e-01 2.5154853407e+03 
1.5488400499e-04 1.7750419984e-01 2.4641498282e+03 
