3.4931651828e-11 1.1902142387e+04 1.0013901807e-01 
1.2550045962e-08 1.2828076396e+04 1.3623609177e+00 
3.4255730768e-09 1.2931955294e+04 1.1144301035e+00 
2.4092498949e-09 1.3224556323e+04 1.3558922481e+00 
3.7209280858e-07 1.8767513526e+04 1.0701193077e+00 
2.7526519712e-05 1.3525551136e+04 4.2196342429e-01 
2.5837206756e-07 1.2470387855e+04 9.9824192140e-01 
3.7314487546e-11 1.5125795135e+04 4.3214526132e-01 
1.3801378701e-11 1.1370173195e+04 7.7123604200e-01 
3.8837782197e-06 1.3867586328e+04 1.3330515347e+00 
5.1351399674e-09 1.1499212221e+04 1.1194239358e+00 
3.4227277511e-08 1.6345675384e+04 1.1744656495e+00 
5.6649890830e-08 1.3908777076e+04 1.1359067660e+00 
2.9467578554e-09 1.3678286996e+04 9.0856431552e-01 
5.3009346765e-10 1.6732624162e+04 4.3753520028e-01 
6.7770525409e-08 1.1505902566e+04 1.0750196903e+00 
5.1108192908e-10 2.4333244147e+04 1.2838715035e+00 
1.0862659994e-07 1.2434470352e+04 9.3071306605e-01 
2.1114879881e-07 1.2723341276e+04 7.7578768834e-01 
8.8831767765e-07 1.2545923319e+04 6.3724371033e-01 
4.8138008813e-08 1.2779083894e+04 8.0920984045e-01 
3.5622075238e-09 1.2736880900e+04 1.1796356195e+00 
1.0595333401e-11 1.2253029275e+04 8.2532425527e-01 
5.1993296708e-10 1.2638881360e+04 1.0424021709e+00 
6.6348281313e-08 1.2629759562e+04 1.1723575937e+00 
2.9336431955e-07 1.1985001905e+04 4.8902792083e-01 
4.8102860554e-06 1.4237253653e+04 7.8401096706e-01 
5.6212221095e-08 1.9974768744e+04 6.5259100150e-01 
7.3241817779e-10 1.4852376230e+04 1.0653735284e+00 
4.8238391708e-10 1.1339859460e+04 8.5121169482e-01 
2.7572413173e-09 1.2240312745e+04 5.3286112253e-01 
2.3151034413e-10 1.1766520507e+04 9.3109512574e-01 
5.0064417247e-07 1.2233176967e+04 1.2021982097e+00 
7.1491745036e-10 1.2772048502e+04 1.0906596233e-01 
1.9275014612e-11 1.2244804348e+04 3.6181766536e-01 
1.1221421544e-10 1.3174307489e+04 2.7311884914e-01 
1.4456593487e-09 1.2967003070e+04 6.6097848047e-01 
9.7401331111e-11 1.2280820787e+04 1.2288933817e+00 
2.2899351216e-10 1.4203969033e+04 9.6406251485e-01 
1.5572599563e-09 1.6048807616e+04 6.8830809997e-01 
9.6326757595e-09 1.1537551710e+04 7.8927997121e-01 
1.0437107561e-10 1.1855101289e+04 1.3290077274e+00 
1.5909991351e-10 1.1630814238e+04 7.7626079764e-01 
3.2772028216e-10 1.1749455367e+04 2.6650669832e-01 
6.2716491993e-10 1.3474030290e+04 1.2358248136e+00 
1.1937095645e-09 1.5347155315e+04 8.2817889663e-01 
1.3914011144e-09 1.1237876763e+04 1.0509271276e+00 
8.5889034750e-12 1.1357055611e+04 7.7347615287e-01 
9.7888765828e-09 1.1677720074e+04 7.0121322332e-01 
1.0493902121e-09 1.7705245912e+04 5.4669337485e-01 
1.0457593075e-07 1.1972267212e+04 9.7747176763e-01 
2.9975042719e-08 1.3075738985e+04 8.8503798982e-01 
1.1328050144e-06 1.2555466329e+04 1.2082161902e+00 
2.3568272920e-05 2.0492138032e+04 1.0849829404e+00 
1.0877156749e-09 1.3262166258e+04 2.8273350172e-01 
4.9326800986e-09 1.7061603782e+04 5.0132111875e-01 
4.1348878867e-08 1.1650606963e+04 5.6883267481e-01 
1.2308892997e-10 1.6386459385e+04 6.0801154098e-01 
2.2117765731e-10 2.5000000000e+04 1.3653981794e+00 
9.1312244250e-10 1.1728327317e+04 1.4676066385e+00 
3.1691409457e-10 1.1878907103e+04 6.5580084333e-01 
8.2018863128e-09 1.1513194212e+04 6.7254036655e-01 
3.1886359161e-09 2.1390458704e+04 8.1511502871e-01 
5.3776507070e-06 1.9303270770e+04 2.4028293460e-01 
1.5826285940e-09 1.2095905587e+04 1.0659475876e+00 
7.5166744948e-09 1.3907511217e+04 9.7877064769e-01 
4.1212401092e-10 1.3439336255e+04 9.3725002175e-01 
3.5134919205e-09 1.6493517876e+04 7.1839236886e-01 
4.3774782752e-08 1.4364487207e+04 3.8002501793e-01 
1.3881819570e-09 2.0285862847e+04 4.9384804197e-01 
2.1234358712e-06 1.4179377284e+04 3.7311725746e-01 
1.1914869526e-06 1.1485247032e+04 9.7279582308e-01 
6.6885346586e-11 1.4582847229e+04 9.8945095307e-01 
3.0208203465e-08 2.5000000000e+04 9.4735000759e-01 
1.1361924345e-08 1.4425014137e+04 3.1327175995e-01 
2.7396402593e-08 1.6045168947e+04 7.6547273196e-01 
6.7278814357e-10 1.1291186523e+04 3.9598182386e-01 
5.4636478024e-08 1.1894790061e+04 8.0656272669e-01 
1.4209182037e-10 1.5483802801e+04 7.9223270856e-01 
1.0715201863e-10 1.1601227319e+04 6.7509733778e-01 
3.1016647161e-10 1.1261525137e+04 6.8544144398e-01 
1.7805505896e-09 1.1765890238e+04 8.8671421611e-01 
5.3511486678e-12 2.5000000000e+04 7.9933711548e-01 
1.3749834908e-06 1.4382190826e+04 1.0102474253e+00 
4.8099733830e-12 1.6345765605e+04 5.3569435588e-01 
3.2910806690e-10 1.3451910965e+04 1.0436799142e+00 
6.8224375032e-10 1.2013281322e+04 1.1144446760e+00 
2.5859726658e-09 1.5062394288e+04 1.3866939158e+00 
5.8526833734e-09 1.2290369208e+04 6.2395096574e-01 
1.5556450133e-09 2.0362489899e+04 1.0515782128e+00 
2.0816498161e-08 1.1608086572e+04 1.1590416487e+00 
1.7655113311e-11 1.4916611564e+04 9.0128989382e-01 
1.4167022762e-06 1.1351828434e+04 1.8034568156e-01 
3.7498611565e-11 1.1405759567e+04 4.7609164654e-01 
2.4988656747e-09 1.7742639569e+04 7.1162563343e-01 
2.3759515814e-10 1.2165969382e+04 4.6564794522e-01 
8.1082605108e-07 1.1821304170e+04 8.3588365747e-01 
3.3399746030e-09 1.1896071288e+04 1.1046717953e+00 
2.0297261313e-06 1.1644603559e+04 8.5596838334e-01 
1.9216133914e-09 1.8648249170e+04 1.4887688026e+00 
