2.6758236800e-05 4.0631282954e-01 
2.6715246223e-05 1.0000000000e+00 
1.0549211625e-04 2.6086390615e-01 
8.6274299222e-05 2.7682432567e-01 
1.3230654102e-05 1.0000000000e+00 
5.2279729587e-05 3.2636159123e-01 
1.5348462662e-04 2.1564432840e-01 
1.0202268462e-04 2.9730034816e-01 
2.2618701834e-05 3.7959663828e-01 
7.8390088715e-05 3.1044742955e-01 
2.3131584902e-05 2.4183409799e-01 
2.8598064265e-05 1.0000000000e+00 
7.5626232377e-04 0.0000000000e+00 
2.5585138562e-05 3.5953899942e-01 
1.0693300956e-05 3.8956843537e-01 
3.8521352784e-05 3.3580097341e-01 
9.8584455087e-05 6.3176219714e-01 
1.6122079413e-05 3.8401502366e-01 
7.6921788790e-06 3.8590313819e-01 
3.2046311648e-05 2.3372060993e-01 
1.5862913569e-05 5.1720190644e-01 
1.0608636713e-04 8.9287650598e-01 
3.0993607509e-05 2.2513992955e-01 
1.1906731646e-04 2.4873108971e-01 
6.0690931366e-06 1.0000000000e+00 
1.5642085154e-04 2.3183661851e-01 
2.9154299598e-05 3.3794425906e-01 
9.5852604661e-05 2.6477535862e-01 
5.5510935427e-06 1.0000000000e+00 
6.0506939378e-05 3.4565589155e-01 
1.0439563116e-05 4.0746788246e-01 
2.9305400931e-05 2.1559355948e-01 
1.1834618934e-05 1.0000000000e+00 
5.5007755327e-05 3.2000040070e-01 
6.7440670872e-04 0.0000000000e+00 
1.3982896892e-05 4.0892391791e-01 
7.0287408223e-04 0.0000000000e+00 
1.0144120619e-04 2.6438554400e-01 
2.7353141640e-04 1.7388969179e-01 
3.4567006469e-05 3.4428857219e-01 
1.0042918926e-04 2.6405639005e-01 
6.9253900265e-06 2.9033764452e-01 
1.9479458345e-05 2.3607545762e-01 
2.5429712571e-04 1.6444484350e-01 
3.2865046100e-05 2.6166010939e-01 
7.5782492554e-05 1.7334627035e-01 
2.1090137957e-04 1.9522353224e-01 
1.8158062327e-04 1.0000000000e+00 
2.1567731652e-04 1.4747469572e-01 
1.9332764177e-04 2.1494004860e-01 
1.1423012278e-04 2.8804746858e-01 
4.1695379074e-05 2.6925365110e-01 
5.1194507049e-05 2.1360213178e-01 
8.5866384580e-04 1.0000000000e+00 
1.0610646987e-05 4.0295518900e-01 
6.4754395714e-05 2.9723227070e-01 
6.4361545669e-06 1.0000000000e+00 
3.8009874870e-05 3.3640715118e-01 
4.8371228943e-05 2.2913913658e-01 
1.2841757493e-04 2.5795844653e-01 
2.5405452162e-05 2.8036193068e-01 
2.3381876610e-05 2.7707626591e-01 
5.7535897909e-05 3.1114461441e-01 
8.3278870732e-05 2.8080796176e-01 
5.1028340495e-05 7.7051040027e-01 
4.4173694307e-05 3.1431530733e-01 
1.0561678295e-05 3.6296079400e-01 
8.9050296819e-04 1.0000000000e+00 
1.6342284429e-05 3.9251780319e-01 
6.3585497474e-05 3.0206173362e-01 
4.2632457277e-05 3.2654187343e-01 
3.9151873143e-04 1.0000000000e+00 
5.5441551678e-05 3.2151045248e-01 
1.7003914249e-04 2.1385031692e-01 
2.1008501058e-05 2.7177357040e-01 
4.6504316117e-05 3.3042766154e-01 
2.6462670585e-05 2.8562527379e-01 
1.7125535317e-05 3.1888980323e-01 
3.1971687517e-04 1.1228582869e-01 
9.0626967737e-06 1.0000000000e+00 
1.8063777130e-04 2.0531305488e-01 
4.8502500845e-05 2.1062724297e-01 
1.8142786031e-05 4.4839385182e-01 
1.4461023326e-04 2.4085181818e-01 
1.3576910099e-04 2.3435805551e-01 
4.9231232251e-05 3.8028877559e-01 
3.0065633622e-04 1.5325158544e-01 
3.1534008336e-05 2.8357253595e-01 
8.7463028218e-06 1.0000000000e+00 
5.5538980042e-05 3.1382360998e-01 
1.9475948827e-05 3.3962624286e-01 
4.6413707548e-05 3.2978583044e-01 
7.4169299781e-05 2.9139805138e-01 
3.7259682295e-05 3.4147947916e-01 
7.3315203408e-05 3.0749472463e-01 
4.2714503257e-05 3.2254420092e-01 
2.0682877045e-05 3.8588963065e-01 
6.2068325211e-05 3.2382013886e-01 
6.8235391591e-05 3.1336910526e-01 
7.0329968332e-05 3.6151410246e-01 
9.0114787515e-05 1.0000000000e+00 
3.6622145281e-04 1.0000000000e+00 
1.1053995122e-04 2.5393784956e-01 
3.1450718341e-05 3.2119578211e-01 
9.6128163815e-05 3.3075652800e-01 
1.4565878678e-04 2.3335409110e-01 
1.9375722107e-04 2.0385435790e-01 
2.0608222951e-04 1.0000000000e+00 
2.9219482657e-04 1.4026342698e-01 
6.6751418357e-05 2.9506199848e-01 
5.5371896712e-05 1.0000000000e+00 
1.3209102134e-04 2.5302322795e-01 
1.4715527818e-05 3.0957090018e-01 
1.0292730149e-04 2.5308095836e-01 
1.6135463981e-05 3.8548609827e-01 
4.0325881283e-05 3.3125397912e-01 
1.5748342242e-05 1.0000000000e+00 
2.8162499340e-05 3.0965864686e-01 
7.9475636305e-06 4.6825420584e-01 
2.2335149372e-05 3.8294297703e-01 
1.9338640485e-04 2.1733672816e-01 
2.2442051180e-04 1.8108509637e-01 
1.7163063475e-05 3.8680201092e-01 
1.4115604965e-05 3.8033108781e-01 
2.8693268545e-05 2.5939895338e-01 
1.7263457629e-05 3.8555533563e-01 
1.8046202805e-04 1.0000000000e+00 
2.9611064382e-05 3.2840850156e-01 
1.9074920952e-05 3.7502635556e-01 
8.8114530346e-05 2.7511592786e-01 
1.2588804795e-04 2.5331528024e-01 
1.5755528289e-05 2.3720883050e-01 
1.0734120640e-04 1.0000000000e+00 
6.4792554609e-05 2.9552225565e-01 
6.9453973755e-05 3.0298328322e-01 
3.4510978761e-04 1.3205891097e-01 
5.7340379937e-05 3.0747776922e-01 
1.0237573909e-04 1.0000000000e+00 
4.7378072286e-05 3.3420446755e-01 
1.5186395344e-05 2.5833592863e-01 
2.7213379782e-05 2.5787826241e-01 
2.6612241843e-05 2.6697603388e-01 
6.3858286969e-05 2.9570754951e-01 
1.0336673312e-05 2.7680274078e-01 
9.5832642260e-06 2.5680425408e-01 
6.0534674752e-05 3.0474241958e-01 
2.3174194713e-05 3.5689767612e-01 
8.3193444931e-05 7.6750719260e-01 
5.6569517412e-05 3.0814487342e-01 
1.2507813888e-04 1.0000000000e+00 
9.6872549232e-05 2.6671605938e-01 
4.5203885747e-04 1.0000000000e+00 
1.3913175353e-04 2.3736716642e-01 
9.7062030557e-06 1.0000000000e+00 
2.9842963573e-05 2.7086715165e-01 
4.3256052583e-05 3.3019476339e-01 
2.0511027729e-04 2.0217363680e-01 
1.8161807740e-05 3.7711100554e-01 
2.7710361717e-05 4.4620334587e-01 
2.2116995726e-04 2.5332708454e-01 
2.1429865977e-05 2.3884705817e-01 
2.7529240054e-05 3.5857922116e-01 
9.0641314837e-05 2.7055881470e-01 
1.4876029383e-04 2.2901933073e-01 
6.7105810806e-05 2.9687455828e-01 
6.5226262761e-05 2.4781508346e-01 
5.3042211902e-05 9.6349801632e-01 
4.2966448737e-05 2.1493294501e-01 
1.7857853962e-04 2.3339161488e-01 
8.9784315737e-05 2.8362972415e-01 
2.5647033548e-05 1.0000000000e+00 
1.9538417578e-05 3.6809993117e-01 
4.3329775840e-05 1.0000000000e+00 
2.4311768124e-05 3.7385511525e-01 
2.1128883416e-04 1.8968859658e-01 
1.8380717364e-05 3.8507736967e-01 
6.2927371437e-05 1.9807195186e-01 
1.3906684875e-04 2.3836359629e-01 
8.7880731917e-05 2.7136862088e-01 
4.3892471590e-04 1.0000000000e+00 
3.3889433831e-04 2.8451011737e-01 
3.7948045829e-05 1.0000000000e+00 
1.5872640064e-05 3.6338804486e-01 
1.7440020161e-05 4.0243969147e-01 
6.2508667338e-05 2.9412781019e-01 
1.7952645347e-05 2.3130285398e-01 
3.6635964495e-05 2.3904408854e-01 
4.8080168988e-04 1.0000000000e+00 
1.8257973613e-04 1.9280627930e-01 
6.5181205043e-05 2.8860791318e-01 
3.7659664903e-05 1.0000000000e+00 
8.4067875985e-05 2.7014915410e-01 
3.3841057851e-05 3.3991266002e-01 
2.8208412641e-05 4.1223353192e-01 
2.6817618906e-04 1.5129448334e-01 
4.4389350343e-05 3.4719022094e-01 
4.5191053295e-04 1.0000000000e+00 
1.5233483348e-05 4.0025038812e-01 
3.1016699626e-05 1.0000000000e+00 
7.1412812146e-05 2.9817784342e-01 
1.7974300440e-04 2.3439988250e-01 
1.4307251985e-04 2.3570270260e-01 
8.7925405601e-04 0.0000000000e+00 
4.1900527599e-05 2.2739248341e-01 
3.1826047703e-04 1.0000000000e+00 
2.9982010605e-05 2.0094219174e-01 
1.1330677173e-04 2.5528282406e-01 
3.6906132875e-05 2.1665630464e-01 
9.8580030460e-05 2.7044300585e-01 
5.7411576137e-05 3.0746126196e-01 
3.9498783009e-05 3.2631346691e-01 
4.6888728940e-05 1.8584575296e-01 
9.6404203196e-05 2.5974943607e-01 
3.7564393115e-05 3.2809907855e-01 
1.7284042192e-05 2.6528112948e-01 
1.9855674937e-04 2.0457001917e-01 
3.6809338325e-05 2.6109462325e-01 
6.2063760083e-05 2.6699968159e-01 
3.1015442633e-05 2.5719116818e-01 
9.8264188423e-05 2.6173522965e-01 
6.0909362845e-05 3.1982189526e-01 
3.4045003047e-05 2.1530050459e-01 
9.5457151832e-04 0.0000000000e+00 
3.1135148875e-05 3.5487269686e-01 
3.3000724539e-05 3.6795026343e-01 
4.5264741421e-04 6.7435110217e-02 
7.1130616583e-05 2.8305409745e-01 
3.3664482246e-05 2.0676707519e-01 
3.1060665667e-05 3.3539210585e-01 
6.2359312924e-04 0.0000000000e+00 
3.4234260222e-04 1.2404377192e-01 
3.1031479610e-05 2.6277040804e-01 
9.1015724748e-05 2.7199919490e-01 
8.0079103488e-05 1.0000000000e+00 
1.4024690719e-05 2.5156369510e-01 
1.1032490126e-04 2.5741436174e-01 
2.4815088806e-04 1.8068447931e-01 
2.6088211530e-05 3.5686514386e-01 
2.6177756657e-05 3.8827918854e-01 
1.9270792887e-04 1.0000000000e+00 
1.1844974842e-04 9.4603869639e-01 
5.9717139365e-05 2.9887615462e-01 
5.2364341849e-05 2.5468446005e-01 
4.3191638367e-05 1.8495298170e-01 
5.0202315336e-04 0.0000000000e+00 
2.9010397527e-05 3.1024606094e-01 
1.9738339049e-04 2.1834327447e-01 
1.3886906816e-04 2.3189845787e-01 
1.0604131353e-04 2.4718886701e-01 
1.1880623873e-05 3.9769245447e-01 
2.2950603879e-05 3.6863545809e-01 
1.8278684096e-05 5.2835276853e-01 
5.8072863965e-05 1.0000000000e+00 
5.6871444246e-05 3.1333881012e-01 
2.4082503545e-04 1.6680056208e-01 
4.9470159334e-04 1.0000000000e+00 
5.4655380143e-04 3.8081511721e-03 
3.9082803914e-05 2.2741112588e-01 
1.1669428388e-05 1.0000000000e+00 
7.3434906285e-05 1.0000000000e+00 
4.7689796925e-05 3.4202942886e-01 
4.2334072059e-05 2.5867952833e-01 
2.9641204425e-05 2.3488031697e-01 
1.9606433840e-04 1.9936651681e-01 
1.9432060248e-05 3.8419731884e-01 
1.4200374114e-05 3.5757369968e-01 
2.3546906440e-05 1.0000000000e+00 
8.5458167281e-05 2.7186404824e-01 
1.2409762741e-04 1.0000000000e+00 
1.7267598957e-05 3.6395707658e-01 
8.8650968816e-05 2.8945104578e-01 
2.7210956575e-05 2.9313846756e-01 
8.3806547491e-06 1.0000000000e+00 
2.7298385979e-05 2.3095444744e-01 
1.1030535036e-04 8.1355353760e-01 
1.1226983929e-05 3.7039429683e-01 
1.1742594509e-05 3.1591242844e-01 
1.4230460464e-04 2.3369704028e-01 
2.6419733981e-05 2.5566744544e-01 
1.0397386562e-04 1.0000000000e+00 
1.2635469126e-04 2.5347087700e-01 
1.4988924815e-05 1.0000000000e+00 
1.5598307440e-05 2.7530030844e-01 
2.9224919447e-05 2.2305712741e-01 
5.7994932153e-04 0.0000000000e+00 
6.7318200954e-05 3.0163220414e-01 
2.1752833690e-05 2.8849646321e-01 
3.2625662326e-04 1.2092828489e-01 
3.7335156255e-05 5.4624784537e-01 
9.5160754359e-06 4.3627145363e-01 
6.2680717987e-05 1.7026147419e-01 
1.3565316268e-05 3.4223314401e-01 
1.1616650420e-05 1.0000000000e+00 
1.2204545983e-04 2.4619778567e-01 
6.2506375654e-05 3.0261213650e-01 
2.2675489014e-05 1.0000000000e+00 
4.0454684072e-04 1.0204631450e-01 
1.9629546652e-04 7.0135681108e-01 
6.3370711356e-06 1.0000000000e+00 
3.3875436195e-05 1.0000000000e+00 
2.1799859147e-05 3.1489653197e-01 
1.6482923674e-04 2.1838502524e-01 
1.6576396978e-05 1.0000000000e+00 
1.8213784708e-04 2.0003277073e-01 
5.9308816464e-05 2.9759576677e-01 
1.4937674125e-04 2.3510665851e-01 
9.4264040554e-05 2.7524429614e-01 
7.9381579955e-05 3.0792352980e-01 
1.5824503664e-04 1.9607772677e-01 
3.3000377352e-05 2.5719705885e-01 
1.2425147026e-04 2.4505122654e-01 
1.6692346881e-05 3.8600169971e-01 
9.9817959936e-06 1.0000000000e+00 
5.8675709867e-06 1.0000000000e+00 
5.2313753778e-05 2.4510303855e-01 
5.7774130564e-05 2.9289364355e-01 
1.3278251889e-04 1.0000000000e+00 
7.5775487448e-05 2.9568355193e-01 
7.6705398364e-05 1.0000000000e+00 
4.8812056021e-05 3.1029288595e-01 
9.5658709338e-05 1.0000000000e+00 
3.4918516976e-05 2.2830826501e-01 
5.3461253390e-05 3.5366048881e-01 
3.0924033615e-05 4.2101798177e-01 
6.7829419057e-05 2.7959326927e-01 
1.1395036005e-05 1.0000000000e+00 
1.2500228969e-05 1.0000000000e+00 
7.5677989238e-06 1.0000000000e+00 
9.0583365053e-04 0.0000000000e+00 
3.3229035052e-05 3.3826428801e-01 
2.0111237265e-04 2.3626648085e-01 
1.1669223017e-04 2.9862871684e-01 
1.8246766897e-04 2.0975366277e-01 
6.5146205611e-05 3.0843385375e-01 
7.4896881277e-05 3.0876210097e-01 
7.3276174077e-05 1.0000000000e+00 
2.7342704200e-05 3.1882075141e-01 
4.2095879335e-05 3.3081434942e-01 
4.5063446230e-05 5.8081880277e-01 
2.0962457422e-04 1.8764592822e-01 
1.8114187812e-05 3.8465054754e-01 
2.5475884714e-05 2.3430080458e-01 
2.1316933482e-05 3.7797227729e-01 
2.8312912884e-05 3.4469868365e-01 
7.0697325604e-05 2.9450117696e-01 
1.5514914061e-05 4.3713510781e-01 
4.9166015892e-04 0.0000000000e+00 
7.5027984678e-05 3.2059038638e-01 
2.9609453741e-05 3.9319913464e-01 
8.6551381579e-04 0.0000000000e+00 
3.7621353013e-05 2.1463954402e-01 
6.0267867470e-05 1.9791928524e-01 
2.7852880440e-05 3.5735837806e-01 
4.8825272321e-05 2.3432520070e-01 
1.5328549254e-05 5.6511030224e-01 
2.4105733658e-05 3.6993524343e-01 
1.6868337530e-04 2.7338079583e-01 
4.8579837272e-05 3.0923042433e-01 
2.6241328641e-04 1.6927804693e-01 
5.7943343937e-05 1.7855366061e-01 
4.2101759244e-05 3.4496148027e-01 
1.2881596761e-04 2.5196965681e-01 
3.1369675541e-05 1.9774244611e-01 
2.7560309408e-04 1.0000000000e+00 
1.4733129250e-05 4.3171380128e-01 
8.2775845012e-06 4.2322775119e-01 
1.6228248782e-04 2.0256992902e-01 
1.7906639435e-05 4.0952624783e-01 
1.2006184631e-05 4.0358577234e-01 
1.2932053016e-04 2.4413517026e-01 
1.8028023673e-04 1.9651810859e-01 
1.0230941758e-05 4.1196493547e-01 
2.2363097465e-05 1.0000000000e+00 
6.4818630591e-05 3.0104782180e-01 
4.7556844587e-05 3.2156065232e-01 
3.0654730867e-04 1.0000000000e+00 
4.8226271142e-05 2.3332802551e-01 
3.3224516163e-05 2.1892441357e-01 
3.9993111250e-05 1.0000000000e+00 
8.2590348747e-05 2.6969757991e-01 
1.3208505511e-04 2.3954622153e-01 
1.4224936810e-05 4.3699533018e-01 
1.8717688820e-05 1.0000000000e+00 
3.9310500611e-05 3.3733150014e-01 
4.9653223242e-05 3.1696665468e-01 
5.5903933471e-05 3.0107756155e-01 
3.5481434811e-05 1.0000000000e+00 
9.5041045027e-06 3.3195142799e-01 
3.0575036150e-05 2.2731803270e-01 
3.5040541587e-04 1.0768096865e-01 
9.2404404692e-05 2.7846528116e-01 
1.5171138676e-05 3.8767764457e-01 
1.6498205703e-05 4.0652318082e-01 
4.4017616286e-05 3.7569478589e-01 
5.1441282663e-05 3.2678155706e-01 
4.5572612347e-05 1.8837494355e-01 
2.9532015605e-05 3.7113256956e-01 
1.4151123583e-05 3.5514711084e-01 
4.3938792236e-05 3.3474777969e-01 
2.5628443775e-05 2.1006994777e-01 
4.4433656124e-05 6.8329239120e-01 
9.9853131670e-05 2.5933152669e-01 
1.0189277230e-05 1.0000000000e+00 
2.2038508473e-04 1.8462569603e-01 
8.5442028522e-05 9.6035975583e-01 
3.3992252560e-05 2.1699078162e-01 
1.1034648531e-04 5.7825614164e-01 
2.7612274515e-04 9.3843851842e-01 
4.5232629001e-05 2.6322380406e-01 
1.0629508557e-04 2.6064461746e-01 
5.3443174509e-04 0.0000000000e+00 
1.4168581806e-05 1.0000000000e+00 
1.2002163151e-04 2.6384733224e-01 
9.2873208396e-05 2.7275390884e-01 
1.2290739929e-04 3.5767673108e-01 
4.6726073508e-05 2.2824628181e-01 
6.5167651347e-05 3.0170187858e-01 
8.2439655984e-06 1.0000000000e+00 
5.0370554003e-05 2.9763534961e-01 
4.4094430197e-05 1.0000000000e+00 
2.7538186447e-05 1.0000000000e+00 
3.6228531459e-05 1.9616260786e-01 
2.8893504682e-05 2.4169645349e-01 
5.1995395549e-05 1.7848825958e-01 
4.0888198181e-05 2.2974349449e-01 
6.5734825255e-05 3.8072892462e-01 
7.3640464661e-05 2.9373523293e-01 
3.9311248404e-05 1.0000000000e+00 
1.2971723195e-05 5.4425468069e-01 
6.9106892539e-05 3.1692128322e-01 
1.3007184002e-05 4.5089847387e-01 
2.6566340018e-05 3.5540056869e-01 
2.9305774539e-05 2.1575141922e-01 
1.4847923686e-05 1.0000000000e+00 
2.2043420726e-05 2.1948392436e-01 
2.6298996765e-05 3.6313411121e-01 
3.4169940628e-05 6.8021955429e-01 
7.6887421153e-05 3.3049472447e-01 
1.3663117909e-04 2.3985170265e-01 
7.8531734679e-05 2.7493631960e-01 
1.0128651948e-04 2.6411097577e-01 
3.6104815449e-05 2.3773674485e-01 
4.8362356931e-05 3.2086019212e-01 
1.1943253208e-04 2.4806130845e-01 
1.3507029497e-04 1.0000000000e+00 
2.7071795318e-05 2.2260109634e-01 
2.4621076888e-04 1.7995245487e-01 
1.0746745466e-04 2.7028553582e-01 
7.0911441202e-05 1.0000000000e+00 
3.6913410745e-04 1.0000000000e+00 
7.2708591410e-04 0.0000000000e+00 
2.3633146877e-05 3.3401986635e-01 
2.3454867765e-04 1.9541694647e-01 
2.2539702223e-05 4.2174055395e-01 
1.1047615801e-05 1.0000000000e+00 
1.5863508725e-05 3.4882987504e-01 
2.3115051220e-05 1.0000000000e+00 
1.6050288588e-05 3.9990766275e-01 
3.9582227692e-04 9.0966252533e-02 
8.8222069575e-06 1.0000000000e+00 
3.2905902547e-05 1.0000000000e+00 
9.3124225961e-05 2.7474126825e-01 
2.0306977009e-05 2.5017200988e-01 
1.8690245615e-05 1.0000000000e+00 
4.1382330318e-05 1.0000000000e+00 
1.4480897554e-05 3.8115491938e-01 
9.4876012662e-06 4.2332317351e-01 
2.7348726412e-05 3.3141073624e-01 
1.3116757368e-04 1.0000000000e+00 
3.8219590727e-05 2.0806114238e-01 
3.7226550667e-05 3.4054311372e-01 
1.9826883388e-05 3.8017639047e-01 
6.2515512779e-06 1.0000000000e+00 
7.0864340170e-04 0.0000000000e+00 
2.9051789254e-04 9.1812321915e-01 
2.4061242622e-04 1.0000000000e+00 
1.8228003604e-04 1.0000000000e+00 
3.3406341631e-05 2.9413668440e-01 
2.5914707675e-04 1.7317458995e-01 
1.2941424803e-04 2.4290519584e-01 
1.8637553538e-05 3.5083051603e-01 
7.8197019372e-06 1.0000000000e+00 
4.2686245250e-04 1.0000000000e+00 
2.8272623073e-04 1.3898569751e-01 
4.2516871833e-05 2.0513966884e-01 
3.2586914174e-04 1.2171868597e-01 
1.0080586703e-04 2.6457478174e-01 
1.9699469937e-05 3.8834236944e-01 
9.8661482893e-06 1.0000000000e+00 
3.7216926887e-04 1.1150306262e-01 
3.2115761807e-05 3.4851766147e-01 
7.6338607071e-05 2.8262731388e-01 
1.9197961660e-05 3.0506691497e-01 
1.8905430375e-05 3.9260283066e-01 
2.3457072344e-05 2.5687508082e-01 
1.2600506931e-04 2.4335101750e-01 
6.2074680505e-05 3.5794967752e-01 
8.4627113368e-05 2.6308473134e-01 
9.0276266787e-06 1.0000000000e+00 
1.7414744347e-05 3.8654371007e-01 
6.8640866856e-05 1.0000000000e+00 
3.8280837332e-04 9.1082470440e-01 
2.5785085916e-04 1.6233457570e-01 
8.4128551955e-05 3.0063849801e-01 
3.4228731711e-05 2.8433383625e-01 
1.8328744427e-05 5.0678538294e-01 
5.3269959366e-05 1.0000000000e+00 
7.7621648724e-06 3.9513331189e-01 
4.3151366089e-05 2.4758489792e-01 
6.8160518676e-05 2.9187371809e-01 
4.0180961110e-05 3.3085343829e-01 
1.2527644320e-04 2.4723208446e-01 
1.7242875156e-05 3.8648547741e-01 
8.1965240049e-05 1.0000000000e+00 
1.2369987271e-04 2.9526955411e-01 
2.1996618794e-05 3.7298956993e-01 
1.9457014102e-05 3.1806054372e-01 
1.6845983523e-05 4.3269844187e-01 
1.4982291624e-04 2.2897236510e-01 
2.1130902009e-05 2.5202832979e-01 
6.3165105995e-05 1.8338054736e-01 
2.1150188623e-04 1.0000000000e+00 
8.4783101315e-04 0.0000000000e+00 
1.5692227899e-04 2.1831214236e-01 
2.2479644341e-04 1.9051055194e-01 
3.2589382959e-04 1.7467591685e-01 
5.2651345239e-05 1.7557991894e-01 
6.3804599742e-05 1.0000000000e+00 
2.8190768295e-05 1.0000000000e+00 
7.0475339715e-05 3.0901079131e-01 
7.5759402015e-05 2.8513095226e-01 
1.3594942611e-04 2.3840914363e-01 
7.8400576002e-05 2.7788230090e-01 
4.5750871581e-05 2.3424231948e-01 
1.9129339984e-05 3.3437296629e-01 
1.4062307945e-04 2.4841966154e-01 
1.2214019667e-05 3.5736192546e-01 
5.5786970601e-04 0.0000000000e+00 
1.9042604498e-05 3.8906015915e-01 
2.3347552134e-05 3.0495813915e-01 
1.1748227910e-05 4.0367246655e-01 
5.1082106297e-04 1.0000000000e+00 
8.9254281836e-05 2.7575855920e-01 
2.7043667251e-04 1.8120037281e-01 
8.5336382352e-06 3.6634419103e-01 
1.5192012322e-05 3.8444761708e-01 
2.5698813108e-05 1.0000000000e+00 
3.9575316501e-05 2.6224502299e-01 
7.3319482388e-05 2.7966450811e-01 
4.7071555157e-05 3.4030646516e-01 
8.3881625310e-05 2.8125295092e-01 
4.5489338248e-05 1.0000000000e+00 
3.6526483934e-05 3.4771501114e-01 
3.1210997437e-04 4.2275645873e-01 
1.8965046765e-05 3.7852090425e-01 
5.5793380822e-05 1.0000000000e+00 
5.7316241109e-05 3.1356538099e-01 
7.6710215962e-05 3.6226322097e-01 
2.0147915483e-04 2.0739385310e-01 
3.2593920041e-05 3.9683678732e-01 
1.6459271875e-04 2.1866403922e-01 
2.8484521924e-05 2.8257820285e-01 
1.5810201148e-05 3.7188748546e-01 
7.5057243885e-04 0.0000000000e+00 
8.4655775733e-05 3.1296180294e-01 
6.9153483048e-05 2.9724724561e-01 
1.0184556839e-04 2.6955821341e-01 
3.7018171126e-05 2.9574453017e-01 
1.8353582727e-05 3.5191152198e-01 
1.5138324981e-04 2.4881209477e-01 
2.2321677465e-05 2.8151485660e-01 
2.7742721711e-05 2.5235885253e-01 
3.7135336369e-05 3.3043902673e-01 
3.7959515495e-05 1.0000000000e+00 
1.1297582302e-04 2.7040543257e-01 
2.7266422452e-05 3.4305255431e-01 
1.5985291005e-04 2.3877048577e-01 
8.2183816986e-05 2.8089399349e-01 
2.5765399250e-05 1.0000000000e+00 
2.1333477377e-04 1.9074575516e-01 
1.0632695993e-05 1.0000000000e+00 
4.1062161482e-04 8.7098614686e-02 
6.7618760021e-04 0.0000000000e+00 
3.1543176293e-05 2.4726642686e-01 
6.5373703477e-05 3.5587355283e-01 
1.0516234823e-04 2.5689791119e-01 
1.1934263846e-05 1.0000000000e+00 
1.4986200209e-04 1.0000000000e+00 
1.8457982631e-05 2.3292035212e-01 
3.7014424265e-05 3.3480860025e-01 
1.1901943795e-05 1.0000000000e+00 
5.1211063839e-04 0.0000000000e+00 
6.0971893283e-05 2.5646017565e-01 
5.3216386935e-05 3.1693169262e-01 
2.1741425872e-05 3.6198055027e-01 
1.3593165998e-04 1.0000000000e+00 
2.6229274157e-05 2.6415711959e-01 
3.1594484626e-05 3.4748869480e-01 
3.4330379195e-05 3.6105099664e-01 
2.0477039342e-04 1.7100996016e-01 
2.1003819499e-05 3.0870685033e-01 
9.7890854484e-06 5.9039302794e-01 
7.9774958943e-05 2.7313094128e-01 
2.8883452312e-05 3.0689997153e-01 
9.4882570822e-06 1.0000000000e+00 
2.1485509778e-05 2.2677472717e-01 
3.3977063889e-05 2.3056823750e-01 
2.7357164728e-04 1.5639112122e-01 
4.3043152780e-05 1.0000000000e+00 
6.3276096380e-05 3.0578414350e-01 
4.6234995249e-05 3.2016210545e-01 
1.2127294580e-05 4.8424194217e-01 
1.0787769140e-04 2.5874212390e-01 
2.1987103892e-05 2.2372691229e-01 
1.4017337642e-05 5.5233427241e-01 
7.2462184756e-05 1.0000000000e+00 
2.1342873729e-05 3.2273299054e-01 
3.1560328815e-05 2.8826742727e-01 
2.1856837421e-05 2.5914621865e-01 
1.5318004553e-04 2.3029401533e-01 
1.1748549066e-05 3.7918514244e-01 
5.6724513932e-05 1.9054573458e-01 
3.4108889212e-05 3.5077547609e-01 
1.1047048219e-04 2.6313955264e-01 
2.4343047113e-04 1.8456012014e-01 
3.5322732258e-04 1.0169579625e-01 
5.5762320191e-05 3.2281265776e-01 
4.6058260242e-05 3.2311045842e-01 
7.7093075977e-05 2.9031589267e-01 
4.1505461899e-05 1.8633778669e-01 
5.3666240316e-05 3.1214970252e-01 
3.5164749447e-05 1.9224096032e-01 
4.6994870371e-05 3.4219289465e-01 
6.9396381211e-06 4.0439647781e-01 
2.8618622724e-05 3.6762058340e-01 
5.1288241480e-05 3.1124298402e-01 
1.2178194923e-04 2.4810688024e-01 
9.5115301297e-05 2.7603617550e-01 
6.7085337550e-06 4.7629938914e-01 
6.2211094880e-05 2.8755868387e-01 
2.5979692053e-04 1.8096721768e-01 
9.7018148752e-04 1.0000000000e+00 
1.2470060877e-04 2.4882074073e-01 
5.5407174673e-05 2.3891282443e-01 
9.2974624683e-05 2.6731152000e-01 
1.5933898228e-04 2.3854751535e-01 
1.8795895989e-04 2.0517984999e-01 
2.2040982976e-04 1.9848098918e-01 
1.2104769497e-05 3.3697079022e-01 
2.1637524455e-04 2.0402142234e-01 
7.2283907568e-04 0.0000000000e+00 
2.4130626767e-05 3.7134978898e-01 
5.6731981015e-05 3.1213769020e-01 
5.4424126054e-05 3.0754258867e-01 
3.8674499829e-05 3.8160795240e-01 
1.2389368883e-05 2.4790707410e-01 
1.0451481736e-04 2.7029786736e-01 
3.4422078100e-05 1.0000000000e+00 
1.1441061917e-05 3.3243121349e-01 
8.4305039360e-05 2.7378557193e-01 
1.8338102074e-05 3.1081040764e-01 
8.1517833595e-05 2.7336756222e-01 
1.0619996190e-04 2.5547831916e-01 
1.4028614055e-05 4.6435793290e-01 
5.0738344248e-04 0.0000000000e+00 
2.7285493370e-05 2.8417186881e-01 
1.5555557213e-05 2.3907469767e-01 
3.4678464802e-05 2.7012664910e-01 
1.9674834176e-05 2.4179819305e-01 
1.0017851415e-05 1.0000000000e+00 
4.8232196011e-05 3.2268999422e-01 
1.2065487704e-05 3.8583529904e-01 
4.9670932308e-05 1.7164592011e-01 
3.4707227017e-05 2.4612630773e-01 
3.3063851674e-05 2.2963137637e-01 
1.1708167801e-05 4.1644618043e-01 
6.4384133044e-06 1.0000000000e+00 
1.8658699126e-05 2.6387295575e-01 
3.9457889063e-05 3.2242963206e-01 
8.9772914798e-06 1.0000000000e+00 
2.7798683669e-05 3.5357287623e-01 
6.8207489739e-05 2.7987455274e-01 
1.9078989298e-04 2.6839553852e-01 
8.9047025012e-05 2.7983938280e-01 
2.1513608657e-05 2.5965424577e-01 
4.0720616529e-05 3.5224799037e-01 
1.7746883125e-04 2.1914559303e-01 
5.9524163165e-06 1.0000000000e+00 
1.7035688854e-04 1.0000000000e+00 
3.8130459257e-05 2.9518804584e-01 
6.4793958127e-05 2.3274926027e-01 
3.2608497628e-05 3.3622574674e-01 
3.3233230041e-05 3.4407584632e-01 
2.7040861388e-04 1.7689642111e-01 
2.6699658102e-05 3.5515506529e-01 
8.2274129794e-06 4.4794724319e-01 
1.9908670760e-05 3.2135251289e-01 
2.2121586513e-05 4.1103599667e-01 
6.3333558262e-05 2.8337463256e-01 
1.0039738781e-04 3.0704087236e-01 
3.3675741628e-05 1.0000000000e+00 
2.7193841098e-04 1.0000000000e+00 
7.1077342738e-06 1.0000000000e+00 
2.4028017006e-04 1.8266947395e-01 
3.5919783802e-05 3.3375338681e-01 
4.8840799204e-05 3.0771586964e-01 
3.7346627130e-05 2.1572871487e-01 
7.2901826695e-04 0.0000000000e+00 
1.2706917027e-04 2.4564015186e-01 
2.3099995011e-05 2.4464523526e-01 
1.1259048842e-04 2.8270903843e-01 
1.3931213077e-04 2.4088121543e-01 
5.9001073999e-05 3.1025650003e-01 
2.7473866196e-05 1.0000000000e+00 
2.9482713666e-05 3.2663207721e-01 
1.7145395697e-05 1.0000000000e+00 
7.5011789226e-06 1.0000000000e+00 
8.8388578262e-05 2.6829796132e-01 
1.5437608686e-05 1.0000000000e+00 
1.8959410201e-05 3.8453006196e-01 
6.8592435008e-05 1.0000000000e+00 
4.6694594886e-04 2.0261615889e-01 
2.9331561069e-05 3.4634176359e-01 
1.8716525288e-05 2.2475583503e-01 
2.0773306522e-04 2.1680482711e-01 
8.6237881545e-05 2.9351910550e-01 
8.9959579805e-06 1.0000000000e+00 
6.0138633525e-05 2.6696926356e-01 
3.9212313981e-05 3.2537220395e-01 
6.7534880213e-05 2.9579993124e-01 
2.6514526422e-05 3.6313899720e-01 
4.3976989110e-05 3.2625919097e-01 
1.8722340690e-05 3.9848630062e-01 
1.1728588545e-05 5.9375070559e-01 
5.9967126128e-04 1.0000000000e+00 
2.0341320774e-04 2.0267961321e-01 
8.6053086260e-05 2.8209719785e-01 
2.0659670756e-04 1.0000000000e+00 
4.0143725226e-05 8.0757821315e-01 
1.7153967945e-05 4.1016148581e-01 
2.3153130653e-05 4.0205881472e-01 
1.9799631527e-05 3.6064219998e-01 
2.6008109328e-04 1.6191103414e-01 
1.4093497372e-05 1.0000000000e+00 
5.9525167070e-04 0.0000000000e+00 
1.3457416858e-05 1.0000000000e+00 
4.1426331532e-05 3.2607910882e-01 
1.1509402123e-04 2.5388716608e-01 
2.0588105710e-05 1.0000000000e+00 
3.5911634946e-05 3.3989233023e-01 
9.2312852102e-05 2.7129550719e-01 
1.3146712729e-04 2.5661292211e-01 
3.9286677528e-05 3.4025905905e-01 
1.2587827151e-04 2.4199906097e-01 
4.5970654720e-05 1.8984594714e-01 
1.3802900198e-05 4.1901010020e-01 
1.5824148160e-04 2.2081233554e-01 
4.8019160743e-05 1.0000000000e+00 
1.2491638239e-04 2.5922376409e-01 
3.1934277567e-04 9.2829662656e-02 
1.5676043462e-05 4.1838622294e-01 
6.4282399784e-05 3.0351312901e-01 
7.7087588868e-05 2.7017369724e-01 
2.8174104141e-05 4.5015200114e-01 
6.6576933386e-05 2.9984720089e-01 
8.9242136542e-06 1.0000000000e+00 
1.1224163091e-04 2.7027862955e-01 
6.0397749705e-04 0.0000000000e+00 
1.6399054814e-04 2.1884074824e-01 
3.9724184227e-05 3.2811833025e-01 
2.1238924287e-04 1.8907253192e-01 
6.1481533663e-04 0.0000000000e+00 
6.6668289164e-05 4.1085533318e-01 
8.1686118388e-05 2.8411392292e-01 
5.9811403979e-04 0.0000000000e+00 
5.0244961081e-05 3.2079330649e-01 
7.7626554682e-05 2.8704079251e-01 
8.3727668251e-06 4.0513070205e-01 
1.3222350468e-05 4.0286817628e-01 
1.6701827819e-04 2.1877355922e-01 
7.1229000450e-05 2.9576984218e-01 
4.5675386659e-04 0.0000000000e+00 
7.5093704679e-05 1.0000000000e+00 
6.1196275118e-06 1.0000000000e+00 
1.2979312261e-04 2.6446629736e-01 
1.7923142677e-05 2.5064928900e-01 
1.4875044388e-04 2.3275224692e-01 
3.2248224083e-05 2.0215979821e-01 
5.4978031030e-05 1.0000000000e+00 
1.1981741085e-04 2.4999180932e-01 
4.7147272320e-05 2.0069450519e-01 
1.8693975011e-04 2.2879054421e-01 
3.8750979779e-05 2.3662630858e-01 
1.1736276084e-04 1.0000000000e+00 
1.5970768724e-05 2.8528358207e-01 
2.8640206395e-05 3.4339184082e-01 
4.0596679137e-05 1.9444550224e-01 
4.8588107430e-05 3.1704848550e-01 
3.3788278003e-05 3.4389891853e-01 
1.1009415907e-04 2.8148774316e-01 
1.6136455821e-04 2.2618640234e-01 
5.1017708100e-05 2.3515973019e-01 
3.5511643243e-05 1.0000000000e+00 
1.4150080612e-04 2.4198954432e-01 
5.0154267122e-04 0.0000000000e+00 
1.2612647672e-04 2.5084588819e-01 
4.7981796981e-05 1.0000000000e+00 
7.1146214716e-06 1.0000000000e+00 
1.5188504506e-05 3.3342718849e-01 
1.8648752879e-05 3.9379431359e-01 
7.3151620643e-05 2.0733453770e-01 
6.4249316275e-05 3.5253712521e-01 
1.1875363678e-04 1.0000000000e+00 
3.6796620944e-05 3.5577218020e-01 
7.4222050319e-04 0.0000000000e+00 
1.0577158458e-04 2.6223354350e-01 
3.9366898926e-05 3.4489431899e-01 
5.5729912045e-05 3.0812433605e-01 
6.0470397155e-06 1.0000000000e+00 
9.8913158502e-05 2.7485217851e-01 
9.0492698767e-05 1.0000000000e+00 
5.7646408626e-05 1.0000000000e+00 
7.1037495199e-04 0.0000000000e+00 
1.9164528609e-05 3.8558122757e-01 
5.7844111626e-05 3.0638317426e-01 
8.1655240705e-04 1.0000000000e+00 
7.1000762327e-04 0.0000000000e+00 
2.2852737374e-04 3.3431205081e-01 
5.1194142607e-05 3.1482756453e-01 
1.8265663124e-05 3.4296721317e-01 
8.4930759013e-05 2.8139103558e-01 
4.7003003458e-05 2.4828839674e-01 
4.5130803452e-05 3.2890943534e-01 
3.6515594931e-05 2.1494992506e-01 
5.4343799970e-05 1.0000000000e+00 
1.1359249330e-05 1.0000000000e+00 
3.3697524341e-04 1.3004413638e-01 
9.8244165260e-05 2.6456459881e-01 
8.9830797520e-06 1.0000000000e+00 
1.2874569282e-04 2.4627353442e-01 
8.5167488271e-05 2.7346579991e-01 
1.7985986111e-04 2.1510182828e-01 
1.2597398455e-04 2.4944526080e-01 
4.7946861733e-04 2.0203381272e-02 
3.9957714722e-05 3.3054476363e-01 
1.2505623722e-04 4.5582067530e-01 
1.5399493216e-04 2.2503905982e-01 
3.1785664041e-04 1.5731255999e-01 
3.7233354249e-05 2.5032930828e-01 
1.3426102219e-05 1.0000000000e+00 
4.5679062223e-05 3.4892421104e-01 
1.1613610729e-04 2.5350107067e-01 
4.9851877881e-05 1.8745246244e-01 
2.3437914924e-05 3.7815006227e-01 
5.9485296522e-05 3.0931068819e-01 
3.6738125206e-05 3.2994150078e-01 
1.0004773784e-04 2.6630475709e-01 
3.0842520407e-04 1.2432453243e-01 
3.8790726307e-04 1.5036947973e-01 
1.9110758575e-04 2.0955539622e-01 
7.8211084829e-05 2.8817240591e-01 
2.4319057706e-05 1.0000000000e+00 
7.5375045057e-05 2.7284661395e-01 
2.3106123405e-05 3.6927855745e-01 
9.9170430864e-06 2.8325476885e-01 
1.0688233695e-04 2.5780634106e-01 
3.9557350674e-05 3.3374757501e-01 
1.7877242450e-05 3.8944295571e-01 
7.9373643804e-05 2.7198576953e-01 
8.5066058540e-06 1.0000000000e+00 
1.2774749078e-05 1.0000000000e+00 
1.0030582034e-05 3.6249395737e-01 
3.7798714476e-05 2.5744719604e-01 
1.9548674909e-05 4.0263261305e-01 
2.3321347022e-04 1.0000000000e+00 
2.2163506461e-05 2.1701973880e-01 
3.2023639884e-05 3.5356605485e-01 
2.8676962188e-05 3.9150688697e-01 
7.4244684615e-04 0.0000000000e+00 
2.3893772835e-05 2.2449808941e-01 
7.2811787517e-05 2.9472833585e-01 
4.3025415802e-05 3.3344995313e-01 
2.2236553717e-05 2.4707561348e-01 
2.7484101375e-05 3.4485793935e-01 
6.1883577176e-05 9.1615452379e-01 
3.0001844524e-04 1.0000000000e+00 
1.6419063047e-04 2.1462405262e-01 
2.3702504727e-05 3.7204461978e-01 
2.4887962139e-04 1.0000000000e+00 
2.4717057620e-05 2.8711652805e-01 
4.2940441354e-05 1.8846929229e-01 
3.1479428975e-04 1.2238363650e-01 
1.7224150672e-04 2.1284584881e-01 
1.4750813879e-04 2.4034134696e-01 
6.0548174822e-05 3.3767221366e-01 
8.5165448847e-05 2.9995967320e-01 
4.6206917692e-05 1.8089695408e-01 
7.0165305417e-04 0.0000000000e+00 
1.2482721658e-05 4.8973358521e-01 
6.1894765628e-05 3.0429823410e-01 
4.2006356592e-05 3.3311245849e-01 
2.5708128075e-05 3.6413745818e-01 
8.8565755470e-05 1.0000000000e+00 
4.4092996504e-05 3.9331864066e-01 
4.8655527164e-05 3.2226495176e-01 
2.5985684524e-05 3.1996382865e-01 
6.2246764477e-05 3.4436475907e-01 
2.8304550778e-05 3.5764264972e-01 
1.2014924804e-04 2.5027241650e-01 
3.4408795126e-05 2.3680619671e-01 
3.9724970261e-05 1.0000000000e+00 
1.6919277719e-05 4.0040546192e-01 
2.0071362278e-05 1.0000000000e+00 
7.9369276515e-05 2.8071591927e-01 
3.5317831385e-05 6.5436561962e-01 
5.7650333587e-04 1.0000000000e+00 
2.5420945891e-04 1.0000000000e+00 
1.9500496057e-04 1.9195368165e-01 
3.1480582840e-04 1.2562040737e-01 
3.7896261311e-05 3.1961516971e-01 
3.1695720707e-05 1.0000000000e+00 
1.1006304779e-05 3.7109311608e-01 
2.6175635029e-05 1.0000000000e+00 
3.9027381762e-05 2.2823101772e-01 
7.9106608384e-05 2.8953148896e-01 
1.0516205850e-04 8.1727914864e-01 
9.9742349395e-05 2.6161942933e-01 
6.7205990574e-05 2.7686429190e-01 
7.4065314365e-05 3.2136957939e-01 
9.1935838384e-05 8.5718792844e-01 
3.1233918635e-04 1.6659238080e-01 
8.1902054755e-05 2.8555721554e-01 
8.1839767178e-04 9.7138192924e-01 
1.4980911069e-04 2.2823423029e-01 
3.2036381398e-05 3.4875991233e-01 
4.1597035057e-05 4.4764630576e-01 
7.0321128953e-05 2.9682758929e-01 
3.4950517065e-04 1.1457701732e-01 
2.8364908551e-04 1.6808086382e-01 
4.3447616467e-04 8.1632355945e-02 
8.2120397526e-05 3.0906609763e-01 
1.6238746805e-04 2.2940074824e-01 
1.0852869770e-04 2.5370787930e-01 
3.5796363296e-05 2.4858824189e-01 
7.2242174287e-05 3.4902721328e-01 
2.9657848539e-05 3.4478749667e-01 
1.2987961162e-05 2.3897545651e-01 
2.3158903932e-04 1.6347438021e-01 
1.5650600921e-04 2.3698104687e-01 
5.7528140835e-05 3.2783254797e-01 
4.0346484952e-05 1.8594422497e-01 
3.9333755776e-05 2.1821008524e-01 
3.0145990362e-05 3.4668125733e-01 
3.6054401625e-05 3.4531688340e-01 
8.0607885663e-04 0.0000000000e+00 
1.0428726863e-04 2.3900477947e-01 
2.7641175861e-05 3.9463927518e-01 
1.0580374957e-04 2.6505259017e-01 
3.2993534139e-05 1.0000000000e+00 
6.5935877720e-05 1.0000000000e+00 
6.2024776794e-05 2.9774021570e-01 
3.6011073151e-04 9.7140389604e-01 
1.3987071767e-04 1.0000000000e+00 
2.9861423558e-05 2.7794469594e-01 
6.1114963703e-05 1.0000000000e+00 
4.5153665209e-04 0.0000000000e+00 
2.0761779875e-05 3.6154946997e-01 
3.8215486294e-04 4.7659864974e-02 
8.3353969843e-05 2.9682182138e-01 
1.3149416747e-04 2.4023741499e-01 
6.0795776446e-06 1.0000000000e+00 
2.2710967444e-04 1.7541176439e-01 
3.8238261070e-05 2.1397487329e-01 
1.1708708598e-04 2.5180676876e-01 
5.0460120433e-05 2.1985053389e-01 
7.0897323502e-04 0.0000000000e+00 
2.6308346582e-05 2.0702442549e-01 
1.4268947365e-05 2.4791083796e-01 
8.8007434522e-05 2.7841834683e-01 
3.5493089654e-04 7.3469571470e-02 
5.6991167219e-05 2.9349335869e-01 
8.4781934656e-06 4.2385713087e-01 
2.1214659603e-04 1.8919280273e-01 
2.0190165732e-04 1.0000000000e+00 
2.0820937516e-05 3.8018447184e-01 
1.4516636036e-04 2.3053738814e-01 
1.9289373777e-04 2.0918965032e-01 
3.1953109258e-05 2.1546519055e-01 
7.7654387081e-06 1.0000000000e+00 
2.4782655166e-04 1.7420800412e-01 
1.0131191700e-04 2.6050665461e-01 
2.5589632099e-05 4.3785034678e-01 
1.0397744603e-04 2.6764854773e-01 
4.9390886097e-05 3.2473911511e-01 
5.9863364694e-05 3.0949114649e-01 
1.7042011853e-05 3.6296606495e-01 
6.7224451606e-05 2.8307870613e-01 
5.5897353932e-04 0.0000000000e+00 
4.6073572205e-05 3.5378932301e-01 
4.7306898988e-04 1.0000000000e+00 
