1.4421434660e-09 1.2971159292e+04 1.1295811924e+00 
7.2430945773e-08 1.3715839017e+04 7.4296713739e-01 
2.8142205510e-10 1.2938210022e+04 7.9384430712e-01 
8.3361218074e-09 1.6429670544e+04 6.8370951424e-01 
4.2454270156e-10 1.3335114249e+04 5.8535699403e-01 
1.2213405185e-08 1.1279884310e+04 1.2046256756e+00 
3.7617491364e-08 1.3906744409e+04 9.0439396856e-01 
2.2854479914e-11 1.1737153527e+04 1.0079061780e+00 
2.9013471965e-07 1.9227949651e+04 9.8819514675e-01 
2.3339514255e-09 1.1257239299e+04 4.3934956839e-01 
3.1167622724e-08 1.1800164274e+04 8.6682597251e-01 
1.1002624571e-08 1.2820437182e+04 8.1244472546e-01 
5.4856704265e-07 1.1911637025e+04 4.0913687391e-01 
4.2085260709e-06 1.4263249239e+04 5.9376173042e-01 
1.3252657470e-08 2.5000000000e+04 6.1245238364e-01 
1.9968174881e-09 1.1691018907e+04 1.3314564983e+00 
8.6414540364e-10 1.5496209136e+04 3.5642413696e-01 
1.4793539163e-06 1.7688187251e+04 1.2484076784e+00 
1.0610930939e-07 1.1412863593e+04 9.9998574693e-01 
1.2503897129e-09 1.5324844432e+04 1.1176930437e+00 
3.0560365868e-07 1.7579521560e+04 5.6751542756e-01 
1.1546256621e-11 1.7436219443e+04 8.5990529380e-01 
3.5080579181e-08 1.1382200682e+04 5.3696203972e-01 
7.6066654664e-10 1.3629955857e+04 1.0130533710e+00 
8.3751164425e-08 1.4691139593e+04 9.2583249794e-01 
1.0660606512e-07 1.7582239155e+04 5.0896308563e-01 
1.2358904619e-08 1.2254487386e+04 6.2490119635e-01 
1.7751426488e-06 1.1243864117e+04 3.5815294414e-01 
6.6754862618e-11 1.1223100741e+04 6.2021281574e-01 
1.7054368580e-10 1.4546464795e+04 9.9072179855e-01 
2.7362288596e-08 1.1213271250e+04 6.0229801888e-01 
1.5789430071e-06 1.1397694217e+04 3.4974116863e-01 
3.6910489611e-07 1.1369352987e+04 1.0039636548e+00 
2.0665929966e-10 1.1912976381e+04 6.1305156727e-01 
5.7916430893e-07 1.8674427891e+04 5.2160449028e-01 
4.2285817861e-07 2.2502780213e+04 8.7809800772e-01 
6.3984197898e-09 1.4218785921e+04 6.5804181796e-01 
3.9261153121e-08 1.1776459163e+04 4.1352300168e-01 
9.9572414508e-09 1.2984851511e+04 1.5716422329e-01 
2.2458427741e-09 1.3335519632e+04 5.8296134364e-01 
6.0462683643e-08 1.2227871994e+04 1.1464959091e-01 
1.7316726318e-08 1.2116200743e+04 1.0223018699e+00 
4.2936420554e-10 1.1878239288e+04 4.0273622427e-01 
2.7508164138e-09 1.1420848325e+04 5.2227575934e-01 
8.2746997792e-07 1.6313070647e+04 6.7610619781e-01 
8.5277709779e-07 1.2801490352e+04 9.0046479340e-01 
3.6547536104e-09 1.4941903181e+04 4.7353097389e-01 
2.2570564142e-07 1.7485040044e+04 1.0282930695e+00 
1.3424426030e-11 1.2219322060e+04 6.2001804975e-01 
8.0136823282e-06 1.4153674449e+04 5.6348519930e-01 
4.6438473716e-11 1.4649339094e+04 7.5164142182e-01 
6.6547545247e-08 1.2848224422e+04 1.0242277473e+00 
1.8142587164e-08 1.1792460002e+04 7.8959196795e-01 
1.6918833998e-10 1.5598725705e+04 1.3484027425e+00 
1.7965128370e-08 1.9270258401e+04 1.1161214065e+00 
4.7910635148e-08 1.1265419724e+04 8.5532099403e-01 
5.1730083601e-09 1.2814098554e+04 1.1159860181e+00 
2.5362418162e-07 1.1746385784e+04 1.1804572670e+00 
1.5716366440e-08 2.5000000000e+04 1.0190519196e+00 
6.9707178560e-09 2.0468609730e+04 1.5849943739e-01 
6.5345321162e-11 1.1950598440e+04 1.4185038039e+00 
4.6698739817e-12 1.4561770137e+04 2.4426149638e-01 
2.4363224636e-09 1.3619515541e+04 5.1088723575e-01 
1.2761177290e-11 2.5000000000e+04 1.3905424805e+00 
6.5011390978e-09 1.2432233559e+04 1.0235995015e+00 
2.0532914610e-11 1.1481981937e+04 8.1327466935e-01 
1.3580970375e-10 1.6156107462e+04 1.4359013809e+00 
3.3881829865e-07 1.2771118618e+04 1.0714681217e+00 
5.2992062533e-10 1.4442928251e+04 8.8939799953e-01 
8.0602923259e-11 1.2205749496e+04 7.3633998081e-01 
2.8513216504e-10 1.1390890731e+04 1.1720485180e+00 
7.9431824292e-08 2.2753429641e+04 1.1813989948e+00 
4.0240394604e-10 1.4221157161e+04 5.5713719764e-01 
4.8413572363e-09 2.5000000000e+04 1.1117062812e+00 
4.4227073285e-09 1.1900227127e+04 5.1679623653e-01 
1.2985672565e-10 1.9275838957e+04 7.7308974612e-01 
2.4361344518e-11 1.3278074819e+04 1.0686891442e+00 
7.7981854370e-10 1.4306303385e+04 1.1639876644e+00 
2.2090367446e-11 1.3399768180e+04 1.3081363164e+00 
4.1488998699e-08 1.1673670229e+04 5.8638918909e-01 
3.4634589962e-10 1.2884814997e+04 1.0374156893e+00 
7.3865308637e-10 1.7192635869e+04 1.1307750254e+00 
5.4821125610e-12 1.1899552895e+04 6.1192549449e-01 
2.4295764015e-07 1.5430464504e+04 8.1359957553e-01 
2.5571550399e-09 1.7745495983e+04 7.0572772514e-01 
2.7073644998e-11 1.3953499201e+04 1.2420136391e+00 
5.0772483096e-08 2.2515040620e+04 1.1186428940e+00 
3.4823464275e-09 1.2168097661e+04 8.2283300235e-01 
1.0927830688e-08 1.6274057136e+04 1.1233637476e+00 
7.1060779410e-08 1.1330269307e+04 1.3464088939e+00 
2.5027277070e-09 1.5941189231e+04 8.0954746289e-01 
1.0456805688e-08 1.2150559253e+04 5.7739318186e-01 
1.3068827738e-05 1.1481531799e+04 6.8218354007e-01 
4.8592900389e-10 1.2386356578e+04 4.7997936073e-01 
3.3778560223e-11 1.6607028372e+04 9.5321639509e-02 
8.4368958976e-09 1.3288980732e+04 1.0137128995e+00 
3.6588886472e-09 1.1260156407e+04 7.5333822119e-01 
1.5462484445e-11 1.1421506120e+04 6.2636497155e-01 
2.2795274564e-05 1.5573016914e+04 1.1140310069e+00 
7.0178328429e-11 1.3125844632e+04 1.1969633993e+00 
1.4822410755e-08 1.2138227686e+04 9.3199697064e-01 
1.5463217795e-07 1.3645463953e+04 4.7806191281e-01 
6.2050256490e-11 1.4033327071e+04 3.7686073960e-01 
5.2436368711e-07 1.6998357884e+04 5.3850953073e-01 
6.7340224279e-08 1.3346861442e+04 1.0046660469e+00 
1.8744315663e-10 1.6067381395e+04 8.3026867559e-01 
7.3496537711e-08 1.1364293473e+04 7.1441691171e-01 
1.4012636266e-10 1.7229571439e+04 1.1445371963e+00 
5.1431463916e-10 1.1990642190e+04 7.5962845331e-01 
1.5784281115e-07 1.4668124548e+04 7.0454835377e-01 
2.8306703529e-08 1.1831277396e+04 1.1289983032e+00 
5.6688148299e-10 1.5653383987e+04 7.9313015001e-01 
8.1400028197e-12 1.1357367476e+04 6.0416462063e-01 
3.2191071295e-06 1.1304923914e+04 2.1782494035e-01 
1.2931486869e-10 1.1235009585e+04 1.1056387202e+00 
5.6131939184e-10 1.3079303552e+04 6.9273109318e-01 
1.8617202415e-10 1.5164349377e+04 1.2294699453e+00 
1.5077160062e-10 1.7376323261e+04 9.3028425822e-01 
2.1638457407e-09 1.1442173450e+04 6.5588066937e-01 
2.8614641361e-07 1.1435412476e+04 1.3128710892e+00 
4.1132413212e-10 1.1574644163e+04 7.2917333641e-01 
4.4027276520e-11 1.2177528254e+04 1.3497110418e-01 
6.0453191819e-09 1.1598629991e+04 4.3264421548e-01 
2.1405166204e-08 1.2348134571e+04 8.2890800514e-01 
2.5217097039e-07 1.9622174233e+04 1.8788509343e-01 
3.5222154985e-07 1.9414324011e+04 8.6401552561e-01 
1.4570099857e-11 1.4856864315e+04 5.2011048412e-01 
1.0974765029e-09 1.3799004445e+04 1.0867558020e+00 
2.3462654958e-06 1.1314768340e+04 3.9809628155e-01 
1.4132529735e-07 1.2978939448e+04 1.3659886845e+00 
3.9866645854e-09 1.3848476401e+04 1.1637050557e+00 
2.3183200793e-09 1.3496985660e+04 1.1214303889e+00 
1.7808406375e-06 1.9082771237e+04 6.3002541123e-01 
1.5148461181e-10 1.2335928758e+04 4.3770919035e-01 
2.8486847594e-06 1.1715625383e+04 1.0353660476e+00 
2.6743427571e-09 1.2216294377e+04 1.2167813350e+00 
1.9639398142e-10 1.7765589204e+04 4.6981678337e-01 
3.7072956753e-08 1.1802482756e+04 3.5341838321e-01 
1.7187110712e-09 1.8261419931e+04 1.1901957787e+00 
1.6098153002e-08 1.1629911325e+04 6.2507173081e-01 
5.1916897690e-06 1.8507884716e+04 4.4406438855e-01 
2.0584090998e-09 1.1283042396e+04 8.9083351514e-01 
2.2731379612e-10 1.3533393374e+04 1.0749923733e+00 
2.3726419482e-09 1.6070286672e+04 1.2296746504e+00 
4.5010073114e-07 1.1707861928e+04 9.0011363662e-01 
2.4766357711e-10 1.2929634187e+04 6.4189660721e-01 
1.5054318192e-11 1.1434883648e+04 6.1054427556e-01 
5.0767172165e-09 1.7235103030e+04 1.1692551067e+00 
3.9577967469e-09 1.3219210308e+04 1.5047180103e+00 
2.0407360231e-09 1.4037810659e+04 7.4528902692e-01 
1.6225411566e-08 2.5000000000e+04 3.8700127586e-01 
5.6760740760e-09 1.3127239135e+04 6.5599421881e-01 
2.9549933732e-08 1.1454089655e+04 8.3982618279e-01 
2.2510271219e-09 1.4026024951e+04 6.7419198020e-01 
2.6632001899e-10 2.3637491022e+04 9.5268316880e-01 
1.4140483047e-11 1.6182495220e+04 2.1432433215e-01 
1.7389766844e-09 1.5206006909e+04 2.2958730376e-01 
3.2689312873e-09 1.1969362169e+04 7.7416158833e-01 
6.0643763595e-07 1.1839125277e+04 1.2818024272e+00 
4.8587814833e-10 1.1266351577e+04 1.1251105472e+00 
1.1416615396e-10 1.2954955166e+04 4.4167291428e-01 
1.5417628662e-09 1.4783523204e+04 1.0797358481e+00 
1.2350341969e-10 2.5000000000e+04 3.6749516873e-01 
4.2699632642e-08 1.3299129615e+04 8.0134745732e-01 
4.5595369251e-06 1.1653905754e+04 1.1705401936e+00 
8.0771587121e-08 1.1651415523e+04 1.4870249567e+00 
1.8381405336e-08 1.9240530990e+04 1.0832298111e+00 
5.4648862275e-09 1.3006658369e+04 8.1584046749e-01 
3.9322969919e-12 1.2505159531e+04 1.4992440467e+00 
1.3265828361e-08 1.2588435266e+04 1.5266744733e-01 
1.4844242570e-08 1.1284067617e+04 1.0559547233e+00 
2.7207612356e-05 1.4374532380e+04 1.3788172821e+00 
1.4261091164e-09 2.3586993655e+04 6.0893796653e-01 
1.4339845159e-08 1.8199574824e+04 5.9278684996e-01 
3.1898318425e-10 1.5095649628e+04 8.1769404569e-01 
5.9267506450e-09 1.7114951696e+04 5.6207979099e-01 
6.6259309600e-11 1.4260397875e+04 7.8720935396e-01 
5.2735184688e-07 1.1737165173e+04 5.6714117023e-01 
8.3375320836e-11 1.1641580631e+04 7.6634694788e-01 
3.3386711603e-08 1.2420948437e+04 9.0245907623e-01 
9.2602111144e-11 1.5643213675e+04 1.2033074607e+00 
3.2576315977e-10 1.4652999957e+04 7.7456933120e-01 
8.0054207018e-08 1.1916330871e+04 8.0960406040e-01 
1.2031519353e-07 1.6238327954e+04 1.2728962094e+00 
6.9142080148e-10 1.2204101157e+04 3.3564005346e-01 
5.7833332644e-11 1.1475930536e+04 5.7190652531e-01 
2.7367000453e-07 1.7477606316e+04 8.5422066743e-01 
4.3269284546e-12 1.5953372988e+04 4.5695264142e-01 
4.7325963990e-09 1.1441693575e+04 9.3801414640e-01 
1.8963070331e-07 1.6185971747e+04 9.3690877805e-01 
8.8028664984e-09 1.3642314064e+04 8.5597062669e-01 
1.5758794435e-09 2.5000000000e+04 4.7652440544e-01 
4.6411377169e-09 1.1316524707e+04 3.4349322874e-01 
1.5329457152e-10 1.1252755433e+04 1.3115335720e+00 
5.4054688700e-08 1.5300619979e+04 1.2469395019e+00 
3.0261744693e-09 1.2266269061e+04 1.3409274816e+00 
2.2538828974e-09 1.7874948772e+04 5.2459581106e-01 
5.9434228791e-09 1.1822992967e+04 1.2537488316e+00 
1.7610443782e-08 1.2252644196e+04 7.8406039827e-01 
5.1238335902e-11 1.1289522786e+04 7.9229055909e-01 
6.5252910358e-09 1.4715348139e+04 2.0186567254e-01 
3.7081800773e-10 2.0835701123e+04 1.2956859788e+00 
5.9605414069e-08 1.8859223386e+04 1.1205027076e+00 
2.8765183405e-10 1.2603235321e+04 9.1597548148e-02 
5.0957796981e-09 1.3460104475e+04 8.3885792343e-01 
1.2151200204e-09 1.3627493643e+04 4.2111585467e-01 
3.5203764767e-08 1.3919087508e+04 8.7413830110e-01 
2.0918620858e-08 1.1334582733e+04 2.2377741474e-01 
2.9209752134e-07 1.1323825345e+04 1.0850843935e+00 
1.1796787355e-08 1.2689454186e+04 1.1941697523e+00 
2.2953096933e-09 1.2505879934e+04 1.4966822915e+00 
1.1890551545e-09 1.1942678832e+04 9.0226817022e-01 
2.1368075613e-11 1.1677387482e+04 2.0551867564e-01 
2.2470215367e-07 1.2586063934e+04 7.9023080977e-01 
2.1133735385e-09 1.1752207909e+04 3.9348385888e-01 
4.6302866346e-11 1.7798055223e+04 6.0159723126e-01 
2.8286379096e-08 1.1234026136e+04 1.1062040750e+00 
2.5996127487e-09 1.5047575602e+04 4.5400414476e-01 
2.5281959629e-07 1.5753898849e+04 1.2131563824e+00 
9.2705420922e-10 1.3007434217e+04 9.9589426701e-01 
1.6597727587e-08 1.3852003084e+04 1.1198313861e+00 
1.6821297961e-11 1.1233314125e+04 1.2433459834e+00 
7.9344747925e-09 1.8647981281e+04 5.7151084052e-01 
2.3918621322e-08 1.1470554476e+04 1.4036897288e+00 
4.2840558766e-08 1.1272291230e+04 7.9806943768e-01 
1.2686771983e-10 1.3598685183e+04 4.0848037320e-01 
1.5844396944e-08 1.3113264312e+04 9.6379976072e-01 
9.6800363629e-07 1.3315769817e+04 5.7995829473e-01 
3.9128765714e-09 1.1619145834e+04 1.0833984238e+00 
9.3452524024e-10 1.2450741526e+04 2.5803726887e-02 
2.4958847376e-09 1.3360327816e+04 4.6334831425e-01 
2.1188751563e-09 1.5282469114e+04 1.1371729309e+00 
1.2835366129e-07 1.4784362803e+04 5.7871568460e-01 
1.2819996704e-09 1.5760890877e+04 9.3880308730e-01 
3.7800164748e-08 1.1546102614e+04 1.1530057897e+00 
2.5681730047e-05 1.3008721168e+04 7.6578349559e-01 
1.8978186884e-06 2.5000000000e+04 7.2673895800e-01 
5.7044857310e-08 1.7604647356e+04 1.4526908368e+00 
1.8786829617e-06 1.9260787475e+04 3.6315560435e-02 
1.4092354818e-09 1.5478055862e+04 8.4307397346e-01 
2.5773080301e-11 1.5700733573e+04 6.5404162457e-01 
9.3041063057e-07 1.3032955534e+04 9.8531401795e-01 
2.1223964938e-11 1.2544668822e+04 4.5058282373e-01 
7.1791704634e-10 1.3192887309e+04 5.6101674010e-01 
8.3113679743e-09 1.2704345561e+04 1.5060875149e+00 
5.5860173262e-10 1.2027075277e+04 1.0098284743e+00 
5.8895366962e-10 1.2903227659e+04 4.7231298946e-01 
7.8149301578e-09 1.6654959548e+04 1.2208169714e+00 
3.7053992345e-09 1.4400148494e+04 1.2331731828e+00 
3.5026544816e-09 1.3542690408e+04 1.1450515273e+00 
1.1392718787e-11 1.1221913338e+04 1.1804317855e+00 
9.5513712698e-09 1.2710379373e+04 8.2660450027e-01 
3.1163917292e-10 2.2564952545e+04 2.5615220307e-01 
7.9882587756e-11 1.4550126776e+04 6.2738297437e-01 
2.4741708243e-11 1.6116780442e+04 1.6337299440e-01 
3.0423309283e-10 1.4090604212e+04 1.0034256278e+00 
2.3497544540e-08 1.2001874273e+04 1.9497188184e-01 
1.6638513747e-09 1.3123891622e+04 6.1897511195e-01 
2.0114728610e-06 1.1700369561e+04 8.0598049977e-01 
1.4818603166e-08 1.1438521356e+04 1.1161932733e+00 
2.3387049722e-09 1.3633003991e+04 6.5095479696e-01 
4.7214504461e-11 1.2207784482e+04 2.3717899825e-01 
1.8824218773e-06 1.1867265329e+04 6.2634050029e-01 
9.8569437286e-08 1.6299606265e+04 9.3215260605e-01 
4.3513390962e-11 2.5000000000e+04 2.6161396820e-01 
2.6140780971e-11 1.2192984169e+04 8.3923576532e-01 
1.2510088081e-07 1.2335933637e+04 1.0082774848e+00 
1.1493384069e-10 1.2943587030e+04 8.9989001949e-01 
1.0220764986e-09 1.6741361144e+04 5.4112172472e-01 
1.6319191306e-10 1.4474756728e+04 3.9666921604e-01 
1.6154336353e-09 1.6159460272e+04 6.3529005333e-01 
1.7818600145e-09 1.1601731570e+04 6.2044962282e-01 
3.5538699293e-11 1.1714675256e+04 1.3915865642e+00 
1.9790139290e-08 1.2660773900e+04 3.8715625172e-01 
1.3543208586e-07 1.8656252254e+04 5.8916098721e-01 
2.0450673062e-09 1.6894760903e+04 1.4118385361e+00 
1.4269309717e-07 1.5377462598e+04 1.5097166251e+00 
1.4996805672e-11 1.6020279146e+04 9.2807161149e-01 
4.9518925445e-09 1.1497975993e+04 3.6164341549e-01 
4.6736971764e-08 1.6517218731e+04 7.3340474285e-01 
1.1814820626e-11 1.6967356087e+04 7.0056007916e-01 
2.6748039971e-08 1.1843932195e+04 1.3355944542e+00 
4.0878024944e-08 1.2378498822e+04 7.5278303487e-01 
5.9135908175e-09 1.1810368717e+04 2.7358931208e-01 
1.9117842009e-08 1.7454277143e+04 7.6517011862e-01 
9.0654493169e-08 1.9652754796e+04 1.3147841100e+00 
3.0791453984e-09 1.1307289222e+04 5.5080403838e-01 
1.1411669756e-09 1.1577372711e+04 1.3753402238e+00 
3.6250544337e-09 1.1920089649e+04 1.9130359567e-01 
1.5866280200e-07 1.3238081357e+04 5.7850875207e-01 
2.3187727008e-09 1.4811407196e+04 5.0404755386e-01 
3.3497735427e-11 1.9447525456e+04 7.7272170566e-01 
1.0689549466e-08 1.1881161368e+04 5.8340294528e-01 
1.0072373179e-09 1.1414149651e+04 1.1533816346e+00 
7.4405691687e-07 1.6914417367e+04 8.8137458681e-01 
4.3634742865e-10 1.4461434268e+04 8.2398624448e-01 
4.2599534505e-10 1.1255885076e+04 8.7929392219e-01 
1.6029041699e-07 1.1856250081e+04 8.5967726291e-01 
4.7040433985e-09 2.4389855547e+04 4.4761796157e-01 
1.4909895342e-08 1.9984491901e+04 7.4020979622e-01 
1.0251094356e-07 1.1789045853e+04 8.3778848350e-01 
2.3557632608e-09 1.6232539735e+04 1.0526717076e+00 
1.9842294830e-09 1.7887524217e+04 9.7687889863e-01 
1.8789431834e-07 1.1680105524e+04 2.6717784096e-01 
7.1907608452e-07 1.1449748700e+04 5.6080805109e-01 
2.4557083080e-08 1.1709458577e+04 6.0614575249e-01 
1.2505375859e-06 1.2872355416e+04 6.2764752864e-01 
3.2456762409e-11 1.1220863388e+04 3.3772893363e-01 
6.9841975403e-07 2.5000000000e+04 1.3256308885e+00 
8.2349268713e-09 1.4273116948e+04 6.6856687140e-01 
3.7218117714e-08 1.2130712056e+04 4.8795350280e-01 
7.4129294938e-10 1.2945245479e+04 8.8557462660e-01 
2.5872177471e-08 1.2875685511e+04 1.0142851353e+00 
5.1455169056e-06 1.4435250980e+04 5.8378627194e-01 
7.6575231100e-10 1.6534374869e+04 6.3885343992e-01 
1.7223561895e-10 1.1893329153e+04 1.0716633331e+00 
8.6769537273e-09 2.1992602418e+04 3.9297107708e-01 
3.3668850568e-08 1.5746944090e+04 1.2934020007e+00 
6.9296977623e-08 1.1903478782e+04 7.6679904538e-01 
7.3060596283e-09 1.3497623479e+04 8.4841583699e-01 
1.5274876367e-06 1.2136393763e+04 6.4013312469e-01 
5.6300041648e-10 1.8668333950e+04 7.4056993698e-01 
2.2484465256e-10 1.3431403285e+04 1.9684399699e-01 
9.1208992938e-08 1.1328431234e+04 9.9372175174e-01 
2.5094573461e-09 1.3575695338e+04 7.5889970473e-01 
2.5411756980e-07 1.4202609458e+04 1.1871993032e+00 
6.7834486942e-06 1.2592947019e+04 9.2236143116e-01 
3.3897445434e-10 1.1546338760e+04 9.3574521045e-01 
1.2294150541e-10 1.2877760970e+04 6.5083807219e-01 
4.9978947559e-07 1.3023564018e+04 1.1835147701e+00 
1.1941973905e-08 1.4010421462e+04 2.5331702255e-01 
4.1514652890e-08 1.2728067324e+04 1.1783892190e+00 
4.3648364439e-09 1.6612278613e+04 1.0198356393e+00 
7.8949944770e-07 1.7295443610e+04 7.8085168821e-01 
9.0857394626e-12 1.1331438329e+04 1.2391235314e+00 
3.5604061776e-07 1.5056915472e+04 3.4857922832e-01 
3.5822091529e-11 2.4304683360e+04 9.6977027249e-01 
6.3218603144e-06 1.4468985343e+04 5.5764387761e-01 
3.4992525778e-06 1.2544213710e+04 8.0679210221e-01 
2.5085278679e-07 1.2180872129e+04 1.2986716827e+00 
1.0396356427e-07 1.1341311566e+04 1.4012928398e+00 
1.8464661925e-09 1.3194301992e+04 9.1877657804e-01 
9.8264031219e-10 1.2063919064e+04 1.3009765687e+00 
8.6951649178e-09 1.6110292494e+04 5.1747232023e-01 
8.6925639699e-08 1.1798704115e+04 7.9097262724e-01 
2.6513701841e-05 1.5406955184e+04 7.0201295218e-01 
7.1765213980e-10 1.4516268218e+04 7.5380693289e-01 
2.3358890199e-10 1.1417310433e+04 1.3189693582e+00 
9.0747606473e-10 1.1411031402e+04 5.8213940327e-01 
2.7131408489e-09 2.1498178169e+04 8.7703514706e-01 
2.3718890770e-08 1.3615674250e+04 1.0009084243e+00 
1.3622262084e-10 1.2648303538e+04 1.0367012716e-01 
2.9482039129e-09 1.5581254618e+04 8.6940470634e-01 
1.4032717688e-08 1.1693491666e+04 1.0459265832e+00 
1.9931778852e-11 1.3932571342e+04 1.2719272615e+00 
4.9437550185e-09 1.1263639293e+04 7.3490606354e-01 
1.5535283305e-08 1.8081387345e+04 1.0092996111e+00 
1.0384640846e-05 1.7812331224e+04 1.0713073113e+00 
3.8323411854e-07 1.3139305563e+04 8.7418280854e-01 
2.1607656980e-08 1.2624194754e+04 1.0391323300e+00 
1.6507975234e-08 1.1572831976e+04 7.9811446303e-01 
9.1657165866e-08 1.2058604523e+04 9.9711912724e-01 
3.0870829256e-10 1.2912273573e+04 4.9706995633e-01 
6.5806295074e-09 1.4645228338e+04 1.2298987247e+00 
2.6244804147e-06 1.1449367701e+04 7.9847411879e-01 
2.6776952392e-10 1.1342473939e+04 1.9152334211e-01 
2.3066468096e-09 1.1362683640e+04 1.0647264327e+00 
6.6437140981e-09 1.1344997719e+04 8.1365556345e-01 
2.7039997051e-08 1.4155717464e+04 6.0720900340e-01 
9.6512256543e-09 1.6012308610e+04 7.8455838300e-01 
3.6071839061e-09 1.2133172580e+04 9.5183179045e-01 
1.5740883457e-09 1.4533857591e+04 3.9402485938e-01 
2.6363272607e-07 1.3588788010e+04 7.4556557253e-01 
1.9097203764e-05 1.2733281482e+04 6.4708431557e-01 
4.7178839496e-09 1.2826004200e+04 4.5846129895e-01 
1.1741992553e-08 1.2680221501e+04 4.2268190892e-01 
7.2977588790e-08 1.2451408893e+04 6.3300831197e-01 
2.3858401260e-09 1.2140110092e+04 1.0366111814e+00 
2.0728594148e-06 1.9755758047e+04 8.1774571692e-01 
2.2323657795e-09 1.3717884419e+04 6.6673377129e-01 
2.0395018455e-10 1.7535323590e+04 1.2670022874e+00 
1.6249058408e-07 1.2908687911e+04 9.6268721342e-01 
1.5232498419e-08 1.1795116814e+04 5.0594225934e-01 
1.5171710190e-10 1.4802044629e+04 9.9968404864e-01 
1.3353410127e-09 1.7499403009e+04 3.1941735724e-01 
5.6145211061e-12 1.6268286554e+04 6.2949597952e-01 
1.8860244820e-07 1.5542241145e+04 1.2182860217e-01 
1.6994160373e-08 1.4896976662e+04 1.4825589380e+00 
3.7517432821e-09 1.3719096652e+04 5.5075093733e-01 
1.7700354211e-11 1.3988562459e+04 6.2677362653e-01 
1.0949338124e-08 1.1605609451e+04 3.0659115109e-01 
4.4445199271e-11 1.3858098934e+04 7.6478341851e-01 
1.0182576251e-09 1.1620587993e+04 9.3529789448e-01 
8.7675003710e-08 1.2063852930e+04 1.3136141936e+00 
1.9861847697e-10 1.5408033551e+04 2.6147520331e-01 
1.5608101099e-10 1.6666043380e+04 1.6811687514e-01 
5.9384396542e-08 1.2129229926e+04 3.7124117339e-01 
9.4714431321e-12 1.2403415734e+04 4.4305208991e-01 
1.1908753602e-09 1.1613488545e+04 1.2834155016e+00 
9.1119427920e-10 1.1404552606e+04 9.0171154697e-01 
3.4560672672e-06 1.1786626701e+04 7.3582807416e-01 
6.4026261339e-07 1.9730867678e+04 1.0210212533e+00 
6.9437504171e-09 1.2738506061e+04 5.9820458978e-01 
5.5612554027e-07 1.1852741290e+04 1.2056950394e+00 
4.6545205611e-09 1.6665967332e+04 1.2320818265e+00 
3.0243653409e-11 1.1722301206e+04 6.3450535584e-01 
1.0190277288e-07 1.3108423958e+04 9.5531399823e-01 
4.1302412418e-12 1.1472786145e+04 8.4582837764e-01 
2.4973381758e-07 1.6428900251e+04 5.6047468338e-01 
1.0363703207e-08 1.2193863511e+04 7.4363764113e-01 
2.9587031046e-08 1.1693275407e+04 6.3916434276e-01 
5.1692510990e-09 2.1404669575e+04 3.3512395584e-01 
9.8884964516e-07 1.1328079862e+04 1.1191054887e+00 
4.7431136983e-07 1.3222247828e+04 1.1584666779e+00 
4.1814271194e-10 2.3320295491e+04 7.3812031383e-01 
1.2765632119e-07 1.7802730553e+04 2.7714860011e-01 
9.3622289247e-11 1.7457223221e+04 2.8278192993e-01 
1.1396287439e-09 1.6060003723e+04 1.0479800634e+00 
3.0526447276e-06 1.9000971622e+04 5.7562183298e-01 
9.6579647557e-11 1.5177480326e+04 8.5921752079e-01 
1.4479436063e-06 1.2859328985e+04 8.5735150569e-01 
4.6616324162e-07 1.3602136439e+04 7.7771470127e-01 
2.2105877986e-09 1.1722175072e+04 5.8959150174e-01 
3.7419266938e-09 1.2386121240e+04 5.5989589934e-01 
1.6030882217e-08 1.1332654001e+04 1.0618266414e+00 
4.6348517873e-12 1.3632467753e+04 5.2881737883e-01 
5.2561009505e-07 1.3071065003e+04 9.0583942261e-01 
4.4945650902e-07 1.1660386936e+04 1.0832226064e+00 
8.6018030098e-09 1.1423278447e+04 9.2141044472e-02 
1.7585944278e-08 1.2810811832e+04 7.9623959118e-01 
7.7315213196e-09 1.1715309767e+04 1.0838617781e+00 
1.1514182845e-10 1.3468604184e+04 9.8459348186e-01 
7.9705929018e-11 1.3251256676e+04 2.4533515018e-01 
5.3768845286e-08 1.4905060787e+04 7.2302527719e-01 
1.1148053869e-07 1.9546783706e+04 6.7876369904e-01 
6.9534330573e-07 1.1643474488e+04 5.6299757151e-01 
1.8494055470e-10 2.5000000000e+04 1.3167650136e+00 
1.9544252926e-09 1.6691015041e+04 3.5209503905e-01 
3.1471555211e-08 1.2477148145e+04 9.1838595871e-01 
7.7256138359e-11 1.2001350276e+04 5.4860100140e-01 
1.9590236448e-10 1.2825179321e+04 6.0496868178e-01 
4.8751127805e-07 1.3354027901e+04 3.1744370881e-01 
1.3295224284e-09 1.1855974603e+04 1.1950584961e+00 
4.2422080859e-09 1.2322725153e+04 6.9450901336e-01 
2.2124202198e-08 1.3774237070e+04 1.0869224999e+00 
6.3163491583e-09 1.1618041974e+04 1.2428193198e-01 
5.1543996345e-07 1.2057143441e+04 9.6411411186e-01 
1.6240355401e-07 1.3244819864e+04 3.5232515626e-01 
5.6698035323e-11 1.4362608943e+04 1.1426442616e+00 
9.2296881278e-10 1.3026912640e+04 1.2242812661e+00 
8.5445537331e-08 1.1323380703e+04 7.8936936664e-01 
1.7898940480e-09 1.2662920030e+04 1.2226605451e+00 
1.1383377500e-06 1.3076835694e+04 1.1554965596e+00 
1.6341650263e-09 1.2437122927e+04 4.0053892454e-01 
4.2061137068e-11 1.1595487453e+04 1.0833953580e+00 
3.2297637795e-06 1.1947738987e+04 8.5033591164e-01 
9.5182001909e-11 1.3239256783e+04 6.6437745525e-01 
3.0778648010e-10 1.3625148746e+04 2.7584732258e-01 
4.0943118874e-08 1.2866652832e+04 8.0818043483e-01 
2.7164141820e-06 1.4084462730e+04 1.1127293954e+00 
4.8277914359e-09 1.7258321034e+04 1.0782259147e+00 
1.8394866954e-09 1.8115018342e+04 1.4692245432e+00 
9.8832895447e-10 1.4783376079e+04 6.5121328743e-01 
1.2814131986e-11 1.7769615318e+04 4.0831803857e-01 
8.1257666190e-09 1.4432528642e+04 7.4537569662e-01 
6.5595954882e-11 1.1594541612e+04 7.0542729971e-01 
8.1791212551e-09 1.5220313129e+04 6.9104449235e-01 
9.4103782774e-11 1.2822250269e+04 7.2428472497e-01 
1.5589175673e-08 1.1262756526e+04 1.3200333477e+00 
4.7840055561e-09 1.1593206202e+04 8.4610439874e-01 
4.1025614924e-11 1.2036078675e+04 3.0803761833e-01 
6.1744488278e-09 1.6296142392e+04 7.6971581271e-01 
7.5267394778e-10 1.3413876569e+04 1.2115814400e-01 
8.2888214351e-10 1.3548174726e+04 6.4390246746e-01 
3.6675199014e-09 1.3920586810e+04 1.2375829710e+00 
2.4297820524e-05 1.1266593743e+04 7.4925501359e-01 
9.9546853299e-08 1.3750740804e+04 3.5537331091e-01 
2.0850579997e-08 1.2704319588e+04 6.9985406982e-01 
1.6709450115e-10 1.4403851766e+04 2.6178320607e-01 
7.7259635014e-10 2.5000000000e+04 1.0181676435e+00 
6.9079669958e-08 1.4589933771e+04 5.7157364409e-01 
7.4812581230e-11 1.7903506439e+04 5.3361713170e-01 
1.4190123500e-10 1.9820622439e+04 6.8266677461e-01 
1.1847311183e-10 1.4905413736e+04 5.7169186101e-01 
1.3912860691e-08 1.1845338444e+04 1.5062270850e+00 
4.5774654209e-06 2.5000000000e+04 4.2608074862e-01 
7.3785175365e-09 1.8226206612e+04 9.9196477307e-01 
8.1245521983e-08 1.2318264661e+04 4.2263349883e-01 
7.2770204814e-09 1.2130056431e+04 3.6444127335e-01 
1.3315180032e-09 1.4833341209e+04 1.1405582184e+00 
1.5649748330e-08 1.5408009240e+04 1.9789238870e-01 
1.1853816041e-11 1.9064193768e+04 8.4147924297e-01 
8.8537061213e-09 1.1407625215e+04 9.3604259604e-01 
1.8487528491e-09 1.3895440766e+04 9.6649324619e-01 
1.7848028191e-10 1.1276507518e+04 4.8930338647e-01 
7.9216063825e-09 1.2192882588e+04 6.2630315164e-01 
6.6078008748e-06 1.4780546224e+04 1.2420841031e+00 
5.6189330216e-08 1.6787966760e+04 1.1044811890e+00 
5.4936384583e-10 1.4307647895e+04 4.7479586177e-01 
3.5501790708e-06 1.2716575474e+04 1.2535037709e-01 
