3.7892939074e-05 7.0040463948e-01 
4.2477569855e-04 6.4016095611e-01 
2.8732272260e-05 7.4552022963e-01 
1.9740981665e-05 7.2228344088e-01 
3.2648852601e-05 7.2686595101e-01 
2.9295238542e-04 6.5011686897e-01 
1.2449131827e-05 6.8238785106e-01 
2.0557512270e-04 6.6624651715e-01 
2.6314446636e-05 7.1750391693e-01 
6.6897186361e-05 6.9357144792e-01 
4.3908439066e-05 7.0548394526e-01 
9.6436670064e-05 6.8212347290e-01 
4.4964703637e-05 6.9526469131e-01 
3.4069204793e-04 6.4448556159e-01 
4.9984957695e-04 6.3044614038e-01 
4.2075815938e-05 7.0317094321e-01 
1.0359193918e-05 7.3443694075e-01 
2.2058388380e-04 6.6023990275e-01 
3.8641403379e-05 6.9501740896e-01 
3.4764353945e-05 7.1118872511e-01 
1.4120345317e-04 6.7186206148e-01 
1.5306245849e-05 7.2960378840e-01 
6.7073241510e-05 6.9487572440e-01 
7.3994712363e-04 6.1524260809e-01 
2.6042153494e-05 1.0000000000e+00 
1.4848031932e-05 6.8307769650e-01 
7.5516440393e-05 6.9079204552e-01 
1.7395303251e-05 1.0000000000e+00 
1.0287271826e-04 6.8440526457e-01 
2.6293928342e-05 6.7834171673e-01 
1.0080710021e-04 6.8211167547e-01 
5.7798281146e-04 6.3156159041e-01 
1.8245180620e-04 6.7288934536e-01 
2.7902305886e-04 6.5225032475e-01 
3.1863136583e-05 7.0324031253e-01 
5.6225943230e-05 6.9525518689e-01 
8.0157950483e-05 6.8201555944e-01 
7.1302628861e-05 6.9222895949e-01 
4.5634616669e-05 7.0220050440e-01 
3.5897594094e-04 6.4757395136e-01 
1.1228237598e-04 7.0201004924e-01 
4.5890298231e-04 6.3051849620e-01 
2.4876537297e-04 6.5608964100e-01 
1.4760062048e-05 6.4640077673e-01 
3.8686368731e-05 6.3102890350e-01 
5.3242547655e-05 6.9574276271e-01 
4.3786159852e-05 7.0323731247e-01 
2.0622120335e-05 7.1023418672e-01 
3.0585297140e-05 7.0470181382e-01 
1.7150307733e-04 6.6796891392e-01 
9.5429806538e-06 7.2642463585e-01 
1.8159736837e-05 7.3466282324e-01 
7.1136491057e-05 6.8287855631e-01 
1.3430837362e-04 6.7468787122e-01 
2.7889949065e-04 6.6212004738e-01 
6.7734659469e-05 7.0013556055e-01 
1.0562633165e-05 1.0000000000e+00 
2.9878863385e-05 6.8946007072e-01 
1.0680205122e-04 6.9123907361e-01 
1.3634819078e-04 7.0896264645e-01 
1.1845458652e-05 7.2447276472e-01 
2.3192335998e-05 7.0692241560e-01 
2.3273662125e-04 6.5843125181e-01 
1.8920870728e-05 7.1930491247e-01 
1.5969700331e-04 6.7700249053e-01 
7.3327884306e-04 6.2760821669e-01 
1.5056426281e-04 6.7300148118e-01 
2.2472156942e-05 6.4737787864e-01 
2.9626182352e-05 1.0000000000e+00 
6.4480756834e-05 6.9686132017e-01 
1.8792432903e-04 6.6440079383e-01 
9.5925130793e-06 1.0000000000e+00 
2.1629329814e-05 1.0000000000e+00 
3.3643808310e-05 7.0606367771e-01 
6.7660274706e-05 6.9006851163e-01 
1.1286956275e-04 6.8354656508e-01 
4.2928272765e-05 7.0395359883e-01 
5.7781674264e-05 6.9642043519e-01 
5.0359276032e-06 1.0000000000e+00 
3.8764679701e-04 6.4342120227e-01 
1.0332063239e-05 6.9614162838e-01 
5.0554352195e-06 7.5225123260e-01 
5.9981045699e-05 6.9842203482e-01 
2.0667030340e-04 6.6332248729e-01 
3.1497795098e-05 6.5319785615e-01 
5.0558974933e-05 7.0146032030e-01 
3.2408831349e-05 6.4968333848e-01 
3.0925022821e-05 7.1548780990e-01 
1.4033074726e-05 6.7312885940e-01 
4.2265729256e-05 6.9164416235e-01 
1.3763155362e-05 1.0000000000e+00 
6.6098208918e-05 7.1732469879e-01 
6.8636981865e-05 7.1875949700e-01 
3.4200101373e-05 6.9453651045e-01 
2.2318870258e-04 6.6086993217e-01 
4.9305933836e-05 6.9478345370e-01 
1.6642665942e-05 6.7427918556e-01 
1.2190558519e-04 6.8645422391e-01 
5.8510756381e-04 6.2447683215e-01 
1.4776758467e-04 6.7182923619e-01 
2.8696399663e-04 6.5622776454e-01 
1.7361975493e-05 7.2584340080e-01 
6.7427666512e-05 6.8760328254e-01 
3.5760054209e-05 7.1165256663e-01 
1.5904864453e-04 6.6943179021e-01 
1.0201853411e-05 1.0000000000e+00 
3.3964705427e-05 6.5014147588e-01 
1.0132080281e-04 6.8472155930e-01 
4.1971953045e-05 7.0399323644e-01 
4.2875496589e-04 6.2961274584e-01 
1.4930028281e-05 7.2805272613e-01 
2.4251406304e-05 6.5262962897e-01 
8.6575760875e-04 6.0367651408e-01 
1.5083596459e-05 6.5001178335e-01 
1.6911695970e-04 6.7045019301e-01 
1.1153085441e-04 6.8196271319e-01 
5.0277792459e-04 6.2213716709e-01 
1.9896272745e-04 6.6495531256e-01 
1.2360532476e-05 1.0000000000e+00 
4.3773445418e-04 6.3363079367e-01 
1.1473484450e-04 6.7892703289e-01 
9.9004511287e-05 6.8541770905e-01 
3.2132095926e-05 7.0763399497e-01 
5.5982500476e-05 6.9461644472e-01 
7.6430564573e-05 6.9330318022e-01 
2.0530692422e-05 1.0000000000e+00 
3.2298738203e-05 7.1753855648e-01 
1.6410596873e-05 7.2935659168e-01 
4.7014290235e-05 6.6327716938e-01 
1.4371993457e-05 6.4826805366e-01 
7.6701838492e-06 1.0000000000e+00 
5.1116662968e-05 7.0438566654e-01 
3.2918794701e-04 6.4552265080e-01 
3.7352295278e-05 1.0000000000e+00 
2.4976069133e-05 6.6511367889e-01 
7.6070788441e-06 1.0000000000e+00 
1.9631764745e-04 6.6584179452e-01 
2.4837544430e-05 6.3905531267e-01 
1.6672888023e-04 6.7505292515e-01 
9.3363395896e-05 6.8020444310e-01 
3.0869169198e-04 6.5071332761e-01 
2.9359642622e-05 7.0550144498e-01 
3.9284131824e-05 7.1649393135e-01 
8.4725325228e-05 6.8769405211e-01 
7.6781093322e-05 7.0307905457e-01 
1.7251730109e-05 7.1371828408e-01 
1.6942024848e-05 7.4313009972e-01 
4.6760173202e-05 6.8942488919e-01 
1.8339739800e-05 7.1560532424e-01 
6.4936495802e-05 6.9932994657e-01 
3.4340429498e-05 1.0000000000e+00 
2.5531301817e-05 6.3706635955e-01 
1.8159503138e-05 6.7881628549e-01 
3.1226551615e-05 6.9576793054e-01 
2.2981815653e-04 6.5857594332e-01 
1.4434375640e-05 6.7931928101e-01 
3.8984992864e-05 6.9772843809e-01 
2.1194730683e-04 6.6150974808e-01 
1.4116520930e-04 6.7257388397e-01 
1.3814700467e-04 6.9909556255e-01 
3.9030964223e-05 7.1059572760e-01 
1.2209757497e-04 6.7484004622e-01 
2.5210840575e-04 6.5513277614e-01 
4.5045824310e-04 6.3211319570e-01 
1.8541153723e-05 7.1484215862e-01 
1.3790957532e-05 7.1311559155e-01 
2.2826110787e-04 6.6847182516e-01 
6.7454410243e-05 6.9532210163e-01 
6.0257508967e-04 6.1211786560e-01 
3.2150377435e-04 6.4719904275e-01 
4.7939590175e-04 6.4587427782e-01 
4.4787000742e-05 6.9048615537e-01 
1.5310581819e-04 6.7122746274e-01 
2.4601971650e-05 7.2002837399e-01 
8.5626550023e-05 6.8874839333e-01 
8.1723387461e-05 6.8462345114e-01 
2.1136952489e-04 6.6075288736e-01 
7.9344468015e-05 6.8297900695e-01 
9.0315907712e-06 1.0000000000e+00 
4.6364014947e-04 6.3103823241e-01 
3.7079489490e-05 7.0047321665e-01 
1.1543653659e-04 6.7652007620e-01 
7.2376777917e-04 6.0725011194e-01 
6.5034085116e-05 6.9231401449e-01 
1.4885653976e-04 6.7339567842e-01 
8.6418143318e-06 1.0000000000e+00 
3.9333918087e-05 6.9587045102e-01 
1.0312348250e-04 6.8152000050e-01 
9.3792206890e-05 6.8162467388e-01 
4.2625412797e-05 7.0593953943e-01 
1.0644380145e-04 6.7842441656e-01 
8.2339866510e-04 6.1978660552e-01 
7.8217022544e-05 6.8752885518e-01 
1.4481021213e-04 6.7212631727e-01 
2.3168777061e-05 6.7800516207e-01 
2.9930380891e-05 7.0666604193e-01 
