3.2930011345e-07 1.1399992049e+04 1.3213991607e+00 5.1000000000e-01 
1.8427914650e-08 1.1777818559e+04 4.7256150940e-01 5.1000000000e-01 
5.5811643228e-08 1.2016086225e+04 1.0012022927e+00 5.1000000000e-01 
1.4358116333e-08 1.2162569569e+04 3.9363822734e-01 5.1000000000e-01 
8.2646115581e-07 1.2125127442e+04 1.1131354777e+00 5.1000000000e-01 
1.4210982633e-06 1.1241213339e+04 4.1402988349e-01 5.1000000000e-01 
3.9489352828e-09 1.1264350522e+04 2.4299638098e-01 5.1000000000e-01 
8.1727174250e-06 1.2834322207e+04 6.0977053012e-01 5.1000000000e-01 
2.5764154219e-10 1.7426828654e+04 4.6856832369e-01 5.1000000000e-01 
7.0738948752e-08 1.4243390771e+04 1.0605033763e+00 5.1000000000e-01 
1.0504911575e-10 1.6101424711e+04 8.8646400439e-01 5.1000000000e-01 
6.1112845887e-10 1.4965709597e+04 6.1749929036e-01 5.1000000000e-01 
1.6046512459e-06 1.1266728646e+04 6.1736253965e-01 5.1000000000e-01 
2.8825238195e-10 1.1761515106e+04 6.2948633767e-01 5.1000000000e-01 
8.4332535325e-11 1.1396452813e+04 4.4379459754e-01 5.1000000000e-01 
2.9582627774e-09 1.1444329146e+04 4.2910424042e-01 5.1000000000e-01 
2.7364814658e-08 1.2015420513e+04 6.9798900277e-01 5.1000000000e-01 
3.9747269386e-08 1.3831897144e+04 1.0602889271e+00 5.1000000000e-01 
3.2386182301e-07 2.0379952361e+04 7.0076001549e-01 5.1000000000e-01 
6.3234043333e-09 1.7296832406e+04 1.3041726093e+00 5.1000000000e-01 
2.1653867427e-09 1.6711750203e+04 3.9998561449e-01 5.1000000000e-01 
7.4790833209e-07 1.1480576528e+04 1.0001068174e+00 5.1000000000e-01 
2.3535319495e-06 1.3499269535e+04 8.6508014075e-01 5.1000000000e-01 
6.0762611619e-07 1.1490606959e+04 6.2480199515e-01 5.1000000000e-01 
1.8924778559e-05 1.3185296292e+04 8.0122673442e-01 5.1000000000e-01 
2.2880322937e-10 2.5000000000e+04 3.8685184722e-01 5.1000000000e-01 
1.4736991741e-08 2.0515774648e+04 7.4235668669e-01 5.1000000000e-01 
2.2899107765e-05 1.1606933627e+04 1.1325355747e+00 5.1000000000e-01 
5.8099715027e-11 1.1400340067e+04 8.4178122304e-01 5.1000000000e-01 
4.9241125296e-08 1.8502310567e+04 1.0111395142e+00 5.1000000000e-01 
1.1520485783e-09 2.5000000000e+04 3.2401813612e-01 5.1000000000e-01 
9.1514588551e-10 2.2435168342e+04 6.0030336139e-01 5.1000000000e-01 
6.1855219696e-10 1.3030710434e+04 3.1015870106e-01 5.1000000000e-01 
7.1322912991e-10 1.4607430625e+04 8.4921042265e-01 5.1000000000e-01 
7.6661191320e-10 1.4573568591e+04 6.4227901047e-01 5.1000000000e-01 
1.4052906509e-09 1.4034714206e+04 4.3571628105e-01 5.1000000000e-01 
1.8596156854e-09 1.4364795147e+04 1.2925248442e+00 5.1000000000e-01 
4.5040336339e-10 1.2596012256e+04 7.0135741000e-01 5.1000000000e-01 
1.3075792797e-10 2.0633344684e+04 7.9522486081e-01 5.1000000000e-01 
3.0611364518e-09 1.1433988632e+04 2.4310124340e-01 5.1000000000e-01 
3.3483953178e-08 1.5561023633e+04 1.0547215227e+00 5.1000000000e-01 
2.6969901166e-05 1.4249708150e+04 3.3757034563e-01 5.1000000000e-01 
9.0128485682e-10 1.4377830201e+04 1.0171843675e+00 5.1000000000e-01 
1.4929762040e-11 1.1740612074e+04 1.0091304490e+00 5.1000000000e-01 
2.5992807510e-06 1.3080022575e+04 7.2984671529e-01 5.1000000000e-01 
1.6045612045e-10 1.1818089988e+04 5.0234943191e-01 5.1000000000e-01 
1.4959103845e-09 1.3060748935e+04 1.0879871156e+00 5.1000000000e-01 
4.9762494795e-10 1.2363870204e+04 1.2127570310e+00 5.1000000000e-01 
7.7318866336e-10 1.1870589144e+04 4.9009835069e-01 5.1000000000e-01 
5.2412874821e-08 1.9129441173e+04 1.2447860843e+00 5.1000000000e-01 
1.0186093549e-06 1.2022542075e+04 5.9932158307e-01 5.1000000000e-01 
1.4689626638e-09 1.2819090161e+04 1.1201784589e+00 5.1000000000e-01 
4.5856637796e-06 1.3217484466e+04 5.5989748492e-01 5.1000000000e-01 
3.1224782524e-07 1.4796325086e+04 1.3649254930e+00 5.1000000000e-01 
5.9872816696e-11 1.4511328357e+04 9.6100886572e-01 5.1000000000e-01 
2.9393542158e-09 1.1786795547e+04 6.7824767803e-01 5.1000000000e-01 
2.6754027192e-08 1.1858278985e+04 6.1296502550e-01 5.1000000000e-01 
1.2501355671e-08 1.3120724959e+04 8.0944392305e-01 5.1000000000e-01 
1.9932531300e-06 1.5664075965e+04 9.4803898747e-01 5.1000000000e-01 
6.4607159839e-07 1.2088066425e+04 5.6408766715e-01 5.1000000000e-01 
4.2699532823e-08 1.3873885539e+04 4.8372659353e-01 5.1000000000e-01 
3.6622936616e-11 1.1721631262e+04 4.6306894967e-01 5.1000000000e-01 
1.2303738361e-09 1.2210534714e+04 6.5212832211e-01 5.1000000000e-01 
5.9547349950e-07 1.2152701448e+04 1.9189972451e-01 5.1000000000e-01 
3.2432697124e-10 1.8681918308e+04 1.1358407193e+00 5.1000000000e-01 
9.9251485644e-08 1.2447669393e+04 9.7299287468e-01 5.1000000000e-01 
1.1767853638e-07 1.1219276952e+04 6.5947322710e-01 5.1000000000e-01 
2.6526926904e-07 1.4015363551e+04 4.7860440455e-01 5.1000000000e-01 
1.3579120187e-10 1.2508663377e+04 4.8150339404e-01 5.1000000000e-01 
2.2267001787e-09 1.2754990760e+04 7.5262452335e-01 5.1000000000e-01 
1.5296725135e-07 1.9008692275e+04 1.2613951308e+00 5.1000000000e-01 
1.6964965238e-09 1.2437193069e+04 1.0075473370e+00 5.1000000000e-01 
5.9210528861e-09 1.7351450630e+04 1.0868194091e+00 5.1000000000e-01 
1.1526715812e-08 1.5448353954e+04 4.5990987234e-01 5.1000000000e-01 
2.7903913542e-07 1.1293996606e+04 8.5902354507e-01 5.1000000000e-01 
1.1305083931e-10 1.3779886765e+04 7.4575620962e-01 5.1000000000e-01 
2.7888198382e-09 1.5002208961e+04 9.7149389194e-01 5.1000000000e-01 
2.6397265999e-07 1.4954244434e+04 1.2807580468e+00 5.1000000000e-01 
2.3667585726e-09 1.7947903574e+04 6.8014872449e-01 5.1000000000e-01 
4.2936639944e-09 1.1653452885e+04 4.8492222528e-01 5.1000000000e-01 
1.8726737589e-09 1.7391221736e+04 6.0820506794e-01 5.1000000000e-01 
7.4283549221e-11 1.1296940046e+04 5.3813736959e-01 5.1000000000e-01 
1.7675706109e-10 1.1347571988e+04 1.0146870762e-01 5.1000000000e-01 
2.7711223589e-09 1.3377515731e+04 1.1138793877e+00 5.1000000000e-01 
7.8552445227e-09 2.0797729935e+04 5.9043992388e-01 5.1000000000e-01 
1.2306823204e-08 1.1502242415e+04 2.7196647147e-01 5.1000000000e-01 
1.7649887516e-07 1.3387147470e+04 5.4952568572e-01 5.1000000000e-01 
5.9848285040e-09 1.1788724845e+04 1.0114219344e+00 5.1000000000e-01 
9.4346465664e-09 1.1548346427e+04 5.8513790934e-01 5.1000000000e-01 
4.5863834049e-11 1.5875086562e+04 1.1685006620e+00 5.1000000000e-01 
7.4968066312e-09 1.2047622621e+04 3.1580411290e-01 5.1000000000e-01 
8.3836241540e-08 1.2275217230e+04 7.4200020689e-01 5.1000000000e-01 
1.7025264302e-08 1.2185815709e+04 9.7823018662e-01 5.1000000000e-01 
3.4613481415e-11 1.2749957795e+04 8.1028224285e-01 5.1000000000e-01 
1.1737747373e-05 1.2746397683e+04 9.5597810230e-01 5.1000000000e-01 
1.1833017670e-08 1.2174147921e+04 9.0978783831e-01 5.1000000000e-01 
3.8585521302e-10 1.3936687307e+04 7.2952196721e-01 5.1000000000e-01 
2.5251835668e-10 1.2946597820e+04 7.9698273701e-01 5.1000000000e-01 
3.7902711077e-08 1.1446739100e+04 8.8869312905e-01 5.1000000000e-01 
7.5973916326e-10 1.2169069254e+04 1.0343480385e+00 5.1000000000e-01 
3.9482874471e-07 1.5673908092e+04 1.2222471817e+00 5.1000000000e-01 
6.3036514757e-11 1.5388700271e+04 9.9158562980e-01 5.1000000000e-01 
7.3859892700e-10 1.3646882102e+04 1.3305387099e+00 5.1000000000e-01 
3.5835195661e-07 1.2471383650e+04 2.9934800423e-01 5.1000000000e-01 
1.7505126510e-10 1.1848999821e+04 8.8750817978e-01 5.1000000000e-01 
1.3099546283e-09 1.2309541135e+04 9.4487251249e-01 5.1000000000e-01 
3.7407333904e-08 1.2894647165e+04 3.0233684903e-01 5.1000000000e-01 
2.2554461197e-10 1.2936748416e+04 1.1896785916e+00 5.1000000000e-01 
1.0201561356e-06 2.5000000000e+04 5.5579258791e-01 5.1000000000e-01 
1.2936645675e-07 1.2796742958e+04 3.8685474109e-01 5.1000000000e-01 
1.1624842080e-10 1.2077206524e+04 7.1016404148e-01 5.1000000000e-01 
5.3865235529e-10 1.1597390922e+04 3.4958456429e-01 5.1000000000e-01 
2.8219796565e-08 1.3693368163e+04 5.3363879432e-01 5.1000000000e-01 
5.8014579210e-08 1.6570980840e+04 3.1243412876e-01 5.1000000000e-01 
1.5142889501e-06 1.4007533678e+04 8.3798102574e-01 5.1000000000e-01 
3.3033276230e-09 1.1659719340e+04 5.0878865211e-01 5.1000000000e-01 
8.4865506630e-08 1.3802098353e+04 2.2775509041e-01 5.1000000000e-01 
7.5357836822e-07 1.6330010722e+04 9.1207407415e-01 5.1000000000e-01 
1.6572352593e-10 1.7781898112e+04 2.9016837346e-01 5.1000000000e-01 
5.0047549213e-07 1.1556994203e+04 3.8109466525e-01 5.1000000000e-01 
8.6887779041e-10 1.2454157026e+04 6.3875545665e-01 5.1000000000e-01 
2.1840973967e-09 1.8705140517e+04 1.3906656389e+00 5.1000000000e-01 
1.9835409894e-08 1.4944403087e+04 4.1898841417e-01 5.1000000000e-01 
9.2329622149e-08 1.7529565046e+04 5.7908452338e-01 5.1000000000e-01 
5.7461233012e-09 1.2002523038e+04 5.1781111729e-01 5.1000000000e-01 
2.0901882897e-08 1.1875883119e+04 1.0870156562e+00 5.1000000000e-01 
8.2230552011e-09 1.6529520489e+04 1.3375385526e+00 5.1000000000e-01 
3.0990627395e-09 2.0598449263e+04 6.4841095819e-01 5.1000000000e-01 
1.7423912152e-07 1.4987229301e+04 4.5223509445e-01 5.1000000000e-01 
2.8994270609e-08 1.1651648464e+04 7.3730252829e-01 5.1000000000e-01 
1.1469512019e-06 2.5000000000e+04 6.7737607813e-01 5.1000000000e-01 
2.3281197560e-08 1.3212070070e+04 7.9013052006e-01 5.1000000000e-01 
1.5839918241e-08 1.7887575723e+04 1.0156454553e+00 5.1000000000e-01 
2.5917077481e-09 1.1749568510e+04 7.4681199824e-01 5.1000000000e-01 
8.6585655135e-10 1.3057521628e+04 7.1787706177e-01 5.1000000000e-01 
3.0617788160e-07 1.6096717394e+04 9.5218393358e-01 5.1000000000e-01 
6.8595490880e-10 1.4407391108e+04 1.2894636922e+00 5.1000000000e-01 
1.9327615323e-08 1.5695826786e+04 7.3958500711e-01 5.1000000000e-01 
2.8105514404e-08 1.5690205392e+04 9.6429117103e-01 5.1000000000e-01 
3.5229491139e-09 1.1392223342e+04 7.7728806201e-01 5.1000000000e-01 
4.9370351874e-08 1.1541792540e+04 7.2248982190e-01 5.1000000000e-01 
1.6729541741e-08 1.1357012053e+04 1.1773709255e-01 5.1000000000e-01 
2.2924235935e-09 1.2245880882e+04 1.0449973720e-01 5.1000000000e-01 
8.8890835717e-08 1.6854048380e+04 4.7249848982e-02 5.1000000000e-01 
1.1420424130e-06 1.7578639236e+04 3.2362799061e-01 5.1000000000e-01 
4.2953539375e-12 1.2097732130e+04 7.4383532297e-01 5.1000000000e-01 
3.8266650972e-07 1.1823577138e+04 7.7034490021e-01 5.1000000000e-01 
2.7189423328e-06 1.2000142949e+04 1.3004350972e+00 5.1000000000e-01 
3.7752925824e-08 1.1432236511e+04 9.4627750200e-01 5.1000000000e-01 
2.8417025000e-08 1.3627229729e+04 1.3766768595e+00 5.1000000000e-01 
1.6321872062e-07 1.4020757333e+04 5.8067763128e-01 5.1000000000e-01 
5.2557290446e-11 1.2188791067e+04 1.1253354272e+00 5.1000000000e-01 
1.7687862974e-07 1.4367217361e+04 1.1574432160e+00 5.1000000000e-01 
1.8329003279e-08 1.2087006268e+04 3.8371796364e-01 5.1000000000e-01 
2.0361561828e-08 1.6143908500e+04 3.0519425460e-01 5.1000000000e-01 
2.3372346287e-09 2.0897193261e+04 7.7112631567e-01 5.1000000000e-01 
2.2927806076e-07 1.1685170001e+04 8.9674513005e-01 5.1000000000e-01 
1.3438592996e-06 1.3773277871e+04 8.0573538176e-01 5.1000000000e-01 
1.5643116811e-09 1.1431211553e+04 1.0772474676e+00 5.1000000000e-01 
2.5814967928e-06 1.2421383167e+04 1.4446394783e+00 5.1000000000e-01 
4.5336783961e-11 1.8283972049e+04 8.7807546853e-01 5.1000000000e-01 
2.3947086091e-06 1.1597715687e+04 6.3277171020e-01 5.1000000000e-01 
6.8939026175e-10 1.1496446342e+04 1.0091486680e+00 5.1000000000e-01 
1.3170060429e-09 1.2217365289e+04 1.0337127894e+00 5.1000000000e-01 
8.5868022730e-09 1.1615299768e+04 8.0461770218e-01 5.1000000000e-01 
1.5810359744e-06 1.2909681791e+04 5.9198929644e-01 5.1000000000e-01 
3.7669199096e-07 1.1679129863e+04 7.6572880942e-01 5.1000000000e-01 
1.3864765011e-07 1.2397975025e+04 9.0847612417e-01 5.1000000000e-01 
2.2132727201e-09 1.4156144633e+04 7.0444502718e-01 5.1000000000e-01 
1.7748885866e-11 1.1697844097e+04 7.7449757318e-01 5.1000000000e-01 
2.0363113184e-07 1.2616363684e+04 1.2016252595e+00 5.1000000000e-01 
6.4474079980e-08 1.2589563509e+04 7.2312292978e-01 5.1000000000e-01 
6.6266186467e-07 1.4549127666e+04 6.2190925475e-01 5.1000000000e-01 
2.8219000146e-08 1.6453078774e+04 7.4587501003e-01 5.1000000000e-01 
9.0012272431e-06 1.6309978501e+04 7.8370505903e-01 5.1000000000e-01 
2.1244216044e-06 1.2708977523e+04 7.7449372907e-01 5.1000000000e-01 
1.7281360010e-06 1.7703532977e+04 1.2618173477e+00 5.1000000000e-01 
1.3906192294e-11 1.1225020059e+04 2.0002515571e-01 5.1000000000e-01 
1.0454822188e-08 1.1820205699e+04 8.2042223401e-01 5.1000000000e-01 
1.3969950563e-09 1.3548345929e+04 1.2037556571e+00 5.1000000000e-01 
1.1387608048e-09 1.2449175414e+04 1.3538740881e+00 5.1000000000e-01 
2.4689104763e-09 1.3660614044e+04 1.1496786022e+00 5.1000000000e-01 
6.8218943061e-08 1.3969677546e+04 4.1484613588e-01 5.1000000000e-01 
1.1037762404e-10 1.2161093745e+04 5.0192380380e-01 5.1000000000e-01 
1.1386235123e-08 2.4230075442e+04 6.2935537361e-01 5.1000000000e-01 
1.2512017199e-07 1.2059517402e+04 1.4633691282e+00 5.1000000000e-01 
1.3117004056e-07 1.6411601338e+04 3.0291079392e-01 5.1000000000e-01 
9.0638419115e-10 1.2754918677e+04 3.5584743106e-02 5.1000000000e-01 
1.5143038674e-10 1.4112789893e+04 1.3100555920e+00 5.1000000000e-01 
3.6753594030e-09 1.2008795043e+04 4.0722714814e-01 5.1000000000e-01 
1.0060494146e-05 1.7670132321e+04 6.0365673984e-01 5.1000000000e-01 
2.0290496654e-09 1.3202122040e+04 4.1345417320e-01 5.1000000000e-01 
2.7195696693e-08 2.1300270300e+04 1.0402637502e+00 5.1000000000e-01 
5.0289919268e-10 1.2445903855e+04 7.6729022370e-01 5.1000000000e-01 
4.8047333580e-10 2.5000000000e+04 9.3223703596e-01 5.1000000000e-01 
1.0422150990e-08 1.1833207870e+04 6.0448230541e-01 5.1000000000e-01 
8.3523083695e-07 1.1981901557e+04 8.0471017889e-01 5.1000000000e-01 
1.3128144193e-08 1.1773177635e+04 1.7897352351e-01 5.1000000000e-01 
5.5877440232e-12 1.3556400051e+04 7.7775198439e-01 5.1000000000e-01 
1.2743414414e-06 1.2769063394e+04 8.5369163341e-01 5.1000000000e-01 
1.5394206031e-09 1.7129952433e+04 9.0959405843e-01 5.1000000000e-01 
9.6878273739e-09 1.6100092565e+04 7.9149909334e-01 5.1000000000e-01 
2.4461009815e-09 1.4019595498e+04 5.6389004655e-01 5.1000000000e-01 
1.4579070892e-09 1.3903648916e+04 9.4475619902e-01 5.1000000000e-01 
1.7084146716e-08 1.1468428623e+04 1.2033536356e+00 5.1000000000e-01 
1.2613665227e-11 1.2925333704e+04 5.7145018589e-01 5.1000000000e-01 
1.2176603595e-06 1.4080153732e+04 6.2995690711e-01 5.1000000000e-01 
6.4546765323e-09 1.3269807340e+04 1.0299884106e+00 5.1000000000e-01 
2.1023923493e-09 1.2944704774e+04 1.4651331800e+00 5.1000000000e-01 
2.4166188865e-07 1.2356171192e+04 2.2325338733e-01 5.1000000000e-01 
2.1555266831e-06 1.3858677137e+04 1.0039518609e+00 5.1000000000e-01 
4.2248370146e-09 1.3597251110e+04 1.4494822417e+00 5.1000000000e-01 
1.2638041692e-07 1.3095647703e+04 1.1172234982e+00 5.1000000000e-01 
3.5587304728e-10 1.4322255834e+04 5.2544198432e-01 5.1000000000e-01 
7.0291688411e-12 1.2170343466e+04 6.0535074550e-01 5.1000000000e-01 
2.9068780383e-10 1.1547122685e+04 6.9285841312e-01 5.1000000000e-01 
5.6986804107e-06 1.3194600716e+04 8.2825924975e-01 5.1000000000e-01 
5.9885973355e-07 1.1605748183e+04 4.4286065168e-01 5.1000000000e-01 
1.4436752055e-08 1.1352453784e+04 6.1447940860e-01 5.1000000000e-01 
1.0914682151e-10 2.3984620427e+04 3.0232669014e-01 5.1000000000e-01 
1.6722091819e-07 1.3431424724e+04 1.2286196072e+00 5.1000000000e-01 
4.6288271058e-09 1.4363392427e+04 8.9906384802e-01 5.1000000000e-01 
1.4201741277e-09 1.1586789988e+04 5.9511467269e-01 5.1000000000e-01 
9.1334858118e-06 1.3179963729e+04 7.2834041857e-01 5.1000000000e-01 
6.9098044475e-09 1.1380280564e+04 1.1017395059e+00 5.1000000000e-01 
2.2417578833e-08 1.3672398971e+04 7.4419230176e-01 5.1000000000e-01 
4.5067201177e-09 1.1664526087e+04 9.0490208373e-01 5.1000000000e-01 
2.6271243560e-05 1.4551059695e+04 1.3672891078e+00 5.1000000000e-01 
8.5670650566e-12 1.1753121745e+04 1.1832918707e+00 5.1000000000e-01 
3.3981288850e-09 1.5716619134e+04 4.9202408223e-01 5.1000000000e-01 
6.3876114236e-09 1.1656655356e+04 5.5894342882e-01 5.1000000000e-01 
8.0148277443e-11 1.2505166048e+04 5.9938382247e-01 5.1000000000e-01 
5.5373520604e-10 1.2658497217e+04 8.0236398292e-01 5.1000000000e-01 
4.1571095779e-09 1.2987056122e+04 1.8525112994e-01 5.1000000000e-01 
3.6011192868e-08 1.2622123195e+04 1.0386652379e+00 5.1000000000e-01 
5.6802665032e-09 1.5625490709e+04 1.2622179492e+00 5.1000000000e-01 
1.2192103283e-08 1.2026162357e+04 5.8419694612e-01 5.1000000000e-01 
4.7409802663e-09 1.1677005106e+04 8.0724608504e-01 5.1000000000e-01 
3.0228663650e-06 1.9812234936e+04 7.0511111376e-01 5.1000000000e-01 
1.4742253282e-08 2.1308637907e+04 1.0298165788e+00 5.1000000000e-01 
4.7059352436e-09 1.1970945188e+04 8.4103603096e-01 5.1000000000e-01 
2.6357989714e-09 1.6486666922e+04 5.1954487706e-01 5.1000000000e-01 
1.4236960584e-11 1.3693095072e+04 1.4543344946e-01 5.1000000000e-01 
4.9686461537e-11 1.4524697854e+04 1.3003693005e+00 5.1000000000e-01 
2.1787688799e-10 2.1701374589e+04 7.8623936621e-01 5.1000000000e-01 
1.0815075824e-09 1.1292620996e+04 1.2378632549e+00 5.1000000000e-01 
1.9817777664e-09 1.2555022153e+04 4.0015403985e-01 5.1000000000e-01 
6.2837795534e-08 1.1473161098e+04 9.7620202212e-01 5.1000000000e-01 
1.5489322283e-09 1.1829351644e+04 2.5791453765e-01 5.1000000000e-01 
2.7858230179e-10 1.1228482804e+04 4.4619246307e-01 5.1000000000e-01 
1.3572054724e-09 1.2454503991e+04 8.9529476534e-01 5.1000000000e-01 
1.2190740882e-08 2.3469918297e+04 9.9409446622e-01 5.1000000000e-01 
6.2746329892e-09 1.3134144252e+04 9.1082619255e-01 5.1000000000e-01 
4.6188847080e-09 1.1268082149e+04 1.2107394877e+00 5.1000000000e-01 
5.6148623419e-11 1.2101824747e+04 9.9717900973e-01 5.1000000000e-01 
8.3921665699e-10 1.7755132493e+04 3.0674471888e-01 5.1000000000e-01 
1.6794589092e-10 1.3363771092e+04 4.0542941611e-01 5.1000000000e-01 
3.7613401364e-08 1.5188420295e+04 7.5130859777e-01 5.1000000000e-01 
1.3223081251e-10 1.1318097100e+04 5.0939909713e-01 5.1000000000e-01 
7.4967899247e-09 1.2542166280e+04 5.7032730933e-01 5.1000000000e-01 
4.3341613445e-07 1.3560830800e+04 3.6159635164e-01 5.1000000000e-01 
3.8364470242e-07 1.1282308361e+04 7.7090436694e-01 5.1000000000e-01 
2.1258033675e-06 1.2371042399e+04 1.1638946166e+00 5.1000000000e-01 
1.5118925157e-08 1.4648489395e+04 3.5358477501e-01 5.1000000000e-01 
4.9385444894e-10 1.3694777282e+04 1.1123212804e+00 5.1000000000e-01 
8.2146084271e-11 1.3229961253e+04 1.3100072194e+00 5.1000000000e-01 
7.1623175352e-06 1.1716382576e+04 1.2048805794e+00 5.1000000000e-01 
1.4970843303e-08 1.2361279423e+04 6.8661308256e-01 5.1000000000e-01 
3.2235406187e-09 1.1952943975e+04 1.1672609323e+00 5.1000000000e-01 
1.2062551711e-10 1.4199397045e+04 1.1493953157e+00 5.1000000000e-01 
3.4220235801e-10 1.2870372240e+04 3.3103664284e-01 5.1000000000e-01 
1.3891801527e-10 1.2645896684e+04 7.7545059265e-01 5.1000000000e-01 
4.4045040208e-09 1.2870566102e+04 5.2684907546e-01 5.1000000000e-01 
3.4396532141e-08 1.1562180985e+04 4.4176647238e-01 5.1000000000e-01 
1.9402133896e-09 1.2847256357e+04 1.2464127540e+00 5.1000000000e-01 
1.0532185565e-07 1.2679574972e+04 8.2725738057e-01 5.1000000000e-01 
3.7743204146e-09 1.1973624867e+04 1.0911103891e+00 5.1000000000e-01 
2.3565955737e-10 1.2082228887e+04 1.3182965780e+00 5.1000000000e-01 
5.3306325185e-08 2.2552502954e+04 9.1654091477e-01 5.1000000000e-01 
1.0824316297e-07 1.1274952946e+04 5.8132151589e-01 5.1000000000e-01 
2.2504839895e-10 1.2405724272e+04 8.3998618244e-01 5.1000000000e-01 
3.5209336366e-09 1.1824819078e+04 8.7999637851e-01 5.1000000000e-01 
3.0186857526e-08 1.1721694014e+04 1.1131252794e+00 5.1000000000e-01 
2.4357968625e-07 1.9575442184e+04 8.0429582298e-01 5.1000000000e-01 
1.8139654029e-09 1.1720120905e+04 7.7890959507e-01 5.1000000000e-01 
3.7564786001e-09 1.2547041630e+04 8.1717567740e-01 5.1000000000e-01 
1.7739208776e-08 1.1943203632e+04 4.0464567030e-01 5.1000000000e-01 
7.6106356524e-09 1.2744612452e+04 3.4341323882e-01 5.1000000000e-01 
4.4453471209e-10 1.2244422743e+04 1.2796441132e+00 5.1000000000e-01 
1.6378110478e-05 1.3794467706e+04 7.1629244573e-01 5.1000000000e-01 
4.9587357277e-07 2.5000000000e+04 1.6075753222e-01 5.1000000000e-01 
8.3833502455e-08 1.5658184530e+04 1.1809653494e+00 5.1000000000e-01 
1.1964288410e-11 1.2481564193e+04 1.4700243658e+00 5.1000000000e-01 
1.1262000407e-10 1.2989455363e+04 8.9736830586e-01 5.1000000000e-01 
6.9573521755e-09 1.5165766809e+04 5.1835803331e-01 5.1000000000e-01 
9.5323033847e-09 1.4584770249e+04 8.9797557908e-01 5.1000000000e-01 
2.0251068614e-09 1.1645252330e+04 1.0198258063e+00 5.1000000000e-01 
7.5731308602e-11 1.1845637710e+04 8.1669902643e-01 5.1000000000e-01 
8.8821517092e-09 1.3242230255e+04 1.2472436161e+00 5.1000000000e-01 
2.1201032642e-07 1.3783805334e+04 1.0235972808e+00 5.1000000000e-01 
