2.7005888324e-05 1.0000000000e+00 
5.4012186972e-05 3.4193761020e-01 
1.7138053592e-05 3.9933829836e-01 
5.8305254016e-05 3.6538241082e-01 
2.1889346346e-04 2.4741954792e-01 
7.0595418115e-05 1.8993939495e-01 
7.3177473303e-05 3.7027853636e-01 
4.3344290479e-05 2.1216744009e-01 
6.2647862765e-06 4.3518208005e-01 
3.3338853030e-05 2.3384184375e-01 
2.2310887288e-05 3.8050397392e-01 
7.3864379323e-05 2.1302520798e-01 
9.0120298261e-05 3.3795270729e-01 
7.0996673261e-05 3.3603147206e-01 
8.1029770334e-06 1.0000000000e+00 
1.6534034609e-04 1.8938440366e-01 
1.0401976738e-05 1.0000000000e+00 
2.3131377164e-05 3.9191755582e-01 
9.4217412038e-05 1.0000000000e+00 
7.5590266520e-06 4.3104290708e-01 
7.2009365219e-05 3.2805945000e-01 
2.1145713399e-05 1.0000000000e+00 
3.0048967647e-05 4.1160228952e-01 
1.2682750802e-05 5.4245185818e-01 
4.9984604706e-06 9.9586466660e-01 
2.4858165578e-05 2.4378226519e-01 
6.7773309321e-05 4.0397607790e-01 
6.9895006575e-05 3.0457533918e-01 
5.4842176074e-05 2.3209912590e-01 
3.7515777587e-04 1.9559353225e-01 
2.5474411263e-05 2.3307474816e-01 
1.1357852431e-05 1.0000000000e+00 
1.0076211035e-04 2.9907232017e-01 
5.4387750623e-05 2.2598662853e-01 
4.4112520235e-05 3.7183573046e-01 
2.4284082987e-05 4.9274218456e-01 
1.7668279155e-05 1.0000000000e+00 
4.6240239755e-05 1.9564858003e-01 
1.3796648890e-05 1.0000000000e+00 
4.9994004415e-06 9.9884456968e-01 
4.9995478307e-06 9.9856853105e-01 
1.2155928357e-05 4.1429579078e-01 
6.0885607459e-05 2.1185016425e-01 
2.2591183781e-05 4.0388846813e-01 
3.8032847587e-05 3.6584727815e-01 
6.7593674262e-05 2.6176943020e-01 
7.2757698612e-05 3.1392463029e-01 
1.3603433840e-04 2.7794016247e-01 
1.1408096214e-05 4.0908783644e-01 
1.1620388792e-04 1.7562103655e-01 
1.3753635090e-05 3.1031548511e-01 
7.5770386779e-05 2.6001751014e-01 
4.2032316079e-05 3.8669048663e-01 
5.7518858512e-05 2.0905906777e-01 
2.8853959296e-04 2.2620002193e-01 
2.4317452220e-04 3.0506524085e-01 
2.3973654367e-05 3.8455929080e-01 
1.5012607634e-05 1.0000000000e+00 
3.1555552625e-05 3.8321010478e-01 
1.2386561601e-05 4.1007270634e-01 
6.3974442284e-05 2.2865691027e-01 
1.8368423682e-04 2.5001852250e-01 
9.6176014612e-05 2.8372196569e-01 
8.7680111593e-06 1.0000000000e+00 
1.6274171012e-05 1.0000000000e+00 
1.2244706016e-04 3.4487354591e-01 
6.5329081249e-05 3.1443669681e-01 
4.9979859878e-06 9.9605709394e-01 
4.9997951404e-06 9.9436308908e-01 
5.0000163296e-06 9.9667462284e-01 
2.9343151122e-05 3.0357757781e-01 
2.5501835286e-04 2.8980648054e-01 
1.6854327636e-05 1.0000000000e+00 
5.0476878596e-05 2.1740861392e-01 
2.5332134219e-05 3.6689354972e-01 
2.8218546201e-05 1.0000000000e+00 
1.0382224265e-04 3.0355239041e-01 
6.6058422348e-06 1.0000000000e+00 
6.3993922111e-06 1.0000000000e+00 
3.1914644597e-05 3.4327564359e-01 
3.5073906592e-05 1.0000000000e+00 
2.7524956959e-05 3.7758594890e-01 
4.7071527273e-04 1.0000000000e+00 
2.2921682457e-05 2.6512714955e-01 
2.5978094725e-05 1.0000000000e+00 
8.6941589470e-05 2.4880340840e-01 
1.8595697802e-04 2.5965607210e-01 
8.3041410312e-05 3.1240462443e-01 
2.8098668919e-05 2.1924207360e-01 
2.9803624995e-05 2.5767357369e-01 
3.6260738272e-05 1.0000000000e+00 
6.3177434925e-05 3.4953581079e-01 
4.0164003327e-05 4.3010702032e-01 
7.7542751126e-05 2.3973345274e-01 
3.1924375543e-05 3.0050435746e-01 
3.1965147023e-05 3.3901825881e-01 
1.2308334453e-04 3.0498894040e-01 
4.0340144561e-04 2.2262131069e-01 
4.9245632257e-05 3.4236193067e-01 
2.8110498006e-05 2.7523799637e-01 
4.5902410789e-05 3.4872446320e-01 
8.1526304623e-05 3.2081367460e-01 
5.6625774888e-05 3.7439296190e-01 
4.1354288026e-05 2.5154060022e-01 
1.9241662664e-05 3.2463978763e-01 
1.6776112707e-05 1.0000000000e+00 
1.0397660462e-05 4.2352562491e-01 
5.4749928653e-05 3.1562947080e-01 
5.1556514344e-05 3.1645998286e-01 
6.1689190614e-06 1.0000000000e+00 
2.1653633730e-05 3.8184521813e-01 
3.2884532388e-05 3.8097211118e-01 
1.0994164456e-05 1.0000000000e+00 
8.5322771277e-05 2.9965752571e-01 
6.6756013599e-05 1.8056098657e-01 
2.3934801381e-05 4.1941920888e-01 
4.7633353883e-05 3.3011316641e-01 
2.6189805660e-05 3.7843326745e-01 
1.1370330118e-04 2.0881165684e-01 
8.6724965754e-05 2.9740382448e-01 
2.3662847344e-05 4.0499174895e-01 
2.1786550670e-04 2.5627795189e-01 
3.2494365230e-05 3.5047759334e-01 
3.2856736414e-05 1.0000000000e+00 
8.5377615441e-05 3.1775636164e-01 
1.7190649405e-04 2.5504003694e-01 
7.3313802425e-05 2.3157677623e-01 
8.7492254820e-05 2.9612769084e-01 
1.0319027828e-04 2.8735437372e-01 
1.9804472452e-05 4.0908107692e-01 
5.9134332877e-05 3.3147954543e-01 
4.9988932010e-06 9.9767472810e-01 
9.4259751017e-05 2.9992293378e-01 
1.3024551564e-05 2.7916224126e-01 
7.1034269810e-06 1.0000000000e+00 
2.9237994001e-05 3.7618823830e-01 
6.1163416273e-05 3.2851500174e-01 
4.7174504277e-05 3.6252137309e-01 
2.5948051593e-05 2.3381346524e-01 
4.1811225098e-05 2.2903330034e-01 
2.9703009920e-05 3.6822390228e-01 
7.0050644913e-06 1.0000000000e+00 
2.0540976246e-05 2.4964574733e-01 
2.0541533694e-05 2.2586731560e-01 
1.3940916892e-05 1.0000000000e+00 
4.9112319013e-05 1.8794970677e-01 
1.0100461516e-04 1.9972361863e-01 
5.0732901834e-05 2.1826326780e-01 
9.1664830409e-05 3.0369623852e-01 
1.6677993036e-05 3.5018825177e-01 
1.5150792802e-05 4.2664557351e-01 
1.4860216868e-04 2.8573848755e-01 
1.3207394378e-05 3.8771215844e-01 
1.8241905064e-05 5.4350800068e-01 
5.3883265334e-05 1.7773113558e-01 
5.7873593456e-05 3.1154751169e-01 
3.1370710229e-05 2.2547898851e-01 
5.1394327876e-05 3.5037046590e-01 
5.4175800363e-05 3.5800949025e-01 
1.5170485228e-05 1.0000000000e+00 
2.6673413783e-04 2.5888617624e-01 
4.2833598235e-05 2.5017627074e-01 
1.5952532309e-04 3.1139680717e-01 
8.5429271363e-06 1.0000000000e+00 
1.7601034793e-04 2.6115636048e-01 
2.1721052933e-05 3.8906993652e-01 
3.4184157616e-05 3.6995563732e-01 
2.3080267494e-05 3.9268127664e-01 
1.9833271428e-04 1.0000000000e+00 
4.1190119621e-05 2.1730834948e-01 
5.1469731997e-05 2.2571700666e-01 
3.6661042839e-05 3.3376496555e-01 
1.7112154799e-05 1.0000000000e+00 
3.6272509512e-05 2.7314710795e-01 
6.0970112685e-05 1.0000000000e+00 
1.8991975854e-04 2.4231736806e-01 
2.0014162686e-04 2.9537475188e-01 
1.4856222384e-05 4.2220090243e-01 
4.3051628870e-05 3.9610314945e-01 
3.3107056881e-05 3.7444657006e-01 
1.9982201425e-05 3.5540629133e-01 
2.0647571651e-05 3.9335204113e-01 
4.9992899831e-06 9.9827049667e-01 
7.7885728614e-05 3.5558165702e-01 
4.1814644697e-05 2.4273756740e-01 
4.4333392043e-05 3.8761928321e-01 
2.8438809571e-05 4.0347221136e-01 
4.8511896626e-05 2.6773054204e-01 
6.6160061719e-05 3.0536824488e-01 
5.5170797693e-05 2.5018408241e-01 
2.0627106070e-05 1.0000000000e+00 
2.7972361740e-05 2.7817290403e-01 
2.7911314872e-05 2.1753177670e-01 
7.2325057561e-06 1.0000000000e+00 
8.3911763849e-06 4.3315968986e-01 
4.0471369199e-05 3.6953210636e-01 
1.8336005226e-05 1.0000000000e+00 
2.0358191272e-05 2.9657568180e-01 
6.2131846387e-05 3.3887264173e-01 
2.2349633422e-05 3.8661379256e-01 
6.8934569691e-05 2.3148486357e-01 
1.7530322600e-04 1.0000000000e+00 
1.0034533969e-04 2.5044805090e-01 
2.2608330049e-05 4.0329711958e-01 
3.3397950603e-05 3.7180569287e-01 
2.0344041134e-04 2.6739003293e-01 
2.7483735513e-05 3.8486321432e-01 
1.7251620896e-04 3.0388933982e-01 
2.5239227099e-05 1.0000000000e+00 
9.5237105036e-05 2.1364573848e-01 
8.1961985870e-06 4.3073890660e-01 
6.8143605974e-06 3.0678018474e-01 
2.5755794997e-05 2.5032798828e-01 
5.6061899237e-06 1.0000000000e+00 
3.7301517427e-04 2.5403754844e-01 
1.9705654761e-04 2.6429420312e-01 
7.0905277006e-05 3.0163252329e-01 
5.9389305346e-06 1.0000000000e+00 
1.5885078076e-05 2.6702171101e-01 
6.2722380040e-06 4.3711777814e-01 
4.9998277556e-06 9.9935857029e-01 
1.6906010952e-05 4.5960646456e-01 
1.2174800831e-05 4.1189721496e-01 
1.1285522951e-05 4.2410653955e-01 
5.7214404946e-06 1.0000000000e+00 
6.2811653001e-05 3.0459666097e-01 
2.3792026602e-05 1.0000000000e+00 
1.6790135781e-05 1.0000000000e+00 
5.3874132211e-05 3.5367075032e-01 
4.5386690733e-05 2.4523877025e-01 
1.3196761682e-05 3.1745960530e-01 
3.1479798603e-05 1.0000000000e+00 
1.8312563096e-05 2.3475443092e-01 
2.0861207969e-04 2.7948168101e-01 
3.2412440965e-05 3.4061027780e-01 
1.9776433641e-05 2.4414731079e-01 
4.1033751792e-05 1.0000000000e+00 
6.9863676875e-05 1.8976414765e-01 
1.1852385913e-04 2.9275420731e-01 
1.3082179554e-04 2.7773603583e-01 
3.6363996698e-05 2.5953314684e-01 
6.0349754927e-06 4.5169551095e-01 
1.5897131571e-04 2.9851803784e-01 
2.4416230766e-04 3.1235873970e-01 
4.9972141969e-06 9.9588950237e-01 
2.7823359997e-05 4.7608772544e-01 
1.3021735554e-05 1.0000000000e+00 
2.1260003003e-05 3.8174960536e-01 
1.5359205985e-05 3.8053495045e-01 
4.8276915722e-05 2.0728323459e-01 
6.9895625028e-05 2.5488135957e-01 
7.9372411970e-06 4.3191669708e-01 
5.0454429265e-05 1.0000000000e+00 
3.2562199508e-05 1.0000000000e+00 
2.0364278981e-04 2.7423566919e-01 
7.6318701937e-05 3.2888757214e-01 
1.0734769127e-04 2.8588433865e-01 
3.4763489382e-05 3.6333328993e-01 
1.4662978157e-05 5.0553846365e-01 
4.1859082538e-05 2.4214748340e-01 
1.3076662370e-05 1.0000000000e+00 
1.1733112962e-05 1.0000000000e+00 
4.9955426025e-06 9.9441402249e-01 
7.3218152195e-05 3.1063511944e-01 
3.7975611742e-05 2.5231461117e-01 
4.2225788849e-05 3.4183306599e-01 
6.7369382693e-05 3.1993833576e-01 
7.6185732502e-06 4.4529316058e-01 
2.0112358043e-04 2.7596637197e-01 
4.9994682713e-06 9.9860671560e-01 
6.2701927752e-06 1.0000000000e+00 
2.8678673576e-05 2.5503213010e-01 
7.9150949298e-05 3.4304135834e-01 
1.9428641705e-05 2.8540736564e-01 
4.9995947647e-06 9.9886682310e-01 
6.0033744280e-05 3.1755820802e-01 
9.6540124502e-06 1.0000000000e+00 
8.0641946271e-05 3.1821514895e-01 
3.8556337659e-04 2.9043545818e-01 
4.7900484411e-05 2.1606690311e-01 
1.3864878436e-05 1.0000000000e+00 
1.0866553897e-04 3.0114562085e-01 
7.3682665038e-05 3.3764005226e-01 
6.5593854791e-05 3.2381757822e-01 
5.3598332538e-05 1.7635832098e-01 
1.4346282485e-04 1.9563343140e-01 
1.2131482922e-05 1.0000000000e+00 
4.1849763572e-05 3.4728754289e-01 
4.7605475476e-05 1.0000000000e+00 
4.7915516171e-05 2.3883726213e-01 
6.7729174271e-05 3.1362111457e-01 
1.0531006622e-05 1.0000000000e+00 
8.0982217854e-05 3.0113898058e-01 
8.0291309610e-05 2.4781884473e-01 
2.1900541773e-04 2.9069440863e-01 
2.6687032566e-05 4.0000027238e-01 
1.6053107764e-05 1.0000000000e+00 
7.4371453303e-06 4.2337637068e-01 
6.2272888375e-06 1.0000000000e+00 
7.6282618474e-05 3.1074689157e-01 
6.2429102726e-05 2.0948964215e-01 
3.7615270289e-05 2.8572350893e-01 
1.2346816885e-04 3.0072562934e-01 
1.1320694353e-05 1.0000000000e+00 
4.9980177911e-06 9.9267607914e-01 
4.9993298778e-06 9.9818653170e-01 
1.0677636545e-04 2.9016865472e-01 
5.6805704868e-05 3.1876540488e-01 
4.6553801073e-05 3.1206354723e-01 
1.7126878564e-05 4.3056091940e-01 
1.9615236309e-05 4.0519997523e-01 
5.4502786783e-05 2.8389945496e-01 
9.8791969041e-05 2.9633030268e-01 
8.6107262844e-06 1.0000000000e+00 
1.7534128755e-05 1.0000000000e+00 
3.2890648006e-05 2.1916972041e-01 
4.9997849815e-06 9.9821686598e-01 
7.1010259541e-06 3.9727683337e-01 
1.0497899567e-04 2.5090480242e-01 
2.5537582049e-05 3.7046197611e-01 
1.5798643086e-04 2.8248659383e-01 
2.1788068248e-04 2.7068456537e-01 
3.9188546359e-05 2.2549921779e-01 
6.0386932836e-05 3.7466563337e-01 
1.6364606968e-05 1.0000000000e+00 
8.4611407698e-06 4.2681590007e-01 
2.5156653731e-05 3.3453334731e-01 
2.0693754812e-05 4.1213471443e-01 
5.3371596623e-05 3.8226901775e-01 
1.0284730269e-04 3.3968150866e-01 
2.2464728190e-04 2.7066758238e-01 
1.6244316459e-04 2.6479964867e-01 
2.0097922703e-05 1.0000000000e+00 
1.7455219746e-05 3.7383606772e-01 
5.1181980911e-06 1.0000000000e+00 
1.7784325288e-04 2.5607955023e-01 
6.9293513260e-05 3.0696048525e-01 
9.2151088836e-06 1.0000000000e+00 
9.2519500676e-05 2.1158621784e-01 
2.1239260129e-05 4.0153434479e-01 
4.4840133012e-05 3.3039160234e-01 
4.9995481567e-06 9.9802154943e-01 
4.9989434786e-06 9.9849061699e-01 
7.5003679232e-05 3.2092703211e-01 
5.4823367008e-05 1.7777819069e-01 
3.3628914663e-05 3.7313494688e-01 
2.8287644674e-05 4.2856853908e-01 
5.6568126363e-05 1.0000000000e+00 
3.1700498210e-05 2.4037884408e-01 
7.4888868887e-06 3.9902922997e-01 
9.5551003171e-05 3.0333278154e-01 
1.7873371128e-05 4.2963312694e-01 
2.3599823300e-05 2.2975685134e-01 
3.1998431186e-05 3.8673563248e-01 
1.5465877324e-04 1.0000000000e+00 
4.9998846394e-06 9.9872287384e-01 
1.3506447398e-05 4.5500032676e-01 
6.9923975977e-05 3.1655898788e-01 
2.7662007072e-05 4.3066103235e-01 
3.0439205062e-05 3.6648659149e-01 
6.8061008427e-06 1.0000000000e+00 
1.0444333286e-05 1.0000000000e+00 
1.4535884619e-05 1.0000000000e+00 
2.3415110847e-04 2.7669243628e-01 
4.1142886810e-05 1.9636783113e-01 
2.4334245341e-05 3.5607762157e-01 
9.9990744212e-05 2.9153528859e-01 
4.7310636709e-05 4.0471715050e-01 
2.0688682472e-05 3.9957974005e-01 
4.9995473438e-06 9.9840337123e-01 
4.9440193735e-05 3.3470523741e-01 
3.7981829600e-05 2.6358680846e-01 
4.4488742912e-05 2.1349495392e-01 
3.2501568061e-04 6.4592742915e-01 
4.0445681929e-05 3.6870640979e-01 
4.3361406970e-05 3.4743471970e-01 
2.4252549755e-05 1.0000000000e+00 
1.1566705879e-04 2.7721795371e-01 
1.7676967693e-05 5.1328153884e-01 
4.9985675455e-06 9.9832012823e-01 
4.8089166870e-05 4.1335707572e-01 
7.6105375704e-05 3.0842178626e-01 
1.5124766256e-04 2.9940650212e-01 
4.9998379770e-06 9.9862968264e-01 
1.1300760258e-04 2.9409764992e-01 
4.5044126574e-05 1.9799446851e-01 
4.9998797485e-06 9.9959574476e-01 
1.1444637675e-04 2.9048537255e-01 
5.3543029056e-05 3.4469100332e-01 
6.8307239015e-06 3.1083213101e-01 
1.6604372510e-05 3.9585495643e-01 
1.0930692273e-04 2.2675667212e-01 
3.7823002886e-05 3.5115655280e-01 
4.9975584041e-06 9.9457764044e-01 
6.1632201989e-05 3.4607814673e-01 
9.5100220914e-05 2.9819060955e-01 
1.7638397193e-04 2.9152542696e-01 
4.5483897215e-05 3.1982181915e-01 
3.8281046040e-05 2.2766427017e-01 
9.0196583150e-06 1.0000000000e+00 
8.1551058646e-05 3.1965674108e-01 
2.6096048540e-05 3.0814121837e-01 
1.1978267912e-05 1.0000000000e+00 
3.2771096162e-04 2.2691789793e-01 
4.8460199719e-05 3.6758000017e-01 
1.1407181640e-04 3.0757724275e-01 
2.0678158756e-05 2.9877239067e-01 
2.0008498127e-05 3.6484199748e-01 
2.9049747138e-05 2.6995354794e-01 
1.4275671998e-04 2.7248647073e-01 
8.6745565311e-05 3.1875013316e-01 
6.2961784468e-05 1.8530977209e-01 
3.5599845712e-05 3.5986888460e-01 
7.3508272828e-05 2.3382514283e-01 
5.0407149684e-05 3.5457995122e-01 
4.3444480334e-04 2.8845919608e-01 
3.6272942359e-05 3.5632111792e-01 
7.5986152513e-05 3.0149307819e-01 
4.9989550523e-06 9.9633681695e-01 
1.8575544095e-05 1.0000000000e+00 
1.1505635288e-04 2.9382802557e-01 
8.6980031066e-05 2.9825675434e-01 
1.7626050604e-04 2.1015461651e-01 
1.1803167740e-04 2.1338951591e-01 
1.1210148679e-04 3.0299630747e-01 
9.1035521646e-05 3.3810090238e-01 
1.9462749307e-05 5.4435410149e-01 
6.7448754976e-05 2.4902257774e-01 
9.9377133962e-06 1.0000000000e+00 
3.2516942729e-05 3.9256697648e-01 
3.0160380855e-05 3.4375692048e-01 
3.6310074702e-05 2.1819798777e-01 
1.5618933196e-05 1.0000000000e+00 
1.3700750546e-04 2.9259852675e-01 
1.1839122616e-04 2.9646553194e-01 
1.2479126557e-04 1.8520281522e-01 
5.1749288685e-05 2.5201712725e-01 
1.0407173976e-05 1.0000000000e+00 
2.9856920954e-05 2.3618333537e-01 
1.4251356513e-04 1.8744096841e-01 
2.2955147214e-04 2.5637201991e-01 
9.7576366540e-05 3.4225787003e-01 
4.9965838312e-06 9.9547724422e-01 
1.3543468375e-04 3.0811982161e-01 
1.6684684380e-05 3.9876674920e-01 
4.1459595186e-05 2.5001315614e-01 
6.9076180189e-05 1.0000000000e+00 
1.3523648036e-05 1.0000000000e+00 
4.9591726954e-05 3.6728736946e-01 
4.9969259331e-06 9.9446371364e-01 
6.3599248782e-05 1.8399705282e-01 
7.4482755062e-05 3.0037215169e-01 
1.9184604735e-05 3.8992831726e-01 
4.6615585093e-05 3.4267279232e-01 
4.9637185871e-05 1.0000000000e+00 
4.9953603911e-06 9.9584874220e-01 
6.6250538393e-05 2.8260263578e-01 
1.5246940951e-04 3.2543837187e-01 
4.2864568763e-05 3.4408921651e-01 
3.5120460558e-05 3.1372211141e-01 
8.7663806216e-06 1.0000000000e+00 
3.3382721347e-05 3.9859996104e-01 
3.1413671795e-04 2.4828606805e-01 
7.1518919453e-06 1.0000000000e+00 
1.3192061898e-04 2.9944952524e-01 
3.5988158602e-05 3.4723156427e-01 
1.8378903463e-05 2.8477751222e-01 
1.0216051102e-05 3.7335658161e-01 
1.5567178215e-05 3.0897801196e-01 
3.9654762098e-05 1.0000000000e+00 
3.8101568333e-05 3.2019000993e-01 
1.1616680126e-05 1.0000000000e+00 
5.7189683996e-05 3.8618769789e-01 
1.7846011529e-05 2.4183504863e-01 
1.8390728508e-04 2.7850201706e-01 
1.2225264803e-05 1.0000000000e+00 
2.3718728311e-05 4.7028676383e-01 
1.1674676779e-05 4.2171868557e-01 
4.2946375629e-05 3.5873308248e-01 
1.8294108342e-04 3.4906118416e-01 
8.5395309460e-05 2.5209622045e-01 
1.4500643416e-04 2.9248564217e-01 
1.8632715978e-05 3.5949644455e-01 
1.1879548050e-05 1.0000000000e+00 
5.0642560138e-05 2.2868245962e-01 
2.5902374437e-05 3.5610992940e-01 
1.2928932447e-05 1.0000000000e+00 
1.5032061820e-05 3.7211086065e-01 
1.6440536102e-05 4.2155539112e-01 
4.5331994192e-05 3.3439874290e-01 
9.1311743846e-06 4.2507136446e-01 
8.6460541055e-05 2.2293569880e-01 
2.4762784129e-05 1.0000000000e+00 
9.6800507318e-05 3.0915002797e-01 
1.5247641918e-04 2.9406161985e-01 
2.7562365134e-05 1.0000000000e+00 
4.4325947933e-05 1.9345902941e-01 
4.9999173159e-06 9.9808167545e-01 
8.8175613444e-06 4.2272246320e-01 
1.2327573777e-04 3.2873814147e-01 
