1.3919026936e-05 1.1906218997e+04 6.9093937238e-01 
7.1937551611e-04 1.1360503916e+04 5.7808315868e-01 
2.8478119149e-05 1.3634784892e+04 1.1307067030e+00 
6.0177012155e-05 2.4093218577e+04 7.9174548206e-01 
1.0369938855e-05 2.5000000000e+04 3.2243238344e-01 
7.0375319883e-05 1.2575746644e+04 1.1680652123e+00 
1.1066716571e-04 1.3668080827e+04 4.7466440716e-01 
1.7144528463e-04 1.2348995545e+04 1.2329270654e+00 
4.5989096624e-05 1.2738119371e+04 6.4919702282e-01 
1.5499646784e-04 2.0932022602e+04 6.7303643668e-01 
3.7614031746e-05 2.5000000000e+04 6.5286002590e-01 
5.2794087284e-04 1.2353957164e+04 6.9925510249e-01 
2.1054810365e-04 1.5084827930e+04 1.2287774647e+00 
3.0340728235e-05 1.4633572726e+04 7.9004222148e-01 
4.5666154221e-05 1.2864767063e+04 1.2145040341e+00 
1.3705031636e-05 1.4869184143e+04 1.1177860150e+00 
3.6770608095e-05 1.4091535720e+04 9.2461678788e-01 
1.3473908515e-04 1.1680084355e+04 7.0322053534e-01 
6.3804298011e-06 1.2326204781e+04 6.7293096443e-01 
6.5285833535e-05 1.3610699023e+04 4.7208656131e-01 
8.1147220225e-06 1.1237561516e+04 8.8182969305e-01 
3.3742559110e-05 1.2961829476e+04 9.9298517929e-01 
3.4938137473e-04 1.6008237668e+04 7.5345229592e-01 
1.5196842490e-04 1.1912676252e+04 1.0751562996e+00 
8.5604734319e-06 1.2595643012e+04 1.2204020292e+00 
7.7426871243e-06 1.3035196128e+04 1.1803564073e+00 
3.8783299972e-05 1.2389290347e+04 1.0045197620e+00 
4.0967509384e-05 1.7318337487e+04 5.8432117485e-01 
2.8659902881e-04 1.1937621111e+04 6.4186330605e-01 
5.5677180378e-06 1.3759375832e+04 6.2117536336e-01 
1.4813021057e-04 1.9176684326e+04 2.4983376183e-01 
1.0664203678e-04 1.2484602754e+04 7.8858358360e-01 
6.3350282423e-05 1.4033825010e+04 1.6401832695e-01 
4.2087670507e-05 2.0917923795e+04 6.3837000217e-01 
1.3009235328e-04 1.1819057509e+04 9.8378622520e-01 
1.2505258481e-05 1.2981771911e+04 1.2445390717e+00 
1.3600399557e-04 1.1990649666e+04 1.2160558348e+00 
4.3947117715e-05 1.4341481102e+04 5.7221163421e-01 
6.1550651625e-05 1.1903717588e+04 1.0680448670e+00 
3.3386869916e-05 1.3842309726e+04 5.3164335391e-01 
5.4621125503e-05 2.3768706153e+04 1.0696680647e+00 
1.6495202874e-04 1.5894926378e+04 1.0870905227e-01 
1.1164858600e-04 1.1242223531e+04 2.2777605474e-01 
5.1963798667e-05 1.2008760056e+04 9.7295552963e-01 
2.9063080939e-05 1.1977878590e+04 3.1101378321e-01 
2.2501342873e-05 1.2929512507e+04 1.0960023547e-01 
1.3482312170e-04 1.5487174601e+04 1.9209415377e-01 
4.0501366000e-05 1.2731836526e+04 4.2988577388e-01 
6.1114507429e-06 1.2710175115e+04 8.8169186278e-01 
8.3003457793e-05 1.1354661363e+04 1.0354324570e+00 
3.0843510447e-05 1.3023615873e+04 8.1713185257e-01 
1.1974065269e-05 1.1352986437e+04 9.0542358541e-01 
1.4929418978e-04 1.1910463831e+04 1.1225085350e+00 
6.1461739247e-05 1.4099402894e+04 1.0669149554e+00 
3.6501651114e-05 1.1615397124e+04 3.1985558019e-01 
5.3766289262e-06 1.4165500027e+04 6.0906137469e-01 
4.7502103009e-04 1.2181640768e+04 6.7715206450e-01 
4.4607441055e-05 1.3171947379e+04 9.5773266983e-01 
3.6476598165e-05 1.1889493887e+04 2.6108118811e-01 
2.4090938677e-05 1.4183600211e+04 4.3323449034e-01 
1.4067305487e-05 1.1876558984e+04 5.5609811141e-01 
1.6873928828e-04 1.1618423928e+04 1.1925038220e+00 
4.9448001005e-05 1.5240219041e+04 7.1853982439e-01 
2.0783182166e-04 1.2735417574e+04 6.7744755661e-01 
1.4827966346e-04 1.2037423368e+04 3.3980976846e-01 
1.7022398014e-05 1.4621098574e+04 8.0541450798e-01 
1.7886976657e-05 2.5000000000e+04 4.6181566332e-01 
7.2547225210e-06 1.2370311751e+04 6.8855491771e-01 
7.8774333149e-06 1.1457932445e+04 9.7281605238e-01 
6.3841653516e-06 2.1479599654e+04 9.6924109954e-01 
6.4666512523e-05 1.1318571102e+04 1.1118761493e+00 
1.1350252526e-04 1.2026402846e+04 8.8942862575e-01 
5.2293504266e-06 1.1839545951e+04 7.9491899183e-01 
2.8536620616e-04 1.4898238476e+04 3.6024428164e-01 
4.1309944686e-04 1.2618450733e+04 3.5871389531e-01 
3.3817087648e-04 1.3946914934e+04 3.5208396089e-01 
4.8172390183e-05 1.3707118251e+04 3.2015462012e-01 
2.1262345331e-04 1.6495417719e+04 1.0308142154e+00 
2.1073969335e-05 1.3822188687e+04 1.1049589724e+00 
2.5708472633e-05 1.5206239310e+04 3.8258407825e-01 
1.1518923561e-04 1.4441534457e+04 3.0536319524e-01 
2.5968100908e-05 1.1239941771e+04 6.7927023981e-01 
2.1046300754e-05 1.3878724706e+04 1.4899312073e+00 
6.0064729038e-05 1.8828733286e+04 6.0886938716e-02 
7.3430677340e-05 1.3575015902e+04 9.7952472021e-01 
1.2296875802e-04 1.2372847926e+04 8.2655412549e-01 
3.3508926131e-05 2.5000000000e+04 1.1682332038e+00 
1.4573816218e-04 1.5143924975e+04 4.2095053493e-01 
9.9985272540e-04 1.2789339941e+04 9.1536404997e-01 
5.5675396582e-05 1.8615195271e+04 1.2440086055e+00 
2.5791472166e-05 1.3637226395e+04 1.1111106282e+00 
2.7700250045e-04 1.3172612079e+04 4.3566249838e-01 
2.2578817628e-05 1.3118637300e+04 1.4529694021e+00 
3.5947604020e-05 1.1510240010e+04 1.0159619120e+00 
6.4104882888e-04 1.1723888865e+04 1.0306360321e+00 
7.1869541867e-05 1.6947848922e+04 2.9589237553e-01 
2.2339161203e-04 1.5378968409e+04 1.0997316637e+00 
1.5089953610e-05 1.2895385639e+04 5.1054940605e-01 
7.9700170882e-05 1.5093455368e+04 1.0146113916e+00 
7.7669229104e-06 1.5320356578e+04 4.5661148802e-01 
7.5366832160e-05 1.9974945750e+04 2.8190581159e-01 
1.7922799867e-05 1.3401975169e+04 8.5789263802e-01 
1.3434697679e-05 1.4291750102e+04 8.2736513950e-01 
2.2125635103e-05 1.1244089714e+04 7.6800525395e-01 
5.1643570219e-05 1.1226761450e+04 1.3652077822e-01 
1.0324460015e-05 1.9255849176e+04 7.8924773664e-01 
7.7062574720e-05 1.4465053236e+04 8.4367968940e-01 
3.3394441830e-05 1.3896148303e+04 1.0580697804e+00 
2.1593484640e-05 1.4742823880e+04 9.1230563922e-01 
3.5649182251e-05 1.1248126482e+04 1.6123984490e-01 
1.8651655606e-05 1.1262299904e+04 5.3339920106e-01 
3.7987874452e-04 1.3760576030e+04 8.6464097107e-01 
1.4411055633e-04 1.2269218616e+04 6.6460271427e-01 
3.7610587849e-05 1.9324819881e+04 7.2922323799e-01 
2.9879007287e-05 2.5000000000e+04 6.5392407619e-01 
2.4763919831e-04 1.2928675233e+04 1.0524702236e+00 
2.6704642779e-05 1.3419869925e+04 3.4824747987e-01 
8.2951669045e-05 1.3315335341e+04 8.5918216544e-01 
1.9028148685e-05 1.2450517113e+04 6.9187172720e-01 
7.9573676812e-06 1.1766538581e+04 9.7906342601e-01 
1.9540895754e-05 1.4729362768e+04 7.0109997734e-01 
6.0744882637e-05 1.1452540166e+04 1.1020896788e+00 
1.0771337796e-04 1.4015390576e+04 1.0928888827e+00 
2.2344267474e-05 1.1789944296e+04 9.0662175771e-01 
1.0506045417e-04 1.2337940369e+04 3.5236276474e-01 
7.4141650225e-06 1.9255384547e+04 6.0098876877e-01 
4.3458174626e-05 1.2555051100e+04 7.5723455105e-01 
2.9785212817e-04 1.1336045900e+04 1.1833672879e+00 
1.7087340731e-04 1.1874861853e+04 5.1671442190e-01 
1.4713029701e-04 1.4749844452e+04 1.0988777908e+00 
3.0480905723e-05 1.5725874838e+04 2.5099912492e-01 
8.8325969147e-05 1.2359155119e+04 6.7478590268e-01 
1.4622482770e-05 1.1908684147e+04 4.3523347786e-01 
5.1767461562e-05 1.5317383730e+04 1.1354528542e+00 
4.5338991457e-04 1.3915226555e+04 9.6869018706e-01 
1.0502378197e-05 1.6594595949e+04 8.4655227605e-01 
2.6194271156e-04 1.1753600693e+04 3.7946194515e-01 
2.2194356132e-04 1.1886994130e+04 7.6331178115e-01 
3.1462886806e-05 1.2821612957e+04 9.0459414731e-01 
2.4463496209e-05 2.4045392471e+04 9.1847544557e-01 
2.2471522390e-05 1.4527022905e+04 6.2293280736e-01 
9.5551999180e-05 1.5805100805e+04 1.2814273275e+00 
7.0901805481e-06 1.1670640854e+04 1.0587436418e+00 
4.2721178051e-05 1.2478720551e+04 7.3339813986e-01 
1.2477610606e-04 1.2136642585e+04 1.4024413677e+00 
1.6707651421e-04 1.1669293137e+04 1.4398973937e+00 
4.5001746554e-04 1.6059257036e+04 5.0058891624e-01 
4.4756567539e-05 1.2161109533e+04 1.0052240037e+00 
1.3459632067e-05 1.3187750372e+04 3.6678583682e-01 
9.1969855057e-05 1.6182924111e+04 1.0972649917e+00 
3.9122330701e-05 1.3165771779e+04 7.5599335890e-01 
3.1073667201e-05 1.5560495931e+04 1.2243542271e+00 
1.6249881434e-05 2.4328288741e+04 5.8975200335e-01 
2.2072034652e-04 1.1747622348e+04 1.2708779959e+00 
2.1279538294e-05 1.1849144145e+04 1.9826753898e-01 
1.4854385457e-04 1.1344527458e+04 1.3910943146e+00 
8.3944880572e-06 1.1291903133e+04 7.6406589079e-01 
2.9413062332e-05 1.2007631801e+04 1.1668847738e+00 
2.8995583629e-05 1.4390837454e+04 1.4717246592e+00 
2.1371412161e-04 1.1307206233e+04 4.3929580996e-01 
2.9170137389e-04 1.4369009408e+04 5.8475826088e-01 
1.5985709372e-05 1.7624083351e+04 1.1469367418e+00 
2.0162732794e-05 1.3310257530e+04 1.2417478748e+00 
2.0143506740e-04 1.1824338208e+04 5.7562072779e-01 
2.0079443498e-05 1.5101971489e+04 6.3715562337e-01 
1.1898516586e-04 1.3658336101e+04 1.0895840382e+00 
2.7149207688e-05 1.1281312504e+04 4.9439129785e-01 
2.9239227472e-04 1.3086757157e+04 1.1258695818e-01 
5.4662071144e-04 1.6756116771e+04 1.4784980991e+00 
1.0232368640e-04 1.2488355067e+04 1.2574974740e+00 
1.9368211331e-04 1.2562277312e+04 5.0286096490e-01 
6.3616363082e-04 1.9526954425e+04 9.4868127970e-01 
8.2992671463e-06 1.4222258007e+04 3.6103728601e-01 
2.6114461617e-04 1.2460348919e+04 5.5749547781e-01 
8.0276689717e-05 2.0260340079e+04 4.0994031229e-01 
2.0511811283e-04 1.1583231171e+04 1.2117663486e+00 
1.4287361073e-05 1.1621908020e+04 7.1495806112e-01 
4.3162317862e-04 1.1602412880e+04 3.7524017772e-01 
4.5734825063e-05 1.5389645686e+04 8.6308666244e-01 
7.9892475110e-05 1.1309162744e+04 9.1585981652e-01 
6.2954272053e-05 1.2252923502e+04 6.5295481713e-01 
1.6480183676e-04 1.1835252046e+04 9.6172368308e-01 
8.9572766796e-06 2.0307844762e+04 7.8631436847e-01 
2.5160057900e-05 1.3326775515e+04 1.2081107104e+00 
5.4647476605e-05 1.1420285333e+04 1.2448376272e+00 
2.7909747412e-05 1.2316369388e+04 5.8937974087e-01 
1.0088659329e-05 1.8745432071e+04 3.6580656789e-01 
1.7420503651e-04 1.1253084307e+04 4.3915662473e-01 
1.8521564515e-05 1.1248287394e+04 1.1058579685e+00 
3.7174071941e-05 1.1250625270e+04 1.2278034759e+00 
9.9558327391e-05 1.3516767527e+04 7.5032750237e-01 
2.3636435961e-05 1.4131035690e+04 8.4459963247e-02 
8.7124622948e-05 2.5000000000e+04 3.0321379736e-01 
9.7122126204e-04 1.2374287302e+04 1.0898812927e+00 
1.9227546413e-05 1.1528539807e+04 7.9260562266e-01 
2.1622849112e-04 1.1822596511e+04 1.0221863643e+00 
3.1723736058e-04 1.4278188214e+04 1.1861086602e+00 
2.1253066707e-05 1.2918730618e+04 6.9070474797e-01 
2.3440840797e-04 1.1910565038e+04 2.2960321711e-01 
2.6835194055e-05 1.3429950227e+04 8.9732584852e-01 
3.8061669103e-05 1.1235821871e+04 9.1341702047e-01 
3.0720266570e-05 1.1494889891e+04 2.6352049478e-01 
6.9712637117e-04 1.2694718784e+04 9.3531853986e-01 
1.1995426766e-05 1.1715196504e+04 4.8589202449e-01 
1.6045623616e-04 1.4174737414e+04 1.0583114182e+00 
2.9620756617e-05 2.4530116920e+04 1.1998415870e+00 
9.8687760023e-04 1.1651149271e+04 7.0727780450e-01 
5.8853134790e-05 1.1924760406e+04 4.9724040563e-01 
3.5128346210e-04 1.1715574420e+04 6.8285601428e-01 
4.4768383654e-05 2.3394103884e+04 5.7335280725e-01 
4.1965918656e-05 1.3222060618e+04 6.4194746845e-01 
4.3746023286e-05 1.2672899935e+04 3.4270514417e-01 
1.3483176059e-04 1.1517799959e+04 1.1601955601e+00 
6.5091671201e-04 1.4813427288e+04 8.3213085494e-01 
2.9990087495e-05 2.5000000000e+04 5.7979862050e-01 
2.6395838567e-04 1.1975746837e+04 4.4117778712e-01 
2.2038545262e-05 1.2837214074e+04 9.2338542304e-01 
2.1524410409e-04 1.1964401419e+04 8.5732682819e-01 
9.4184310951e-05 1.1418957579e+04 2.2100053191e-01 
5.1080261645e-06 1.3319765100e+04 1.2119443438e+00 
3.6327492668e-05 1.2618282906e+04 6.3178148721e-01 
7.1608195200e-05 1.4153916805e+04 1.2554321965e+00 
1.0165382127e-04 1.5208957272e+04 1.7556005344e-01 
2.1908410469e-05 1.3021367592e+04 8.9313268047e-01 
4.6880000688e-04 2.5000000000e+04 2.4205064794e-01 
2.3424109497e-04 2.5000000000e+04 5.4918358842e-01 
8.3790451262e-05 1.1376386389e+04 4.6755008215e-01 
8.2388692151e-05 1.2971067831e+04 7.5413915445e-01 
5.2675940864e-05 1.2133366656e+04 7.1132783336e-01 
1.1270746238e-04 1.2634106919e+04 1.2433927723e+00 
3.4821226298e-05 1.8518183215e+04 3.1768207848e-01 
1.6625538163e-04 1.4865425882e+04 8.6376932803e-01 
4.3000571672e-05 1.2796501331e+04 6.7545973950e-01 
6.7191880609e-04 1.3403993594e+04 9.8478243006e-01 
2.6863385951e-05 1.4422832406e+04 1.0433867123e-01 
1.3404054119e-05 1.6791962224e+04 3.5903815478e-01 
7.9752230199e-06 1.1318347322e+04 1.0694383631e+00 
3.1569564335e-04 1.4839528880e+04 1.2982863159e+00 
3.2445777591e-04 1.2569137586e+04 1.3943431039e+00 
8.5756719375e-05 1.4291179891e+04 1.0842043619e+00 
2.1590025172e-04 1.1709624989e+04 6.2052359878e-01 
2.2449365417e-05 1.5776071384e+04 1.1052084767e+00 
7.8686879295e-06 1.5777388607e+04 9.6736638604e-01 
3.7581293161e-05 1.6719296167e+04 2.6589728021e-01 
6.6699032163e-06 1.1702014810e+04 4.9745420163e-01 
4.6657960505e-05 2.4681016157e+04 1.3213417476e+00 
1.9570234487e-04 1.6322762935e+04 6.4463881058e-01 
6.7866724261e-06 1.1696272214e+04 1.0583809202e+00 
1.2142090484e-04 1.2519853825e+04 2.6055162607e-01 
5.5637668784e-04 1.2022535811e+04 2.0682363065e-01 
3.4976592964e-04 1.3116364802e+04 7.7789756074e-01 
5.0066933526e-05 1.2597004552e+04 1.3399484197e+00 
2.4462502148e-04 1.2253143860e+04 1.4197016372e+00 
2.7846416922e-05 1.2040228903e+04 4.4267377857e-01 
4.1928393994e-05 1.4273797042e+04 1.2366776439e+00 
3.0825911157e-05 1.1525768724e+04 1.5154204518e+00 
4.2784654944e-05 1.5081261109e+04 5.8600404733e-01 
7.3655489194e-05 1.1459517367e+04 9.4757397113e-01 
5.5552910297e-04 1.1972857391e+04 1.2377704480e+00 
2.7386671654e-05 2.1291176011e+04 6.0680766735e-01 
1.9138112449e-05 2.4492324993e+04 3.1450389667e-01 
8.4052742411e-05 1.4284040789e+04 4.7498088820e-01 
4.2036700595e-05 1.4573494289e+04 1.0706198405e+00 
6.8544346216e-05 1.1868827103e+04 1.2417577525e+00 
1.7091715392e-04 1.2429651554e+04 1.2710273782e+00 
2.4321513011e-04 1.1238547099e+04 4.7372446897e-01 
1.9736643416e-04 1.3029760538e+04 5.8538884518e-01 
6.2452146172e-05 1.1931091741e+04 1.1634549622e+00 
4.5969112831e-05 1.3544383786e+04 1.1531097182e+00 
6.3485912688e-06 1.1970830802e+04 2.8204422002e-01 
2.2953402507e-05 1.9012445138e+04 2.6932422058e-01 
1.4693731090e-04 1.3553148968e+04 1.0122436175e+00 
2.2539988218e-04 1.6913844961e+04 8.9347741936e-01 
2.2406577574e-04 1.1753453613e+04 1.3125156892e+00 
2.4728800526e-05 2.2467243675e+04 9.7613516059e-01 
3.1116120695e-05 1.1295963859e+04 4.0663598291e-01 
1.5717432633e-05 1.5210678504e+04 8.1667738265e-01 
1.3532045242e-05 1.6863517574e+04 6.3374576363e-01 
8.4851970952e-05 1.4068494286e+04 1.0321762445e+00 
3.1782124460e-04 1.5451237612e+04 9.6020626923e-01 
2.0285329971e-05 1.5865961816e+04 1.0624718999e+00 
1.9871621420e-04 2.1066937583e+04 2.4337519768e-01 
2.4412284534e-05 2.5000000000e+04 2.3173016814e-01 
3.9401175752e-05 2.5000000000e+04 7.5708480232e-01 
4.7548017517e-05 1.4684120698e+04 1.2410952785e+00 
3.1350924802e-05 1.4029344220e+04 6.5310690499e-01 
6.7619120173e-05 1.7421085938e+04 1.1716725783e+00 
5.3190059262e-05 1.4900617724e+04 1.1899630377e+00 
1.6048526069e-04 1.3337544195e+04 1.2641233553e+00 
3.0272581681e-05 2.1791370292e+04 9.2978568638e-01 
4.8308237905e-05 2.5000000000e+04 1.3277639353e+00 
1.6936201886e-04 1.1475624006e+04 1.2490858663e+00 
2.0702989170e-05 1.4175217156e+04 8.9437457979e-01 
4.0752082190e-05 1.1285049446e+04 3.3022231121e-01 
5.6919815052e-05 1.4955998709e+04 1.0328367020e+00 
5.8497064689e-05 1.3914845141e+04 5.0502537551e-01 
3.3459821136e-05 1.5595658818e+04 8.0575265959e-01 
4.1061972937e-05 1.1436630840e+04 5.8576311750e-01 
4.6337027762e-05 2.5000000000e+04 4.9166737869e-01 
2.6383707476e-05 1.3450941121e+04 8.0908303721e-01 
1.3726260280e-05 1.2116351877e+04 4.3902500116e-01 
1.1600733328e-05 1.3128030354e+04 6.0198450176e-01 
5.3682721302e-04 1.6796834976e+04 1.2705540354e+00 
1.2523419579e-05 1.7117944111e+04 6.0089957308e-01 
5.7530364414e-05 1.5946990837e+04 3.5517441073e-01 
9.3567447973e-05 2.4146814823e+04 5.4707680926e-01 
1.4867537035e-04 1.1832192039e+04 5.0204259745e-01 
2.9427509155e-04 1.9797775459e+04 7.2729508399e-01 
7.8418097675e-06 1.1715470461e+04 8.5001719093e-01 
4.6529716541e-05 1.2646940197e+04 5.3545675840e-01 
7.4722355920e-04 2.0115590168e+04 3.8518361563e-01 
1.4727151975e-05 1.7598103553e+04 6.3999524215e-01 
2.7831357823e-05 1.1674562857e+04 2.6136491810e-01 
2.7080207267e-04 1.1550044484e+04 1.1342025474e+00 
1.2570377885e-04 1.3895442465e+04 6.8431674657e-01 
1.4784514445e-04 1.4405639883e+04 7.7261600377e-01 
8.4088734912e-05 1.2461475290e+04 9.2489272889e-01 
1.7693469761e-04 1.2072176033e+04 6.3793071607e-01 
1.9836404342e-05 1.1443966153e+04 1.5363580599e-01 
6.5022028094e-06 1.4689044944e+04 1.2408371097e+00 
9.0131873538e-06 1.3071803991e+04 7.1572959591e-01 
7.8209327895e-05 1.2398392456e+04 1.1542643687e+00 
3.0807597974e-05 1.2465585928e+04 9.8634726369e-01 
5.5556721977e-05 1.4204069257e+04 4.0483167945e-01 
2.5381786564e-04 1.1866415674e+04 4.5419360083e-01 
2.0488661979e-04 2.5000000000e+04 7.1898016771e-02 
3.8769918351e-05 1.1260099546e+04 7.9447227687e-01 
6.7937880251e-05 1.7224353082e+04 3.2058036288e-01 
5.3308248789e-05 1.9911121123e+04 5.8172937660e-01 
5.7806069828e-05 1.2503479646e+04 8.8928374390e-01 
1.7479822746e-05 1.3127607894e+04 6.0236181821e-01 
3.4508919930e-05 1.3379125350e+04 2.1704453167e-01 
8.1111830710e-05 1.1393000733e+04 8.6128730336e-01 
1.7025724742e-05 1.2265021358e+04 7.6424736267e-01 
9.8625195470e-05 1.4440783621e+04 3.0902808403e-01 
1.1564913751e-05 1.1794933014e+04 1.2598773375e+00 
3.3195561204e-05 1.7895925451e+04 4.2308755271e-01 
4.9789393123e-04 1.1246817850e+04 4.7974872991e-01 
8.2953012808e-06 1.1750818017e+04 1.1589336108e+00 
1.9056622154e-05 1.4315786390e+04 5.3099588318e-01 
1.2793879546e-05 2.4063590521e+04 5.8976554341e-01 
5.4692342014e-05 2.5000000000e+04 1.3771829120e+00 
1.4544709720e-04 1.3887389043e+04 5.4531167058e-01 
6.0303202120e-04 1.2983377294e+04 1.0546539332e+00 
1.0357411373e-04 1.3711352360e+04 3.1064026225e-01 
7.8354045800e-05 1.4783998271e+04 1.0945360342e+00 
2.3554332465e-05 1.2600195864e+04 6.6975562416e-01 
2.6161477419e-05 1.9579230455e+04 9.2299135017e-01 
2.3866618902e-04 1.2383150526e+04 8.3342993701e-01 
5.9670752200e-06 2.5000000000e+04 1.0747208488e+00 
1.4213800087e-05 1.1861858043e+04 9.6873231275e-01 
7.5486569558e-05 1.6080400239e+04 6.2178055921e-01 
4.8820159943e-04 1.3343013589e+04 6.7293581370e-01 
8.4381234348e-06 1.2439692177e+04 1.2853425484e+00 
8.2849296025e-05 1.1647627106e+04 4.4122396012e-01 
3.7455058816e-05 1.4648392606e+04 3.4406605880e-01 
1.5938378453e-04 1.2044099930e+04 7.0192956159e-01 
3.0600304981e-04 1.1232351492e+04 9.2950689432e-01 
6.4843988973e-05 1.1343363951e+04 1.8329466423e-01 
8.0185977533e-05 1.2813536962e+04 1.1869999083e+00 
3.6935018380e-05 1.6558115222e+04 1.3291154577e+00 
2.9615367502e-05 1.1694860608e+04 7.5389371219e-01 
1.7910713248e-04 1.5755537985e+04 7.0370711891e-01 
2.1025086604e-04 1.1404110135e+04 5.4349714054e-01 
1.2995483413e-04 2.0877411312e+04 9.9050456689e-01 
3.4188995639e-05 1.2297527126e+04 1.1072899941e+00 
2.9031960022e-05 1.7496461173e+04 1.0514143891e+00 
1.5570557374e-04 1.7320194860e+04 9.6388712739e-01 
1.2310197916e-04 1.9624492465e+04 1.2192508685e+00 
1.4167786695e-05 1.2731320152e+04 7.4911209831e-01 
1.4554624971e-04 1.1277448002e+04 7.2531153024e-01 
2.2822272716e-05 1.2083499079e+04 1.0394684113e+00 
1.1637861062e-04 1.2880890750e+04 1.2533346934e+00 
5.3030120281e-05 1.3105973103e+04 4.5063600386e-01 
1.2111998730e-04 1.1987346187e+04 6.2809424770e-01 
1.5739007486e-05 1.3213570241e+04 1.1802218019e+00 
2.7833997269e-04 1.2680279262e+04 4.5038974314e-01 
5.1487392428e-05 1.7353460649e+04 8.9676075155e-01 
4.6461356449e-05 1.1391105515e+04 8.8405950266e-01 
1.5554892600e-05 1.1565321896e+04 6.0231702952e-01 
1.1262014263e-04 1.7104520076e+04 8.9461285590e-01 
2.0385238165e-04 1.6628991405e+04 4.2913155388e-01 
1.0419728412e-05 1.5551709939e+04 7.6324757466e-01 
3.5252607733e-05 1.8452151703e+04 5.4364791599e-01 
3.5987748596e-05 1.9424504184e+04 3.3470845887e-01 
1.0185028145e-04 1.2339961043e+04 8.1043501369e-01 
1.3055656169e-04 1.3482442919e+04 1.0440089051e+00 
4.4730351457e-05 1.4339792566e+04 1.4086830210e+00 
3.3818826381e-05 1.1672366148e+04 1.0034963549e+00 
4.0646878485e-05 1.9431993904e+04 1.2169342067e+00 
2.5499454733e-05 1.1228151848e+04 5.5226224711e-01 
1.1587761514e-04 2.3684306134e+04 4.1470872061e-01 
1.2351296568e-04 1.1331290735e+04 9.9520361577e-01 
2.6750840532e-04 1.1421514025e+04 3.8832265018e-01 
4.6774882721e-05 1.5664807785e+04 3.2649573377e-01 
7.8341695975e-04 1.5265679986e+04 9.3414703731e-01 
3.1933646027e-04 1.2233443393e+04 7.0821233604e-01 
1.8747378792e-05 1.5095279386e+04 2.3182751043e-01 
6.7187912921e-05 1.6007237228e+04 1.7548702315e-01 
3.2946516576e-05 1.2842467703e+04 8.7629230403e-01 
5.6360655702e-06 1.3022783694e+04 4.6277811594e-01 
1.2548069156e-04 1.3300098798e+04 5.2205823470e-01 
2.5753888215e-05 1.1775284874e+04 8.2112666410e-01 
3.6650578400e-05 1.7900456512e+04 4.9309270728e-01 
1.1162380199e-05 1.2813444514e+04 2.4562759720e-01 
3.7697024863e-04 2.2142788922e+04 1.1790483785e+00 
1.1687118320e-04 1.9479062617e+04 9.1041038227e-01 
1.3455133510e-04 1.1796029519e+04 6.1193812325e-01 
2.0232987509e-04 1.3096953922e+04 1.1670519707e+00 
8.7787950614e-05 1.3978191275e+04 8.9598672727e-01 
4.2712050397e-05 1.2984911982e+04 3.3047210787e-01 
2.6251951198e-05 1.1593208240e+04 1.0170725061e+00 
3.8512346069e-05 1.1268383029e+04 5.7280155308e-01 
9.6339206699e-05 1.1932757575e+04 1.2360309156e+00 
1.3902027400e-05 1.2017008363e+04 1.1313910882e+00 
7.1075747870e-04 1.1627050501e+04 4.3088746607e-01 
4.8726411287e-05 1.3704896958e+04 9.0865004214e-01 
2.6847128242e-04 1.1975859041e+04 2.3109842347e-01 
3.4883172822e-05 1.2102507618e+04 8.1449855377e-01 
4.6023209874e-05 1.3663744282e+04 7.2377560813e-01 
1.0859582650e-04 1.4667254031e+04 1.6716106076e-01 
4.2167420803e-04 1.2888841024e+04 7.0503825036e-01 
3.1815358966e-05 1.8249731738e+04 8.2342893403e-01 
1.7668696054e-04 1.7679602125e+04 6.8907140141e-01 
2.6772151170e-04 1.2340937613e+04 5.7882621676e-01 
1.3222486121e-04 1.1336976935e+04 6.1828458407e-01 
5.1303851676e-05 1.3036233236e+04 2.4203588086e-01 
2.5961504901e-05 1.2627871104e+04 7.3738143476e-01 
1.9070430516e-05 1.2855674542e+04 9.9172899458e-01 
2.7353959502e-05 1.2390840134e+04 7.3785347387e-01 
1.7221861591e-04 1.2714459245e+04 3.9623683391e-01 
4.1457558420e-05 1.2085033379e+04 1.1492794827e+00 
2.1736379271e-05 1.6161112054e+04 1.3411408679e+00 
3.6500156772e-04 1.2422592310e+04 1.1042459101e+00 
1.6722169641e-05 1.7955257879e+04 1.2313367116e+00 
9.6390984275e-04 1.4922894796e+04 6.8169637368e-01 
3.7075077626e-05 1.1615802438e+04 1.2773634716e+00 
7.2107382620e-04 1.3584083421e+04 4.4881262415e-01 
8.1175609737e-05 1.2923175319e+04 1.1801410932e+00 
7.1240698801e-05 1.9817893455e+04 6.2147562090e-01 
4.4686469716e-05 1.1430687089e+04 5.6307938535e-01 
5.9154323514e-05 1.4585096910e+04 3.4921702560e-01 
4.3797673252e-05 1.3857480868e+04 1.1132563723e+00 
8.7692553025e-05 2.5000000000e+04 1.1387977103e+00 
7.4426000525e-06 1.3985554999e+04 8.3666724245e-01 
1.2919672997e-05 1.7144330859e+04 9.1964914284e-01 
1.0622328634e-04 1.1707623086e+04 7.9785946788e-01 
6.6641939666e-04 1.4036670378e+04 7.3970784258e-01 
6.6803382773e-04 1.2250080501e+04 3.9836857763e-01 
1.0145529729e-04 1.3659108690e+04 8.9111911127e-01 
9.1762661648e-05 1.1899330989e+04 8.4410723048e-01 
6.7122305050e-06 1.1592413098e+04 9.0949930650e-01 
2.4140939205e-05 1.3832744959e+04 5.2532737359e-01 
2.0202891920e-05 1.5224642650e+04 1.2325465161e+00 
1.9899241930e-05 1.2738656493e+04 4.0850050863e-01 
1.5477935845e-05 1.1312564749e+04 8.1052737306e-01 
1.5893588950e-04 1.2893117669e+04 5.1273770655e-01 
7.5787894483e-05 1.2175122981e+04 7.6928959296e-01 
2.6845828856e-04 1.1860642946e+04 1.0708680163e+00 
5.6739544609e-05 1.6998516703e+04 1.1111166553e+00 
7.0182108445e-05 1.2045682527e+04 6.5132516400e-01 
4.1700897300e-04 1.2955245038e+04 1.0220028512e+00 
6.3748438942e-06 1.2852140051e+04 8.6761577643e-01 
9.1142895293e-05 1.2730659387e+04 8.3799912114e-01 
1.5218318139e-05 1.2856127853e+04 1.0752185360e+00 
5.6778884447e-05 1.7431983381e+04 9.7358212581e-01 
1.8018545096e-04 1.1997152263e+04 1.1769322924e+00 
6.8162158246e-05 1.1746953818e+04 1.1027079945e+00 
1.7255042011e-04 1.2253062652e+04 8.3724794731e-01 
5.1616055868e-04 1.1475714990e+04 4.9586455900e-01 
1.6678117375e-05 1.3653409217e+04 5.1494160390e-01 
2.3340032182e-05 1.2655189002e+04 4.8982897549e-01 
5.5206871018e-05 1.4287134104e+04 7.5988682596e-01 
7.3313100763e-05 1.2940501734e+04 1.0530721100e+00 
8.3303350146e-05 1.5938015300e+04 3.1351953186e-01 
1.3262755361e-05 1.2207356448e+04 1.0623860163e+00 
1.3870179478e-05 1.1480605260e+04 3.4131440924e-01 
4.1681890667e-05 1.9707576001e+04 8.1372072301e-01 
1.4384969463e-05 1.2249463743e+04 3.2175766133e-01 
2.3244291670e-05 1.1388310928e+04 1.2349114157e+00 
2.2347754401e-04 1.7597571916e+04 4.4654384039e-01 
1.2288659371e-05 1.1577218521e+04 8.8589786342e-01 
1.4707559788e-05 1.1696036283e+04 7.4108798266e-01 
2.7378822114e-04 2.2359506472e+04 6.3675227448e-01 
2.3477302483e-05 1.7408411145e+04 6.4705720491e-01 
5.5708295810e-05 1.2403824834e+04 1.0986141954e+00 
3.3191638084e-04 1.4240949441e+04 2.8903436656e-01 
4.6060082250e-05 1.1883785341e+04 4.7374790355e-01 
3.1380921844e-05 1.1850062800e+04 4.6548043089e-01 
8.8711449538e-05 1.1531797289e+04 4.2834746432e-01 
2.2990298941e-04 1.3634280813e+04 1.4929640087e+00 
5.3632285628e-04 1.2696658698e+04 7.4883462483e-01 
5.1090723612e-05 1.2032510720e+04 1.7222866805e-01 
1.1615988944e-04 1.7361504145e+04 1.0329515023e+00 
5.4203406826e-05 1.2258466379e+04 6.7916419194e-01 
3.8970597016e-05 1.1859412617e+04 1.0187048893e+00 
1.3552978402e-04 1.2613624213e+04 1.3491905744e+00 
6.4087319083e-05 1.4860173371e+04 4.8481715402e-01 
9.7158242751e-05 1.1859499060e+04 8.4293526001e-01 
1.5606605551e-05 1.3122625687e+04 1.1072153704e+00 
