1.3904208305e-05 4.2973602567e-01 
2.9182396925e-05 3.7100828270e-01 
2.3709246773e-04 3.5111068082e-01 
7.4784050148e-05 3.3723836726e-01 
1.6732806809e-05 4.4080465743e-01 
9.9004280733e-06 1.0000000000e+00 
4.2209007077e-05 2.5632085067e-01 
7.8758078123e-06 4.6266794020e-01 
4.9998780365e-06 9.9777186962e-01 
4.7021137312e-05 3.9732558753e-01 
3.5785435462e-05 4.4864056609e-01 
5.5124854069e-05 3.7415103502e-01 
7.0857596687e-05 3.5570865000e-01 
4.9950429401e-06 9.9478079295e-01 
3.1281662421e-05 1.0000000000e+00 
3.5421616813e-05 4.0252344420e-01 
1.6488760533e-04 3.3329770492e-01 
1.4122887988e-05 2.9340814630e-01 
5.6810137947e-05 2.4071891679e-01 
5.9908512139e-06 1.0000000000e+00 
3.0189402146e-05 2.9171353974e-01 
1.2061164518e-04 3.2704808120e-01 
4.9988879741e-06 9.9059022280e-01 
4.9069451861e-05 3.8337302799e-01 
1.8184405753e-05 3.7933393400e-01 
7.6631756789e-05 3.2191911031e-01 
1.5421570263e-05 4.3583023939e-01 
1.7714240051e-05 4.5342934487e-01 
6.6089063819e-05 2.5485082226e-01 
1.6731836792e-05 4.3372744915e-01 
5.8764171710e-06 4.8060258478e-01 
8.8696162282e-05 3.7913503185e-01 
1.5840486566e-05 1.0000000000e+00 
6.1573276380e-06 1.0000000000e+00 
1.5659601874e-05 4.5329505051e-01 
2.8166991737e-05 3.9636475776e-01 
2.8896286991e-05 2.7716021103e-01 
4.9988639908e-06 9.9687323576e-01 
3.8097052917e-05 3.6627480183e-01 
7.6037442994e-05 3.2638171537e-01 
8.0210689519e-05 3.5406878033e-01 
8.1194774069e-06 1.0000000000e+00 
1.4831320686e-05 1.0000000000e+00 
5.1415331055e-05 3.8881225106e-01 
1.6936411198e-05 4.4977738797e-01 
4.1359019819e-05 3.8764368157e-01 
1.2207937001e-05 4.6703337107e-01 
6.5502074068e-05 3.7580711292e-01 
6.6600049250e-05 2.6513974071e-01 
3.6355010018e-05 2.8274850058e-01 
9.0985420802e-05 3.2831497252e-01 
6.1527189138e-05 3.0764623980e-01 
9.0206460755e-05 3.6548247887e-01 
5.8677364653e-06 4.8338423188e-01 
4.0834140922e-05 3.9033327880e-01 
8.4281505148e-05 3.0167704652e-01 
3.7109075403e-05 3.7103597783e-01 
3.1934954460e-05 2.6409134565e-01 
4.9995858046e-06 9.9635904874e-01 
4.2185650274e-05 2.7208520063e-01 
1.6680232617e-05 1.0000000000e+00 
2.3889127256e-05 4.4369479347e-01 
1.7448631798e-04 3.8497195887e-01 
6.0258615553e-05 2.4667862685e-01 
1.5128972446e-05 4.1852007440e-01 
8.9059059554e-05 2.6494209535e-01 
1.8819328370e-04 3.1826916656e-01 
2.3215504513e-05 1.0000000000e+00 
9.8082518971e-05 3.3067250314e-01 
1.3538017463e-05 4.4541800756e-01 
1.2450293141e-04 3.2330969038e-01 
3.9338319598e-05 2.9226818796e-01 
1.7262270901e-05 1.0000000000e+00 
4.9996091270e-06 9.9541313076e-01 
4.4237565028e-05 3.7883300114e-01 
3.0742076816e-04 2.9328463386e-01 
8.1582402876e-05 3.5344143040e-01 
7.1988246192e-06 1.0000000000e+00 
1.0706020855e-05 4.5251883194e-01 
1.1813516367e-05 4.5648306697e-01 
6.2886089538e-06 1.0000000000e+00 
1.2668245911e-05 4.3554866601e-01 
4.5518811586e-05 3.7425158650e-01 
9.0757659744e-05 2.4793517621e-01 
7.7521903294e-05 3.4964892176e-01 
5.6121115735e-05 2.9073663694e-01 
6.9776926005e-05 3.7849065029e-01 
3.2726438081e-05 4.0518531095e-01 
2.6306565617e-05 4.0783496470e-01 
5.5778474483e-05 3.2877964662e-01 
8.2866749024e-05 3.0856026147e-01 
3.6418964509e-05 3.9030431701e-01 
1.9221048142e-05 3.9826063568e-01 
4.6737831874e-05 3.9697904525e-01 
2.2942656705e-05 4.2597403547e-01 
1.5795273530e-05 1.0000000000e+00 
3.0974079012e-05 4.1807978512e-01 
3.1260730689e-05 3.3442371198e-01 
2.1822374253e-04 3.0323391344e-01 
1.5523931495e-04 3.5904392283e-01 
3.6620975800e-05 3.9606176997e-01 
4.6547837239e-05 3.7949226966e-01 
4.9804287427e-05 2.6774868581e-01 
8.2392797098e-05 3.5031177215e-01 
2.5095005167e-05 1.0000000000e+00 
6.0891430313e-06 1.0000000000e+00 
2.7786572781e-05 1.0000000000e+00 
3.9686462297e-05 2.6161096433e-01 
1.3515677745e-05 4.7670805465e-01 
3.5874904983e-05 3.9644605569e-01 
9.1950076905e-05 3.4702431462e-01 
4.7390213246e-05 3.2234821593e-01 
9.9579439750e-05 3.3365565152e-01 
8.6178671225e-05 3.6571636671e-01 
2.4871457513e-05 4.3855158640e-01 
1.8573840284e-05 1.0000000000e+00 
5.7318376702e-05 3.6159617984e-01 
1.0295380343e-05 1.0000000000e+00 
4.9996510780e-06 9.9628316848e-01 
8.8698592786e-06 4.4248428217e-01 
3.6523552297e-05 2.9742777191e-01 
1.0667925704e-05 4.3821419672e-01 
5.8159696150e-05 1.0000000000e+00 
3.9272040631e-05 3.9065186612e-01 
3.9744975650e-05 2.9399264558e-01 
4.7662887202e-05 3.7307700415e-01 
1.1602077576e-05 4.5962735488e-01 
1.2310707086e-04 2.5027600768e-01 
4.9998585871e-06 9.9375142052e-01 
6.0190007398e-05 2.8553295090e-01 
2.4527836756e-05 4.0874009665e-01 
2.8719738292e-05 4.3227995996e-01 
5.3932847951e-05 3.0076815191e-01 
3.6440691931e-05 4.0357659053e-01 
1.3706236584e-05 4.2414758011e-01 
5.4035566908e-05 2.5575068870e-01 
4.0939932276e-05 3.8100948930e-01 
2.9532636958e-05 2.7444132495e-01 
2.1139866744e-04 2.9905558588e-01 
4.8553903652e-05 3.9439903144e-01 
1.0419154534e-04 3.1510928412e-01 
1.8212287321e-05 4.2018008978e-01 
1.1102916288e-04 3.3588575051e-01 
4.9570941026e-05 3.7565217480e-01 
1.4827367673e-05 4.2211328955e-01 
1.8724487579e-05 1.0000000000e+00 
6.5410723668e-05 3.7709824399e-01 
7.3147706892e-05 3.5793491782e-01 
8.6499439347e-06 4.0908850165e-01 
3.3488804778e-05 5.4202623507e-01 
2.3799398219e-05 4.2318920306e-01 
9.2758111443e-05 3.4918250991e-01 
2.0265325807e-05 1.0000000000e+00 
3.1315954215e-05 4.2842154669e-01 
4.9996510479e-06 9.9918624551e-01 
3.3139046754e-05 2.5834835723e-01 
5.5853249676e-06 1.0000000000e+00 
8.7315454187e-05 3.6314853911e-01 
2.6375205517e-05 5.0997084109e-01 
2.6382126095e-05 3.9654558076e-01 
1.3494514383e-05 3.4727945086e-01 
3.6926232261e-04 2.7307460375e-01 
7.1661921562e-05 3.8091629036e-01 
1.0654635395e-04 3.6391604670e-01 
1.2972734124e-04 3.5987905401e-01 
2.1999183664e-04 3.4769048315e-01 
7.2764111765e-05 2.5607072058e-01 
3.6630920926e-05 3.8792347968e-01 
8.2706704448e-06 1.0000000000e+00 
8.1886266596e-06 4.7258979991e-01 
2.0357840171e-04 2.9320900632e-01 
1.3216761571e-05 1.0000000000e+00 
4.3720188929e-05 3.9040794590e-01 
1.5077843826e-04 3.1382705978e-01 
5.0938059760e-05 2.5548992312e-01 
8.0855028006e-06 4.6781964699e-01 
5.3632954322e-05 3.7547254720e-01 
3.0289285673e-05 3.6501645842e-01 
6.1805497139e-06 4.4147227902e-01 
4.8309521509e-05 3.6670955078e-01 
8.1841984799e-06 4.9853153841e-01 
4.9999017645e-06 9.9964860311e-01 
2.0644217540e-05 4.6213669625e-01 
1.7291214825e-05 4.7181912887e-01 
1.9129892770e-04 3.1802396087e-01 
7.5312295821e-05 3.4696926481e-01 
5.9802330532e-05 1.0000000000e+00 
1.2639644364e-04 3.6581652389e-01 
9.5560350943e-05 3.3596542319e-01 
4.9998966189e-06 9.9920437566e-01 
9.9816800622e-05 3.4691263855e-01 
2.5762925515e-05 3.8111133524e-01 
1.8960300517e-04 3.2812331118e-01 
3.2320580616e-04 2.6361258181e-01 
1.5521110660e-05 4.2077618964e-01 
2.0092758964e-05 1.0000000000e+00 
1.6945615211e-05 1.0000000000e+00 
8.6117794478e-05 2.7427473207e-01 
1.2472807607e-04 1.0000000000e+00 
2.2487601015e-05 4.2581012301e-01 
3.0283366016e-05 4.2189304639e-01 
1.3794442751e-05 3.2923212223e-01 
8.7617941436e-05 2.3863743556e-01 
7.1932746414e-05 3.7768067848e-01 
2.0244763563e-05 5.2249224643e-01 
4.7402579755e-05 3.7096667688e-01 
5.9910768133e-05 3.7932197195e-01 
3.5735279274e-05 4.4626475484e-01 
2.6767317604e-05 3.7153852499e-01 
4.3611925373e-05 2.7231187111e-01 
2.1399297623e-04 2.6405337834e-01 
6.2820533795e-05 2.9674086693e-01 
3.8072547224e-05 4.0891498758e-01 
1.2381174498e-05 4.4664177062e-01 
1.3809177161e-04 3.2235860899e-01 
6.7549765824e-06 4.6677796417e-01 
6.7682637523e-05 3.5013492260e-01 
6.2135936372e-05 3.6008608819e-01 
1.5713159241e-05 4.2772120075e-01 
4.9998925942e-06 9.9935149498e-01 
3.1006890717e-05 1.0000000000e+00 
5.7020679366e-05 2.4773908923e-01 
2.5791563796e-04 3.0024823322e-01 
5.4626013532e-05 4.0469134309e-01 
1.3966211723e-04 3.2953766704e-01 
1.0321045936e-04 3.8786507443e-01 
3.1417398240e-05 3.3052094944e-01 
2.1001867814e-05 1.0000000000e+00 
1.1309829187e-04 3.5915907528e-01 
6.8497208786e-05 4.2522738802e-01 
1.0676461178e-04 3.3418025090e-01 
9.9415423773e-05 3.3242333070e-01 
3.7302233153e-05 3.8331722283e-01 
1.4660306972e-04 3.3901467383e-01 
3.4088445723e-05 3.4715240565e-01 
1.0147883445e-04 3.3205986888e-01 
2.1761584440e-05 2.9158889118e-01 
1.3773611181e-05 4.4363636114e-01 
1.0609619098e-04 3.4161472216e-01 
7.5150675244e-05 3.8724878877e-01 
2.7520917912e-05 4.1100067713e-01 
1.3730063296e-05 1.0000000000e+00 
7.9783936331e-05 3.7136169173e-01 
6.1874603004e-05 1.0000000000e+00 
7.3210262378e-05 3.5519680705e-01 
1.1867636737e-04 3.4571672393e-01 
1.0312607525e-05 1.0000000000e+00 
4.9997266607e-06 9.9890936524e-01 
5.2421728762e-06 1.0000000000e+00 
9.3683321486e-05 3.2967455003e-01 
4.9960712467e-06 9.9542892960e-01 
2.7575615358e-05 5.2265858119e-01 
3.3428070201e-04 3.4739299981e-01 
2.1330258859e-04 3.1353019735e-01 
8.8678753763e-05 3.4120229871e-01 
1.3758452963e-04 2.3646948106e-01 
2.0199453060e-05 4.1665837761e-01 
2.2651479966e-05 2.7574210498e-01 
2.8850532105e-05 2.5846665247e-01 
3.5824707336e-05 4.9068973015e-01 
1.0990570388e-04 3.2860061962e-01 
4.1720546753e-05 4.1335051850e-01 
2.1329119814e-05 4.0904644526e-01 
5.0419640788e-05 2.9650912147e-01 
3.3838839010e-05 2.5812713530e-01 
1.5491661153e-05 4.6841007416e-01 
3.4137867972e-05 2.8183617784e-01 
2.3735260928e-05 3.6534059385e-01 
4.4112398412e-05 3.8001953052e-01 
1.2101793286e-04 3.2365556924e-01 
1.9564536412e-05 1.0000000000e+00 
5.0523341432e-05 3.7429338718e-01 
6.3828110966e-05 2.8346353362e-01 
9.0166176371e-05 3.4081167628e-01 
2.9974438078e-05 2.7413127041e-01 
6.8188929146e-05 3.5800557710e-01 
1.9219735534e-05 1.0000000000e+00 
4.9996375360e-06 9.9870836213e-01 
1.9872553370e-05 1.0000000000e+00 
1.0737452933e-04 2.4311966846e-01 
2.3570151486e-05 4.1910473087e-01 
1.2575754457e-04 3.3275842131e-01 
1.0294517932e-05 1.0000000000e+00 
2.5418230902e-05 1.0000000000e+00 
4.9998643913e-06 9.9934934820e-01 
1.6678178447e-04 3.2119903219e-01 
7.8797254837e-05 3.2582528708e-01 
3.2858315265e-05 2.8318218095e-01 
1.0112888032e-04 3.4616214644e-01 
1.3455201219e-05 3.5201895026e-01 
9.2945944446e-06 1.0000000000e+00 
2.1312536813e-05 3.4341543742e-01 
5.9672568582e-06 1.0000000000e+00 
8.8346757486e-06 6.0354720778e-01 
1.9259721896e-05 3.2255872682e-01 
2.1033078028e-05 3.9691983389e-01 
1.7726422940e-04 3.1603089614e-01 
5.8724811874e-05 2.5978044422e-01 
1.0399994497e-05 1.0000000000e+00 
4.9921416288e-06 9.9353475615e-01 
4.9997674662e-06 9.9751101826e-01 
2.7051309025e-05 3.0760894479e-01 
3.0438644206e-05 2.6189541518e-01 
1.2105100639e-05 3.2869693742e-01 
3.0041006280e-05 2.9475467116e-01 
3.0625190718e-05 2.6074265445e-01 
5.6325163994e-05 2.6595631696e-01 
3.7229146613e-05 2.5770236789e-01 
1.0118071510e-04 2.3823808605e-01 
3.4794630541e-05 3.7357985562e-01 
7.8359584794e-05 3.8755688432e-01 
3.5944357108e-05 3.9413732377e-01 
3.5414152762e-05 3.5043779021e-01 
1.4689057543e-04 3.1542883924e-01 
4.0294064788e-05 2.7662629789e-01 
2.8763257349e-05 4.1100694408e-01 
3.0494911554e-05 4.2299256476e-01 
6.5679925833e-05 3.1721286182e-01 
5.0623842085e-05 2.4029959997e-01 
2.4519997462e-05 4.0760922774e-01 
1.4783686360e-04 3.1212326758e-01 
4.6873376300e-04 2.9283220944e-01 
3.2885588676e-05 4.0322772163e-01 
1.0375098502e-04 3.4285136902e-01 
2.3502160738e-04 2.7356738295e-01 
7.6937159058e-05 3.5404168509e-01 
1.0358146038e-04 3.4648407905e-01 
2.5510664710e-05 2.8786360379e-01 
1.4993706017e-05 1.0000000000e+00 
1.7881817933e-05 2.9678274299e-01 
7.8321818638e-05 3.6721719940e-01 
7.2739166490e-05 2.7714768838e-01 
3.4006756197e-05 2.5891633178e-01 
1.5527598149e-05 1.0000000000e+00 
8.9898876477e-05 3.6600292588e-01 
1.5394182180e-05 4.3163492546e-01 
8.2907847488e-05 3.8073516176e-01 
1.2051514746e-04 3.2209001781e-01 
1.0504970434e-05 1.0000000000e+00 
1.4058828422e-05 3.3950258862e-01 
1.8837207908e-05 4.3811692612e-01 
1.1079700131e-04 1.0000000000e+00 
8.9279699266e-05 3.3673830565e-01 
6.6715309730e-05 3.4457036034e-01 
3.6705846691e-05 2.6262855810e-01 
3.9654194368e-05 3.9624731052e-01 
4.9998617834e-06 9.9903825789e-01 
1.1704156302e-04 3.3206621803e-01 
7.5818829043e-05 2.4017816951e-01 
1.1751407949e-04 3.4523601362e-01 
2.4330432501e-05 1.0000000000e+00 
6.8868930743e-06 4.6008224713e-01 
1.0038950155e-04 3.6310314424e-01 
3.5494376713e-05 1.0000000000e+00 
6.5392009097e-06 1.0000000000e+00 
4.7446915723e-05 2.6357056106e-01 
5.4308595904e-06 1.0000000000e+00 
5.1081518723e-06 1.0000000000e+00 
1.3997779148e-05 1.0000000000e+00 
2.5280863644e-05 4.0630055633e-01 
3.2898046971e-05 3.8762935161e-01 
2.9372474897e-05 2.9235603505e-01 
1.1355902779e-04 3.4529545137e-01 
6.3183440981e-06 4.9156479810e-01 
1.7079688480e-04 3.1367925755e-01 
8.5882943933e-05 3.5111793493e-01 
1.0778211738e-04 3.4112326002e-01 
3.1736709460e-05 2.5739065458e-01 
1.5322256282e-04 1.0000000000e+00 
3.8842326230e-05 3.9558969516e-01 
2.9909402129e-05 3.9985748200e-01 
6.5011897517e-05 3.4415027863e-01 
1.3899569804e-05 4.2588770071e-01 
1.1030455274e-04 3.3694616514e-01 
8.0436445864e-05 3.7935474679e-01 
1.0452599024e-05 1.0000000000e+00 
4.4754425698e-05 3.1783327518e-01 
2.4939146350e-05 2.8202638456e-01 
3.2051735931e-05 4.0524353390e-01 
6.5001862816e-05 3.6376253575e-01 
6.5379434616e-05 2.6132568449e-01 
8.9419161132e-06 1.0000000000e+00 
1.1358187294e-04 3.5733518910e-01 
9.5455559483e-06 4.5977610951e-01 
6.5503691199e-05 3.7168763473e-01 
1.5026729353e-05 4.4477360113e-01 
9.1686585179e-05 3.8415617629e-01 
6.7072421132e-05 3.2310050197e-01 
4.1208349345e-05 4.2003362824e-01 
6.8646452114e-05 3.4342372807e-01 
4.8398710371e-05 3.1475254594e-01 
3.7048662685e-05 2.8295309345e-01 
9.7830750282e-06 1.0000000000e+00 
1.0570123715e-04 3.3009408971e-01 
2.2767402438e-05 4.5147170879e-01 
5.5457282454e-05 2.6968885102e-01 
7.8482968280e-05 3.6349291667e-01 
1.9686765268e-05 3.6218150605e-01 
1.1296528203e-04 3.6343156902e-01 
1.6731095057e-05 1.0000000000e+00 
2.6293298243e-05 4.4466238497e-01 
1.9350217330e-05 4.4158679756e-01 
9.0215761270e-05 3.3253060917e-01 
1.1870429190e-04 3.3173966056e-01 
4.3207911536e-05 2.5878131901e-01 
5.7740820688e-05 3.5875018096e-01 
1.6502527853e-04 3.4195926474e-01 
4.9971577736e-06 9.9298429330e-01 
1.5794964145e-04 3.0711114558e-01 
2.3405612421e-05 1.0000000000e+00 
1.5482527390e-04 3.1443818117e-01 
7.4780705571e-06 4.1745295195e-01 
1.3275041745e-05 4.5782689376e-01 
5.5934011135e-05 3.5106277651e-01 
7.2732622296e-05 3.5995305395e-01 
1.9283901526e-05 4.6142406735e-01 
3.9085776355e-05 2.6706113125e-01 
1.4209503178e-05 1.0000000000e+00 
1.4590892256e-04 3.2813461755e-01 
4.7243793306e-05 4.1891290837e-01 
2.1211583552e-04 3.0631995924e-01 
6.5241720041e-05 3.6617376287e-01 
3.7650707848e-05 3.5654762896e-01 
5.6765229548e-05 2.7086931339e-01 
3.5893041201e-04 2.3744457212e-01 
5.9813601319e-05 3.4461759857e-01 
4.2690288855e-05 4.0091087310e-01 
1.7651255354e-05 3.2758358560e-01 
1.1360638455e-04 2.5939561910e-01 
5.7757119926e-05 2.5115479038e-01 
1.8009985509e-04 3.4920957060e-01 
7.2668767301e-05 3.5684882044e-01 
1.5287154453e-04 3.2142151058e-01 
1.1011508002e-04 3.7270020105e-01 
7.5222304446e-05 3.6635199552e-01 
2.4639416963e-05 5.2330000279e-01 
6.4573021120e-05 3.5913456328e-01 
9.7350821857e-05 3.5460239923e-01 
1.1963634773e-04 4.3688116195e-01 
4.8169599474e-05 2.4877725092e-01 
1.7521879308e-05 4.3340166440e-01 
2.4077119533e-04 3.8383154472e-01 
1.6944098481e-05 4.9667512784e-01 
9.1120556411e-05 3.4121647921e-01 
3.7367135667e-05 3.9436825529e-01 
2.4768660111e-05 3.5317981423e-01 
6.7794801117e-05 2.7564015168e-01 
1.5622208577e-05 5.9324153998e-01 
4.9997732406e-06 9.9902814789e-01 
2.9070247064e-05 5.5905485156e-01 
5.1037106297e-05 1.0000000000e+00 
2.7023085031e-05 3.5190561260e-01 
6.3054554795e-06 1.0000000000e+00 
2.1028469162e-05 4.5784116965e-01 
3.4473923767e-05 1.0000000000e+00 
6.2218544902e-05 3.7270067147e-01 
1.2591087763e-04 3.2309760225e-01 
4.9995012345e-06 9.9793683707e-01 
4.5142417443e-05 3.8598337175e-01 
1.4352509016e-05 3.1430659632e-01 
3.7431010974e-05 3.8917703811e-01 
8.6571387557e-05 2.8899518663e-01 
6.2151256492e-05 2.9683223562e-01 
1.6818486631e-04 3.3256256992e-01 
4.9989476006e-06 9.9715861465e-01 
5.0732326814e-05 4.2956484219e-01 
1.3321481614e-04 3.4567299984e-01 
4.9998815504e-06 9.9858858289e-01 
1.3590114314e-04 3.2415483128e-01 
4.9553580220e-05 3.1795929753e-01 
2.8850354037e-05 4.4730306397e-01 
6.3026335429e-05 3.6590632939e-01 
4.1632119640e-05 2.7595692948e-01 
8.1764721461e-05 2.6308627902e-01 
1.6018406838e-05 1.0000000000e+00 
1.2018809696e-04 3.2554334109e-01 
1.1042202822e-05 1.0000000000e+00 
3.9505111760e-05 2.4876275811e-01 
9.4797754740e-05 3.3904682150e-01 
2.0524939037e-05 3.1715656087e-01 
1.0063985768e-05 1.0000000000e+00 
1.0818570776e-05 4.5751750707e-01 
1.3259494231e-04 4.0211823651e-01 
8.6431056883e-05 1.0000000000e+00 
2.2224888201e-04 2.7945690575e-01 
3.0588828848e-05 1.0000000000e+00 
2.8340217085e-05 3.2205144014e-01 
8.7351756589e-05 3.5867229664e-01 
3.8412293255e-05 3.7433121254e-01 
8.3074235122e-05 3.5560564823e-01 
8.4624911341e-05 3.4225604195e-01 
3.9700034333e-05 2.5763629716e-01 
1.5142945892e-04 2.6229746855e-01 
7.2551723945e-05 2.7311439321e-01 
2.8349151953e-05 4.5484896584e-01 
6.2657763668e-05 4.3123937734e-01 
9.7869964361e-06 4.5611207182e-01 
2.9441296408e-05 2.7219579331e-01 
4.6884400847e-05 2.4170469313e-01 
1.8373533071e-05 4.2010838319e-01 
