2.0359764731e-05 1.1833389915e+04 2.6956232853e-01 
1.5664179146e-04 1.2117616121e+04 8.5192568482e-01 
2.1128058893e-04 1.1335216464e+04 6.0392828998e-01 
2.7128860409e-05 1.3751786703e+04 1.1476106571e+00 
3.8114865359e-04 1.9309562710e+04 5.3617757734e-01 
1.8629482601e-04 1.7899456890e+04 6.5638791987e-01 
8.6895143955e-05 1.2024985790e+04 9.5454955340e-01 
7.9157568954e-05 1.3192616353e+04 1.3076232906e+00 
5.4501519683e-05 1.6120713759e+04 7.7050278268e-01 
1.2800781050e-04 1.7459276581e+04 7.0473805497e-01 
1.3787675367e-05 1.1204196974e+04 7.2647918646e-01 
2.3013969731e-05 1.1740810772e+04 5.3547338137e-01 
7.6502660525e-06 1.1854534829e+04 1.1627773017e+00 
9.0286047165e-05 1.2040046534e+04 8.8818173765e-01 
3.0662062469e-05 1.1717092352e+04 4.8772040838e-01 
7.9995544333e-05 1.5029737181e+04 3.2354778923e-01 
1.8352286731e-04 1.3318494342e+04 1.2784606067e+00 
1.0266116480e-04 1.2050188275e+04 1.3250902822e+00 
4.9718244632e-04 2.5000000000e+04 4.7588174242e-01 
2.5241204450e-05 1.4092467509e+04 2.1751043445e-01 
8.8391193625e-05 2.3397624987e+04 8.9023373692e-01 
8.5009868010e-05 1.3181647635e+04 1.3047289901e+00 
2.5538327133e-04 1.3578387596e+04 5.2955711404e-01 
6.9088686068e-06 1.3577188802e+04 5.3202470575e-01 
3.6340905159e-05 1.5105543450e+04 1.3423035697e+00 
1.9852845788e-05 1.2372797169e+04 9.1168376901e-01 
2.7366565033e-05 1.1675622490e+04 3.3650361999e-01 
6.8356398600e-05 1.7618877914e+04 7.7881160385e-01 
1.9612517176e-04 1.3109696069e+04 7.4411097874e-01 
1.3682440570e-05 1.2393448387e+04 1.4480582323e-01 
1.7754369660e-05 2.5000000000e+04 2.5936663950e-01 
5.7397852734e-05 1.2726628050e+04 7.1291151149e-01 
2.2010241881e-05 2.0032638289e+04 9.1591590188e-01 
1.9887655147e-05 2.5000000000e+04 8.3038161151e-01 
1.5758496702e-04 2.4693936556e+04 1.3839051710e+00 
8.4033178051e-06 1.2157185674e+04 2.8183194476e-01 
5.5375387315e-05 1.1908453229e+04 1.0927214880e+00 
4.2429561607e-05 1.1249248706e+04 2.6719294083e-01 
8.3822419465e-05 1.1243085249e+04 7.2995643694e-01 
6.6936317363e-06 1.1923916508e+04 5.8755643176e-01 
6.7740065123e-04 1.5879709432e+04 1.3560954526e+00 
1.2841683596e-04 1.1925391111e+04 2.2199914310e-01 
8.1429403753e-05 1.1626189573e+04 8.8432830187e-01 
2.5282054960e-05 1.8121519378e+04 1.1661619089e+00 
4.2710413489e-05 1.9495264148e+04 6.1744763868e-01 
5.3240543252e-05 1.3972620808e+04 1.0540957067e+00 
2.9220663391e-05 1.6005070357e+04 5.5127638152e-01 
8.6825931698e-05 1.2437160482e+04 1.1142107898e+00 
1.5436763979e-05 1.5794872058e+04 1.1726734692e+00 
5.0873168070e-04 1.1277786519e+04 7.2007522921e-01 
2.3862841029e-05 1.4375069691e+04 1.0712957084e+00 
2.1264285342e-05 1.1411292474e+04 2.0362203656e-01 
1.1958579566e-04 1.2241897929e+04 8.9148394829e-01 
5.5657698574e-05 1.5661774097e+04 8.4883340045e-01 
2.3071428081e-05 1.3076816544e+04 6.5612971780e-01 
4.7053702577e-05 1.2356437747e+04 7.6195386609e-01 
1.1557039928e-05 1.1303227313e+04 1.0881964860e+00 
7.6297917924e-04 1.7040306987e+04 1.2294712280e+00 
1.7974234060e-05 1.8460479639e+04 1.0496822481e+00 
3.6263881511e-05 1.1926308287e+04 3.2103084773e-01 
4.7526689313e-05 1.1268564644e+04 6.7350678165e-01 
3.0275342175e-05 1.1375360880e+04 1.0737044083e+00 
3.0477781789e-05 1.4665524123e+04 2.8952603461e-01 
2.9772432782e-04 1.3995869839e+04 6.5249837495e-01 
1.5507450532e-05 1.2030012397e+04 4.7926208066e-01 
1.9256818930e-04 1.8646431164e+04 1.0326812197e+00 
3.5587900871e-05 1.2697833810e+04 1.1909738046e+00 
7.5561138042e-05 1.4923031007e+04 1.4125514999e+00 
3.2482919053e-05 1.6673087969e+04 3.8620584227e-01 
7.4048686706e-06 1.1244201659e+04 1.0861816374e+00 
1.7836458239e-04 1.6067750544e+04 3.6442866856e-01 
3.1351461042e-04 2.1495676337e+04 1.1159455613e+00 
5.7124173592e-05 1.5632079471e+04 1.8121041440e-01 
1.7702051725e-04 1.3356764689e+04 8.5004880536e-01 
4.1898183937e-05 1.5029707040e+04 1.8112324660e-01 
9.6898163870e-05 1.2813434038e+04 2.5705069516e-01 
1.9072666783e-05 1.9698613685e+04 9.2283297721e-01 
1.0705519090e-04 1.2039181262e+04 7.5405270709e-01 
3.2477320546e-05 1.2275265022e+04 6.5101097214e-01 
7.0711054171e-05 2.5000000000e+04 9.9650876016e-01 
8.2601348179e-05 1.8233431837e+04 7.4474250396e-01 
2.1166611830e-04 1.9217565677e+04 1.4425320774e+00 
1.9101343007e-04 1.5223910687e+04 3.4706212983e-01 
3.1729732827e-05 1.2208549626e+04 3.6094708680e-01 
4.8431194971e-05 1.4071703634e+04 8.2585283790e-02 
2.3524843250e-05 1.8490020440e+04 1.0178630415e+00 
6.0219244600e-05 1.6114592083e+04 4.7150812031e-01 
4.3628039465e-05 2.5000000000e+04 8.8935546739e-01 
4.1669066727e-04 1.6655024877e+04 9.4325500086e-01 
7.9218514689e-05 1.2509590922e+04 6.8511923764e-01 
3.3839718598e-04 1.5735415594e+04 1.2632008856e+00 
2.2708629979e-04 1.2588410029e+04 1.4708718263e+00 
2.0221368095e-05 1.2417412028e+04 7.8967466794e-01 
3.1954120354e-04 1.5398573331e+04 5.2182986982e-01 
1.4580530779e-04 1.4966153313e+04 7.9923193193e-01 
3.4369590343e-05 1.4445226366e+04 2.9818032279e-01 
6.6784569783e-05 1.2662875224e+04 7.4362620265e-01 
9.1158984232e-06 1.3189856809e+04 4.3693293112e-01 
1.3710460390e-04 1.6959880742e+04 1.0379933036e+00 
7.7842952680e-06 1.1532997459e+04 7.0413950570e-01 
8.0546674858e-06 1.2994144081e+04 1.2845350285e+00 
3.9794286671e-05 1.3646885916e+04 8.1162368708e-01 
6.3120935835e-05 1.1614651589e+04 1.0311445440e+00 
5.4448581798e-06 1.2026969138e+04 1.3752885914e+00 
2.4377256426e-05 1.4328460339e+04 2.4419691765e-01 
1.4200638831e-05 1.4428748688e+04 1.1685479904e+00 
4.4869497390e-05 1.9203897429e+04 2.9477385876e-01 
3.0956773685e-04 1.3298257174e+04 2.8365565043e-01 
4.9584553904e-04 1.6486272587e+04 1.2523107690e+00 
2.5521247948e-05 1.1582338113e+04 7.9665349146e-01 
9.1354493989e-05 1.3825658619e+04 5.8499448984e-01 
6.3763345282e-05 2.2805928803e+04 8.9114854245e-01 
4.0444652358e-05 1.1638040537e+04 9.0497032108e-01 
2.4315485609e-05 1.4256954323e+04 1.4380298831e+00 
6.0883438598e-05 1.2569466098e+04 4.2479430744e-01 
6.4596715113e-04 1.1205777137e+04 9.0914333392e-01 
1.0001527792e-05 1.8946313627e+04 1.1606142442e+00 
7.7021949398e-06 2.0514698095e+04 1.2248392697e+00 
2.4255632425e-04 1.5923509387e+04 5.5983515229e-01 
2.2716627427e-05 1.8108706879e+04 1.3960285692e+00 
2.1619919688e-05 1.1420674856e+04 4.1828391685e-01 
2.5651192859e-04 1.4911973971e+04 8.2796170118e-01 
1.2615938030e-04 1.2334475026e+04 1.0210732423e+00 
7.2017883873e-05 1.2504780221e+04 1.2679881677e+00 
1.2781693214e-05 1.1900967008e+04 4.8263273606e-01 
1.2763800045e-05 1.1378124259e+04 5.0228795846e-01 
1.7268292846e-05 2.0347128408e+04 5.3570684574e-01 
1.5819745514e-04 1.2655756837e+04 9.0282006279e-01 
1.4420072482e-04 1.3439082257e+04 8.8610237729e-02 
5.0080027898e-05 2.4257732688e+04 9.0551682512e-01 
9.0715149934e-05 1.3076100132e+04 5.2865170970e-01 
3.6648736878e-05 1.3066563000e+04 7.8018521949e-01 
4.7746419854e-05 1.4196044802e+04 5.2504134458e-01 
1.2698992324e-04 1.4858603043e+04 7.5928980232e-01 
5.8048058048e-05 1.5759564677e+04 8.6780428070e-01 
1.6170466447e-05 1.2384594625e+04 6.5007232164e-01 
1.9345277040e-05 1.1929905097e+04 9.9677088456e-01 
1.0109268096e-04 1.3069913548e+04 8.4977445835e-01 
4.7567089322e-05 1.2162445226e+04 1.1878053371e+00 
1.1030169552e-05 1.1565226893e+04 8.6896133906e-01 
8.6368661255e-05 1.3433120134e+04 6.8343494855e-01 
1.2079327185e-05 1.5377258230e+04 1.0521618487e+00 
9.3436394545e-05 1.9632247668e+04 7.6292548554e-01 
4.4244344804e-05 1.5939226178e+04 8.3346172170e-01 
1.1175584393e-05 1.1313852495e+04 2.5718578562e-01 
1.5960939649e-04 1.1350151972e+04 5.8327591693e-01 
2.0509389572e-05 1.2176265079e+04 1.1736054380e+00 
3.0138313038e-05 2.0911635911e+04 3.1840299532e-01 
3.3606616184e-05 1.9316436243e+04 9.9197146899e-01 
4.7779267722e-04 1.1788506498e+04 9.4361172164e-01 
3.7159084219e-04 1.1482102445e+04 6.1594059478e-01 
4.8074339895e-05 1.4899139048e+04 6.2193605798e-01 
1.4343729746e-04 1.2847563480e+04 3.6979519978e-01 
6.9902643179e-04 1.3286720243e+04 1.6641792971e-01 
2.9134019708e-04 1.2514742166e+04 5.7022987881e-01 
3.7752856478e-04 1.2413357817e+04 3.8837874273e-01 
1.4227318281e-04 1.2601231207e+04 1.4216304769e+00 
1.6423273176e-05 1.1840847867e+04 7.1188813592e-01 
3.0784045958e-05 1.2904906682e+04 6.9328190474e-01 
1.6521945811e-04 1.1593304205e+04 6.3925039463e-01 
7.5970888117e-06 2.5000000000e+04 6.2324589865e-01 
1.1758785619e-04 1.3092994535e+04 6.9182664689e-01 
9.5675154521e-04 1.1981542876e+04 9.6276775831e-01 
8.0260405900e-05 1.1885786792e+04 7.6673563350e-01 
5.4916591663e-06 1.4323921856e+04 7.5598039109e-01 
4.1191268721e-05 1.1252541930e+04 6.5888050269e-01 
5.3694826775e-06 1.7213249852e+04 9.5075118649e-01 
9.9487927322e-04 1.8393856071e+04 1.1416149696e+00 
1.8147894097e-05 1.2537999508e+04 7.0775894620e-01 
1.0080376513e-04 1.3719043581e+04 1.0563480105e+00 
3.3519887157e-04 1.2371561132e+04 1.0865219766e+00 
3.4403686067e-05 1.2750355913e+04 7.1510737238e-01 
3.3567512869e-05 1.2480433650e+04 1.0392303193e+00 
6.7960100414e-06 2.1293902929e+04 9.1221977319e-01 
7.8164857307e-05 1.1906881554e+04 8.2773906199e-01 
3.9062592406e-04 1.7468076090e+04 1.1671630266e+00 
2.7101917362e-05 1.2013112363e+04 1.0948779069e+00 
2.3431703136e-05 1.3934801437e+04 4.5631791318e-02 
4.0524528763e-05 1.2187980634e+04 7.9941224631e-01 
1.0457542780e-04 1.9080780124e+04 2.7622265134e-01 
7.1357846500e-05 2.0001491535e+04 6.6676294860e-01 
7.1368892158e-04 1.1769779231e+04 4.6814804339e-01 
1.2409562974e-04 1.9468387195e+04 1.0488555930e+00 
5.1133714267e-05 1.3572973132e+04 1.1190919429e+00 
5.4321553383e-05 1.4249461835e+04 6.5106542308e-02 
1.3857465855e-04 1.2107401927e+04 2.6801523898e-01 
3.4642941366e-05 1.2348600132e+04 1.3152825574e+00 
1.4296617334e-04 1.3724159564e+04 5.1429930178e-01 
4.3336585650e-05 2.4824586610e+04 1.1663032452e+00 
3.3179701578e-05 1.4470464883e+04 3.2624193814e-01 
5.7195330643e-04 1.1524869939e+04 5.3055944950e-01 
2.3905657742e-04 1.2709671402e+04 2.8157327414e-01 
7.1958965025e-05 1.1830792084e+04 1.5280309677e+00 
3.4521527039e-05 1.7099217616e+04 5.8813642811e-01 
7.2036218052e-05 1.1579738006e+04 6.6970027312e-01 
6.4087050936e-04 1.4309689623e+04 8.9583405644e-01 
1.6120550382e-04 1.1684890080e+04 7.0507357211e-01 
2.0436090736e-05 1.1388944969e+04 1.2320460649e+00 
3.9474721876e-04 1.3262687064e+04 1.0373662971e+00 
5.8342125082e-05 1.4666225420e+04 1.0593684076e+00 
1.4579385708e-04 1.2559278197e+04 1.0551959468e+00 
3.5436468635e-05 1.3165790954e+04 9.8235854468e-01 
3.0493380769e-05 1.5057724251e+04 5.0688081569e-01 
1.3633214683e-04 1.8233713026e+04 3.6522967558e-01 
4.2407241428e-05 1.1819917722e+04 4.7143528093e-01 
6.4630727134e-06 1.1692421078e+04 2.2741786868e-01 
3.0030125411e-05 1.3300659884e+04 1.2268681741e+00 
2.8524510826e-05 1.1383288894e+04 4.2472141163e-01 
1.2423144402e-04 1.5151652251e+04 9.1405887887e-01 
1.1752428444e-04 1.1636514776e+04 5.9999334132e-01 
3.7901787350e-05 1.5307512527e+04 1.1351546209e+00 
8.4560499165e-05 1.1824029575e+04 6.1887952201e-01 
1.1249127843e-04 1.1394195459e+04 1.8279311473e-01 
1.0957781006e-05 1.6118953879e+04 1.1857442228e+00 
6.4734411701e-05 1.3744158654e+04 5.0749903379e-01 
4.6865686107e-05 1.3549362961e+04 5.4980879030e-01 
7.3644526012e-05 1.1919864441e+04 6.4656584603e-01 
2.1263394873e-05 1.1898558969e+04 7.8704422094e-01 
5.6861995862e-05 2.0516870385e+04 4.6969781547e-01 
9.8485937466e-05 1.2766581619e+04 9.5798899894e-01 
8.9640850090e-06 1.1200568326e+04 9.6936736247e-01 
2.4675121711e-05 2.5000000000e+04 7.2608006011e-01 
5.6505616188e-05 2.5000000000e+04 6.2617883828e-01 
4.7205134988e-05 1.9940387627e+04 1.7497385118e-01 
9.5264553543e-06 1.4614997613e+04 1.3856944327e+00 
4.8409828222e-05 1.1280963515e+04 4.5528682285e-01 
7.0733247053e-04 1.1413475554e+04 8.3764477719e-01 
8.0831017153e-05 1.1630467860e+04 5.1168267492e-01 
1.4195228616e-05 1.1539410319e+04 1.1276859408e+00 
3.0880392993e-05 1.1727698788e+04 1.2964073780e+00 
8.2390751108e-05 1.3061214168e+04 7.3159650625e-01 
2.1232624854e-04 1.1433519270e+04 9.0169535252e-01 
6.7016007117e-05 1.1721208615e+04 5.8606085349e-01 
2.7008552954e-04 1.3246719590e+04 8.2229153852e-01 
4.9886988357e-04 1.3448740875e+04 1.0280973853e+00 
3.0157544546e-05 1.3774273622e+04 8.9019796728e-01 
8.9364355709e-05 1.2393454458e+04 1.4373005857e+00 
1.2268593200e-04 1.3115652064e+04 7.7106119109e-01 
1.8304420028e-05 1.3071267108e+04 1.3222412287e+00 
6.4004396597e-04 1.3904282565e+04 6.9838836107e-01 
2.5156183596e-04 1.5682669719e+04 9.0885680702e-01 
5.0684510998e-05 1.2301222283e+04 4.4544251055e-01 
1.4115819879e-05 1.4322169704e+04 1.0667830935e+00 
2.1285059215e-04 1.2539014502e+04 1.0010975778e+00 
1.5285821085e-04 1.9264792820e+04 1.3183578270e+00 
9.1285349815e-06 1.3613216249e+04 5.0386399339e-01 
8.7979578299e-04 1.5489080731e+04 2.6833088444e-01 
1.5181219980e-04 2.5000000000e+04 1.0633877819e+00 
8.1111159724e-06 1.3654328671e+04 1.2888777525e+00 
1.1554209494e-05 1.8677686288e+04 4.3745172162e-01 
2.9769989042e-05 1.4883703036e+04 1.0417202982e+00 
4.4306182316e-05 1.4881058114e+04 3.7354163503e-01 
2.2975714137e-05 1.3910325366e+04 1.4940269892e+00 
5.8413892427e-05 1.1762417906e+04 2.5882622778e-01 
2.0877725463e-05 1.1511959564e+04 7.2109178309e-02 
1.4479486928e-04 1.7393728841e+04 4.5157277931e-01 
7.3349796683e-05 1.6894043851e+04 9.8048642350e-01 
9.6754807726e-04 1.4976458674e+04 7.1923812160e-01 
1.4491986488e-04 1.1776142697e+04 1.3035173717e+00 
3.8096680101e-05 1.3764902507e+04 1.0119094352e+00 
9.8020429949e-04 1.2407922341e+04 8.8418527804e-01 
1.7867564231e-04 2.0282313870e+04 1.2487388983e+00 
2.1062882469e-05 1.3246717834e+04 2.8294310776e-01 
5.8246627808e-05 1.5282526376e+04 4.6648097362e-01 
4.9697703755e-05 1.3407799481e+04 2.6182586081e-01 
8.8107246379e-05 1.1466918759e+04 3.5622843630e-01 
3.1637520441e-05 1.3617465655e+04 1.3808681710e+00 
8.2187677683e-05 1.4181454616e+04 5.7504968187e-01 
2.0691659926e-05 1.5885102428e+04 3.8452216318e-01 
9.9503415925e-05 2.2300822777e+04 5.9628655932e-01 
1.1040415121e-05 1.1851267609e+04 4.7098570257e-01 
5.1858824130e-04 2.1968737317e+04 6.6237646659e-01 
1.0198683151e-05 1.6205417456e+04 7.3272337142e-01 
1.6143859657e-05 1.3920937696e+04 8.4308341413e-01 
6.8771062097e-06 1.2196711554e+04 7.9041725685e-01 
1.7121512644e-05 1.1819554589e+04 8.2996675912e-01 
1.9612942120e-04 1.1488688702e+04 6.8034058479e-01 
1.4626451871e-05 1.4939268149e+04 4.4020414778e-01 
1.8561463675e-04 1.2737802579e+04 1.2954158045e+00 
1.1245733672e-05 2.5000000000e+04 9.5712561652e-01 
7.4057489793e-06 1.6505013175e+04 6.9652708579e-01 
3.5306543450e-05 1.1539137801e+04 3.1190668981e-01 
1.3152249457e-04 1.2014703339e+04 9.6503379598e-01 
3.5780961864e-05 1.2868453051e+04 5.8367033895e-01 
1.6887633130e-05 1.6414295871e+04 5.1732591508e-01 
7.9579148647e-05 1.4026764028e+04 7.1953943783e-01 
7.3619811199e-06 1.3296166645e+04 1.2715535872e+00 
3.7796266749e-05 1.1440960777e+04 1.9404424642e-01 
8.9596489296e-06 1.1799292981e+04 3.0823503392e-01 
3.7230039273e-05 1.9296506701e+04 6.6763178113e-01 
5.6380650694e-05 1.3347864512e+04 3.3979469061e-01 
5.8296236169e-05 2.3761147573e+04 4.5724175254e-01 
1.1894644515e-04 1.3482787533e+04 3.4081707213e-01 
4.8014992262e-05 1.4950300117e+04 2.7468210302e-01 
2.6384938630e-05 1.6052784154e+04 3.8361507121e-01 
2.3748549837e-04 1.2986786156e+04 1.1314801441e+00 
1.9272790785e-05 1.1884914685e+04 4.6949847324e-01 
9.4188040276e-06 1.1847040721e+04 2.7357696301e-01 
9.5327228759e-05 1.6768594415e+04 4.1570711392e-01 
4.1948794521e-05 1.5070187664e+04 8.8044101462e-01 
7.2694241070e-04 2.5000000000e+04 9.8495393487e-01 
9.4341252927e-05 1.1674371617e+04 8.9719895217e-01 
5.6229896227e-05 1.6757170788e+04 1.0770827120e+00 
3.6691516239e-05 1.3070706632e+04 1.1194346299e+00 
1.1564550868e-05 1.2175818282e+04 8.5144470162e-01 
8.1175333817e-05 1.3018127685e+04 8.0278842307e-01 
1.0836791339e-05 1.2365964575e+04 5.4986460033e-01 
1.2672482245e-05 2.5000000000e+04 1.2246605139e+00 
1.2099548529e-04 1.4845975939e+04 9.2522287065e-01 
1.1084702470e-04 1.3289202541e+04 3.3837781917e-01 
2.3911469921e-05 1.1617858314e+04 9.8012752735e-01 
2.0257300414e-05 1.3198748065e+04 5.8072437358e-01 
9.2470818094e-05 1.9660720196e+04 1.0742559686e+00 
6.3996577177e-05 1.5744005097e+04 4.9753008101e-01 
2.5521814392e-05 2.5000000000e+04 6.6942557918e-01 
5.1707966285e-05 1.3494109454e+04 9.8307043779e-01 
7.6909193580e-06 1.2065144478e+04 3.4422614683e-01 
1.2941350200e-04 2.0130369064e+04 3.4163434453e-01 
2.0720755070e-05 1.3708265276e+04 8.0244307104e-01 
6.9962052562e-05 1.7303841009e+04 8.2887126145e-01 
6.9884485236e-06 1.6153102156e+04 1.0483732361e+00 
2.8567461731e-05 2.5000000000e+04 3.4913297292e-01 
7.1888371191e-05 1.4533779827e+04 5.2571058762e-01 
2.3017539038e-04 1.2063667110e+04 1.2939105460e+00 
1.3899816492e-05 1.2183221190e+04 1.1926131361e+00 
1.5178227782e-04 1.3037529899e+04 1.1265930237e+00 
3.1582864677e-04 1.1637610123e+04 5.8818150534e-01 
5.6937612334e-05 1.2817337845e+04 9.7045954171e-01 
7.8086415486e-05 1.1355907510e+04 9.2929248756e-01 
6.0730986827e-04 1.4085142334e+04 7.5945539693e-01 
3.3793570529e-05 1.1523927840e+04 1.1139066627e+00 
9.3314113823e-05 1.3530096085e+04 1.0012836823e+00 
1.1078090901e-04 1.2879689136e+04 6.5975040678e-01 
2.0088238865e-05 1.4815664112e+04 6.4677813050e-01 
8.1199963236e-06 2.4615143754e+04 1.5011366000e+00 
2.2992978825e-05 2.1339405312e+04 1.9517145328e-01 
1.2101624050e-05 1.2089283215e+04 5.6866333234e-01 
1.0166008232e-04 1.2860582336e+04 1.3260922491e+00 
5.8806910657e-05 1.7563849603e+04 1.2936659433e+00 
6.1631581074e-05 1.1523808962e+04 1.1471203394e+00 
1.9213181767e-04 1.1956560971e+04 5.7567134195e-01 
4.5598582406e-04 1.3900525823e+04 1.9743132282e-01 
4.6298376411e-05 1.4772064133e+04 4.4944479433e-01 
1.4001961468e-04 1.2761682854e+04 3.0757791927e-01 
1.2024093525e-04 1.8309524541e+04 1.2891969605e+00 
6.8573788349e-06 1.2834559910e+04 7.0237432286e-01 
3.1013514847e-04 1.2466735322e+04 7.9959480786e-01 
4.5215007633e-05 1.3945119828e+04 6.2758907138e-01 
2.5161531511e-05 1.5037921886e+04 4.8479398659e-01 
4.2640628543e-04 1.3360834414e+04 9.8534111953e-01 
4.7311293740e-05 1.2974373968e+04 7.7915379761e-01 
1.9365044051e-04 1.1615083791e+04 6.9751553361e-01 
7.5212041721e-06 1.3740844835e+04 9.1482562044e-01 
1.9802847363e-05 2.2379687402e+04 7.2341022557e-01 
2.3016168960e-04 1.3568176218e+04 5.5939233500e-01 
4.8191956130e-05 1.4555373569e+04 8.9904956541e-01 
5.8963724529e-05 1.2392492893e+04 7.6497837921e-01 
5.2286282919e-05 1.6679409590e+04 1.2924652115e+00 
1.0456159741e-05 1.5023979040e+04 6.5124460330e-01 
5.3295706737e-05 1.1580397064e+04 3.6483718961e-01 
2.2343518089e-05 1.1928629169e+04 5.5899728924e-01 
2.2782007023e-04 2.2786772897e+04 8.6734448891e-01 
1.1764780799e-04 1.5347167720e+04 1.4673866801e+00 
3.2443892497e-05 1.1928263746e+04 6.3884695079e-01 
1.0731827486e-04 1.3337464747e+04 1.3870675241e+00 
6.3355742958e-04 1.2725553693e+04 8.1074440025e-01 
7.4950768397e-05 1.1503870830e+04 1.3871392685e+00 
5.0263031775e-05 1.3584309523e+04 7.7423340175e-01 
3.0559308368e-04 2.3102975848e+04 6.5171485922e-01 
7.8522824824e-05 1.1295187920e+04 5.2123508966e-01 
1.4714460500e-05 1.4153178177e+04 1.4973641198e+00 
9.5135786622e-06 2.5000000000e+04 5.3775135778e-01 
2.7830808747e-05 1.1232641657e+04 1.1317493896e+00 
1.1626777919e-04 1.3224316414e+04 1.4989132616e+00 
9.2250008042e-06 1.4316615240e+04 9.5154918621e-01 
7.9149256599e-05 1.5597821748e+04 5.8788223538e-01 
1.7258030846e-05 2.0511403882e+04 6.9857736822e-01 
1.9592844704e-05 1.1343002089e+04 4.0026851012e-01 
8.4665993308e-05 1.6082042201e+04 8.1961806208e-01 
5.1043782133e-05 1.2040072389e+04 7.3431319038e-01 
4.0058574088e-05 1.1493991101e+04 2.8663635915e-01 
9.7150087859e-05 1.4362674173e+04 1.1878723108e+00 
2.1839996516e-04 1.5544946063e+04 1.2506747568e+00 
1.2793684907e-05 1.2804826824e+04 1.1598626177e+00 
6.4865060169e-05 1.3278397383e+04 7.2777905106e-01 
3.4355154807e-04 1.7823173844e+04 9.4370657987e-01 
8.6031789904e-05 1.2859600270e+04 4.6828952533e-01 
5.3207833313e-05 1.6127447043e+04 7.5910952005e-01 
7.8212488585e-05 2.5000000000e+04 1.2279969758e+00 
5.5347081908e-04 1.4803527168e+04 8.2571325416e-01 
1.5142653247e-04 1.3113698688e+04 1.0115537600e+00 
2.0508512811e-04 1.1836229296e+04 1.0156641700e-01 
2.6664338358e-05 1.1440477987e+04 1.6516660498e-01 
1.3847196241e-04 1.2133657633e+04 1.3020603024e+00 
2.0469144965e-04 1.2903924213e+04 9.1668727821e-01 
1.7323510245e-04 1.3635838546e+04 6.0574212220e-01 
2.6087274077e-05 1.4000007435e+04 1.0306268358e+00 
3.8137766390e-04 1.6207592442e+04 6.6546755068e-01 
2.8500836232e-05 1.1645241491e+04 5.4761041114e-01 
1.8468626393e-05 1.3618613020e+04 5.1700921145e-01 
2.5383418102e-05 1.5559325519e+04 2.8099126252e-01 
3.5584799571e-05 1.3124428969e+04 1.1621328404e+00 
3.0157422114e-05 1.2149648986e+04 3.3114404186e-01 
3.3119901816e-05 1.9087960580e+04 2.7382542661e-01 
7.1668410108e-05 1.2538889912e+04 8.9318823654e-01 
7.0475600718e-05 1.1943271325e+04 8.4315207146e-01 
1.7369896044e-05 1.1348394226e+04 1.0307000727e+00 
1.3659092180e-04 1.2502127567e+04 6.9597214211e-01 
2.4762858521e-04 1.3616544842e+04 7.5638857198e-02 
1.3037998916e-04 1.1642986558e+04 6.2536415890e-01 
1.0032236170e-04 1.6099664364e+04 1.0834487042e+00 
1.2957948751e-04 1.2543971571e+04 1.2725575641e+00 
2.0324897753e-04 1.4848486810e+04 2.8738069672e-01 
5.9219781744e-05 1.1573226726e+04 1.1528957395e+00 
7.9451020578e-05 1.1985867929e+04 1.4258591805e+00 
1.9253144366e-05 1.5253357989e+04 5.7821347296e-01 
7.2420785893e-05 1.9432260906e+04 1.3365256920e+00 
1.6004201546e-04 1.4843016893e+04 4.2211057937e-01 
2.1204550243e-05 1.6904732160e+04 1.0554971656e+00 
3.5632770616e-04 1.1370588540e+04 8.7608317776e-01 
2.7562402477e-05 1.6456833699e+04 3.2878821260e-01 
4.8459821097e-04 1.3331060829e+04 1.1928599012e+00 
2.6073838679e-05 1.2445114993e+04 6.3637259309e-01 
4.1790673159e-04 1.1987538533e+04 1.1948833042e+00 
7.7663433885e-05 1.2031876571e+04 3.2127489941e-01 
1.2525639308e-05 1.1284813443e+04 9.8185064874e-01 
1.1539619272e-04 1.2454053261e+04 3.2106805059e-01 
2.6513726515e-04 1.5297498772e+04 2.7400800393e-01 
5.8796426305e-04 1.2088275597e+04 4.5074637391e-01 
6.5831804650e-05 1.1723439138e+04 4.6489257399e-01 
2.8404421603e-05 1.1804914425e+04 1.1670865826e-01 
9.1643607173e-06 1.5539740312e+04 7.4494851720e-01 
3.8883070444e-05 1.8777716409e+04 1.0941587850e+00 
2.0100459763e-05 1.4654182921e+04 6.1397564781e-01 
6.1133507144e-05 1.1379093343e+04 4.3142507605e-01 
8.0525446528e-05 1.7521653132e+04 1.1038379799e+00 
3.9360087902e-05 1.1323794738e+04 1.2349951168e+00 
8.1999867546e-06 1.3382827656e+04 4.5278811661e-01 
5.2589166382e-05 1.1345899921e+04 9.0534416050e-01 
3.9746819854e-05 1.5431057345e+04 1.2583245577e+00 
1.6946272313e-04 2.2298598193e+04 4.7248542641e-01 
6.6873202572e-06 1.3465344268e+04 8.4951901088e-01 
1.6293185767e-05 1.3379199214e+04 8.4607146450e-01 
2.9833993642e-05 1.6014666733e+04 3.1899512914e-01 
3.0788258693e-04 1.3776922901e+04 1.2281056527e+00 
8.2769862886e-06 2.5000000000e+04 6.9627627126e-01 
1.4637631298e-05 1.3366079775e+04 1.0348293342e+00 
2.3455566439e-05 1.2048827237e+04 7.8085006243e-01 
1.7170745232e-05 1.2613482695e+04 7.1939492127e-01 
3.9407005924e-05 1.1786825700e+04 6.7194563624e-01 
4.1348503899e-04 1.6486031722e+04 1.3632853206e+00 
3.7922007383e-04 1.3519699962e+04 1.0128176173e+00 
9.1569741038e-05 1.3847713007e+04 4.3484575983e-01 
1.1993416872e-04 1.1866800023e+04 3.0084444430e-01 
3.8715342611e-04 1.1504444592e+04 1.3407285715e+00 
2.0284108210e-05 1.5041099472e+04 5.3402980963e-01 
5.5839514244e-05 1.3666760446e+04 7.5830614987e-01 
3.5032230743e-05 1.5315635415e+04 9.5928177010e-01 
1.0840714681e-05 1.1622834626e+04 1.1459306615e+00 
6.1914601489e-05 1.1791072915e+04 8.4385777043e-01 
1.3182188860e-04 1.1935647816e+04 8.0277498063e-01 
7.0227679986e-05 1.3342585536e+04 2.5625334774e-01 
3.0596142462e-05 1.3289189455e+04 1.1072390726e+00 
2.3288611718e-04 1.2607373268e+04 7.7623637150e-01 
9.2219328057e-04 1.2084043584e+04 6.9674075487e-01 
4.4542016125e-05 1.4293920663e+04 9.5458743853e-01 
1.6414965090e-04 1.1608910359e+04 8.9937773326e-01 
3.2667417167e-05 1.4102226855e+04 9.3835171549e-01 
6.7945665297e-05 1.5399877116e+04 7.5522556482e-02 
6.2154731419e-05 1.1733400608e+04 7.7442431384e-01 
8.9282041283e-05 1.1253275643e+04 6.5123535665e-01 
9.7100187340e-05 1.1892164623e+04 6.4074054861e-01 
4.2582301910e-05 1.5649456778e+04 9.5076479952e-01 
3.2520996406e-04 1.3956755303e+04 4.0959290939e-01 
4.3230597800e-05 1.9976953311e+04 7.9206245104e-01 
2.8833012707e-05 1.3577683168e+04 8.7680978048e-01 
2.8041370226e-04 1.1871664696e+04 1.0377321308e+00 
7.6518727741e-05 1.1597333053e+04 9.5754538734e-01 
2.2566091619e-04 1.4426855910e+04 6.5242815448e-01 
3.1955703012e-05 2.3620358543e+04 1.0528513516e+00 
1.3027445967e-04 1.3212294307e+04 8.3983871779e-01 
4.1753633490e-05 1.2868223601e+04 5.9203680070e-01 
5.0624489913e-05 2.0372978185e+04 1.6686394195e-01 
8.9106970775e-05 1.8213113421e+04 1.1139841499e-01 
2.3346878550e-05 1.1262181075e+04 1.1462898783e+00 
1.1889793966e-04 1.1435412909e+04 9.7979089396e-01 
1.4337883660e-05 1.2312022248e+04 8.1537891153e-01 
3.6513837038e-05 1.1941646828e+04 7.8083902075e-01 
3.2261252701e-04 1.6082566454e+04 1.0703872287e+00 
1.8764144000e-04 1.4458580245e+04 3.5596819559e-01 
1.5637963147e-04 1.1666134867e+04 9.7512653134e-01 
8.4715340870e-05 1.2663261859e+04 9.4402754225e-01 
1.0056522039e-04 1.1999418425e+04 6.3675412408e-01 
1.8976608313e-05 1.2285122148e+04 5.5841375012e-01 
5.8343460398e-05 1.2554731818e+04 7.2837693449e-01 
9.3027809958e-05 1.1981566598e+04 8.2988199794e-01 
5.2269848919e-05 2.0651040163e+04 8.1381969202e-01 
5.5742527959e-06 1.2947770546e+04 8.3295422648e-01 
1.1935765695e-04 2.5000000000e+04 8.0646953709e-01 
2.7543031628e-04 1.1580458003e+04 1.1720070529e+00 
