4.3096028343e-10 1.1617861704e+04 7.8975421453e-01 
1.0742603395e-06 1.9748324672e+04 7.7946925754e-01 
4.0225016367e-06 1.7730033968e+04 1.3758520220e+00 
1.7185602853e-06 1.9444373715e+04 4.7235887232e-01 
8.4287488498e-10 1.1583602135e+04 6.4146106676e-01 
3.3820774144e-09 1.1487114801e+04 3.2279785775e-01 
1.4785628599e-08 1.7193672136e+04 5.0092020100e-01 
8.3426528550e-06 1.5051363290e+04 7.5098156330e-01 
1.1451934641e-07 1.1872679177e+04 9.0390584503e-01 
3.0540491577e-10 1.3724726274e+04 3.3518343667e-01 
2.1383519985e-10 1.4103065943e+04 8.5894580068e-01 
1.8097708880e-07 1.1359886236e+04 7.7123415754e-01 
2.6377320288e-07 1.2097783073e+04 8.3503638563e-01 
4.1695113186e-10 1.1657397630e+04 8.3938345245e-01 
1.8454084806e-10 1.2858556119e+04 9.5139164806e-01 
1.5005156013e-08 1.8014027364e+04 3.6212272829e-01 
2.5313452595e-11 1.3591680628e+04 5.8361052601e-01 
1.1429495295e-07 1.5534267821e+04 5.6206527348e-01 
8.8419460986e-06 1.2212743474e+04 8.9153326794e-01 
3.8445945245e-11 1.1382021137e+04 5.7477775140e-01 
1.0507829315e-06 1.1458373989e+04 9.1921248218e-01 
2.1847286274e-09 1.2258516631e+04 7.8279207290e-01 
5.0860510424e-08 1.2130376009e+04 3.3595130900e-01 
2.6547432915e-05 1.1877747812e+04 7.6940888927e-01 
2.1282205542e-06 1.2640171172e+04 3.6252794223e-01 
2.6644960620e-10 1.1394445180e+04 9.0574917152e-01 
3.4268470598e-09 1.5969356419e+04 9.2310996752e-01 
3.7331730828e-10 1.1897230022e+04 6.1750282592e-01 
6.0212955697e-09 1.5142040847e+04 8.6018279863e-01 
1.0986822306e-07 1.2031291926e+04 7.4587216444e-01 
7.0757235586e-07 1.3185322288e+04 1.0316689833e+00 
1.3894857101e-06 2.1266088122e+04 6.4323845614e-01 
1.6712207569e-09 1.1461297905e+04 8.6326072008e-01 
1.5323165904e-11 2.5000000000e+04 1.1188309957e+00 
5.4580900124e-08 1.1289519739e+04 3.3083365475e-01 
2.4254172367e-09 1.1510823306e+04 8.5869652437e-01 
5.7616066363e-09 1.4749247591e+04 7.3264925238e-01 
1.2877357895e-08 1.5481453427e+04 8.5906378957e-01 
1.2848026669e-10 1.1864353339e+04 7.4632097071e-01 
1.4933729038e-06 1.1490585335e+04 6.8933189362e-01 
3.1649720081e-09 1.6474668683e+04 1.0945224268e+00 
9.2698640121e-12 1.2794324009e+04 5.5351454925e-01 
2.6210631493e-07 1.5771303111e+04 3.5913806198e-01 
2.6630990992e-11 1.6968520373e+04 2.7288855187e-01 
7.2950636802e-11 1.5127392533e+04 3.2637081679e-01 
2.3253449764e-07 1.3153114627e+04 5.3609846057e-01 
5.2248612240e-11 1.2828472607e+04 1.2350583755e-01 
2.2980803249e-07 1.2075260297e+04 7.8060756326e-01 
3.6876811336e-09 1.2101905640e+04 7.0217467444e-01 
7.2124760926e-08 1.1276625428e+04 7.3857221372e-01 
2.1638532947e-08 1.3788157794e+04 8.2789944332e-01 
1.8250390468e-06 1.5151484592e+04 7.7812417685e-01 
2.4799513463e-07 1.4374078869e+04 9.9067425277e-01 
2.8056444869e-09 1.2241525144e+04 1.2793240445e+00 
4.4804197590e-09 2.5000000000e+04 6.4092103501e-01 
8.4400756887e-10 1.8331733274e+04 1.0215089150e+00 
9.6776731953e-10 1.4862069722e+04 3.5003514385e-01 
2.3159456633e-09 1.3002195915e+04 8.7674024076e-01 
1.1243912072e-10 1.2760381803e+04 8.8219229444e-01 
2.8014845472e-06 2.2567937489e+04 7.0879891753e-01 
1.5240579634e-09 1.4170436726e+04 6.2390509924e-01 
1.2042374129e-10 1.2794453238e+04 1.2265932483e+00 
4.7810947508e-10 2.0973222619e+04 3.6244602727e-01 
5.0315443381e-12 1.2451862890e+04 1.1920257507e+00 
2.5966006645e-08 1.8078181132e+04 5.3370979605e-01 
3.9433851695e-08 1.1237414700e+04 8.4715102854e-01 
9.1261596413e-06 1.1405613241e+04 1.2640503979e+00 
4.2309946196e-09 1.2504126108e+04 6.8486569066e-01 
6.9317087727e-08 1.1517264355e+04 9.6400837437e-01 
1.7729143369e-07 1.2932632008e+04 1.0484015612e+00 
8.0161519516e-10 1.1811630102e+04 4.4717595923e-01 
1.3052191636e-05 1.4946634192e+04 8.5069010764e-02 
2.7192039235e-07 1.1981742819e+04 9.1364015245e-01 
1.0747586155e-09 1.4970266888e+04 6.6581170666e-01 
1.1636830720e-10 1.1472415862e+04 9.9305738825e-01 
9.2905702233e-11 1.3990406004e+04 4.6500972081e-01 
1.2434041576e-10 1.4395801501e+04 8.3303531111e-01 
6.0760063662e-07 1.1657793498e+04 9.1077580822e-01 
1.3232891780e-11 1.2334838185e+04 1.5066856895e+00 
1.4456044803e-07 1.2104855827e+04 4.2549817124e-01 
4.2842603924e-09 1.3172225322e+04 3.7323827886e-01 
2.1486667184e-10 1.1673921160e+04 2.4676863778e-01 
5.7980672283e-10 1.4975398526e+04 9.0636534391e-01 
3.7043626152e-10 1.2955948548e+04 1.2432308742e+00 
1.1018257927e-10 1.4114489528e+04 6.4976134445e-01 
3.3253417515e-10 1.2368635828e+04 1.0713196052e+00 
1.6856624051e-10 1.1280518338e+04 1.0900024828e+00 
1.8971080860e-08 2.5000000000e+04 1.2923304449e+00 
2.5981577030e-11 1.1636497635e+04 8.1422708796e-01 
1.0705772231e-09 1.1926427191e+04 8.1171204968e-01 
1.0313389876e-10 1.1629638648e+04 7.0495994092e-01 
3.4733681939e-10 1.4247473536e+04 5.4254179949e-01 
1.7146776579e-09 1.1244528814e+04 1.0264568925e+00 
2.3268827885e-11 1.4356828296e+04 3.3242365902e-01 
1.8886096233e-09 1.3132019342e+04 1.4524774132e+00 
1.2056564109e-08 1.2382521395e+04 9.0472934267e-01 
1.5340101144e-10 1.2935642956e+04 6.8331783303e-01 
7.5222936602e-12 1.4321115036e+04 5.3794712232e-01 
5.8989453117e-09 1.9502309948e+04 7.0725992161e-01 
1.1238198387e-10 1.3524313920e+04 7.0297501805e-01 
3.5522220220e-08 1.1935251548e+04 9.9905504193e-01 
5.9565488361e-12 1.5437731280e+04 1.0742566593e+00 
3.7948256741e-10 1.3053182306e+04 4.0053627491e-01 
8.8458275977e-10 1.2703830041e+04 8.1971747766e-01 
7.8691181591e-10 1.2493413401e+04 3.7711934030e-01 
6.1855089967e-11 1.4233296244e+04 1.3013958092e+00 
1.2572008625e-07 1.1923965798e+04 1.5071608731e-01 
6.7585130656e-09 1.1380093036e+04 7.2737327686e-01 
1.2701612096e-08 1.3925502136e+04 1.2597247391e+00 
5.8691919273e-08 1.2039842328e+04 3.1935668644e-01 
1.1101300863e-10 1.1730268568e+04 6.8273433633e-01 
4.3828733503e-09 1.1220964784e+04 1.1676060340e+00 
9.7976848807e-10 1.5084782162e+04 3.4274855642e-01 
1.5307907686e-08 1.5291790163e+04 4.6968905207e-01 
6.0065649549e-12 1.4443217088e+04 2.7672680004e-01 
7.1520576829e-10 1.3646686296e+04 1.1676103718e+00 
7.7540420716e-07 2.5000000000e+04 9.4092617292e-01 
7.1617148687e-09 1.1256701408e+04 1.0696511625e+00 
4.0431253407e-09 1.1610105739e+04 3.6258991410e-01 
4.0044542051e-07 1.2700895395e+04 1.0809841523e-01 
4.2587333147e-10 1.1941257787e+04 3.1645462901e-01 
7.5657267544e-09 1.6718553393e+04 1.2958001769e+00 
6.5999068751e-10 1.4166371954e+04 1.1768755963e+00 
1.2905900292e-08 1.2416818923e+04 6.5394369691e-01 
1.3045768316e-08 1.2001150940e+04 8.8327181000e-01 
9.0464928714e-07 1.4229867432e+04 5.4153582856e-01 
7.6895709323e-09 1.9247303692e+04 1.2145216045e+00 
3.2270547144e-08 1.3645164746e+04 1.0496225970e+00 
4.2775709457e-06 1.3138224236e+04 9.8699886186e-01 
1.9906095746e-09 1.2802320784e+04 6.0971028333e-01 
1.7262579552e-10 1.4813192803e+04 1.0143242398e+00 
1.8636024668e-11 1.1765941564e+04 8.6739522019e-01 
3.2748127292e-08 1.1811125503e+04 8.1351345936e-01 
4.6321748463e-11 1.1485407036e+04 1.1385700083e-01 
1.0775396675e-09 1.4214888103e+04 3.7930512029e-01 
1.4602497847e-06 1.1820111657e+04 1.1713613445e+00 
5.4823611355e-10 1.7204086318e+04 8.7885795798e-01 
4.4383319139e-07 1.2707750937e+04 1.0948495751e+00 
1.3578515792e-06 2.5000000000e+04 2.3382979298e-01 
1.4306250227e-09 1.2330204443e+04 1.1466960368e+00 
1.5653210218e-10 1.4428826253e+04 5.3464009921e-01 
3.4993137789e-08 1.7069488414e+04 7.8596378305e-01 
1.5389260683e-08 2.1214159855e+04 1.1151864693e+00 
2.5334423310e-09 1.3782639838e+04 3.8793217549e-01 
1.6891781211e-07 1.3849079525e+04 6.3785050982e-01 
1.4903729562e-07 1.3072874774e+04 1.2853617821e+00 
4.8242908140e-08 2.5000000000e+04 9.0867315365e-01 
6.7004040625e-10 1.3143341289e+04 1.0841351154e+00 
1.5586109755e-08 2.4450712013e+04 4.2398946569e-01 
4.6336100780e-09 1.1652215141e+04 6.6725909790e-01 
4.2169020249e-06 1.2793932881e+04 4.2747552692e-01 
4.7520761575e-08 1.4179181670e+04 1.2011259650e+00 
3.4880272648e-08 1.1523645974e+04 1.0877983042e+00 
2.0677171858e-08 1.2523338781e+04 3.6398608990e-01 
1.1920902162e-09 1.2946848687e+04 4.5106329678e-01 
1.2837752055e-07 1.4712985895e+04 9.1549142509e-01 
4.4104995978e-11 1.9963280919e+04 9.7672455013e-01 
1.5470406869e-10 1.1810889297e+04 4.8000501730e-01 
4.2397321846e-08 1.2568905843e+04 9.1591871889e-01 
2.1934781519e-09 1.2452211905e+04 4.0656402842e-01 
1.3134443380e-08 2.0022958972e+04 7.6534225250e-01 
2.6476042529e-10 1.4979410976e+04 7.0099489756e-01 
2.3072721624e-07 1.3013527694e+04 8.0469923046e-01 
5.8967835054e-09 1.1847400350e+04 9.5830485425e-01 
2.0139392755e-07 1.1838378634e+04 3.7840754721e-01 
7.6984923920e-10 1.3280789725e+04 8.6598491312e-01 
1.0763960528e-07 1.6325742074e+04 5.7092904084e-01 
3.0488489748e-07 2.0997369872e+04 1.0112331891e+00 
1.3579444202e-10 1.1643859492e+04 1.0865989175e+00 
2.7430692741e-08 1.5435002216e+04 9.7783492242e-01 
2.8388379080e-08 1.4049216632e+04 9.8573592008e-01 
2.1943215039e-07 1.1798775946e+04 6.2959516157e-01 
6.6028443365e-10 1.6124411684e+04 7.9169527465e-01 
5.1295839400e-12 1.2749522421e+04 1.4131421247e+00 
9.1290434292e-07 1.1702832687e+04 8.9676618377e-01 
6.6013972084e-09 1.2324726233e+04 7.7441855461e-01 
2.3841112651e-10 1.6053343583e+04 9.0223522021e-01 
5.0803824736e-10 1.1274074318e+04 2.0422857560e-01 
1.0948876623e-09 1.6631314870e+04 6.9493375687e-01 
2.3825704933e-05 1.1897750899e+04 4.0566844743e-01 
1.4302121517e-10 2.4839471318e+04 1.0992703051e+00 
4.8284946170e-09 1.7761119988e+04 3.0525454129e-01 
1.0930568315e-08 1.4911863227e+04 1.3710326188e+00 
2.2850658530e-10 1.1627316262e+04 6.6060127509e-01 
1.7843427155e-10 1.3129475852e+04 8.7786087331e-01 
2.7083624963e-08 1.7981967827e+04 6.6784801831e-01 
3.7939720291e-09 1.2639854154e+04 7.5136738605e-01 
4.1488634877e-12 1.1275691051e+04 4.9021483314e-01 
2.1880750108e-08 1.8126536304e+04 1.3854425249e+00 
5.7915857805e-08 1.3512642561e+04 1.0497759949e+00 
3.6058875661e-08 1.2007160633e+04 1.1070349334e+00 
5.3655885795e-09 1.1238809004e+04 9.1193692244e-01 
1.8451819408e-07 1.7986679226e+04 1.1278166075e+00 
6.7023443026e-10 1.2019390683e+04 7.8412193532e-01 
1.4671059311e-08 1.5867954736e+04 6.5883457998e-01 
1.2103880577e-07 1.4064690332e+04 7.9452453138e-01 
5.5306749612e-10 1.2412193131e+04 1.3482683390e-01 
5.2075615072e-10 1.2634610969e+04 3.0143705518e-01 
6.8579662636e-09 1.7749440233e+04 6.1300310020e-01 
1.2056153366e-10 1.4947269721e+04 1.0181234317e+00 
9.4188313265e-10 1.2332235603e+04 1.1347404683e+00 
4.8408724202e-09 1.7857810080e+04 9.3077102739e-01 
1.7196640392e-09 1.2396414710e+04 5.3410783017e-01 
6.4515525930e-09 1.4999742025e+04 5.0173190042e-01 
1.5705695039e-08 1.3454069099e+04 4.2133355965e-01 
3.2110532941e-09 1.3115085408e+04 1.3106495872e+00 
9.7639808942e-11 1.8278207109e+04 1.2456162683e+00 
1.7216228977e-11 2.1432114886e+04 1.2297951428e+00 
2.1552233150e-05 1.4599260679e+04 7.9062525564e-01 
2.1466503218e-08 1.3176009737e+04 1.2162656623e+00 
2.6392646786e-09 1.5919875842e+04 4.7823642581e-01 
1.5137546706e-10 1.2731505482e+04 6.9618986060e-01 
2.6653297528e-10 1.2350531703e+04 1.3331207376e+00 
3.8432760041e-08 1.8567586264e+04 4.5601552127e-01 
2.3059678657e-10 1.1695310529e+04 5.6315149000e-01 
2.1912409496e-11 1.5678641292e+04 1.2826617487e+00 
1.8530553669e-10 1.2702204472e+04 6.5257369012e-01 
5.4581151205e-11 1.2049693024e+04 1.0628963239e+00 
5.8682497553e-08 1.1759855603e+04 1.1185604031e+00 
1.0382271397e-07 1.1611047122e+04 7.9745571972e-01 
1.1139574234e-09 1.1339576520e+04 1.0895930291e+00 
2.1589214153e-09 2.5000000000e+04 2.6747316364e-01 
2.8397731254e-09 1.4955172671e+04 5.6160239331e-01 
1.1596372997e-07 1.2486664045e+04 1.1309941829e+00 
3.4792574816e-11 1.1996255887e+04 4.5603753675e-01 
9.4698710463e-06 1.4315308813e+04 1.3651723295e+00 
2.0258750478e-10 1.5135328223e+04 1.0087401718e+00 
3.1038571146e-11 1.1326294763e+04 8.5976040275e-01 
4.3998964206e-10 1.6997485014e+04 1.0278784588e+00 
1.4921086431e-07 1.1487228188e+04 6.3744631317e-01 
6.5141669560e-08 1.2047294600e+04 3.2461133877e-01 
8.2734511297e-09 1.2993264006e+04 8.4691317444e-01 
5.5706018271e-10 1.5253969108e+04 5.5079695332e-01 
1.3568924214e-09 1.1954232052e+04 1.1391049567e+00 
1.6726384144e-08 1.1437995821e+04 1.3291474549e+00 
1.9124436466e-06 1.3052330182e+04 1.2973351869e-01 
9.0608275332e-10 1.5706940930e+04 2.4036749673e-01 
8.7805992882e-08 1.1342445870e+04 2.8993656752e-01 
3.1927867174e-06 1.3839219600e+04 3.6516950216e-01 
4.0853316752e-09 1.4120169986e+04 9.2104057022e-01 
9.3799054186e-10 1.5308720451e+04 8.3892998720e-01 
4.0500284098e-11 1.7899570522e+04 1.0378099345e+00 
7.5914637840e-09 1.8543862286e+04 1.8930651426e-01 
3.7220965304e-09 1.2277093690e+04 6.0711319722e-01 
5.9243420136e-09 1.1270422277e+04 4.0728300553e-01 
4.9536385280e-07 1.1928802413e+04 9.4075297150e-01 
8.7561585067e-09 1.4722544078e+04 1.0071274192e+00 
6.9748545654e-11 1.2877286746e+04 1.0396885093e+00 
2.1087981792e-09 1.3294172546e+04 1.1725517544e+00 
1.7316530286e-07 1.2275171293e+04 6.1195272862e-01 
5.5378848868e-08 1.3668591758e+04 9.8369943887e-01 
3.2696989372e-10 1.1345501113e+04 3.6865851137e-01 
2.0617210005e-10 1.7804012274e+04 8.7885743092e-02 
8.8410166416e-11 1.7628748953e+04 1.1865442141e+00 
5.7239279051e-09 1.3873777668e+04 3.5785530112e-01 
1.2019178588e-07 1.4476975761e+04 8.4894993179e-01 
2.7863265339e-07 1.2848335178e+04 1.4625292487e+00 
2.3227003980e-10 1.4356926861e+04 7.5903042071e-01 
2.9249863443e-11 1.5836091460e+04 5.8457228944e-01 
2.4454031668e-10 1.2414762796e+04 4.9772295700e-01 
2.6558064848e-10 1.1887214962e+04 2.4832712017e-01 
1.2818700160e-06 1.4473017031e+04 1.1400769087e+00 
8.5601019990e-11 2.3968638410e+04 1.1937979784e+00 
3.1973455641e-09 1.4528633924e+04 7.9788768777e-01 
8.8616179124e-10 1.1217829646e+04 2.6623357680e-01 
1.5921143157e-07 1.1619645122e+04 1.1353857779e+00 
4.8586877597e-10 1.3818616553e+04 8.0797164704e-01 
3.0492050664e-10 1.2816566280e+04 1.2819120201e+00 
3.8426066053e-10 1.6424885405e+04 9.5915336460e-01 
1.1449262173e-08 1.3633141461e+04 1.0631115257e+00 
6.3741659745e-08 1.2187868794e+04 1.0175109814e+00 
3.6313951812e-09 1.5161831199e+04 7.3125310140e-01 
1.7732743482e-08 1.1344471523e+04 3.9099658509e-01 
1.5575820224e-09 1.5380639039e+04 1.1041715955e+00 
3.5419000790e-09 1.4622433719e+04 9.0617856631e-01 
6.9634418459e-11 1.3319531673e+04 3.8509180935e-01 
6.0083346268e-09 1.1522708958e+04 4.5343818793e-01 
1.3905949792e-07 2.5000000000e+04 1.5177441480e+00 
5.9007752188e-08 1.1989019355e+04 3.0831810203e-01 
4.8611751799e-09 1.1320645982e+04 5.7264415362e-01 
4.3809358165e-10 1.1856481140e+04 6.7032562271e-01 
1.7107910841e-07 1.2726858825e+04 9.4785972550e-01 
2.9930067979e-06 1.3132333699e+04 9.8810314465e-01 
2.3415651991e-09 1.9224804044e+04 4.9178512768e-01 
8.7024510041e-10 1.1729660291e+04 1.2284926587e+00 
6.9640083424e-09 1.4347088079e+04 6.2014587091e-01 
4.1415518648e-09 1.2405391488e+04 5.7659806220e-01 
1.1212304278e-10 1.4894664252e+04 6.6450824004e-01 
3.2018239849e-08 1.3837800839e+04 8.0277052445e-01 
1.1611049866e-05 1.1467453755e+04 8.6054302278e-01 
6.7022637391e-10 1.4251286907e+04 2.8669483936e-01 
3.4871664915e-11 2.0460832835e+04 3.0156180085e-01 
2.0986369962e-05 1.2033766614e+04 4.3920503323e-01 
1.5214260047e-07 1.2811690674e+04 7.6762311025e-01 
2.6188335386e-07 2.5000000000e+04 1.0755801630e+00 
1.4226513097e-08 1.2667742530e+04 4.0936521332e-01 
1.3706420773e-07 1.1309060518e+04 1.1781283123e+00 
6.7871186213e-11 1.4429584606e+04 1.4106308651e+00 
2.8852610110e-08 1.9072031411e+04 1.3938400829e+00 
5.5546841920e-08 1.1447402126e+04 9.4833185402e-01 
5.7727255213e-07 1.1235624843e+04 7.5781293101e-01 
1.8824735625e-06 1.1326591137e+04 1.2694528902e+00 
1.5145326230e-09 1.6215011176e+04 1.3962976860e+00 
5.8437425562e-09 1.6084911352e+04 1.0201207585e+00 
1.4100564197e-09 1.4267680381e+04 9.4165892622e-01 
2.3144409008e-10 1.1952705261e+04 5.2752313151e-01 
4.6134746604e-08 1.3126240877e+04 7.7225381934e-01 
1.3525237819e-08 1.5994948264e+04 7.7780817379e-01 
3.9310618441e-10 1.1431031521e+04 6.1212122246e-01 
5.8323190173e-09 1.2581497463e+04 1.1136394537e+00 
2.3742402366e-09 1.1935252255e+04 3.7950893943e-01 
5.3286216630e-11 2.1628985948e+04 1.2163043800e+00 
5.5647620681e-10 1.2041746411e+04 7.6607226952e-01 
2.0360558728e-09 1.2339131460e+04 1.0509403895e+00 
7.0716393569e-09 1.7466433888e+04 1.0040555670e+00 
5.8668492936e-08 1.4743566434e+04 5.9604520638e-01 
1.1214939942e-09 1.2117241735e+04 1.3556229023e+00 
2.9743980700e-09 1.5727734815e+04 9.0285514697e-01 
3.5387748001e-09 1.2137636079e+04 9.2784694624e-01 
2.0812940207e-06 1.6305707646e+04 1.3700896472e+00 
2.1905366984e-07 1.3017952052e+04 6.4152839770e-01 
1.6027316700e-07 1.6892849499e+04 6.3591478273e-01 
1.7631404590e-08 1.4903712188e+04 6.5424185539e-01 
3.9537340016e-09 1.6424307756e+04 6.6573671433e-01 
2.3159677386e-10 1.3372938721e+04 9.1082901641e-01 
2.1240009767e-11 1.1944671863e+04 1.0222754527e+00 
1.2516336279e-10 1.2875492108e+04 1.1693278803e+00 
2.3491928800e-11 1.9426838363e+04 5.3144214956e-02 
1.8107091719e-05 1.3926849011e+04 6.8785938805e-01 
4.2359919483e-07 1.1554103197e+04 1.4829101054e+00 
8.6426187094e-07 1.2747211065e+04 5.3024813605e-01 
5.7663640221e-07 1.4017781713e+04 1.0282574133e+00 
7.0993600948e-10 1.3953296303e+04 2.8669706761e-01 
4.2745243668e-09 1.2646782990e+04 1.6541884034e-01 
3.4055518091e-11 1.3243401146e+04 8.2263624484e-01 
1.0082636382e-10 1.1235603116e+04 1.0344744504e+00 
1.3335104022e-08 1.1769127949e+04 1.0658217777e+00 
2.1810128153e-10 1.2243522581e+04 1.0496757531e+00 
4.5293257505e-10 1.2047226250e+04 9.6876812307e-01 
2.6742782748e-07 1.1677545482e+04 3.6550952368e-01 
2.0990300511e-10 1.2203581209e+04 4.4232644672e-01 
2.0984898319e-09 1.3730244019e+04 2.1995358172e-01 
1.6382082143e-06 1.1642936422e+04 5.7433003583e-01 
7.4311104057e-11 1.2465357915e+04 1.1672428115e+00 
1.8428193266e-06 1.6613721426e+04 1.0383562949e+00 
4.5738385763e-09 1.1923682842e+04 1.5441418975e-01 
2.8252212500e-10 1.1495570095e+04 9.8685840897e-02 
6.3783724182e-08 1.7279866794e+04 8.8758460743e-01 
3.8166570366e-10 1.1889119512e+04 6.3511031535e-01 
1.5948693079e-10 1.5013661044e+04 8.1467059594e-01 
6.4884094033e-09 1.2440435737e+04 5.1129865668e-01 
9.0997328904e-10 1.2242112483e+04 1.3329316087e+00 
4.8900866685e-08 1.2089370514e+04 1.2642269731e+00 
1.7359048795e-11 1.2034976775e+04 1.0973836804e+00 
6.8091149394e-09 1.3448635362e+04 9.4772805079e-01 
6.9476297464e-07 2.5000000000e+04 8.4415683467e-01 
1.3998482743e-06 1.8583007797e+04 9.4219835890e-01 
2.7636884618e-08 1.2266869202e+04 8.8255575242e-01 
7.8844226954e-08 1.2714684348e+04 6.7749046930e-01 
2.0747510611e-07 1.8539020255e+04 9.3045190898e-01 
1.8933686193e-08 1.4189760034e+04 8.2267825037e-01 
5.7094617786e-08 1.1473811912e+04 5.6190522185e-01 
8.7857536952e-11 1.2452953170e+04 9.8661839610e-01 
4.8867879829e-12 1.6490139715e+04 1.2292208376e+00 
2.0272035343e-09 1.2550367773e+04 8.8232310015e-01 
1.5946358644e-08 1.5889978627e+04 6.7682447432e-01 
4.0421071829e-09 1.5705701339e+04 6.8294292905e-01 
2.8479124421e-08 1.2982441500e+04 9.6103479115e-01 
1.5354225228e-10 1.3097727893e+04 1.2127892161e+00 
4.0900134617e-09 1.3006541875e+04 1.3987376364e+00 
6.1331683693e-12 1.1262651496e+04 3.1704117414e-01 
1.8108383545e-09 1.2603122768e+04 7.1046403682e-01 
7.8892330683e-10 1.6183477409e+04 2.3314754106e-01 
6.8562517203e-08 1.5228810503e+04 1.0900310854e+00 
1.5025283658e-08 1.1809865401e+04 6.3742703958e-01 
1.9037391952e-11 1.1571607146e+04 1.0977492361e+00 
3.8386413703e-09 1.3646659246e+04 1.3019871287e+00 
1.0680047440e-08 2.1115474265e+04 7.6867728232e-01 
7.6520660796e-08 1.1848705504e+04 1.2384586621e+00 
1.6645048500e-08 1.2145029809e+04 5.9919968278e-01 
1.4057421592e-08 1.3045624568e+04 1.3656965317e-01 
1.7914568387e-08 1.8342670293e+04 1.1583223951e+00 
1.2325754513e-06 1.5531177692e+04 1.1155548936e+00 
1.0907625434e-06 1.2479454092e+04 1.3432384096e+00 
4.5291195931e-10 1.2140287775e+04 1.0812069390e+00 
2.2808734464e-09 1.4784719917e+04 8.6342017289e-01 
1.7582402618e-10 1.2080409341e+04 8.8331859486e-01 
3.5593938225e-10 1.1555342860e+04 7.8705411405e-01 
3.0941324006e-06 1.4111034869e+04 1.2231889630e+00 
5.1421518618e-09 1.1599260557e+04 6.9139983559e-01 
2.6460110616e-10 1.2283612978e+04 6.0993667070e-01 
6.8997161989e-08 1.4208909597e+04 1.4110281715e+00 
1.5769747025e-08 1.4724632673e+04 7.0768773475e-01 
1.8221467425e-10 1.1414349595e+04 2.2185777359e-01 
6.8824323892e-11 1.9421211022e+04 2.2606878386e-01 
1.8516138920e-08 1.1910439403e+04 1.1932736689e+00 
1.9774424782e-08 1.3272659597e+04 8.5083195372e-01 
4.8302144819e-09 1.3348472197e+04 2.8215641594e-01 
2.2158720024e-10 1.1753648677e+04 5.6596604438e-01 
4.7917170886e-11 1.6347760497e+04 9.3725145701e-01 
1.4925290867e-07 1.6295886592e+04 7.2942320582e-01 
2.6304856323e-11 1.1725109936e+04 3.2186436658e-01 
6.5222376403e-06 1.2770991622e+04 7.0736873132e-01 
1.8070903891e-09 1.6508751849e+04 1.0589354106e+00 
7.4178987425e-09 1.1447885295e+04 8.7459862899e-01 
1.5298614970e-08 1.3782811816e+04 1.0225668685e+00 
5.0096363981e-09 1.2226049787e+04 8.8584305878e-01 
6.5562944768e-06 1.4126331476e+04 8.7979013725e-01 
1.2997117923e-06 1.7157524669e+04 6.6635687404e-01 
5.0766074563e-08 1.2460274142e+04 1.1557434044e+00 
4.9812174732e-10 1.3055097241e+04 1.0005717002e+00 
4.5403341603e-08 1.3675879603e+04 1.2959704129e-01 
1.2495741626e-10 1.1534990332e+04 4.8024380021e-01 
6.9857206405e-07 1.4177295637e+04 8.9833003972e-01 
3.2935871352e-09 1.6309145819e+04 1.2247499573e+00 
4.0286484207e-11 1.6148181336e+04 1.0134289462e+00 
8.3549984948e-11 2.5000000000e+04 1.3798047697e-01 
5.9392994498e-11 1.4101116923e+04 8.1240738733e-01 
5.3966062605e-09 1.2653015453e+04 8.4504673225e-01 
4.4856180949e-08 1.1206572290e+04 1.1090134485e+00 
6.4830130243e-09 2.1567720745e+04 1.1956369389e+00 
4.1093580003e-10 1.7935194928e+04 1.3629832805e-01 
2.6087903274e-07 1.9854118739e+04 7.9501478492e-01 
6.4682946965e-08 1.3609867811e+04 1.0693136896e+00 
3.0899503305e-07 1.3887812365e+04 1.1512056741e+00 
4.3935900194e-09 1.1603756953e+04 6.1128676357e-01 
6.8192375838e-09 1.4001258698e+04 7.3091524125e-01 
6.3990072296e-08 1.2348352115e+04 3.8721236785e-02 
1.7283863107e-07 1.2712992620e+04 3.7476066192e-01 
4.6609052318e-10 1.4421123889e+04 1.0112212578e+00 
4.1650577321e-07 1.1836477521e+04 6.1466102192e-01 
1.7698995532e-10 1.4471656413e+04 5.7723292106e-01 
1.0579199337e-09 1.3161772725e+04 6.0377255149e-01 
2.7674586214e-10 1.2599574273e+04 1.1796487569e+00 
2.8107942962e-07 2.0146073328e+04 6.3620589795e-01 
1.3090821193e-07 1.6658558169e+04 7.1937844123e-01 
1.3629023074e-08 1.7447577319e+04 1.0200449387e+00 
4.4756083750e-08 1.2351462932e+04 5.1528081804e-01 
5.1382316754e-09 1.1972883588e+04 1.1624297656e+00 
9.7534441956e-12 1.2010099905e+04 2.3897080645e-01 
1.6003968242e-11 1.2427873565e+04 8.0970452855e-01 
1.0989628389e-05 2.1958043973e+04 5.8799795821e-01 
6.0674623004e-07 1.7364670483e+04 8.0926390765e-01 
4.2838847151e-09 1.2530731698e+04 6.3573234636e-01 
2.0266102405e-05 1.1242517254e+04 6.2789928667e-01 
1.7584042013e-11 1.4321939081e+04 3.4739581003e-01 
1.7382063450e-07 1.2828518190e+04 1.1366332682e+00 
7.5755471090e-08 1.3729260251e+04 9.3459010146e-01 
2.0007719137e-06 1.3610079597e+04 6.8065152849e-01 
1.6492364898e-06 1.5846878721e+04 9.2686601572e-01 
2.3072196200e-11 1.3698376562e+04 6.8525849517e-01 
6.9026118519e-08 1.8842976589e+04 1.4439532981e+00 
3.5479848092e-08 1.1764932882e+04 5.6955730401e-01 
9.7914072243e-10 1.3436605523e+04 1.4745322697e+00 
6.8499803097e-09 1.2939277013e+04 4.9589116587e-01 
1.9614523061e-09 1.1540722568e+04 5.7229040867e-01 
3.6789610862e-07 1.3027511125e+04 7.7917940349e-01 
1.1370202397e-09 2.4175423107e+04 1.4726934292e+00 
2.4186964971e-06 1.2240789789e+04 4.8312621061e-01 
1.8079135412e-10 1.2274229835e+04 2.9905209483e-01 
7.1550296596e-10 1.4584268444e+04 2.5548767960e-01 
7.2827679259e-10 1.1753941309e+04 9.3706778667e-01 
5.3720132956e-10 1.7442136021e+04 4.3301604351e-01 
2.7063145745e-09 2.5000000000e+04 1.5305613522e+00 
2.2751654809e-10 1.1242997369e+04 9.8895628678e-01 
7.7198305108e-10 1.3019134408e+04 1.0064318394e+00 
4.8400293766e-09 1.1433988869e+04 1.2486695473e+00 
2.8745588994e-08 1.8524226501e+04 7.1965282951e-01 
1.2757295260e-09 1.2059809045e+04 6.8948338354e-01 
3.2632765099e-07 1.1931341430e+04 2.2924205079e-01 
7.0354454229e-08 1.2093773289e+04 8.5482405275e-01 
2.3904219821e-08 1.4230689120e+04 1.1890719772e+00 
7.1020221564e-09 1.5119536910e+04 9.0474476638e-01 
6.4026381939e-11 1.1592986062e+04 6.8181482175e-01 
1.4294639453e-06 1.1289927634e+04 6.1896422856e-01 
1.1242800671e-09 1.3106982438e+04 1.3677557829e+00 
2.1625537547e-08 1.1589823971e+04 9.0442295247e-01 
2.9031273194e-08 1.2379906532e+04 8.3519401351e-01 
3.3843196754e-09 1.2263745082e+04 1.2541351238e+00 
1.6925627957e-08 1.2291367833e+04 1.2110408516e+00 
9.5821421186e-09 1.3173611963e+04 6.7907100471e-01 
1.8415152408e-07 1.2153759509e+04 3.0600640937e-01 
2.9426412480e-10 1.2326747060e+04 1.1455482963e+00 
3.5769867829e-08 1.2600728505e+04 3.1501182362e-01 
5.1619269358e-08 1.3579903509e+04 1.3215216257e+00 
2.9235591432e-07 1.1324853740e+04 8.0429322683e-01 
2.4839026120e-10 1.2353344714e+04 1.0789337261e+00 
2.8222694604e-09 1.4136753706e+04 4.3320880467e-01 
5.8108132288e-06 1.1501883247e+04 3.4694758876e-01 
4.8990288159e-08 1.5261059639e+04 7.8093902827e-01 
3.6394895500e-09 1.2755771172e+04 9.6789808741e-01 
1.3663524638e-11 1.4662414035e+04 8.6062905871e-01 
1.9764650516e-08 1.1539097963e+04 8.5695423817e-01 
4.8586652104e-12 1.9464340070e+04 5.6981290196e-01 
7.1755631327e-08 1.1823601456e+04 1.0959358414e+00 
4.5037217492e-07 1.5019002217e+04 8.4290975147e-01 
3.4706117455e-11 1.3233402746e+04 5.1947931478e-01 
2.4048935105e-11 1.1864876441e+04 4.7725287003e-01 
3.8662110468e-09 1.1911914793e+04 9.7581402054e-01 
3.2944847867e-11 1.3487595069e+04 1.1637837264e+00 
