4.3599630643e-05 2.1412080971e-01 
9.2783293266e-06 1.0000000000e+00 
1.2118560664e-05 2.5472827812e-01 
1.2019428801e-05 1.0000000000e+00 
9.9247773255e-05 1.0000000000e+00 
3.8310447356e-05 1.0000000000e+00 
8.2974089258e-04 0.0000000000e+00 
5.5131383221e-05 9.0762868283e-02 
9.4365278538e-06 1.2945236606e-01 
1.4610760940e-05 2.9921724949e-01 
1.4285363857e-04 1.6088341564e-02 
2.6836592179e-05 3.3830644008e-02 
3.9202629334e-05 0.0000000000e+00 
1.4005141086e-04 7.7102168887e-01 
1.2383339544e-04 5.0596537560e-02 
1.6406373124e-04 0.0000000000e+00 
1.9412678717e-04 0.0000000000e+00 
8.9596742662e-05 0.0000000000e+00 
1.0584114806e-04 0.0000000000e+00 
5.9077333532e-05 1.7239299039e-01 
7.9952329861e-05 1.3024924572e-01 
8.1768917510e-05 1.7600484698e-01 
5.7112874930e-05 0.0000000000e+00 
6.8541495422e-05 1.0000000000e+00 
1.0009796248e-05 3.5611225838e-01 
4.7073559954e-05 1.0000000000e+00 
1.0485162627e-04 8.4130684781e-02 
1.0897873608e-04 1.3567911380e-01 
6.6029056638e-05 1.5212114963e-01 
2.9801835987e-05 4.6791837328e-03 
4.5143564329e-05 0.0000000000e+00 
1.0708194004e-04 1.4581070602e-01 
2.9358343386e-05 2.3426941296e-01 
1.6334973869e-05 1.0000000000e+00 
8.2668637463e-06 1.0000000000e+00 
3.1568842353e-05 2.1344593899e-01 
2.3361857816e-04 0.0000000000e+00 
5.7833278540e-05 1.6644992256e-01 
6.8308920293e-04 0.0000000000e+00 
1.3593744755e-05 3.0648068209e-01 
7.3114130245e-04 0.0000000000e+00 
5.7807035400e-05 1.7428673119e-01 
7.9635327608e-04 0.0000000000e+00 
2.6800016636e-04 6.7992548221e-01 
6.4572452501e-06 1.0000000000e+00 
1.5208809674e-05 1.0000000000e+00 
8.1464236553e-04 0.0000000000e+00 
5.8992825178e-05 1.3844511440e-01 
1.4081283174e-05 3.0042458740e-01 
3.0057722644e-04 9.8330109511e-01 
8.8281613828e-05 2.9887247229e-02 
1.2749763597e-05 1.0000000000e+00 
4.8487753067e-05 1.9721864572e-01 
1.7301862682e-04 0.0000000000e+00 
5.7526478447e-05 1.7002869805e-01 
7.9849584774e-05 1.3833166718e-01 
7.1572473683e-05 1.2225694560e-01 
8.6101251659e-06 4.5352946195e-01 
1.8959067920e-04 0.0000000000e+00 
2.4211855687e-05 2.5947240917e-01 
4.3897430825e-05 2.0529248525e-01 
1.2503535400e-04 7.9654429373e-02 
1.2288602625e-05 1.0000000000e+00 
5.2733467273e-05 8.4217557205e-02 
4.3088894829e-05 9.4811988685e-02 
3.2057140157e-05 1.9355123476e-01 
5.4191599521e-05 0.0000000000e+00 
1.5847266527e-04 0.0000000000e+00 
1.4375120094e-05 2.9739640191e-01 
4.0610306611e-05 1.3587903453e-01 
6.0044892099e-05 0.0000000000e+00 
1.7565398611e-04 0.0000000000e+00 
7.3800677773e-05 2.4493604345e-01 
2.6208081818e-04 1.0000000000e+00 
6.6543214435e-04 0.0000000000e+00 
4.8157634839e-05 1.7241414032e-01 
3.9804203000e-05 2.4675313166e-01 
1.6205641152e-04 0.0000000000e+00 
4.0066018106e-05 7.5127268614e-02 
1.9323402394e-04 0.0000000000e+00 
1.7118316656e-05 3.7943221861e-01 
5.4826050262e-05 1.9124261581e-01 
6.1937491794e-05 0.0000000000e+00 
6.3937724249e-05 1.7083625379e-01 
8.9175196073e-06 1.0000000000e+00 
1.5131932853e-04 0.0000000000e+00 
1.2325336034e-04 9.6194223189e-03 
1.6583061272e-05 5.1306767555e-02 
7.2065654788e-06 1.0000000000e+00 
1.1583892627e-04 1.1447222535e-01 
3.7570383057e-05 2.1832497852e-01 
4.2860763699e-05 1.4013081506e-01 
7.1220517156e-04 0.0000000000e+00 
1.0814157706e-04 1.6957615544e-01 
4.0533684022e-05 7.2768993977e-01 
1.9941684503e-05 2.7600131156e-01 
2.5130378295e-05 1.5035824806e-01 
3.5334372852e-05 1.0000000000e+00 
4.7006685823e-04 0.0000000000e+00 
1.4724320635e-04 0.0000000000e+00 
3.4404978586e-04 0.0000000000e+00 
2.3982589945e-05 2.8826009112e-01 
3.3888168046e-05 0.0000000000e+00 
8.6721498578e-05 0.0000000000e+00 
2.6501323079e-05 1.7915996912e-01 
9.1995546575e-05 2.9800130293e-01 
6.9630001481e-06 1.1583425832e-01 
1.9001132585e-05 1.5718180279e-01 
2.7919715649e-05 1.9448067372e-01 
3.0552481500e-05 1.2569636282e-01 
3.7075149259e-05 1.0000000000e+00 
5.4534088052e-04 0.0000000000e+00 
3.4154592486e-05 7.4304827069e-02 
2.1069341496e-05 1.0000000000e+00 
1.6197586597e-05 2.4439506982e-01 
7.1975519846e-05 0.0000000000e+00 
7.9277163114e-05 1.0000000000e+00 
2.8573642487e-04 0.0000000000e+00 
7.0615081776e-05 1.3757633883e-01 
1.1862544792e-05 3.0076272381e-01 
1.0836054702e-04 3.8743551414e-02 
4.9559477300e-05 9.5976898269e-01 
1.0172484317e-04 9.9614896422e-02 
2.1870913939e-05 1.1383048889e-01 
2.6121003207e-05 3.5093242708e-02 
6.3675663898e-05 0.0000000000e+00 
2.7842505342e-05 2.2297884279e-01 
2.5138004131e-04 0.0000000000e+00 
4.3184521874e-05 2.1931580693e-01 
5.6836693396e-05 0.0000000000e+00 
1.4608750038e-05 2.1515946114e-01 
1.4836358843e-04 1.8539160022e-01 
3.5678853613e-05 2.4994980699e-01 
7.0309155603e-06 1.0000000000e+00 
9.2745852724e-05 1.0000000000e+00 
6.1890639566e-05 1.6513382694e-01 
1.3482250294e-04 1.4652955133e-01 
2.7844526361e-05 2.4035032683e-01 
9.4167094234e-05 1.1147837876e-01 
7.7401581885e-05 1.3267765064e-01 
4.9645527640e-05 1.9374647824e-01 
5.4160178941e-05 9.5374869847e-01 
4.6619239884e-05 1.0344204874e-01 
2.0512103996e-05 3.1936749446e-01 
1.6211203929e-05 4.0071516375e-01 
2.0837155822e-05 1.5741295608e-01 
8.2499348830e-05 1.3792205901e-01 
1.1633437982e-04 7.2360211835e-02 
5.9130150029e-05 1.8150785784e-01 
6.3441648818e-06 1.0000000000e+00 
4.4161237308e-05 0.0000000000e+00 
1.3210946247e-04 5.5508159853e-02 
1.2244929932e-05 3.2248661376e-01 
2.7117516461e-05 3.9600178850e-02 
7.0809408073e-05 1.6879732032e-01 
1.7996521334e-04 0.0000000000e+00 
1.4600935167e-04 2.6203196211e-02 
2.9787077875e-05 2.8062064699e-02 
1.5485661355e-04 0.0000000000e+00 
4.0755528530e-04 1.0000000000e+00 
1.1193366002e-04 1.4307872876e-01 
1.1160711023e-05 3.1342431218e-01 
3.5232748082e-05 1.5348730205e-01 
9.8197745017e-05 1.0504211780e-01 
7.0988149469e-06 1.0000000000e+00 
5.8866457515e-05 1.5787579095e-01 
1.1091119654e-04 1.0874070073e-01 
1.1920108840e-04 6.5845385149e-02 
1.0280573737e-04 7.9177954378e-02 
3.7158253483e-05 1.7454972228e-01 
4.4208382213e-05 5.1669211554e-01 
1.1702834611e-05 4.0393799438e-01 
2.6314028877e-05 2.4509715327e-01 
1.7321664821e-04 0.0000000000e+00 
2.1529228390e-05 2.7151547718e-01 
3.1268600638e-05 3.3424943640e-01 
3.1981281838e-05 5.0721335271e-02 
2.9617880945e-04 0.0000000000e+00 
2.6661345596e-05 1.6022615524e-01 
6.8755966748e-05 2.7774413998e-02 
7.2088783300e-06 2.7992187957e-01 
8.4441587968e-06 1.0000000000e+00 
1.5832222890e-04 1.0000000000e+00 
5.8666710906e-04 0.0000000000e+00 
1.8620693587e-05 4.3605091644e-02 
1.0599035500e-05 3.3527294970e-01 
1.7059664903e-04 0.0000000000e+00 
1.6555618831e-05 2.9065326625e-01 
1.5960752408e-05 2.7283707591e-01 
3.7573422248e-05 8.0567820673e-02 
2.3309573940e-05 1.0000000000e+00 
9.7010106493e-05 1.0000000000e+00 
6.3759405120e-05 0.0000000000e+00 
2.8305912374e-04 1.0000000000e+00 
7.0232355789e-05 1.9473568890e-01 
1.5352306947e-04 1.1586013334e-02 
1.1689774009e-05 1.0000000000e+00 
2.9039319496e-05 1.9689234140e-01 
5.2783267087e-05 2.0356179927e-01 
2.2651449998e-04 0.0000000000e+00 
4.4746984621e-05 0.0000000000e+00 
7.8028827368e-05 1.3602319802e-01 
5.9418004966e-05 1.7757795745e-01 
3.9720754823e-05 2.2511486367e-01 
3.5330757989e-05 2.5793132776e-01 
4.5836110992e-04 0.0000000000e+00 
7.4861315706e-05 9.9925265595e-01 
6.7028290469e-06 1.0000000000e+00 
1.2895250282e-05 1.6493952224e-01 
4.6264107698e-05 1.4039960329e-01 
4.7458705643e-05 1.9954804683e-01 
5.9999018278e-04 0.0000000000e+00 
6.3220300726e-05 1.6391512834e-01 
1.0028986869e-04 8.9970951405e-02 
5.0538337516e-05 1.0000000000e+00 
7.2996301307e-04 0.0000000000e+00 
1.1859359017e-04 1.9418478412e-01 
1.7272279837e-05 1.2704019596e-01 
1.8553849207e-04 0.0000000000e+00 
2.1125904424e-04 0.0000000000e+00 
2.8551058217e-05 5.6017814561e-01 
2.0283814548e-05 1.0000000000e+00 
9.7440531594e-05 9.1708727402e-02 
8.2846376598e-05 1.0000000000e+00 
2.3622879143e-04 0.0000000000e+00 
1.0811427742e-04 6.1813718551e-02 
4.5891192191e-05 2.1767054139e-01 
3.6387266582e-05 2.3721735428e-01 
1.6886291731e-04 0.0000000000e+00 
1.0922058557e-05 2.8670539004e-01 
5.6132970106e-05 5.0560868219e-02 
3.3648188554e-05 1.6504575280e-02 
2.8425941095e-05 6.8987613527e-02 
8.9109379722e-05 1.1946829056e-01 
8.2191242473e-05 0.0000000000e+00 
1.0216397221e-04 9.0861719741e-02 
4.1153033154e-05 1.0000000000e+00 
1.7861034389e-05 1.0000000000e+00 
1.4381474898e-04 1.0000000000e+00 
4.3531496523e-05 1.0000000000e+00 
7.9013469581e-06 3.2862070260e-01 
3.2956606225e-05 2.6662400336e-01 
1.5953351333e-05 1.0000000000e+00 
1.4610064976e-04 4.9247033750e-02 
3.0999501779e-04 0.0000000000e+00 
1.7116871236e-04 0.0000000000e+00 
2.4290457319e-05 3.7217406778e-01 
2.5952332508e-04 0.0000000000e+00 
1.3766688793e-04 9.2940167651e-01 
6.3878321467e-05 0.0000000000e+00 
2.4945674874e-05 2.8948727005e-01 
2.9277636896e-05 2.3580221584e-01 
5.8689036321e-06 1.0000000000e+00 
1.1101883629e-04 1.0000000000e+00 
6.6353089227e-06 2.9295507980e-01 
8.0872358539e-05 1.4615972678e-01 
2.2004417642e-05 0.0000000000e+00 
4.2449517509e-05 1.0000000000e+00 
4.3876816632e-05 2.0043651642e-01 
4.0245210310e-05 2.0512929701e-01 
5.9339094502e-06 1.0000000000e+00 
1.5672912448e-04 0.0000000000e+00 
2.1854567774e-05 5.2412721347e-02 
1.0794502696e-04 7.5988012651e-02 
8.7404804919e-04 0.0000000000e+00 
1.9632891233e-04 0.0000000000e+00 
2.9595648105e-05 0.0000000000e+00 
4.9024137382e-05 2.0527511994e-01 
1.0495048308e-04 1.1233790815e-01 
1.6496604372e-05 1.0000000000e+00 
2.2537384745e-05 1.8992120852e-01 
1.6890862501e-04 0.0000000000e+00 
2.3630619271e-05 3.2276767046e-01 
1.0055201973e-05 1.0000000000e+00 
5.6352419106e-06 1.0000000000e+00 
2.4730909782e-05 2.9732735855e-01 
2.6501002396e-05 0.0000000000e+00 
1.0837560760e-04 8.0327700507e-02 
4.8698880354e-05 0.0000000000e+00 
9.0512707762e-05 1.1872276436e-01 
5.2309180956e-05 1.0000000000e+00 
2.5531721764e-05 2.4966007807e-01 
3.0445867632e-04 0.0000000000e+00 
5.8355791373e-05 1.9488004808e-01 
8.7900061133e-05 1.0346675224e-01 
2.5688994703e-05 2.8364937332e-01 
4.3051077346e-05 0.0000000000e+00 
1.7765987240e-05 1.3071327828e-01 
3.3766357670e-05 0.0000000000e+00 
1.6285457911e-04 0.0000000000e+00 
3.9775355227e-04 0.0000000000e+00 
1.4443070468e-04 7.2047092960e-02 
5.5311415509e-05 1.7699979592e-01 
1.4599281105e-05 3.2127339990e-01 
3.4641130790e-05 1.3128633996e-01 
8.3721879924e-05 1.0000000000e+00 
3.4132996834e-05 1.0000000000e+00 
8.5352407111e-05 1.2842410950e-01 
1.0816535558e-05 1.0000000000e+00 
1.2789303437e-04 7.4051322798e-02 
1.7587004834e-04 0.0000000000e+00 
5.1391042025e-04 1.0000000000e+00 
1.0214920805e-04 1.0000000000e+00 
5.7347304673e-05 1.0000000000e+00 
5.4900440418e-05 1.2648502523e-01 
2.9580072809e-05 1.2670687407e-01 
9.0996004687e-05 0.0000000000e+00 
2.2209663755e-04 0.0000000000e+00 
3.3608442703e-05 1.0000000000e+00 
2.7896048484e-04 0.0000000000e+00 
2.8578975705e-05 1.5346789501e-01 
7.9404517846e-05 1.0000000000e+00 
4.0159769822e-05 2.0601847047e-01 
4.2091661042e-05 2.2285352700e-01 
5.3566564464e-04 0.0000000000e+00 
5.8828713581e-04 0.0000000000e+00 
6.1843009721e-04 0.0000000000e+00 
1.3095029842e-05 1.0458510078e-01 
6.9157700836e-05 1.7743677756e-01 
3.7551493241e-05 0.0000000000e+00 
7.8850006119e-05 0.0000000000e+00 
2.8593672888e-05 2.4607340847e-01 
6.4763161879e-05 4.4650290142e-02 
1.2588850949e-04 9.1777030801e-02 
6.6771001192e-05 0.0000000000e+00 
9.2253405944e-05 1.1412266044e-01 
3.0645358779e-05 1.4137945254e-01 
3.6142544714e-05 4.9448069218e-02 
2.1987923235e-04 6.5754790079e-02 
4.7619454593e-05 0.0000000000e+00 
1.1413516038e-04 1.2959630302e-01 
1.6160990023e-04 0.0000000000e+00 
2.3217687843e-04 0.0000000000e+00 
1.4873558694e-05 4.6626658081e-01 
5.1506391988e-06 1.0000000000e+00 
2.5342268426e-05 1.9458652522e-01 
1.0039999951e-04 1.9061943175e-01 
4.7913301586e-05 6.7151509175e-02 
2.1650601601e-05 1.9687707320e-01 
4.7709670543e-05 3.4052142684e-01 
4.6502970055e-05 3.8038730363e-02 
1.6805588546e-04 0.0000000000e+00 
1.6777337796e-05 1.0000000000e+00 
1.1693070621e-05 1.0000000000e+00 
6.9722869362e-05 1.2431578716e-01 
1.7538179660e-04 0.0000000000e+00 
4.2178524916e-05 2.1321993315e-01 
3.5671602302e-04 0.0000000000e+00 
2.1450678067e-04 0.0000000000e+00 
1.5845977961e-05 1.0000000000e+00 
2.4632779692e-04 0.0000000000e+00 
3.1457185326e-05 2.3948454750e-01 
6.5084032006e-05 0.0000000000e+00 
4.7516173884e-05 1.0000000000e+00 
6.8550550736e-06 2.1903592227e-01 
1.0252557916e-04 1.2311782901e-01 
2.9019764923e-05 2.3824474356e-01 
3.1640219546e-05 4.8678772370e-02 
3.5504426466e-05 0.0000000000e+00 
3.8548508330e-05 2.1952633618e-01 
9.1556843176e-05 1.0514361301e-01 
2.4794518456e-05 2.7382808058e-01 
6.4121267300e-05 1.6141729029e-01 
2.6469420305e-05 7.3348775837e-02 
1.3979662695e-04 8.7411824165e-01 
4.2359431102e-05 3.1607849885e-01 
1.1900742036e-05 3.1163181789e-01 
4.1223870311e-05 2.1755969090e-01 
2.1642509782e-04 9.3146435873e-01 
8.9883161365e-05 7.1711320552e-01 
6.2504146194e-05 1.6592998398e-01 
3.5027654561e-05 1.4932325991e-01 
3.6827222006e-05 1.2565459585e-01 
5.3754866080e-05 0.0000000000e+00 
3.1105399607e-05 1.7345267821e-01 
1.5415054661e-04 0.0000000000e+00 
2.5240123809e-05 2.5504662903e-01 
2.2033371461e-04 0.0000000000e+00 
4.2525562345e-05 2.1310679271e-01 
2.5553190868e-04 0.0000000000e+00 
9.9685614369e-05 7.7677337036e-02 
3.1272470476e-04 3.5834654466e-01 
4.1631428448e-05 1.9789813117e-01 
5.7755765867e-05 0.0000000000e+00 
8.7868944260e-05 1.2618818764e-01 
3.9677079947e-05 2.0700672233e-01 
1.1475875300e-04 9.9792753161e-01 
9.8295521571e-05 1.0183018066e-01 
6.3558979812e-06 1.0000000000e+00 
1.0235953484e-04 1.0000000000e+00 
1.8040881776e-04 0.0000000000e+00 
4.6081619178e-05 0.0000000000e+00 
4.5524059152e-04 1.0000000000e+00 
7.5714580453e-05 1.1927245427e-01 
4.8743597510e-05 0.0000000000e+00 
1.1297021774e-04 7.0957480081e-02 
2.9913689029e-05 1.3876311001e-01 
2.0572727739e-05 2.9769723204e-01 
8.5632085475e-05 1.7093203107e-01 
1.5097809517e-05 3.3084591117e-01 
6.6430387679e-05 1.3611821166e-01 
2.2070554018e-05 1.7764642979e-01 
3.7534637578e-05 1.6727265361e-01 
3.4012887778e-05 0.0000000000e+00 
8.0614226749e-05 8.5395725701e-01 
1.3032952191e-04 5.8026702406e-02 
4.6337802617e-05 0.0000000000e+00 
4.2481404407e-05 0.0000000000e+00 
9.1617625894e-05 1.1004443581e-01 
6.2514059415e-05 1.6170321139e-01 
2.2734699393e-05 2.6348550073e-01 
1.3627579133e-05 1.1399658193e-01 
3.8589964957e-05 1.0000000000e+00 
1.6033591285e-05 2.7444420056e-01 
3.9262859929e-05 0.0000000000e+00 
3.2046882532e-05 1.0000000000e+00 
8.7551343095e-05 3.6697167580e-01 
2.2048026742e-05 3.2540010703e-01 
1.5763735900e-04 1.0000000000e+00 
2.1168752089e-05 1.0000000000e+00 
5.0301651313e-05 1.4988752461e-01 
5.2898586056e-05 0.0000000000e+00 
6.4135712204e-05 1.9581745808e-01 
1.3785998692e-04 9.7242455868e-02 
6.3081089100e-06 1.0000000000e+00 
2.3248213499e-05 1.0000000000e+00 
1.1831210894e-04 5.9272767305e-02 
4.4382259452e-05 1.8640741543e-01 
1.0093556991e-05 5.0301991352e-01 
3.9067017691e-05 1.3051812345e-01 
4.8518868181e-04 0.0000000000e+00 
4.9262357950e-05 0.0000000000e+00 
6.0180631407e-05 4.6419780271e-01 
2.5816962939e-04 1.0000000000e+00 
9.7516940483e-05 9.4854104642e-02 
6.6619381139e-05 1.5891980111e-01 
1.4407133265e-04 3.1904494267e-02 
3.3587735746e-05 2.8992281469e-01 
6.5472940646e-05 1.7674272588e-01 
5.0714173549e-05 1.8457379966e-01 
1.3641084963e-04 2.7359607364e-02 
2.5903370165e-04 1.0000000000e+00 
6.3416216192e-06 1.6202069507e-01 
5.4658317087e-05 1.7711702526e-01 
1.5039155047e-04 0.0000000000e+00 
4.5921458468e-05 2.0514743444e-01 
7.0316266944e-05 1.7179581854e-01 
1.0423291908e-05 3.2333723725e-01 
1.8577837992e-04 1.0000000000e+00 
5.3680756763e-06 1.0000000000e+00 
6.1891057767e-05 1.5260358987e-01 
6.6252051022e-05 1.0825003296e-01 
4.1262068605e-04 0.0000000000e+00 
2.7889533762e-04 9.5053066532e-01 
4.8235952352e-05 0.0000000000e+00 
3.5166682988e-05 0.0000000000e+00 
3.3960633473e-05 4.7335443087e-02 
5.1706882818e-04 0.0000000000e+00 
6.7497438144e-05 1.5575794297e-02 
1.6994482784e-05 3.3798392784e-01 
2.6460778622e-05 8.5049107589e-01 
3.4173242141e-05 0.0000000000e+00 
1.5686855266e-05 1.7741471848e-01 
3.1474997373e-05 2.4350598365e-01 
1.6305766877e-05 4.1205822473e-01 
8.3529339492e-04 0.0000000000e+00 
1.2324918932e-04 5.6083196524e-02 
6.5053856301e-05 1.0000000000e+00 
1.0492745175e-04 7.0358594925e-02 
2.2941739512e-05 1.0000000000e+00 
5.8995320851e-05 0.0000000000e+00 
3.6008522754e-05 1.0000000000e+00 
2.1451843338e-05 1.5185003535e-01 
1.3871785389e-04 4.1781971709e-02 
5.0242649459e-05 1.8940726446e-01 
6.6339690067e-05 0.0000000000e+00 
3.1459351407e-05 1.9473765100e-01 
3.1951954577e-05 1.0000000000e+00 
1.6859143125e-05 1.0000000000e+00 
3.0058691744e-05 2.3660718952e-01 
5.6629959873e-04 9.8879939359e-01 
2.1096317744e-04 1.0000000000e+00 
4.6497947305e-05 1.0000000000e+00 
1.8355458018e-05 1.0000000000e+00 
9.1445464025e-05 1.0016476720e-01 
1.3853590921e-05 1.0000000000e+00 
8.8553410294e-05 1.0000000000e+00 
9.1266934164e-05 1.0461605388e-01 
9.3049871759e-05 1.0909686628e-01 
4.8206302630e-05 1.9983140079e-01 
3.8068782756e-05 3.7645242345e-01 
2.4127006098e-05 1.8467534375e-01 
8.0121651955e-06 1.0000000000e+00 
9.7302537499e-05 9.7044785188e-02 
1.7532841558e-05 3.8731677162e-01 
9.9320756850e-05 1.0000000000e+00 
6.5022478073e-05 0.0000000000e+00 
4.9234132335e-05 1.9577407385e-01 
3.3594547665e-05 8.4346574939e-02 
2.1416065752e-05 2.0786569833e-01 
1.1023385464e-04 8.7707386165e-02 
3.5715642381e-05 2.2700705804e-01 
4.6690287605e-05 2.1241043634e-01 
9.2971013641e-05 0.0000000000e+00 
1.3275575627e-04 2.0652623084e-02 
2.2573099283e-04 0.0000000000e+00 
1.0569693220e-04 9.1673076166e-02 
4.1054277604e-05 2.0194834922e-01 
3.5635838652e-04 1.0000000000e+00 
1.4267936990e-05 1.0000000000e+00 
3.1083791304e-05 1.1026259993e-01 
6.9679395377e-05 1.3387631717e-01 
5.1446500989e-05 1.0000000000e+00 
3.0616018211e-04 9.6373547194e-01 
4.7258764444e-04 1.0000000000e+00 
3.2367119438e-05 1.8530926359e-01 
4.3535686834e-05 2.0905879524e-01 
3.0021846989e-05 1.8949051221e-01 
1.1261528149e-04 5.1172826885e-01 
5.4249861695e-05 1.8071909830e-01 
1.6136319739e-05 1.2100496526e-01 
2.8525768888e-05 3.1604315783e-02 
3.3664150592e-05 0.0000000000e+00 
2.7150329437e-05 5.8603238957e-02 
1.8723371549e-05 2.6761910287e-01 
1.3953449006e-04 3.4431232521e-02 
1.6845247266e-04 1.0000000000e+00 
5.9513758259e-04 1.0000000000e+00 
1.7609886053e-04 0.0000000000e+00 
1.4572716599e-04 0.0000000000e+00 
4.4043698076e-05 0.0000000000e+00 
7.8369543060e-05 2.0461914841e-01 
1.7052666272e-05 1.0000000000e+00 
4.0410939836e-05 2.1776798915e-01 
5.8399053814e-05 1.6418591192e-01 
7.9699811544e-05 1.0000000000e+00 
9.5856519314e-05 1.1209850579e-01 
1.0167073031e-04 1.9178874789e-01 
2.7951675457e-05 9.1736538649e-02 
1.0510598386e-04 9.5313727051e-02 
2.4774107853e-04 0.0000000000e+00 
2.7726203536e-05 2.3341988029e-02 
3.1530382724e-05 6.9040929844e-03 
1.8866585337e-04 0.0000000000e+00 
1.1960926997e-04 6.1821190997e-02 
2.1867191235e-04 1.0000000000e+00 
9.8618061752e-05 1.0000000000e+00 
2.1285179674e-05 2.3257933134e-01 
2.9003900952e-04 1.0000000000e+00 
1.8348414169e-05 4.8561833768e-01 
6.5342690469e-05 0.0000000000e+00 
3.2529039240e-05 2.3584608285e-01 
3.4186003260e-04 9.7467299248e-01 
7.2089115554e-05 1.0000000000e+00 
7.2906136192e-06 1.0000000000e+00 
1.3856964472e-05 1.0000000000e+00 
3.8865223503e-05 1.2026252410e-01 
2.2195070093e-04 0.0000000000e+00 
4.9903951364e-05 0.0000000000e+00 
2.8262804861e-05 2.2637717491e-01 
3.3710088541e-05 3.1192991411e-01 
1.4859701141e-05 1.0000000000e+00 
1.9875743863e-05 1.0299811092e-01 
2.1116814314e-05 2.4472357595e-02 
2.0177252366e-04 1.0000000000e+00 
1.5684265949e-05 2.1812767182e-01 
5.8284423234e-05 1.6744425763e-01 
5.6041915433e-05 3.1463762098e-01 
3.7400650135e-05 2.1361449484e-01 
2.4309670429e-04 0.0000000000e+00 
2.1790576780e-05 3.6873423914e-01 
6.0745306374e-05 1.7194036331e-01 
2.3313609278e-05 1.6525538050e-01 
4.4157756299e-05 1.0000000000e+00 
1.8300412605e-05 1.0000000000e+00 
1.0834851448e-04 8.1895333990e-02 
1.2341053468e-04 5.2570870982e-02 
1.0282613752e-05 1.0000000000e+00 
3.6548291565e-05 1.0000000000e+00 
4.4073313439e-05 5.5809992586e-02 
2.8174954470e-04 0.0000000000e+00 
1.6743677556e-04 1.0000000000e+00 
8.9358683805e-05 1.1320767137e-01 
2.8005813862e-04 0.0000000000e+00 
6.2515032692e-05 7.8381121853e-02 
1.9597229242e-04 0.0000000000e+00 
4.2995395104e-04 0.0000000000e+00 
2.0327433226e-05 1.0000000000e+00 
6.6405367658e-05 1.6472612505e-01 
2.1898148267e-05 1.4804060287e-01 
2.0269335431e-04 1.1132819662e-01 
9.9383000534e-05 2.7057011354e-01 
3.0702165154e-04 0.0000000000e+00 
4.4638255994e-05 0.0000000000e+00 
3.1905641840e-05 2.3557886201e-01 
1.1299453220e-05 1.0000000000e+00 
2.6198811286e-05 2.3827256516e-01 
4.5531618326e-05 2.0131746356e-01 
3.8782499921e-05 0.0000000000e+00 
1.5977729811e-05 1.0000000000e+00 
1.6372158594e-04 0.0000000000e+00 
9.0773401044e-05 1.0000000000e+00 
4.9315782453e-05 4.9135863134e-01 
2.7678475464e-04 0.0000000000e+00 
4.6669744762e-05 1.0000000000e+00 
5.5392292792e-05 0.0000000000e+00 
2.2456863737e-04 0.0000000000e+00 
2.4900138186e-05 2.2897929222e-01 
1.5960413313e-05 1.0652541491e-01 
1.4622028233e-04 1.0400272201e-01 
7.4603156977e-05 1.3791524632e-01 
3.3466830590e-05 2.5013411181e-01 
1.0434405878e-05 1.9835766648e-01 
1.1642544736e-04 1.0463662345e-01 
3.4550523190e-05 2.3914030460e-01 
5.3296136058e-05 1.9020334664e-01 
7.4201091160e-06 1.0000000000e+00 
3.7711966995e-05 2.1414636641e-01 
5.1274192950e-05 0.0000000000e+00 
2.4309876225e-04 1.0000000000e+00 
2.3712488203e-04 3.8295915662e-02 
1.2667864611e-05 2.6664088967e-01 
8.7721448838e-06 3.3028613880e-01 
9.3402952927e-05 1.1404200794e-01 
2.6993926769e-05 3.6916394793e-01 
1.5693895012e-04 0.0000000000e+00 
1.8798237440e-05 1.0000000000e+00 
1.0955978462e-04 3.7602113384e-01 
1.7854315543e-05 2.8951889426e-01 
1.5864943466e-05 2.5334047865e-01 
6.5153829618e-04 0.0000000000e+00 
1.7301562312e-05 2.8413963044e-01 
5.0458876611e-04 0.0000000000e+00 
2.6556459494e-04 1.0000000000e+00 
4.6903812992e-05 2.3931726763e-01 
1.2650426023e-05 1.0000000000e+00 
6.8841809942e-05 0.0000000000e+00 
1.1544238073e-04 9.3059739667e-02 
3.0929577378e-05 2.3047948755e-02 
2.1611729447e-05 3.2009284000e-01 
4.3762815349e-05 2.8612538069e-01 
1.1285661801e-04 6.0196963892e-02 
6.5301391810e-05 1.0000000000e+00 
8.0046908777e-05 0.0000000000e+00 
4.9698656758e-05 0.0000000000e+00 
1.0319861457e-04 1.2057187627e-01 
2.0769227915e-05 2.7330577180e-01 
5.7048939729e-05 1.4850966798e-01 
3.3272104106e-05 0.0000000000e+00 
3.2022176859e-04 0.0000000000e+00 
7.0802084944e-05 1.0000000000e+00 
4.6787703573e-05 1.8300662394e-01 
1.3473656297e-05 2.4136663290e-01 
2.7042899828e-04 1.0000000000e+00 
2.8699646498e-05 2.0235345582e-01 
2.2760746662e-05 1.7857879223e-01 
4.5672595914e-05 2.0740727790e-01 
3.1171990989e-05 0.0000000000e+00 
9.7717380389e-06 1.0000000000e+00 
6.9719428108e-04 0.0000000000e+00 
6.2639605363e-05 1.0000000000e+00 
5.8426973181e-05 1.7463205445e-01 
1.4002944634e-04 9.4067528400e-04 
2.3855676114e-05 1.7528425040e-01 
2.7047834110e-04 0.0000000000e+00 
2.6399269245e-05 1.0000000000e+00 
6.6247592514e-05 1.5831398522e-01 
9.9369744094e-06 4.5905348280e-01 
6.9532003210e-05 1.5472677548e-01 
3.0943988135e-04 0.0000000000e+00 
6.7242272569e-05 1.8356952272e-01 
3.5232180307e-05 0.0000000000e+00 
3.9008156074e-05 2.4302481972e-01 
3.2111826601e-05 1.0000000000e+00 
9.0374876098e-05 1.0655039988e-01 
7.2448779999e-04 0.0000000000e+00 
1.3209202995e-04 0.0000000000e+00 
6.2131530030e-05 1.8382151910e-01 
5.6140355457e-05 1.0000000000e+00 
7.9318336433e-05 1.1425180308e-01 
5.2079556971e-05 0.0000000000e+00 
9.5893194324e-05 9.7957222452e-02 
5.3054374645e-05 1.7220889217e-01 
8.1421523891e-05 1.3910620908e-01 
4.1156324178e-05 2.0952666176e-01 
6.3061020251e-06 1.0000000000e+00 
3.0796778674e-05 1.2604570770e-01 
1.4681184960e-04 0.0000000000e+00 
5.6743511529e-05 2.0635862641e-01 
2.5669288260e-05 1.4489622042e-01 
7.7036223383e-05 2.1927653432e-01 
1.9392465219e-04 0.0000000000e+00 
8.0391468419e-05 0.0000000000e+00 
3.1491410798e-05 1.4751808911e-01 
8.7154884648e-05 1.1881384038e-01 
1.5134502664e-05 2.0363283465e-01 
7.9281167679e-05 1.5471618516e-01 
3.4752569892e-05 2.2676709132e-01 
1.1305931515e-04 7.4247841850e-02 
2.7331190837e-05 3.1958869547e-01 
1.0968598503e-04 7.4145581210e-02 
1.6672857297e-05 3.6201798982e-01 
1.1852574566e-04 8.8815889276e-02 
2.0722433863e-04 0.0000000000e+00 
2.5742166832e-04 0.0000000000e+00 
4.2198267714e-04 0.0000000000e+00 
5.4292954519e-05 2.4524988656e-01 
4.1920543860e-05 2.1823151059e-01 
5.8125195520e-05 1.7378331403e-01 
1.8016132649e-04 0.0000000000e+00 
7.0657822947e-05 1.9635051387e-01 
7.3616737961e-05 3.5827231369e-01 
1.5085434323e-05 2.9954620244e-01 
2.9038153658e-05 2.8850190330e-01 
3.0358176165e-05 6.1145947064e-02 
3.0503224282e-05 2.9182051630e-01 
2.4480209702e-05 1.8398879224e-01 
2.0820040617e-04 0.0000000000e+00 
1.7467514551e-04 0.0000000000e+00 
3.5879148424e-04 0.0000000000e+00 
9.3967249592e-06 1.0000000000e+00 
9.9811502227e-05 0.0000000000e+00 
1.0008567997e-05 1.7761823572e-01 
1.2251164179e-04 1.0000000000e+00 
7.4610863732e-05 1.2805943637e-01 
1.0148834189e-04 9.9110626841e-02 
4.1986079152e-05 0.0000000000e+00 
8.5696949055e-05 6.8725785146e-01 
5.5882035669e-05 1.7929194871e-01 
1.4135848167e-05 2.2501862224e-01 
7.3963385285e-05 1.7094096721e-01 
8.8686782401e-05 1.1240062628e-01 
1.0318263665e-04 8.8177650035e-02 
1.0170380367e-04 8.0907760365e-02 
1.0669919173e-05 1.0000000000e+00 
5.2094427894e-05 1.8013149783e-01 
4.5213046893e-05 2.0580071464e-01 
3.1911197501e-05 0.0000000000e+00 
1.9981121944e-04 0.0000000000e+00 
1.4049795087e-05 1.0168270240e-01 
4.6794020554e-04 0.0000000000e+00 
6.8319574581e-05 1.5193958926e-01 
4.4905479353e-04 0.0000000000e+00 
5.5004206442e-05 1.0000000000e+00 
3.1508234076e-05 1.0000000000e+00 
3.5543297445e-04 0.0000000000e+00 
5.5744448941e-05 3.1619089024e-01 
1.2296673283e-04 1.0000000000e+00 
1.8858131479e-04 0.0000000000e+00 
1.1094380091e-04 1.0942690979e-01 
1.0564303300e-04 1.0069511670e-01 
2.9270086554e-04 0.0000000000e+00 
3.5273152405e-05 2.2636964556e-01 
5.0886492437e-05 0.0000000000e+00 
3.5455609527e-05 1.0000000000e+00 
2.3074309738e-04 0.0000000000e+00 
5.5364819681e-05 0.0000000000e+00 
7.0273501198e-05 1.4204069965e-01 
7.1251896797e-05 0.0000000000e+00 
3.9233363359e-05 1.2072056653e-01 
1.6544784014e-05 1.0000000000e+00 
6.3400506154e-05 1.6750389069e-01 
3.3058898789e-05 2.5508111773e-01 
1.8149938347e-05 1.8631815318e-01 
2.2046284644e-05 1.6325169660e-02 
1.2447039595e-05 3.4238257032e-01 
5.3063185883e-05 1.8551739280e-01 
9.5099130958e-06 2.8697278324e-01 
2.3950338904e-05 0.0000000000e+00 
5.9834779634e-05 1.5255238919e-01 
6.8977987652e-05 0.0000000000e+00 
4.3219860034e-05 9.2109948251e-02 
7.7084542848e-06 2.5961377125e-01 
5.2239244647e-05 6.2688264828e-02 
5.7285273810e-05 2.2561643141e-01 
5.4868290065e-05 0.0000000000e+00 
2.8984717520e-05 1.2124965931e-01 
5.6253651401e-05 0.0000000000e+00 
5.9694989130e-05 1.4817105156e-01 
6.4764048819e-05 0.0000000000e+00 
7.2930385834e-06 1.0000000000e+00 
8.5479961063e-06 3.2291867899e-01 
6.3091828855e-05 1.6859512676e-01 
2.3807845060e-05 3.6698609816e-01 
7.3990578954e-05 0.0000000000e+00 
4.4280137830e-04 0.0000000000e+00 
4.5839119872e-04 1.0000000000e+00 
3.5992932374e-05 2.1516981869e-01 
1.4878804492e-05 3.8879939607e-01 
4.7750331135e-05 2.0063650927e-01 
2.3431058901e-05 1.0568586905e-02 
8.5288433850e-06 1.0000000000e+00 
9.3144423135e-05 1.0465407137e-01 
5.1015823256e-05 1.0000000000e+00 
1.9932596082e-04 5.4943678626e-02 
4.4239892999e-05 1.1816628316e-01 
2.3996173159e-05 1.9059737807e-01 
6.3775357731e-05 2.5120450869e-01 
8.9374455150e-04 0.0000000000e+00 
1.6452943766e-05 1.0000000000e+00 
6.0787025603e-06 1.0000000000e+00 
3.7217219620e-05 2.2175749815e-01 
1.3535573884e-04 1.0000000000e+00 
3.5742698659e-05 0.0000000000e+00 
1.6348443677e-04 1.0000000000e+00 
5.3016457613e-05 1.7770550304e-01 
5.8252560312e-05 1.8045041212e-01 
4.8385530081e-05 1.8294181921e-01 
6.9015913839e-05 1.5364985914e-01 
3.2367081868e-05 2.1431693162e-01 
4.9920867273e-05 2.1237444366e-01 
2.5748339378e-05 1.7045671507e-01 
3.0342906918e-05 1.0000000000e+00 
9.7920876484e-05 1.0879791182e-01 
3.0697563969e-04 0.0000000000e+00 
7.4444531335e-06 1.0000000000e+00 
7.3320074595e-05 1.7384570337e-01 
2.5525825160e-05 2.5836150610e-01 
3.1704951365e-05 1.8405596673e-01 
1.5242864320e-04 1.0000000000e+00 
6.6770770492e-05 0.0000000000e+00 
5.8163033140e-05 1.0000000000e+00 
8.8977933035e-06 1.0000000000e+00 
1.3428010225e-05 1.0000000000e+00 
3.7231068807e-04 0.0000000000e+00 
2.6601229498e-05 2.6696517999e-01 
3.0418238181e-05 1.0000000000e+00 
2.1001342204e-05 1.1127133898e-01 
4.1691880652e-05 2.0160967418e-01 
2.8639344600e-05 2.4824855169e-01 
1.7551742237e-05 1.0000000000e+00 
2.5326069900e-04 0.0000000000e+00 
1.0085832022e-04 0.0000000000e+00 
2.4140286651e-05 2.0542716712e-01 
1.8387707701e-05 3.9016595451e-01 
5.6496086554e-05 2.1471987470e-01 
5.4147854454e-04 0.0000000000e+00 
1.1002009473e-04 2.9047196732e-02 
7.7164127974e-05 0.0000000000e+00 
6.9212369186e-05 1.0000000000e+00 
6.2045243597e-06 1.0000000000e+00 
1.3512899088e-04 5.7810956039e-02 
1.7850575123e-04 0.0000000000e+00 
1.6834241887e-05 3.0744023333e-01 
4.8438759138e-05 0.0000000000e+00 
1.6035097266e-05 1.0000000000e+00 
2.8672611605e-04 0.0000000000e+00 
6.9066273650e-05 1.3943058709e-01 
1.5467086257e-04 9.9907806602e-01 
2.2604829472e-04 8.9254456889e-02 
9.0862157576e-06 1.0000000000e+00 
3.4195856356e-05 1.4095292378e-01 
1.0559258048e-03 0.0000000000e+00 
1.2851073491e-04 2.5874683346e-02 
6.4665766691e-05 1.6331261881e-01 
1.7345127122e-04 0.0000000000e+00 
2.4747987554e-04 0.0000000000e+00 
7.3658561805e-05 8.9119601216e-02 
4.5678356503e-05 1.7701340143e-01 
8.9419352044e-05 1.0000000000e+00 
4.3605062778e-05 9.1020472511e-02 
2.0409443577e-04 1.0000000000e+00 
5.5986211146e-05 0.0000000000e+00 
4.3744421451e-05 1.0000000000e+00 
8.0934621241e-05 1.4102254075e-01 
7.9123424704e-05 1.5299793175e-01 
1.0052633997e-04 9.3033332446e-02 
1.8176204761e-05 1.2715302046e-01 
9.3205540591e-05 1.0000000000e+00 
2.1595285165e-05 3.4401023810e-01 
7.5131115270e-05 2.1798766621e-01 
1.5746310875e-04 0.0000000000e+00 
6.0039040349e-05 1.4278256920e-01 
1.2348615905e-04 4.5101367894e-02 
3.0168738693e-05 2.4422460271e-01 
9.4934254455e-06 3.3619816550e-01 
3.0787843859e-04 0.0000000000e+00 
1.2721410343e-05 4.8575215651e-01 
5.4942415664e-04 1.0000000000e+00 
1.5983871352e-04 0.0000000000e+00 
1.9890777342e-04 0.0000000000e+00 
4.9660833268e-05 7.6429024483e-02 
2.0990685824e-05 1.2340623174e-01 
1.1925022334e-04 7.4843795521e-02 
3.8034409900e-05 2.4522964276e-01 
2.1731031398e-05 3.1847671306e-01 
1.4724602221e-04 1.0000000000e+00 
2.5009223735e-05 2.7336155824e-01 
3.0263492817e-05 9.0095880510e-02 
6.0810431356e-05 1.4210856951e-01 
1.4763543517e-04 1.0000000000e+00 
3.5973411599e-04 0.0000000000e+00 
1.1688875612e-04 1.1935520450e-01 
4.0146794264e-04 0.0000000000e+00 
7.0657842301e-05 1.2595436582e-01 
8.6351908797e-05 1.2062675424e-01 
7.4365818630e-05 0.0000000000e+00 
1.9517982484e-05 2.7412514021e-01 
1.1687996216e-04 8.6255670555e-02 
2.6918019809e-05 5.8806588971e-02 
3.3017195395e-05 8.7229345741e-02 
1.6241407629e-05 4.2020518668e-01 
2.3718659309e-04 1.0000000000e+00 
3.0118642097e-04 0.0000000000e+00 
2.8284139591e-04 0.0000000000e+00 
6.8125779967e-05 1.6295129045e-01 
5.0691652336e-05 1.0000000000e+00 
2.2896434924e-04 3.9248923780e-02 
7.0536966662e-06 1.0000000000e+00 
7.1079746893e-05 1.6802901806e-01 
7.9865473070e-05 1.4737914572e-01 
1.7082554471e-04 1.0000000000e+00 
9.1834038026e-06 1.0000000000e+00 
1.4040149593e-05 9.0443227386e-02 
2.8445327406e-05 2.4372342782e-01 
6.8444321771e-06 1.0000000000e+00 
8.7428420240e-05 1.2775232484e-01 
3.0941664327e-05 1.1724765119e-01 
4.2734994312e-05 0.0000000000e+00 
5.5945546225e-05 5.4783720706e-01 
1.1060284073e-04 6.5450887749e-02 
4.8866916128e-05 0.0000000000e+00 
2.3857205128e-05 3.8328507083e-01 
6.3326159786e-05 1.4603494309e-01 
6.7282207958e-05 1.7948463235e-01 
6.3520257318e-05 2.3473934905e-01 
6.1684799978e-05 1.6518517958e-01 
1.0105453221e-05 1.0000000000e+00 
6.1745303409e-05 9.0475203285e-01 
1.4068488512e-05 1.0000000000e+00 
5.4181528341e-05 1.9223284394e-01 
1.5145580584e-04 1.0000000000e+00 
8.7292646398e-05 1.0000000000e+00 
2.5677017975e-04 8.1620429528e-01 
2.4461072342e-04 0.0000000000e+00 
1.3251773193e-04 4.2636191925e-02 
1.0656556218e-05 1.0000000000e+00 
1.4958968401e-04 0.0000000000e+00 
1.6997402153e-05 1.6649268438e-01 
3.1442979677e-05 1.0000000000e+00 
1.0289052393e-04 1.0248062943e-01 
8.0903222704e-05 1.4084272131e-01 
1.2430395951e-04 9.0161692737e-02 
3.3458437969e-04 0.0000000000e+00 
2.5712109098e-04 1.0000000000e+00 
2.2676302816e-05 2.8745463054e-01 
6.3543591818e-05 5.0361321000e-02 
8.3432092904e-05 1.2905160676e-01 
1.0474637981e-04 8.2421342985e-02 
8.6076958431e-05 1.2976475473e-01 
5.4393364990e-04 0.0000000000e+00 
5.2639128071e-06 1.0000000000e+00 
1.0914120374e-05 1.0000000000e+00 
1.9109402998e-04 0.0000000000e+00 
8.3002337922e-05 0.0000000000e+00 
2.0945125904e-04 0.0000000000e+00 
3.8603098601e-04 0.0000000000e+00 
2.4724628169e-04 0.0000000000e+00 
4.8062489955e-05 1.8996809095e-01 
3.8533758697e-05 6.5982400873e-02 
3.9963751474e-05 1.0000000000e+00 
4.8537988000e-05 0.0000000000e+00 
2.2988453336e-05 2.5773801967e-01 
8.7030978921e-06 1.0000000000e+00 
9.2424413323e-05 9.3168704093e-02 
7.8598843186e-05 1.4596265215e-01 
2.7991009606e-04 0.0000000000e+00 
5.4060631286e-05 1.7540805785e-01 
3.2241908542e-05 2.6159274943e-01 
5.4570881138e-05 1.9017016560e-01 
1.0922697643e-04 1.0663955347e-01 
7.5170485354e-05 2.4471262722e-01 
1.9698057987e-05 3.9438554157e-01 
5.8540073748e-06 1.0000000000e+00 
1.0315051204e-04 8.4146468055e-02 
8.3070719218e-05 1.3346762118e-01 
7.2935863505e-05 1.0000000000e+00 
3.0767175695e-04 0.0000000000e+00 
2.6980609902e-05 1.4926793070e-01 
1.7032350353e-04 0.0000000000e+00 
2.2400755828e-04 0.0000000000e+00 
5.5656939226e-04 0.0000000000e+00 
5.3475124227e-05 1.8262401093e-01 
9.4446102635e-06 3.2474685280e-01 
2.2563327490e-05 3.8289534867e-01 
1.2534257799e-04 7.4624979294e-02 
1.7088551730e-05 2.4289900752e-01 
7.6181309549e-05 1.4290039624e-01 
2.2602433550e-04 0.0000000000e+00 
1.7836616949e-04 0.0000000000e+00 
2.2080067501e-05 3.5742645798e-01 
4.2219576281e-05 0.0000000000e+00 
2.1307665627e-05 2.9774668064e-01 
1.0389426384e-04 1.4429570101e-01 
1.1969292734e-05 2.7210960408e-01 
6.0982469338e-05 1.6654897342e-01 
1.2835688829e-05 1.0557513393e-01 
3.2332413347e-05 2.5897372966e-01 
7.8378916965e-05 1.5979452460e-01 
1.0549449178e-05 3.0220637512e-01 
