9.9237657839e-09 1.1712392430e+04 1.0015009021e+00 8.7000000000e-01 
1.6898983165e-07 1.1246748184e+04 7.9694396981e-01 8.7000000000e-01 
4.9407191531e-07 1.2265253019e+04 1.1233333169e+00 8.7000000000e-01 
1.9417641427e-08 1.5635611994e+04 3.2857586551e-01 8.7000000000e-01 
4.9934611188e-08 1.4539415177e+04 4.6892886706e-01 8.7000000000e-01 
1.0361423255e-07 1.3759234748e+04 3.9429770266e-01 8.7000000000e-01 
5.2710289868e-09 2.2188116836e+04 4.5985861000e-01 8.7000000000e-01 
2.7269460246e-09 1.6612735786e+04 4.5266353216e-01 8.7000000000e-01 
9.5122558838e-10 1.6533920180e+04 5.7576151711e-01 8.7000000000e-01 
1.1998733745e-09 1.2462927580e+04 7.9262061896e-01 8.7000000000e-01 
4.0805550159e-08 1.4607649162e+04 1.0169124626e+00 8.7000000000e-01 
5.2484816353e-09 1.5789688224e+04 1.0440459431e+00 8.7000000000e-01 
6.7792689618e-11 1.6386379813e+04 6.5665660285e-01 8.7000000000e-01 
7.7143519062e-08 1.1261918904e+04 6.4347702406e-01 8.7000000000e-01 
8.9170960310e-11 1.6248741036e+04 1.3437919830e+00 8.7000000000e-01 
1.3235743837e-10 1.2375580804e+04 1.0071099608e+00 8.7000000000e-01 
3.2495265955e-09 1.1773047591e+04 8.6027763021e-01 8.7000000000e-01 
2.8278668504e-09 1.2393537938e+04 4.9729227421e-01 8.7000000000e-01 
1.9826698080e-11 1.5511716992e+04 1.2744227041e+00 8.7000000000e-01 
1.0371402088e-09 1.6556388786e+04 5.6181676572e-01 8.7000000000e-01 
3.4603448397e-09 1.2457089292e+04 1.0270292061e+00 8.7000000000e-01 
8.8439373077e-12 1.1361254871e+04 4.8652022177e-01 8.7000000000e-01 
2.7540698526e-09 1.1966358973e+04 6.5226145537e-01 8.7000000000e-01 
4.5700669639e-09 1.3856734330e+04 3.3814630882e-01 8.7000000000e-01 
8.0460767817e-09 1.2840955481e+04 5.8364757212e-01 8.7000000000e-01 
2.4481081481e-06 1.3378492418e+04 8.4942000290e-01 8.7000000000e-01 
4.9522356163e-09 1.1819023419e+04 2.2124944750e-01 8.7000000000e-01 
8.4406213739e-10 1.6819114119e+04 1.4613913803e+00 8.7000000000e-01 
8.1829797339e-10 1.8206771949e+04 6.3475518831e-01 8.7000000000e-01 
1.1780587627e-09 2.0289793578e+04 9.0870292645e-01 8.7000000000e-01 
1.1107517738e-10 1.5260368009e+04 8.3928648699e-01 8.7000000000e-01 
1.7886960147e-11 1.3642231541e+04 8.2563082024e-01 8.7000000000e-01 
9.8627816823e-11 1.1574546155e+04 7.2811563043e-01 8.7000000000e-01 
3.1221648560e-08 1.1804049070e+04 8.2874110339e-01 8.7000000000e-01 
1.9107273485e-08 1.1425645653e+04 1.0629136043e+00 8.7000000000e-01 
5.0309602571e-09 1.5568792556e+04 4.5502189278e-01 8.7000000000e-01 
9.9694746587e-08 2.5000000000e+04 5.5033471087e-01 8.7000000000e-01 
4.2009888015e-10 1.1866387509e+04 5.0976151762e-01 8.7000000000e-01 
4.3006608998e-08 1.7714611565e+04 8.4102507303e-01 8.7000000000e-01 
1.5815553906e-08 1.1511141688e+04 6.6019340803e-01 8.7000000000e-01 
2.6337039119e-05 1.2433281296e+04 1.2424046424e+00 8.7000000000e-01 
1.0432718052e-10 1.2310617779e+04 3.2269796589e-01 8.7000000000e-01 
4.0945818803e-09 1.3603048950e+04 8.8152078367e-01 8.7000000000e-01 
5.6886018473e-10 1.7415514360e+04 9.3685623071e-01 8.7000000000e-01 
6.8811511609e-10 1.5639313282e+04 2.3895869653e-01 8.7000000000e-01 
3.0199758908e-11 1.5253406512e+04 5.5236375658e-01 8.7000000000e-01 
1.6637543259e-09 1.3023419144e+04 6.5967463296e-01 8.7000000000e-01 
1.0623220763e-08 1.5017326374e+04 4.4152918434e-01 8.7000000000e-01 
2.2974475428e-11 1.5048104095e+04 1.1796820756e+00 8.7000000000e-01 
1.4366811043e-08 2.2964425187e+04 3.4048481799e-01 8.7000000000e-01 
2.3901583588e-09 2.1635903566e+04 1.0972484353e+00 8.7000000000e-01 
7.0711957269e-09 1.2716246974e+04 1.0559688086e+00 8.7000000000e-01 
6.6437077783e-08 1.2116477093e+04 2.9608028357e-01 8.7000000000e-01 
2.3364106370e-10 1.1530366015e+04 1.3082703625e+00 8.7000000000e-01 
7.3803154679e-09 1.1592810073e+04 7.8029546003e-01 8.7000000000e-01 
8.1490502208e-09 1.1793972003e+04 9.9041004797e-01 8.7000000000e-01 
3.2912806548e-08 1.8371946533e+04 8.7420290574e-01 8.7000000000e-01 
1.2074379473e-08 1.2561602994e+04 5.4120205277e-01 8.7000000000e-01 
8.3237907070e-10 1.2430597677e+04 1.1419608194e+00 8.7000000000e-01 
2.5910941147e-10 1.2243487040e+04 3.7841188709e-01 8.7000000000e-01 
6.6681496879e-08 1.3604804895e+04 1.4435825141e+00 8.7000000000e-01 
3.5242301236e-07 1.1264280038e+04 2.6110024619e-01 8.7000000000e-01 
1.3801740758e-10 2.2052889335e+04 1.2414918408e+00 8.7000000000e-01 
7.9240494035e-10 1.1741644150e+04 9.5789933895e-01 8.7000000000e-01 
2.4971368298e-08 1.3603497067e+04 1.0900653080e+00 8.7000000000e-01 
3.7851128169e-07 1.4987561580e+04 1.1112151965e+00 8.7000000000e-01 
7.1383785872e-09 1.3403094448e+04 2.9176446293e-01 8.7000000000e-01 
1.8801686684e-05 1.3586305208e+04 1.9293129474e-01 8.7000000000e-01 
5.9672913856e-11 2.1770708797e+04 7.2915675246e-01 8.7000000000e-01 
9.7582674501e-08 1.4074298906e+04 5.7148537125e-01 8.7000000000e-01 
1.3167930618e-06 1.4094488385e+04 6.9233650399e-01 8.7000000000e-01 
2.4576207890e-08 1.2289870764e+04 7.2130237039e-01 8.7000000000e-01 
4.0975194337e-10 1.2135226783e+04 7.8699661230e-01 8.7000000000e-01 
3.6123576228e-10 1.7262638676e+04 1.1201505138e+00 8.7000000000e-01 
1.7320436142e-07 1.2620373080e+04 1.3595572596e+00 8.7000000000e-01 
4.0449214551e-09 1.4386701148e+04 1.3372865759e-01 8.7000000000e-01 
5.4983190196e-06 1.3163853400e+04 2.5115476356e-01 8.7000000000e-01 
3.0470396099e-11 1.1337200250e+04 1.0212145465e+00 8.7000000000e-01 
4.8867017038e-10 1.4032274205e+04 1.2832258672e+00 8.7000000000e-01 
5.3250422643e-09 1.2879262763e+04 1.2153649271e+00 8.7000000000e-01 
1.5059035090e-10 1.5990846893e+04 4.2718890270e-01 8.7000000000e-01 
2.0485329348e-08 1.2264370087e+04 6.9763381001e-01 8.7000000000e-01 
7.9342444799e-12 1.2806597356e+04 5.7550675418e-01 8.7000000000e-01 
6.1374796923e-11 1.2107839234e+04 1.0551622037e+00 8.7000000000e-01 
2.7246457645e-09 1.4620127671e+04 1.2110555013e+00 8.7000000000e-01 
3.8563249615e-06 1.1544755380e+04 5.8564155514e-01 8.7000000000e-01 
1.9759066610e-09 1.2739177735e+04 8.7489600788e-01 8.7000000000e-01 
9.6093191437e-11 1.7245298881e+04 1.0596808048e+00 8.7000000000e-01 
3.8904824294e-08 1.2290523702e+04 1.1280234900e-01 8.7000000000e-01 
3.1037145711e-10 1.1899925196e+04 5.5228680008e-01 8.7000000000e-01 
3.3855220355e-07 1.2770675775e+04 1.1041721226e+00 8.7000000000e-01 
2.2651122883e-09 1.2337565248e+04 8.6407948429e-01 8.7000000000e-01 
8.0419323532e-06 2.5000000000e+04 1.1371740074e+00 8.7000000000e-01 
1.0249788762e-07 1.4441867546e+04 6.9154153730e-01 8.7000000000e-01 
9.6080232185e-12 1.3922834221e+04 6.1593400804e-01 8.7000000000e-01 
5.5424332803e-10 1.3220386368e+04 8.9712911987e-01 8.7000000000e-01 
3.7126109241e-09 1.6696567862e+04 8.8159951498e-01 8.7000000000e-01 
5.8461058688e-10 1.3637880135e+04 1.2407884767e+00 8.7000000000e-01 
9.6006367977e-09 1.2280274780e+04 7.8161920590e-01 8.7000000000e-01 
9.3289477453e-11 1.8938535659e+04 7.7297282075e-01 8.7000000000e-01 
8.8953139098e-11 1.2325892839e+04 5.6246154857e-01 8.7000000000e-01 
4.4197180275e-07 1.6113311110e+04 3.9558131469e-01 8.7000000000e-01 
2.6512940801e-10 1.6095578827e+04 5.7714725022e-01 8.7000000000e-01 
4.6205703926e-11 1.2885861766e+04 7.7018020515e-01 8.7000000000e-01 
4.8999511720e-11 1.3387252040e+04 7.4428892249e-01 8.7000000000e-01 
6.2447365325e-07 1.5144169032e+04 1.1869624675e+00 8.7000000000e-01 
1.1964263916e-09 1.2766177264e+04 4.1232625015e-01 8.7000000000e-01 
5.8491440130e-06 1.6633273258e+04 8.9567802768e-01 8.7000000000e-01 
1.2664624804e-08 1.2868161270e+04 8.3319993568e-01 8.7000000000e-01 
1.8955935402e-05 2.3821250885e+04 1.0538901099e+00 8.7000000000e-01 
1.7425317554e-05 1.5733464833e+04 1.2873764761e+00 8.7000000000e-01 
4.4106273782e-08 1.4326258799e+04 1.1397223919e+00 8.7000000000e-01 
3.2534713237e-09 1.2755440662e+04 4.0970269418e-01 8.7000000000e-01 
6.6374127624e-06 1.1497888301e+04 7.8290173149e-02 8.7000000000e-01 
5.6394372021e-09 1.3407998167e+04 2.4916016372e-01 8.7000000000e-01 
1.0082318399e-09 1.4995092434e+04 6.2891165274e-01 8.7000000000e-01 
3.8458934011e-09 1.2079202652e+04 4.4978509978e-01 8.7000000000e-01 
1.7319173747e-07 1.1438865985e+04 5.5055330490e-01 8.7000000000e-01 
1.0198685491e-10 1.4379833593e+04 1.2201825768e+00 8.7000000000e-01 
4.4027874447e-08 1.7842404693e+04 8.3955626254e-01 8.7000000000e-01 
9.3324024307e-11 1.3482122285e+04 3.5641176559e-01 8.7000000000e-01 
2.1322931170e-09 1.7609652554e+04 1.3278337585e+00 8.7000000000e-01 
3.2293088296e-09 1.5513647280e+04 6.6379587869e-01 8.7000000000e-01 
4.9273712837e-09 1.5419214078e+04 7.9173918816e-01 8.7000000000e-01 
1.8276501099e-08 1.2180230892e+04 8.2372434895e-01 8.7000000000e-01 
7.9053753880e-09 1.6057534639e+04 2.5867909657e-01 8.7000000000e-01 
5.3965820519e-09 1.2056100204e+04 1.1523278262e-01 8.7000000000e-01 
2.5094229315e-07 1.4476401497e+04 5.4292016811e-01 8.7000000000e-01 
7.6125731789e-11 1.6288926717e+04 1.3218746655e+00 8.7000000000e-01 
3.7819127797e-09 1.2615329720e+04 3.7066889277e-01 8.7000000000e-01 
5.2144928541e-11 1.8947441381e+04 2.3932061926e-01 8.7000000000e-01 
6.5900229959e-09 1.1897943049e+04 8.3583812529e-01 8.7000000000e-01 
2.6610606777e-11 1.2526228098e+04 9.6441551657e-01 8.7000000000e-01 
6.6510123872e-07 1.1954452970e+04 1.3496220256e+00 8.7000000000e-01 
9.2600924453e-10 1.5274558977e+04 8.8845004445e-01 8.7000000000e-01 
2.3235149821e-10 1.2830477779e+04 6.8302982421e-01 8.7000000000e-01 
2.2896283837e-09 1.3598508029e+04 1.3855433962e+00 8.7000000000e-01 
2.9745835724e-08 1.9814622219e+04 7.2133969013e-01 8.7000000000e-01 
3.2613197905e-09 1.3135343228e+04 8.2669768769e-01 8.7000000000e-01 
3.3664191077e-07 1.2604273765e+04 1.0492493370e+00 8.7000000000e-01 
6.8964532749e-07 1.2555182044e+04 2.5934440215e-01 8.7000000000e-01 
7.7851432095e-10 1.8141899535e+04 6.8209250995e-01 8.7000000000e-01 
5.8452096030e-12 2.5000000000e+04 1.0597966206e+00 8.7000000000e-01 
2.7117500685e-11 1.1367914286e+04 7.2900078463e-01 8.7000000000e-01 
1.3549893108e-09 1.1686499801e+04 2.2677975291e-01 8.7000000000e-01 
1.0050904300e-11 1.2053053218e+04 5.7443796490e-01 8.7000000000e-01 
6.4462610711e-09 1.6025270751e+04 6.6373388654e-01 8.7000000000e-01 
1.8355580247e-09 1.1583690192e+04 1.3153259800e+00 8.7000000000e-01 
1.0296857253e-11 1.1508033902e+04 8.3032079452e-01 8.7000000000e-01 
1.2719003922e-07 1.4074067129e+04 1.2189009624e+00 8.7000000000e-01 
5.1320556209e-11 1.1995062529e+04 1.2396093632e+00 8.7000000000e-01 
4.2161062682e-09 1.2182156727e+04 2.5465973872e-01 8.7000000000e-01 
5.4850342518e-09 1.2545766625e+04 7.4141142580e-01 8.7000000000e-01 
1.7357799919e-07 1.4516899503e+04 1.0757112361e+00 8.7000000000e-01 
3.7650576480e-10 1.1300367538e+04 1.0369688971e+00 8.7000000000e-01 
2.6802741741e-08 1.1392948897e+04 1.0634778290e+00 8.7000000000e-01 
4.8803909976e-08 1.2922924665e+04 1.0039663314e+00 8.7000000000e-01 
9.2506943377e-06 1.3561421054e+04 5.5160813194e-01 8.7000000000e-01 
5.5981597050e-07 1.4212209329e+04 9.2909266489e-01 8.7000000000e-01 
2.1430777519e-05 1.1609801880e+04 4.3847280225e-01 8.7000000000e-01 
1.0825962159e-07 1.1595550201e+04 1.4610686229e+00 8.7000000000e-01 
8.4721295542e-09 1.5061937083e+04 6.6782240614e-01 8.7000000000e-01 
2.5847358957e-06 1.6661649620e+04 4.2468162597e-01 8.7000000000e-01 
4.1718436121e-10 1.3913798323e+04 3.5586037113e-01 8.7000000000e-01 
4.5871996776e-09 2.1856986653e+04 1.2217196278e+00 8.7000000000e-01 
3.5969371712e-08 1.4497464892e+04 1.2885275028e+00 8.7000000000e-01 
5.2299295939e-10 1.3256393665e+04 4.2875835659e-01 8.7000000000e-01 
2.2149605877e-10 1.1876190470e+04 1.2316891229e+00 8.7000000000e-01 
2.0270652319e-07 1.5085192495e+04 8.6745309984e-02 8.7000000000e-01 
6.5200125483e-08 1.1542488382e+04 1.0179104442e+00 8.7000000000e-01 
4.5738564594e-07 1.3687864176e+04 1.2361256542e+00 8.7000000000e-01 
4.6238198967e-09 1.3105471772e+04 1.1998029821e+00 8.7000000000e-01 
8.4424419471e-09 1.1224400922e+04 5.7724972204e-01 8.7000000000e-01 
4.8463785883e-11 1.2920807850e+04 1.0738541138e+00 8.7000000000e-01 
2.1385130466e-09 1.1420636542e+04 6.7962799354e-01 8.7000000000e-01 
1.5437455692e-08 1.1612416578e+04 1.3195511336e+00 8.7000000000e-01 
2.4781487988e-06 1.5094167180e+04 5.3830607483e-01 8.7000000000e-01 
2.3379853479e-10 1.3059799852e+04 1.3176879528e+00 8.7000000000e-01 
6.7741880769e-11 1.2758187732e+04 3.1487535687e-01 8.7000000000e-01 
4.0489446140e-11 1.3633982535e+04 9.4038215904e-01 8.7000000000e-01 
6.0926124147e-10 1.1903038927e+04 1.1874188202e+00 8.7000000000e-01 
2.1663276848e-08 1.2162842567e+04 1.1136995576e+00 8.7000000000e-01 
2.1943729906e-09 1.5852825567e+04 1.1504754456e+00 8.7000000000e-01 
8.1615794709e-08 1.1959162314e+04 7.1145067090e-01 8.7000000000e-01 
1.3069935376e-07 1.1792813196e+04 1.2030089753e+00 8.7000000000e-01 
9.3669634272e-11 1.5082295841e+04 7.6494260390e-01 8.7000000000e-01 
1.6014679587e-10 1.3187442352e+04 7.8387584912e-01 8.7000000000e-01 
3.2937064443e-06 1.4413713573e+04 6.3915299090e-01 8.7000000000e-01 
5.4048684360e-10 1.1977680995e+04 1.0462530722e+00 8.7000000000e-01 
1.9144778770e-09 1.5508492262e+04 1.0641605404e+00 8.7000000000e-01 
3.9096249413e-10 1.5670512600e+04 1.1395030780e+00 8.7000000000e-01 
1.4201791474e-09 1.1486538741e+04 6.4772668160e-01 8.7000000000e-01 
1.8009755441e-09 1.1428825044e+04 6.6220057987e-01 8.7000000000e-01 
2.1630693863e-09 1.3072478686e+04 9.5612553265e-01 8.7000000000e-01 
8.1260831747e-08 2.2402424965e+04 6.7774266406e-01 8.7000000000e-01 
4.9556158753e-12 1.1808559581e+04 1.0048371423e+00 8.7000000000e-01 
2.2863348904e-09 1.2906090889e+04 5.1820229335e-01 8.7000000000e-01 
9.0898247108e-11 1.1875655358e+04 1.0742939979e+00 8.7000000000e-01 
1.5231781343e-10 1.3146562138e+04 1.1898291270e+00 8.7000000000e-01 
3.2694111226e-08 1.1580346136e+04 8.9677689033e-01 8.7000000000e-01 
1.6025768621e-09 1.3440915914e+04 8.8851639828e-01 8.7000000000e-01 
2.6072658396e-08 2.1191504967e+04 2.9692920576e-01 8.7000000000e-01 
3.8530948506e-08 1.3936141903e+04 1.1669453467e+00 8.7000000000e-01 
7.5817046102e-07 2.1181811173e+04 5.4101943236e-01 8.7000000000e-01 
5.3088028032e-08 1.7002337717e+04 7.0322183684e-01 8.7000000000e-01 
3.2785910120e-10 1.3133837595e+04 5.0121631537e-01 8.7000000000e-01 
2.5473289498e-10 1.2817613689e+04 4.5485520422e-01 8.7000000000e-01 
1.5803538208e-08 1.5495096905e+04 1.1546750690e+00 8.7000000000e-01 
5.5285815149e-09 1.3795866175e+04 5.8854645889e-01 8.7000000000e-01 
1.1596109936e-05 1.1700207827e+04 9.1161552629e-01 8.7000000000e-01 
1.6937075161e-10 1.1348358745e+04 8.0408838757e-01 8.7000000000e-01 
3.7938299063e-08 1.1537979948e+04 1.1182016432e+00 8.7000000000e-01 
4.7981744887e-08 1.2094709961e+04 1.3583917500e+00 8.7000000000e-01 
8.3412178244e-08 1.9917399349e+04 5.7178601226e-01 8.7000000000e-01 
3.4789755289e-09 1.3548506742e+04 5.0012296067e-01 8.7000000000e-01 
1.1428043448e-11 2.0321169033e+04 4.4716551596e-01 8.7000000000e-01 
1.6167988933e-08 2.5000000000e+04 9.9937756756e-01 8.7000000000e-01 
2.3711944550e-09 1.3368167483e+04 7.4700367862e-01 8.7000000000e-01 
9.6309175770e-09 1.1557570854e+04 6.5658791609e-01 8.7000000000e-01 
1.1556592379e-07 1.6107520558e+04 1.0525857255e+00 8.7000000000e-01 
8.4646199420e-10 1.8783300971e+04 1.0438823078e+00 8.7000000000e-01 
1.4332990533e-09 1.2651540956e+04 6.5778559832e-01 8.7000000000e-01 
1.0426438172e-08 1.3526354791e+04 8.2518406648e-01 8.7000000000e-01 
1.8259763178e-07 2.1384308806e+04 6.9348629164e-01 8.7000000000e-01 
1.0161794771e-08 1.7372003582e+04 2.0087435286e-01 8.7000000000e-01 
3.7833109558e-07 1.1461976751e+04 1.1604599774e+00 8.7000000000e-01 
1.2877838366e-10 1.9827555477e+04 1.3599487856e+00 8.7000000000e-01 
2.8535271223e-09 1.1210083946e+04 2.0413308466e-01 8.7000000000e-01 
6.6795183620e-11 1.5984884062e+04 5.4472573391e-01 8.7000000000e-01 
1.4123079464e-08 1.3973019383e+04 1.4081191413e+00 8.7000000000e-01 
6.2458784249e-11 1.2207360439e+04 4.0446497918e-01 8.7000000000e-01 
5.6127474500e-08 1.2148581731e+04 1.1259695348e+00 8.7000000000e-01 
1.1667507511e-09 1.1357290064e+04 1.1727825224e+00 8.7000000000e-01 
4.1417607026e-09 2.5000000000e+04 4.5443212210e-01 8.7000000000e-01 
3.6233494909e-07 1.1468114839e+04 9.8356135888e-01 8.7000000000e-01 
1.2013548605e-10 1.2036470918e+04 1.2560430927e+00 8.7000000000e-01 
1.1984721536e-09 1.1883475835e+04 1.9966854227e-01 8.7000000000e-01 
7.2054326546e-09 1.4491386669e+04 5.5532259779e-01 8.7000000000e-01 
8.1814993089e-08 1.1701528688e+04 5.2783987693e-01 8.7000000000e-01 
7.8998285910e-09 1.1656449807e+04 1.1840937700e+00 8.7000000000e-01 
1.6570376849e-09 1.6661432591e+04 1.0625596772e+00 8.7000000000e-01 
1.1775667046e-08 1.1271848568e+04 5.5409783807e-01 8.7000000000e-01 
3.2456467949e-09 1.1436591262e+04 7.4713480450e-01 8.7000000000e-01 
2.4461356265e-07 1.2667082378e+04 8.7997865502e-01 8.7000000000e-01 
7.4174624040e-10 1.2293827438e+04 1.1193131954e-01 8.7000000000e-01 
6.9022120567e-08 1.2074747672e+04 1.1092037882e+00 8.7000000000e-01 
2.9365910922e-07 1.2147348577e+04 1.1934007487e+00 8.7000000000e-01 
5.5913103416e-06 2.1175546542e+04 8.8798097765e-01 8.7000000000e-01 
3.0858777897e-07 1.2957358313e+04 1.2667266100e+00 8.7000000000e-01 
2.1845758021e-09 1.8994900253e+04 1.0745021270e+00 8.7000000000e-01 
2.5022157256e-09 1.2124168620e+04 7.9051774870e-01 8.7000000000e-01 
1.1206514752e-09 1.2096506275e+04 1.2462806209e+00 8.7000000000e-01 
1.1326689279e-09 1.4032505646e+04 9.7176550226e-01 8.7000000000e-01 
2.5543143640e-10 1.6342933029e+04 1.0120582242e+00 8.7000000000e-01 
1.1407771744e-07 1.1233445025e+04 8.1260637041e-01 8.7000000000e-01 
3.5271289929e-08 1.1376999500e+04 1.0373239353e-01 8.7000000000e-01 
4.3625835476e-11 1.1329111601e+04 3.5240283412e-01 8.7000000000e-01 
9.9852258976e-12 1.2087124974e+04 1.5476698984e+00 8.7000000000e-01 
1.9640381770e-09 1.2875113672e+04 8.1190807367e-01 8.7000000000e-01 
1.0305164559e-05 1.1716097396e+04 6.7722770810e-01 8.7000000000e-01 
5.4416660126e-08 2.0845368472e+04 4.3680979302e-01 8.7000000000e-01 
6.7632703590e-12 1.1676070998e+04 1.3549751679e+00 8.7000000000e-01 
3.7474922271e-11 1.3879089158e+04 1.0696877923e+00 8.7000000000e-01 
1.7949558693e-08 1.2915507160e+04 1.2344498936e+00 8.7000000000e-01 
3.2608276664e-06 1.1412192139e+04 1.1673251320e+00 8.7000000000e-01 
1.1028621245e-08 1.3289911886e+04 1.2120456291e+00 8.7000000000e-01 
4.6525281823e-09 1.8897365936e+04 6.8329007204e-01 8.7000000000e-01 
3.2355861821e-10 1.5984787306e+04 7.9914984795e-01 8.7000000000e-01 
4.2254464874e-10 1.1528828105e+04 1.1931893990e+00 8.7000000000e-01 
1.3646095291e-06 2.5000000000e+04 9.7609359730e-01 8.7000000000e-01 
2.3449048601e-07 1.1335674514e+04 1.1708806662e+00 8.7000000000e-01 
5.8098830955e-10 1.2661239177e+04 1.1659833379e+00 8.7000000000e-01 
7.7634826169e-10 1.4509933746e+04 1.3009956763e+00 8.7000000000e-01 
3.4834150819e-06 1.2664667891e+04 9.3806024127e-01 8.7000000000e-01 
5.3550487930e-10 1.2227888551e+04 1.4975824596e+00 8.7000000000e-01 
9.8534636282e-10 1.8317008241e+04 9.6885405887e-01 8.7000000000e-01 
7.2154386831e-09 1.8401648264e+04 1.2809025863e+00 8.7000000000e-01 
1.4054935585e-07 1.3136526778e+04 9.6851428498e-01 8.7000000000e-01 
2.6937446593e-11 1.6958490139e+04 6.5855147102e-01 8.7000000000e-01 
6.0322010814e-08 1.2426175592e+04 7.4770553286e-01 8.7000000000e-01 
6.3451390842e-11 1.6748795352e+04 3.3415738635e-01 8.7000000000e-01 
9.5631929287e-08 1.2548600492e+04 6.5951370194e-01 8.7000000000e-01 
1.0186941541e-10 1.3354323917e+04 6.6241923370e-01 8.7000000000e-01 
2.5127699278e-08 1.1914080760e+04 3.9599558981e-01 8.7000000000e-01 
6.0216497878e-11 1.1606636312e+04 1.3669510159e+00 8.7000000000e-01 
1.3963843164e-10 1.2246235713e+04 3.0037364329e-01 8.7000000000e-01 
2.6896985441e-09 1.5808112692e+04 5.9228771292e-01 8.7000000000e-01 
7.3063989699e-09 1.1566353984e+04 5.4512245227e-01 8.7000000000e-01 
4.4930405156e-07 1.4520814771e+04 6.9477153121e-01 8.7000000000e-01 
4.0753224890e-09 1.5958643798e+04 1.0675534408e+00 8.7000000000e-01 
5.2766154652e-09 1.1621353728e+04 6.6596446812e-01 8.7000000000e-01 
2.2297537090e-10 1.4035677699e+04 5.5433965977e-01 8.7000000000e-01 
2.7330386703e-09 1.2041805564e+04 4.0237302665e-01 8.7000000000e-01 
8.7988769796e-12 1.1489749097e+04 2.1310093610e-01 8.7000000000e-01 
4.3884184854e-10 1.2667340178e+04 4.6729293667e-01 8.7000000000e-01 
2.1670260601e-07 1.7819638461e+04 1.4604947365e+00 8.7000000000e-01 
2.0630710881e-08 1.1689182489e+04 1.2407554915e+00 8.7000000000e-01 
2.6820677368e-10 1.7214565016e+04 8.7031548657e-01 8.7000000000e-01 
2.7276251127e-08 1.1364811837e+04 1.2950126457e+00 8.7000000000e-01 
5.5608949883e-10 1.1280672092e+04 6.3181900365e-01 8.7000000000e-01 
1.3665869527e-08 1.8238031355e+04 1.2564294307e+00 8.7000000000e-01 
6.3433074222e-12 1.4636255372e+04 8.9922729388e-01 8.7000000000e-01 
5.8166678890e-06 1.3292299552e+04 4.2527384194e-01 8.7000000000e-01 
1.2373311673e-09 1.3454271786e+04 9.6515180103e-01 8.7000000000e-01 
2.3637814648e-10 1.1295066765e+04 7.8998260955e-01 8.7000000000e-01 
1.5651999994e-07 1.2366786915e+04 8.7253345537e-01 8.7000000000e-01 
1.3818126168e-09 1.2642981475e+04 1.3947821765e+00 8.7000000000e-01 
7.7112747539e-09 1.2338487881e+04 1.4034723438e+00 8.7000000000e-01 
1.8965587706e-08 2.2822364833e+04 1.3873155311e+00 8.7000000000e-01 
1.7982199076e-06 1.1468861747e+04 2.2342296659e-01 8.7000000000e-01 
1.0725538287e-10 1.8407905780e+04 5.8030118931e-01 8.7000000000e-01 
6.9701987093e-07 1.2050466522e+04 4.9078369079e-01 8.7000000000e-01 
2.4392153242e-09 1.1229705172e+04 9.0684818434e-01 8.7000000000e-01 
2.9694982006e-09 2.5000000000e+04 1.1129131110e+00 8.7000000000e-01 
6.1018111793e-10 1.4953733729e+04 3.9377825280e-01 8.7000000000e-01 
4.2595931290e-09 1.7308437740e+04 1.0327766638e+00 8.7000000000e-01 
6.9306014359e-12 1.2613397096e+04 7.2925801088e-01 8.7000000000e-01 
8.4843982145e-07 1.2058607334e+04 1.0978173390e+00 8.7000000000e-01 
3.0170403908e-09 1.1563579745e+04 9.7302542049e-01 8.7000000000e-01 
2.4555528758e-08 1.7172538518e+04 4.9797514895e-01 8.7000000000e-01 
4.0813482000e-09 1.2993252332e+04 9.6350036059e-01 8.7000000000e-01 
8.3545882815e-08 1.2870330680e+04 1.0023786124e+00 8.7000000000e-01 
4.7906797585e-08 1.2759729358e+04 1.2719716420e+00 8.7000000000e-01 
9.6563341629e-10 2.3766684728e+04 6.1339857676e-01 8.7000000000e-01 
3.0914946415e-10 2.5000000000e+04 2.6180447133e-01 8.7000000000e-01 
7.2805277080e-08 1.2092380625e+04 1.0806558391e+00 8.7000000000e-01 
4.6934839313e-10 1.2448344051e+04 7.0101758989e-01 8.7000000000e-01 
1.4278344524e-09 1.2663216195e+04 1.0284632813e+00 8.7000000000e-01 
2.2172737093e-07 1.2270846917e+04 9.4027366171e-01 8.7000000000e-01 
2.1145222833e-10 1.1442291505e+04 2.9901438364e-01 8.7000000000e-01 
4.9011893545e-09 1.3896205285e+04 8.9210953997e-01 8.7000000000e-01 
8.3968481379e-06 1.4001407361e+04 1.0504579957e+00 8.7000000000e-01 
3.0607195080e-08 1.5036321992e+04 9.9284292886e-01 8.7000000000e-01 
1.5477029256e-05 1.5461528606e+04 7.1951223792e-01 8.7000000000e-01 
1.8642038021e-07 1.6262006867e+04 1.6533294680e-01 8.7000000000e-01 
6.7640094590e-08 1.5717083449e+04 5.4960285440e-01 8.7000000000e-01 
2.8833726936e-09 1.2969985670e+04 7.8763937353e-01 8.7000000000e-01 
2.6431639607e-10 1.2071427918e+04 7.7842858875e-01 8.7000000000e-01 
5.6962712240e-11 1.3879942799e+04 8.7460868354e-01 8.7000000000e-01 
3.8387465068e-08 1.1815573974e+04 1.2892221950e+00 8.7000000000e-01 
4.6104666258e-06 1.4019338006e+04 2.5595307762e-01 8.7000000000e-01 
7.0740642068e-07 1.1321053243e+04 6.3702488089e-01 8.7000000000e-01 
8.2913689185e-10 2.5000000000e+04 8.4119619985e-01 8.7000000000e-01 
1.3443782849e-06 1.3190506146e+04 5.5683499336e-01 8.7000000000e-01 
1.0620832106e-09 1.3098504653e+04 8.0133580289e-01 8.7000000000e-01 
2.6028338676e-10 1.2973924690e+04 3.7802230342e-01 8.7000000000e-01 
1.7967210934e-07 1.9397004057e+04 1.0060983021e+00 8.7000000000e-01 
3.6107967161e-06 1.2771221312e+04 7.3960054173e-01 8.7000000000e-01 
2.5012756041e-07 1.2946325216e+04 6.9688093103e-01 8.7000000000e-01 
1.4670072542e-10 1.7077241770e+04 8.8188450255e-01 8.7000000000e-01 
2.7300988024e-11 1.4285145935e+04 9.7526841694e-01 8.7000000000e-01 
1.5483325996e-11 1.3920145901e+04 4.4030239402e-01 8.7000000000e-01 
2.3194016832e-09 1.1602710964e+04 9.9262192118e-01 8.7000000000e-01 
5.8599497311e-10 1.1595864557e+04 4.5394944431e-01 8.7000000000e-01 
4.3093728282e-10 1.1620731441e+04 1.4169013172e+00 8.7000000000e-01 
2.3510257792e-10 1.8634707412e+04 9.2851962326e-01 8.7000000000e-01 
1.5376557502e-09 1.1508273036e+04 6.2404931247e-01 8.7000000000e-01 
2.6913697234e-08 1.8696120115e+04 2.5711693166e-01 8.7000000000e-01 
1.7563438256e-08 1.8192731045e+04 4.1588581329e-01 8.7000000000e-01 
3.1245407473e-06 1.4268984190e+04 9.2756204039e-01 8.7000000000e-01 
1.5336313419e-09 1.7256991160e+04 9.0739182768e-01 8.7000000000e-01 
2.7813973008e-11 1.2027840618e+04 6.5231885504e-01 8.7000000000e-01 
5.2957339752e-08 1.1295920440e+04 9.1268619725e-01 8.7000000000e-01 
2.5921748560e-11 1.2901218310e+04 7.0456896279e-01 8.7000000000e-01 
1.2560780550e-08 1.7515797505e+04 1.5310254671e+00 8.7000000000e-01 
2.4154419872e-08 2.1479057888e+04 1.1963443911e+00 8.7000000000e-01 
1.1863534377e-08 1.2332293262e+04 9.5418331897e-01 8.7000000000e-01 
1.5320323978e-09 1.1819546000e+04 6.0691095352e-01 8.7000000000e-01 
4.2275404422e-09 1.1287864113e+04 9.5256146461e-01 8.7000000000e-01 
9.6029145843e-08 1.2601317769e+04 7.5303437281e-01 8.7000000000e-01 
2.0241519744e-10 1.7565744129e+04 1.0823813879e+00 8.7000000000e-01 
4.7275298170e-11 1.5597081433e+04 1.0177851132e+00 8.7000000000e-01 
9.5291195491e-09 1.2244319576e+04 1.1247249735e+00 8.7000000000e-01 
4.6383795470e-09 1.1484884459e+04 1.4038104087e+00 8.7000000000e-01 
8.6549599823e-10 1.8874409691e+04 1.1112942467e+00 8.7000000000e-01 
6.8542866477e-08 1.9261823499e+04 9.7700791619e-01 8.7000000000e-01 
3.2103191483e-09 1.3019906435e+04 4.1160016136e-01 8.7000000000e-01 
2.2149365288e-09 1.4699868197e+04 5.9909249261e-02 8.7000000000e-01 
4.4111020440e-08 2.3422639325e+04 3.1212191136e-01 8.7000000000e-01 
3.8759293842e-10 1.4235762400e+04 5.3662707044e-01 8.7000000000e-01 
2.3034157615e-10 1.6520796304e+04 5.1964842543e-01 8.7000000000e-01 
2.9806046491e-11 1.9136150475e+04 3.4689326476e-01 8.7000000000e-01 
5.6220404296e-09 1.2202487218e+04 4.9635361939e-01 8.7000000000e-01 
6.1694579259e-09 1.2883708970e+04 7.0398878557e-01 8.7000000000e-01 
3.8745091437e-10 1.2358979302e+04 8.8093143212e-01 8.7000000000e-01 
3.7819170571e-07 1.6807680113e+04 8.1128003221e-01 8.7000000000e-01 
2.2486520917e-07 1.3017634629e+04 4.6215228616e-01 8.7000000000e-01 
2.5145987777e-09 1.1292003326e+04 7.3524577159e-01 8.7000000000e-01 
1.4359207019e-08 1.4894737498e+04 9.7742601554e-01 8.7000000000e-01 
2.7173816368e-07 1.4635705287e+04 3.7304548746e-01 8.7000000000e-01 
4.6360475513e-10 1.2046870748e+04 1.1089341112e+00 8.7000000000e-01 
1.4672756773e-07 2.5000000000e+04 7.2308915317e-01 8.7000000000e-01 
5.0834843789e-10 1.7060673557e+04 7.3472447597e-01 8.7000000000e-01 
9.7495679209e-10 1.8077628894e+04 2.9491623640e-01 8.7000000000e-01 
8.1771300377e-11 1.2472370577e+04 4.3698578224e-01 8.7000000000e-01 
7.8191211750e-08 1.2008255860e+04 6.9071322207e-01 8.7000000000e-01 
2.1008405168e-08 1.4428943721e+04 6.8900483111e-01 8.7000000000e-01 
8.2052665639e-08 1.1990321098e+04 6.7103079907e-01 8.7000000000e-01 
1.5413602418e-09 1.2096358140e+04 8.1971907744e-01 8.7000000000e-01 
4.5412559573e-08 1.1699232840e+04 7.2277581787e-01 8.7000000000e-01 
8.6344754987e-09 1.8534044418e+04 1.4009301230e+00 8.7000000000e-01 
4.7583978637e-09 1.1683216903e+04 9.3996805170e-01 8.7000000000e-01 
9.9513622356e-10 1.1877516588e+04 1.2785691384e+00 8.7000000000e-01 
7.2184875697e-10 1.1576839331e+04 9.6319964283e-01 8.7000000000e-01 
1.0241882186e-08 1.2552753140e+04 1.3062396756e+00 8.7000000000e-01 
9.2686098074e-08 1.1310770341e+04 6.2777295851e-01 8.7000000000e-01 
4.8616253977e-10 1.3720126874e+04 4.4808848183e-01 8.7000000000e-01 
7.8653368443e-10 1.4483062457e+04 4.1028674774e-01 8.7000000000e-01 
6.4464674835e-10 1.2180740028e+04 9.0873161610e-01 8.7000000000e-01 
3.7970004136e-07 1.2223209711e+04 1.1635691775e+00 8.7000000000e-01 
6.3440474204e-10 1.4563845665e+04 6.3479646143e-01 8.7000000000e-01 
1.2587137048e-06 1.7675197015e+04 5.1512982723e-01 8.7000000000e-01 
1.2833759552e-09 1.7075534213e+04 3.1916569052e-01 8.7000000000e-01 
2.0142881673e-08 1.9953005504e+04 8.2424141939e-01 8.7000000000e-01 
2.4691720068e-08 1.3066539514e+04 2.0971945242e-01 8.7000000000e-01 
1.9871677845e-07 1.4262296329e+04 1.3930231039e+00 8.7000000000e-01 
6.4370061935e-09 1.1532925004e+04 6.5491051809e-01 8.7000000000e-01 
4.0787423245e-09 1.7353883167e+04 6.3023699130e-01 8.7000000000e-01 
5.9287184596e-07 1.1283220984e+04 1.0167972399e+00 8.7000000000e-01 
3.8153689058e-08 1.1538910525e+04 9.5824335934e-01 8.7000000000e-01 
5.8757197082e-07 1.2792839011e+04 1.1489424013e+00 8.7000000000e-01 
1.1847039047e-08 1.4161356223e+04 5.6945744782e-01 8.7000000000e-01 
1.6235533269e-08 1.2436344428e+04 5.6968992673e-01 8.7000000000e-01 
3.3882659029e-06 1.4874718658e+04 7.7267205527e-01 8.7000000000e-01 
2.5300214419e-10 1.3122896287e+04 9.1614438778e-01 8.7000000000e-01 
1.3552350122e-07 1.2425348662e+04 8.9402896821e-01 8.7000000000e-01 
5.3823864555e-11 1.7920669854e+04 3.9574910966e-01 8.7000000000e-01 
8.3002776658e-09 1.1227498026e+04 1.0336801930e+00 8.7000000000e-01 
5.3290099109e-07 1.3570082398e+04 4.2636295418e-01 8.7000000000e-01 
2.1935785985e-08 1.5504521511e+04 3.6269161003e-01 8.7000000000e-01 
3.9426826992e-06 1.6646122062e+04 1.4055832737e-01 8.7000000000e-01 
4.4317092178e-07 1.5907628056e+04 1.0274531454e+00 8.7000000000e-01 
1.3983408094e-09 1.2198839398e+04 1.0644042955e+00 8.7000000000e-01 
8.8945962532e-12 1.3350746887e+04 6.1620500189e-01 8.7000000000e-01 
6.0157273398e-09 1.1626567258e+04 7.4093146912e-01 8.7000000000e-01 
6.7661046841e-10 1.1455251316e+04 7.2987779037e-01 8.7000000000e-01 
9.2253881091e-08 1.2146337540e+04 8.8321380090e-01 8.7000000000e-01 
1.3318076060e-08 1.1892684683e+04 1.4409806375e+00 8.7000000000e-01 
6.5177716936e-11 1.1453353729e+04 1.6803524266e-01 8.7000000000e-01 
2.6260590124e-09 1.1806386183e+04 4.9979568117e-01 8.7000000000e-01 
1.0975696536e-08 1.4542590153e+04 4.9903675659e-01 8.7000000000e-01 
2.2841749230e-10 2.5000000000e+04 6.4614939408e-01 8.7000000000e-01 
7.0055561289e-09 1.2045359917e+04 6.3577970140e-01 8.7000000000e-01 
3.9103959552e-08 1.1239488953e+04 1.2026608287e+00 8.7000000000e-01 
2.3891070399e-08 1.8684498742e+04 8.8390299124e-01 8.7000000000e-01 
7.7860728302e-09 1.1577652426e+04 4.3552042189e-01 8.7000000000e-01 
5.9432969430e-07 1.1415661605e+04 1.1946491726e+00 8.7000000000e-01 
6.8121940182e-06 1.3572960084e+04 4.0126916169e-01 8.7000000000e-01 
1.9220338084e-07 1.3157209919e+04 8.2305770759e-01 8.7000000000e-01 
4.6890645382e-11 1.4076146805e+04 6.9610810225e-01 8.7000000000e-01 
1.0194598628e-08 2.1279645359e+04 3.9650308392e-01 8.7000000000e-01 
4.2048350626e-12 1.6279220974e+04 9.9679900870e-01 8.7000000000e-01 
7.1397952749e-12 1.3533636675e+04 5.1236599955e-01 8.7000000000e-01 
4.4788522240e-12 1.1284245757e+04 1.2754990935e+00 8.7000000000e-01 
3.0937228708e-06 1.1848245992e+04 8.8562140083e-02 8.7000000000e-01 
2.7453824422e-08 1.1459626317e+04 9.1965702665e-01 8.7000000000e-01 
3.9316992324e-10 1.2286232023e+04 1.3890851733e+00 8.7000000000e-01 
1.2297461078e-10 1.5318465788e+04 6.6214297261e-01 8.7000000000e-01 
5.4434317050e-08 1.7578268450e+04 3.6528146863e-01 8.7000000000e-01 
6.6529154882e-10 1.4996041808e+04 1.1002115915e+00 8.7000000000e-01 
1.7372203015e-07 1.2374436934e+04 1.5245525383e+00 8.7000000000e-01 
2.6092453859e-11 1.4029107715e+04 3.3914480223e-01 8.7000000000e-01 
9.5533728027e-09 1.2247454512e+04 3.4668741062e-01 8.7000000000e-01 
4.8285354431e-10 1.6773572681e+04 8.3342091918e-01 8.7000000000e-01 
7.2333870252e-09 1.1651941141e+04 7.9538852218e-01 8.7000000000e-01 
4.6396290353e-11 1.2413729500e+04 9.9196945149e-02 8.7000000000e-01 
3.0245407602e-07 2.5000000000e+04 4.9919319387e-01 8.7000000000e-01 
1.6205459800e-07 1.1233082565e+04 4.5796941454e-01 8.7000000000e-01 
6.5110905209e-10 1.1244352756e+04 3.1788748638e-01 8.7000000000e-01 
1.6748354862e-09 1.6651547825e+04 1.3925059298e+00 8.7000000000e-01 
4.6511935981e-08 1.1306413272e+04 3.9405242529e-01 8.7000000000e-01 
8.4479477530e-09 1.2942822949e+04 9.4974598848e-01 8.7000000000e-01 
1.0125167238e-07 2.5000000000e+04 4.6230463248e-01 8.7000000000e-01 
5.1041211293e-09 1.2975655465e+04 5.5861618116e-01 8.7000000000e-01 
7.7324884607e-11 2.0248846472e+04 9.6074180417e-01 8.7000000000e-01 
2.2810453921e-09 1.5670050030e+04 1.2662588393e+00 8.7000000000e-01 
1.6232639032e-08 1.1722472143e+04 2.6645833926e-01 8.7000000000e-01 
1.6135003862e-08 1.2947475580e+04 7.2869804899e-01 8.7000000000e-01 
2.5183829378e-08 1.1773787977e+04 1.8507050772e-01 8.7000000000e-01 
5.3920610242e-09 1.2257904010e+04 1.1761595149e+00 8.7000000000e-01 
2.8876584180e-10 2.3139429673e+04 6.9987164216e-01 8.7000000000e-01 
1.2901275964e-08 1.9868997434e+04 4.5934447418e-01 8.7000000000e-01 
5.0206221310e-09 1.2717455178e+04 9.6824974233e-02 8.7000000000e-01 
1.6782844165e-08 1.5241396731e+04 2.0640016802e-01 8.7000000000e-01 
9.4407207218e-09 1.3286401039e+04 8.2058125386e-01 8.7000000000e-01 
7.2973704302e-08 1.1614674090e+04 1.3425201626e+00 8.7000000000e-01 
2.4434384181e-09 1.2477122983e+04 7.9832071258e-01 8.7000000000e-01 
9.2074979661e-09 1.1368598230e+04 6.8096989855e-01 8.7000000000e-01 
2.2424435482e-07 1.3088239267e+04 1.9649580695e-01 8.7000000000e-01 
7.8893569524e-08 1.1291952004e+04 6.6221601579e-01 8.7000000000e-01 
2.4773792719e-05 2.0171914212e+04 5.2531372996e-01 8.7000000000e-01 
9.6485185056e-12 1.6697792695e+04 9.4875503441e-01 8.7000000000e-01 
1.4129618973e-11 1.7091898285e+04 7.8571829542e-01 8.7000000000e-01 
2.2598558727e-09 1.1445715933e+04 9.5400921493e-01 8.7000000000e-01 
2.4157309166e-07 1.2613617175e+04 5.6385850533e-01 8.7000000000e-01 
5.9055526063e-09 1.2558188549e+04 5.1114926504e-01 8.7000000000e-01 
2.4360853620e-08 1.1782844772e+04 6.4064424107e-01 8.7000000000e-01 
1.2803046280e-10 1.1279162678e+04 1.2600723401e+00 8.7000000000e-01 
7.8292449567e-12 1.1819021742e+04 2.9619773688e-01 8.7000000000e-01 
2.8039034076e-05 1.1799315494e+04 6.9694084800e-01 8.7000000000e-01 
