3.1101841712e-05 1.0000000000e+00 
3.3868487805e-05 1.0568267208e-01 
3.0533269644e-05 4.5646036668e-02 
3.1985433518e-05 1.1902794888e-01 
2.4412396698e-05 1.5812819515e-01 
1.3748655450e-04 9.8494098181e-01 
6.1608940760e-05 3.3451655386e-01 
1.7243522670e-04 9.8900825310e-01 
2.8605944006e-05 1.9826394349e-01 
2.2907612294e-04 9.9264780023e-01 
3.9902764860e-05 1.5405070814e-01 
9.9454399677e-05 1.0000000000e+00 
1.8522349194e-05 1.0000000000e+00 
1.3449369703e-04 9.9471555439e-01 
1.5835067268e-04 9.9173544548e-01 
6.5614473913e-05 0.0000000000e+00 
1.0056220785e-04 9.8938585153e-01 
1.4878500073e-04 9.8869728499e-01 
5.0154525855e-04 1.0000000000e+00 
5.2080491713e-05 2.1178659082e-01 
1.2685849416e-04 9.8413750529e-01 
1.3598047404e-05 1.2273102731e-01 
8.6908662627e-05 9.9147689253e-01 
3.6120474885e-05 1.0469830915e-01 
6.3315185890e-05 1.9410775362e-01 
7.1893375671e-06 1.3087739786e-01 
2.7030289993e-04 1.0000000000e+00 
1.2663386134e-04 1.0000000000e+00 
4.0604799161e-04 1.0000000000e+00 
8.2499093179e-05 1.0000000000e+00 
2.9286628020e-05 1.1624757398e-01 
2.0423770294e-04 9.9238280987e-01 
2.4307386644e-05 1.0000000000e+00 
9.0354964242e-05 9.9116669989e-01 
1.3851522695e-04 9.8657442344e-01 
7.7756139018e-05 1.0000000000e+00 
1.6740847180e-05 1.9481197463e-01 
1.0818865044e-04 1.0000000000e+00 
8.8749112688e-05 0.0000000000e+00 
6.0049364607e-05 2.7929797359e-01 
1.7126287429e-04 9.9264245922e-01 
6.9284529385e-05 0.0000000000e+00 
3.9636200550e-05 5.7056587236e-02 
1.4707864109e-04 9.9250936125e-01 
1.0188537449e-04 9.8423329122e-01 
5.4809185642e-05 2.6921032891e-01 
1.4373550435e-04 9.9101198166e-01 
1.5803375987e-04 1.0000000000e+00 
4.6078851981e-04 1.0000000000e+00 
6.3923337668e-04 1.0000000000e+00 
1.1489781917e-05 1.0000000000e+00 
8.0847913467e-05 1.9049236632e-01 
9.6406777998e-05 9.9302907701e-01 
2.2312813989e-04 9.9244030349e-01 
1.1645378691e-04 9.9262314112e-01 
2.9707136962e-05 1.0000000000e+00 
9.5952093769e-04 1.0000000000e+00 
2.5812576874e-05 2.5506190056e-01 
1.2374829222e-05 1.0000000000e+00 
1.5010921352e-05 2.2430492144e-01 
1.2770174865e-05 1.0000000000e+00 
1.2846326302e-04 9.9185039236e-01 
2.9615926788e-04 9.9276114910e-01 
4.5543833623e-05 0.0000000000e+00 
4.4742497177e-05 9.9173336076e-01 
1.4482850269e-04 1.0000000000e+00 
3.9787320612e-05 2.4535438830e-01 
1.3848684640e-05 1.0000000000e+00 
1.8711704030e-04 9.9035873254e-01 
4.5583697395e-05 0.0000000000e+00 
2.4449735287e-04 9.9172094370e-01 
2.3689440852e-05 1.4024683473e-01 
4.4052787052e-05 2.4027839103e-01 
4.1568272938e-05 1.0000000000e+00 
6.4760192611e-04 1.0000000000e+00 
1.4554330828e-04 9.9273213288e-01 
1.4353859509e-05 2.6708578402e-01 
1.9629593970e-05 1.0000000000e+00 
7.2319197263e-05 2.2111069866e-01 
5.3988443626e-05 9.8602904492e-01 
4.3438946643e-04 1.0000000000e+00 
4.6262406145e-05 0.0000000000e+00 
1.6964771982e-05 2.2104134548e-01 
3.5978714147e-05 0.0000000000e+00 
5.8223454062e-06 3.6722781356e-01 
7.4238351125e-05 9.9143533675e-01 
9.7957391328e-06 1.0000000000e+00 
5.4924888592e-05 1.0000000000e+00 
7.0212405730e-06 2.1366779792e-01 
7.3211574552e-05 1.0000000000e+00 
1.2577207447e-05 3.2806586976e-01 
2.3357210506e-04 1.0000000000e+00 
5.4567863082e-05 1.9617128323e-01 
3.3952362225e-05 1.0000000000e+00 
1.0724019126e-04 9.9094537180e-01 
9.9019106531e-04 1.0000000000e+00 
6.6986023706e-05 2.0045185481e-01 
1.6793771057e-04 1.0000000000e+00 
3.2499598030e-05 4.2450797904e-02 
1.6330313597e-04 9.8933744172e-01 
2.4870189256e-05 1.7940503244e-01 
5.8830879213e-06 1.0000000000e+00 
2.9225813066e-05 1.0000000000e+00 
6.6348468667e-05 2.4055984390e-01 
2.0517046051e-05 1.0000000000e+00 
6.8764948813e-05 1.9586263397e-01 
6.3435189995e-06 3.4031393758e-01 
7.7965186301e-05 9.9226801165e-01 
8.6715014914e-05 1.0000000000e+00 
4.0853117511e-05 1.0000000000e+00 
3.0410209137e-05 1.1401852321e-01 
1.0781438837e-04 9.9157149804e-01 
1.8007659561e-05 1.0000000000e+00 
3.3224494764e-04 9.9013139425e-01 
8.5334676138e-06 4.9221603326e-01 
1.1195173218e-04 1.0000000000e+00 
1.0186693556e-05 3.4504558701e-01 
3.3312038133e-05 1.6024725837e-01 
6.5200658311e-05 1.0000000000e+00 
1.6283213089e-04 1.0000000000e+00 
1.6750853902e-04 9.9219427576e-01 
1.4109354232e-05 2.0847996031e-01 
8.6246129013e-06 1.0000000000e+00 
1.4675758690e-04 9.8392474165e-01 
1.1425573384e-04 9.8967593869e-01 
3.3483542987e-05 1.0000000000e+00 
1.2376486493e-04 9.8886971221e-01 
6.7911328114e-05 1.8700040100e-01 
4.3315401834e-04 1.0000000000e+00 
1.3253270174e-04 1.6188564815e-01 
1.0540267326e-05 4.0186719844e-01 
4.1086778768e-05 2.3005211024e-01 
1.8627462060e-05 9.9197892243e-01 
2.6969037017e-05 1.5310486453e-01 
2.1357751955e-05 1.0000000000e+00 
5.3696792074e-04 1.0000000000e+00 
7.3622355988e-05 9.9549317272e-01 
5.3805148645e-05 2.1951724994e-01 
1.8072505942e-05 3.2407949687e-01 
1.5765636847e-05 2.6803234494e-01 
2.8661929930e-05 1.0748613077e-01 
8.6882455396e-05 9.9773259451e-01 
3.7856979097e-05 1.2947848181e-01 
2.6711651564e-05 2.5203679079e-01 
1.5503386820e-04 9.8952187219e-01 
3.4522155659e-05 1.0000000000e+00 
5.0892728705e-05 0.0000000000e+00 
1.7378524648e-05 3.0374209527e-01 
1.6062777281e-05 2.5263599884e-01 
7.8931349083e-06 1.0000000000e+00 
1.7523088648e-04 9.9150802105e-01 
1.0205262530e-04 1.1189738747e-01 
5.1073537079e-05 7.4231852373e-02 
5.8033425959e-05 0.0000000000e+00 
5.0206459953e-05 4.9271603055e-02 
2.6545547175e-04 1.0000000000e+00 
3.4965882809e-05 1.0000000000e+00 
2.0573816925e-05 1.0000000000e+00 
2.4540455194e-05 2.4460233988e-01 
1.0114362635e-04 9.8914062603e-01 
7.7530276345e-05 2.5848823763e-01 
1.5034740958e-05 1.6247515328e-01 
4.7092959671e-04 1.0000000000e+00 
3.2705166514e-05 1.1167566191e-01 
5.0837632727e-05 1.0000000000e+00 
7.8507241776e-06 1.0000000000e+00 
2.1459301674e-04 1.0000000000e+00 
1.4537909559e-05 1.0000000000e+00 
2.9396400323e-05 2.2487614801e-01 
8.3974095951e-06 1.0000000000e+00 
2.0010047608e-05 2.4713561903e-01 
4.1371618655e-05 9.9080017451e-01 
6.1032108378e-06 1.0000000000e+00 
5.0468754524e-04 1.0000000000e+00 
2.2341183719e-04 1.0000000000e+00 
7.5770125009e-05 1.7751315510e-01 
8.8782692518e-05 9.9361169683e-01 
6.6960676892e-05 1.8970898712e-01 
3.3748829366e-05 1.0000000000e+00 
8.6410258852e-05 0.0000000000e+00 
2.3407549334e-05 1.9485175727e-01 
1.4801470677e-05 1.1829462431e-01 
9.4842296733e-05 1.7120966693e-01 
8.6116177808e-05 9.8994753731e-01 
6.0523698767e-05 4.3090268664e-02 
9.1931352808e-05 1.0000000000e+00 
2.3855411650e-05 1.7811630061e-01 
2.0078199054e-05 1.5894587543e-01 
2.4920959768e-05 2.6840057913e-01 
2.8358965576e-05 2.5556396792e-01 
1.1572132435e-04 9.8754426166e-01 
3.7555581161e-04 1.0000000000e+00 
2.0407759188e-05 1.0000000000e+00 
5.9352806106e-05 2.0507244773e-01 
2.6377150456e-05 1.8841962042e-01 
6.7002637063e-04 1.0000000000e+00 
1.8645698515e-05 2.0153668726e-01 
1.1333155256e-05 1.0000000000e+00 
3.0233265045e-05 1.0000000000e+00 
1.6501318315e-05 2.7996071403e-01 
