8.8215514139e-10 1.2580698157e+04 1.5589365069e+00 6.9000000000e-01 
6.0269440714e-10 1.1415417474e+04 8.6401049742e-01 6.9000000000e-01 
4.4418508793e-10 1.1803513064e+04 6.6589050531e-01 6.9000000000e-01 
5.8180016751e-10 1.2444866322e+04 3.2935961212e-01 6.9000000000e-01 
2.3321710624e-10 1.3698253072e+04 1.0851019636e+00 6.9000000000e-01 
8.0214450744e-08 1.1490319805e+04 3.7490409792e-01 6.9000000000e-01 
4.3072565778e-09 1.2816947100e+04 1.4088118532e+00 6.9000000000e-01 
1.5596464937e-07 1.2181325450e+04 4.9518097370e-01 6.9000000000e-01 
3.8371931927e-10 1.3559073184e+04 1.1697943567e+00 6.9000000000e-01 
3.6705122881e-07 1.1461878667e+04 7.1552933538e-01 6.9000000000e-01 
1.4156944126e-09 1.5950223782e+04 1.2621813868e+00 6.9000000000e-01 
3.0552183077e-08 1.5618672285e+04 6.8298087502e-01 6.9000000000e-01 
2.0891040683e-10 1.8715878123e+04 5.8049431503e-01 6.9000000000e-01 
7.4068814271e-08 1.2677726932e+04 6.6705881994e-01 6.9000000000e-01 
1.1895141848e-07 1.5506482147e+04 9.8911911442e-01 6.9000000000e-01 
5.8529220936e-09 1.1403755321e+04 8.7276805375e-01 6.9000000000e-01 
3.2839911409e-08 1.1883577490e+04 8.6028929694e-01 6.9000000000e-01 
1.0166799345e-07 1.1810244279e+04 7.4005188426e-01 6.9000000000e-01 
4.3093542590e-06 1.9106755170e+04 1.7722450727e-01 6.9000000000e-01 
4.5248183779e-09 1.2611516482e+04 7.5788247003e-01 6.9000000000e-01 
6.5144529622e-08 1.1319291915e+04 7.9672952414e-01 6.9000000000e-01 
4.0632901076e-11 1.5920626711e+04 9.7757632512e-01 6.9000000000e-01 
1.9974503554e-08 1.5160682452e+04 9.4983485703e-01 6.9000000000e-01 
7.6205625720e-10 1.1376609645e+04 3.9581476978e-01 6.9000000000e-01 
7.8809267325e-09 1.1925283402e+04 7.3085162018e-01 6.9000000000e-01 
7.3974480730e-12 2.0456223690e+04 9.4178170367e-01 6.9000000000e-01 
5.9715738677e-07 1.1578787394e+04 2.1533348076e-01 6.9000000000e-01 
6.0921750930e-08 1.4821288197e+04 6.5576271008e-01 6.9000000000e-01 
2.0365831062e-06 1.3893858742e+04 8.4073043067e-01 6.9000000000e-01 
1.6880217968e-08 1.9911190827e+04 5.8727548183e-01 6.9000000000e-01 
4.3066225794e-10 1.2500105120e+04 3.4380225888e-01 6.9000000000e-01 
2.5744445249e-07 1.3378330323e+04 9.4517494676e-01 6.9000000000e-01 
5.1566220092e-10 1.7639332624e+04 9.1873374841e-01 6.9000000000e-01 
2.3968102653e-08 1.2184187590e+04 9.2455797837e-01 6.9000000000e-01 
8.4216979209e-08 1.1207922509e+04 7.7196720333e-01 6.9000000000e-01 
1.5971822258e-08 1.3540899410e+04 6.6934263636e-01 6.9000000000e-01 
7.8510890800e-11 1.3525500759e+04 3.4846620179e-01 6.9000000000e-01 
3.7685725450e-08 2.5000000000e+04 8.8933872107e-01 6.9000000000e-01 
1.3421817058e-08 1.1645354802e+04 1.1292428893e+00 6.9000000000e-01 
7.1860146471e-09 1.3150507173e+04 2.0854631576e-01 6.9000000000e-01 
1.5016706276e-07 1.3784957915e+04 4.3882608062e-01 6.9000000000e-01 
6.4703543865e-09 1.1586508578e+04 9.9728604374e-01 6.9000000000e-01 
9.5708162842e-10 1.1562095441e+04 9.5100979176e-01 6.9000000000e-01 
9.5495680062e-08 1.3744408678e+04 5.8753514194e-01 6.9000000000e-01 
3.2878485845e-08 1.2331602325e+04 6.9096044957e-01 6.9000000000e-01 
4.9737814506e-09 1.2582743595e+04 2.4537886237e-01 6.9000000000e-01 
9.2142993992e-08 1.1408073589e+04 5.6979221134e-01 6.9000000000e-01 
1.1912296964e-07 1.5221717790e+04 1.0093636341e+00 6.9000000000e-01 
2.9223933703e-06 1.2241317000e+04 3.3421066449e-01 6.9000000000e-01 
7.7785885378e-06 1.2303648448e+04 6.4873664125e-01 6.9000000000e-01 
4.4475619507e-11 1.2305814616e+04 1.0967672241e+00 6.9000000000e-01 
1.5656947722e-08 1.1221045575e+04 4.4604294750e-01 6.9000000000e-01 
2.9521847639e-08 1.6340278743e+04 1.3952549081e+00 6.9000000000e-01 
3.3781374292e-07 1.1377037573e+04 3.9748142792e-01 6.9000000000e-01 
4.7953089854e-08 1.2805100018e+04 3.0762479726e-01 6.9000000000e-01 
8.9009010859e-10 1.6478815275e+04 6.7984311012e-01 6.9000000000e-01 
2.6588857464e-05 1.1216164204e+04 9.3862965999e-01 6.9000000000e-01 
5.2914656499e-10 1.4157698728e+04 6.9818462302e-01 6.9000000000e-01 
5.5565380400e-11 1.2212227007e+04 1.4227661184e+00 6.9000000000e-01 
9.2811827303e-11 1.6597789172e+04 8.6442253294e-01 6.9000000000e-01 
6.1062865688e-11 1.1528223193e+04 1.2707677336e+00 6.9000000000e-01 
6.5174735431e-08 1.2557135123e+04 7.8936788678e-01 6.9000000000e-01 
7.7346106385e-07 1.2867510885e+04 3.4291022386e-01 6.9000000000e-01 
1.7058884172e-09 1.2335590856e+04 9.4703738214e-01 6.9000000000e-01 
3.6009691591e-09 1.4171577418e+04 7.7890146865e-01 6.9000000000e-01 
9.4373185763e-08 1.8452205331e+04 4.3867937132e-01 6.9000000000e-01 
2.1678070854e-09 1.3687537225e+04 5.3642996434e-01 6.9000000000e-01 
9.0375529271e-11 2.1704803714e+04 9.8745701191e-01 6.9000000000e-01 
1.9584633867e-07 1.3160356144e+04 8.1652117484e-02 6.9000000000e-01 
1.7720862190e-09 1.1660166133e+04 5.4396686905e-01 6.9000000000e-01 
4.3600371226e-07 1.2890522937e+04 2.7165830830e-01 6.9000000000e-01 
2.1193636450e-10 1.2082301323e+04 5.3143026104e-01 6.9000000000e-01 
3.0833285051e-09 1.3810382315e+04 5.3441335294e-01 6.9000000000e-01 
2.3087308611e-09 1.6234986533e+04 4.9636045247e-01 6.9000000000e-01 
8.1066799208e-06 1.1540424226e+04 5.4535430265e-01 6.9000000000e-01 
9.2893194095e-08 1.3518996365e+04 6.3100773373e-01 6.9000000000e-01 
5.1031370708e-11 1.2780720089e+04 5.9470035764e-01 6.9000000000e-01 
2.2177909085e-10 1.3012393013e+04 1.3655693368e+00 6.9000000000e-01 
1.0611521000e-08 1.1353373705e+04 3.1990618889e-01 6.9000000000e-01 
5.1364788157e-09 1.7009930976e+04 1.3165468321e+00 6.9000000000e-01 
2.4614753181e-06 1.1305114899e+04 4.4172088112e-01 6.9000000000e-01 
1.5926855540e-09 1.1644764936e+04 9.3353260669e-01 6.9000000000e-01 
8.1206241654e-11 1.2563941076e+04 5.9989464706e-01 6.9000000000e-01 
7.2889766362e-10 1.2058364733e+04 9.0167892345e-01 6.9000000000e-01 
9.3673505429e-12 2.5000000000e+04 4.2464366017e-01 6.9000000000e-01 
1.3353589400e-08 1.2878816916e+04 9.7521326097e-01 6.9000000000e-01 
2.7561210145e-11 1.2419078416e+04 1.2024402402e+00 6.9000000000e-01 
5.3378271136e-09 1.6501557314e+04 8.5114644862e-01 6.9000000000e-01 
8.5325500469e-12 2.2276097890e+04 1.0606421255e+00 6.9000000000e-01 
1.2551710248e-08 1.9228062452e+04 6.9397343016e-01 6.9000000000e-01 
3.7081921384e-11 2.5000000000e+04 1.4419153108e+00 6.9000000000e-01 
3.8478904272e-07 1.2500079705e+04 6.9647718122e-01 6.9000000000e-01 
3.2139763821e-09 1.1350730652e+04 1.4244636680e-01 6.9000000000e-01 
1.1476161097e-09 1.1689773546e+04 1.3628121141e+00 6.9000000000e-01 
3.7466423947e-08 1.2920477207e+04 1.1862261096e-01 6.9000000000e-01 
2.8940070930e-05 1.6216046204e+04 8.6536445059e-01 6.9000000000e-01 
1.0183752973e-08 1.2244022542e+04 6.5621561851e-01 6.9000000000e-01 
1.4111588818e-07 1.5619743554e+04 4.2792584066e-01 6.9000000000e-01 
5.3644794204e-10 1.2907980674e+04 1.0241582522e+00 6.9000000000e-01 
1.3189790803e-07 1.2095544684e+04 2.0951247775e-01 6.9000000000e-01 
2.5168120467e-10 1.5124256571e+04 1.2182174420e+00 6.9000000000e-01 
5.9703895147e-12 1.2556028573e+04 1.1869908764e+00 6.9000000000e-01 
9.5154239898e-10 1.9626499849e+04 1.1877234317e+00 6.9000000000e-01 
9.3190325616e-09 1.4764680372e+04 1.2361459613e+00 6.9000000000e-01 
2.5323932602e-10 1.1710845445e+04 1.3727063154e+00 6.9000000000e-01 
1.0955618415e-08 1.2261626291e+04 7.7114189716e-01 6.9000000000e-01 
4.7480699405e-12 1.6027194285e+04 4.6009079404e-01 6.9000000000e-01 
1.4847484970e-08 1.2397535694e+04 3.0262785763e-01 6.9000000000e-01 
1.9119193064e-08 1.1634306580e+04 1.5459123366e+00 6.9000000000e-01 
2.0499046784e-09 2.4721379199e+04 5.5771690165e-01 6.9000000000e-01 
4.4003485171e-10 1.1329771550e+04 6.3977975078e-01 6.9000000000e-01 
4.0209257429e-08 1.1926164175e+04 8.9170049432e-01 6.9000000000e-01 
1.7122156575e-10 1.2697513888e+04 1.2479465462e+00 6.9000000000e-01 
1.1702575624e-06 1.1328921405e+04 1.2466562519e+00 6.9000000000e-01 
1.3494430944e-11 1.4055291140e+04 1.0775851615e-01 6.9000000000e-01 
4.2805675938e-08 2.0742367685e+04 1.0830649983e+00 6.9000000000e-01 
4.2112440266e-11 2.5000000000e+04 1.2261195816e+00 6.9000000000e-01 
8.7979233087e-10 1.5576008076e+04 1.1642018903e+00 6.9000000000e-01 
9.1703196201e-09 1.4272740809e+04 5.7184698446e-01 6.9000000000e-01 
1.3192260884e-07 1.3266093364e+04 8.8603259362e-01 6.9000000000e-01 
1.4145545275e-07 1.3258926508e+04 6.1895623290e-01 6.9000000000e-01 
4.7393429652e-11 1.4034984165e+04 3.6635836223e-01 6.9000000000e-01 
1.8810722840e-11 1.1411552172e+04 5.1682165648e-01 6.9000000000e-01 
1.0845278635e-07 1.1206822529e+04 1.1131501926e+00 6.9000000000e-01 
4.8159884166e-08 1.2638966018e+04 1.1181857116e+00 6.9000000000e-01 
1.1475384839e-09 2.0467462082e+04 2.5356096891e-01 6.9000000000e-01 
5.8420210383e-08 1.3225135713e+04 9.5374488181e-01 6.9000000000e-01 
9.6373250774e-09 1.1726476664e+04 7.3902022312e-01 6.9000000000e-01 
2.4827852795e-06 1.2355850377e+04 2.2689205602e-01 6.9000000000e-01 
6.7160957250e-08 1.1895609648e+04 1.1939367462e+00 6.9000000000e-01 
2.3138749696e-11 1.3259594640e+04 3.3744542787e-01 6.9000000000e-01 
2.1526025400e-09 1.2888785049e+04 6.2542537589e-01 6.9000000000e-01 
2.3910991152e-10 1.6851561799e+04 7.0148765245e-01 6.9000000000e-01 
3.1167836626e-10 1.1438580537e+04 6.3825392856e-01 6.9000000000e-01 
2.8566252094e-10 1.1876898181e+04 1.2263896932e+00 6.9000000000e-01 
4.5844054368e-06 1.7100041994e+04 1.0526385281e+00 6.9000000000e-01 
1.2207253661e-08 1.3525702330e+04 2.0027702412e-01 6.9000000000e-01 
4.7599605763e-09 1.3412108846e+04 1.0508216213e+00 6.9000000000e-01 
1.0744529966e-10 1.1570357499e+04 4.2723578561e-01 6.9000000000e-01 
7.2626297068e-11 1.4567833619e+04 8.9635888763e-02 6.9000000000e-01 
3.6698732381e-10 1.1702658122e+04 7.6032794618e-01 6.9000000000e-01 
2.0162635202e-08 1.2826678140e+04 2.2870874780e-01 6.9000000000e-01 
8.4797809435e-10 1.1348339942e+04 9.7160478322e-01 6.9000000000e-01 
3.2634221646e-10 1.4894430889e+04 1.2746655372e+00 6.9000000000e-01 
1.1441581506e-07 1.2710021454e+04 9.1469557540e-01 6.9000000000e-01 
1.2884064198e-09 1.8797168444e+04 6.8194041446e-01 6.9000000000e-01 
2.6489770935e-09 1.1585912183e+04 6.4955813356e-01 6.9000000000e-01 
9.3562453544e-11 1.2350347416e+04 8.7722090667e-01 6.9000000000e-01 
7.0783547718e-11 1.4556141033e+04 1.0743317593e+00 6.9000000000e-01 
1.4419002815e-11 1.2358873887e+04 9.7934698164e-01 6.9000000000e-01 
1.6353080826e-07 1.2446426381e+04 6.8646220412e-01 6.9000000000e-01 
2.0226416322e-08 1.3948929904e+04 1.3939381364e+00 6.9000000000e-01 
3.0676161531e-09 1.2047116048e+04 7.9929978636e-01 6.9000000000e-01 
3.0764486567e-09 1.2301627715e+04 1.1748700036e+00 6.9000000000e-01 
1.9556585708e-09 1.1860854280e+04 1.1058831119e+00 6.9000000000e-01 
5.5885284414e-07 1.3303848819e+04 5.4841233103e-01 6.9000000000e-01 
1.3318311542e-09 2.0775915462e+04 9.0706113406e-01 6.9000000000e-01 
2.8941624105e-10 2.5000000000e+04 9.2687957359e-01 6.9000000000e-01 
4.4156155187e-10 1.4363805959e+04 7.5735534530e-01 6.9000000000e-01 
3.1432385715e-08 1.3429144377e+04 6.1585792878e-01 6.9000000000e-01 
1.3663006547e-08 1.4992193384e+04 1.3407143756e+00 6.9000000000e-01 
5.4994453295e-11 1.3660778219e+04 5.6667163550e-01 6.9000000000e-01 
3.1372460421e-06 1.3325796009e+04 1.0169436225e+00 6.9000000000e-01 
5.4682416707e-10 1.2332734571e+04 1.0184532304e+00 6.9000000000e-01 
3.8524996428e-09 1.1452280835e+04 1.3994620740e+00 6.9000000000e-01 
1.4187824493e-11 1.1311805968e+04 5.5258894580e-01 6.9000000000e-01 
2.9836597391e-07 1.3162192387e+04 7.4764261935e-01 6.9000000000e-01 
9.0093308864e-11 1.1823064308e+04 1.4246471775e+00 6.9000000000e-01 
4.2140803776e-10 1.1378521594e+04 9.4903639905e-01 6.9000000000e-01 
1.7362915846e-11 1.1765275555e+04 9.6919005218e-01 6.9000000000e-01 
1.5960606462e-10 1.4350010017e+04 1.2415114625e-01 6.9000000000e-01 
2.7807384221e-09 1.4474609416e+04 2.7471778790e-01 6.9000000000e-01 
6.6659456532e-12 1.1564187512e+04 1.1049319009e+00 6.9000000000e-01 
3.9469409554e-06 1.4672304253e+04 1.3986444726e+00 6.9000000000e-01 
3.4740797579e-07 1.6710689842e+04 1.9316391134e-01 6.9000000000e-01 
1.3266955124e-08 1.1411082945e+04 7.2379508753e-01 6.9000000000e-01 
2.1472694654e-08 1.5038776208e+04 1.0752198770e+00 6.9000000000e-01 
9.3599572586e-09 1.1859869530e+04 7.5921230177e-01 6.9000000000e-01 
1.2121284536e-09 1.8491133713e+04 7.2299415459e-01 6.9000000000e-01 
1.0145916264e-08 1.1558013511e+04 1.2300451133e+00 6.9000000000e-01 
2.2567578631e-10 1.3135807270e+04 2.2730356495e-01 6.9000000000e-01 
5.2769522146e-11 1.4277209263e+04 5.8487602751e-01 6.9000000000e-01 
1.3820782001e-08 1.1928783685e+04 1.3657055057e+00 6.9000000000e-01 
1.9323784476e-08 1.5729249951e+04 9.6552828250e-01 6.9000000000e-01 
5.0437418427e-09 1.1777613815e+04 8.6670882657e-01 6.9000000000e-01 
2.7656373019e-08 1.2577622965e+04 4.2270674501e-01 6.9000000000e-01 
2.3105356866e-10 1.2808542935e+04 2.7576318436e-01 6.9000000000e-01 
1.8287312860e-10 1.4539932685e+04 5.1249912439e-01 6.9000000000e-01 
4.8792647677e-10 1.4410358780e+04 5.3519150106e-01 6.9000000000e-01 
7.2122219270e-10 1.4803482748e+04 9.3720089826e-01 6.9000000000e-01 
4.8283858644e-08 1.3454278022e+04 1.0728392516e+00 6.9000000000e-01 
1.6218944925e-06 1.5444157359e+04 1.1172418755e+00 6.9000000000e-01 
2.4921410114e-10 1.2881012326e+04 1.3341901497e+00 6.9000000000e-01 
6.8360591901e-09 1.2343250411e+04 7.0382265287e-01 6.9000000000e-01 
4.4999709340e-10 1.3719290394e+04 4.7328946033e-01 6.9000000000e-01 
9.1067558340e-06 1.1463684959e+04 1.0439861227e+00 6.9000000000e-01 
1.0615255120e-10 1.2358395818e+04 6.4723793036e-01 6.9000000000e-01 
4.2681449919e-11 1.2329118916e+04 9.8910571961e-01 6.9000000000e-01 
8.1029247084e-10 1.1939693961e+04 1.4393236581e+00 6.9000000000e-01 
8.3099385194e-11 1.4284647372e+04 9.5040689183e-03 6.9000000000e-01 
