Radius [m]       Fe Area [frac]    Max Temp [k]    
2.6128903187e-05 1.5896455641e-01 2.0995655410e+03 
4.0923813624e-05 2.7356613372e-01 2.5724150950e+03 
6.1003010763e-05 2.0560634943e-01 2.4375231453e+03 
2.3880175943e-05 3.0301706066e-01 2.5909471457e+03 
8.2320620922e-05 2.3733610350e-01 2.4861829781e+03 
1.9178849791e-05 3.4739995837e-01 1.9062395010e+03 
2.8884079620e-05 3.2537960242e-01 2.4553702723e+03 
7.4834893269e-06 1.0000000000e+00 1.4883493849e+03 
1.6380674840e-05 3.5016947089e-01 2.3353361264e+03 
5.5259741301e-05 1.0000000000e+00 1.0488260585e+03 
9.3910432453e-06 3.3511560322e-01 1.9152977511e+03 
1.6164110276e-05 1.0000000000e+00 1.7056958528e+03 
1.2368682784e-05 1.0000000000e+00 1.1582453832e+03 
1.5651399511e-04 1.8588230657e-01 2.6539117405e+03 
2.4071336412e-05 1.0000000000e+00 1.6302873696e+03 
2.0447741222e-05 3.1256270131e-01 2.3845218442e+03 
3.3783693986e-05 2.9636759594e-01 2.3933239023e+03 
3.9230966298e-05 3.0330723594e-01 2.5471019117e+03 
5.2730580391e-05 2.4415686176e-01 2.4753893362e+03 
2.4449254322e-05 3.4839870096e-01 1.9061398445e+03 
3.9880082369e-05 3.4174874860e-01 1.9100133314e+03 
1.4063442447e-04 1.8169541829e-01 2.7181577458e+03 
1.2006081211e-05 1.0000000000e+00 1.7861219139e+03 
2.9556223702e-05 4.0344581916e-01 1.8680121884e+03 
5.9345013641e-05 2.4628372475e-01 2.6128738111e+03 
7.9286507197e-05 6.9436612445e-02 2.2139429672e+03 
7.0037118667e-05 2.2510494302e-01 2.5300984667e+03 
1.6612868258e-05 3.1362838088e-01 2.7191831248e+03 
7.5520681121e-05 9.5627601904e-02 2.3471822281e+03 
6.7363046660e-05 2.6980631621e-01 2.5000262518e+03 
2.7413083136e-04 1.8599801295e-01 2.0653384384e+03 
1.5887775879e-05 1.0000000000e+00 1.6933041871e+03 
4.6806660476e-05 1.8175060997e-01 2.0693417424e+03 
6.9112691129e-04 1.0000000000e+00 3.0823954981e+02 
7.2301920735e-05 2.2781205013e-01 2.5978465160e+03 
3.4513211322e-05 1.4952184816e-01 2.1070973287e+03 
9.9656199494e-06 1.0000000000e+00 1.6303066717e+03 
8.2163701454e-06 1.0000000000e+00 1.6511543003e+03 
4.3363838228e-05 9.9511421513e-02 2.1821490827e+03 
9.8602984069e-05 1.8360674765e-01 2.5045591757e+03 
9.7917931183e-05 1.9084350462e-01 2.7654835032e+03 
2.9431665934e-05 1.5298630151e-01 2.2649618593e+03 
8.3231562014e-05 1.3412733106e-01 2.1344602580e+03 
1.9216407162e-05 1.5557496086e-01 2.1057725388e+03 
6.4092761430e-05 2.7393805288e-01 2.4565801765e+03 
2.3630334935e-04 8.9955530863e-02 2.7089274670e+03 
1.9547451666e-04 1.2591282094e-01 2.6708546753e+03 
5.9653736395e-05 3.1904602980e-01 2.4623636222e+03 
7.4708172004e-05 2.3679940767e-01 2.5431740458e+03 
1.1567075207e-04 1.7978120074e-01 2.5588603739e+03 
2.3712691028e-05 3.4025340431e-01 2.3996660367e+03 
7.6333584924e-05 0.0000000000e+00 2.3713967218e+03 
1.7075426552e-04 1.9881440855e-01 2.6949337657e+03 
1.7847386863e-05 2.8091687697e-01 1.9628385836e+03 
8.7088440800e-05 4.7918924833e-02 2.3145252629e+03 
4.0590290207e-05 1.4562200839e-01 2.3529800418e+03 
2.7776720103e-05 3.4219078314e-01 2.6909204340e+03 
6.1302106729e-05 2.4665433083e-01 2.5706642579e+03 
9.6719177415e-05 2.0013578899e-01 2.5779165184e+03 
7.2028008100e-05 2.5528268534e-01 2.5064538113e+03 
4.0027859325e-05 9.5211161091e-02 2.1694150545e+03 
3.4539036537e-05 3.6689158639e-01 2.3422916067e+03 
2.2505850772e-05 3.3688322333e-01 2.4602669842e+03 
1.0380614264e-05 3.8172242858e-01 2.3976898055e+03 
1.0667118151e-04 1.0000000000e+00 4.5000756569e+02 
4.0271163082e-05 2.6736546806e-01 2.4416829217e+03 
1.5485731752e-05 2.6902043695e-01 2.9363386419e+03 
3.1820904744e-05 2.5365070815e-01 1.9929414529e+03 
7.6807300300e-06 1.0000000000e+00 1.5660257502e+03 
3.7939193886e-05 7.5882573579e-02 2.2021879569e+03 
2.0452776112e-05 2.5970828702e-01 1.9852670323e+03 
3.2856758392e-05 7.7415161206e-02 2.2294334707e+03 
3.7541640285e-05 7.7055921045e-02 2.1947609532e+03 
4.8789383286e-05 2.8309178540e-01 2.5598378539e+03 
3.5283700122e-06 1.0000000000e+00 1.3538793577e+03 
9.6980714411e-05 2.1280280643e-01 2.4761492113e+03 
4.1578375457e-05 9.0506075104e-02 2.1768934059e+03 
7.3504020865e-05 2.2356170052e-01 2.6657878137e+03 
1.0039887548e-04 1.2819265372e-01 2.1302019336e+03 
6.8694896180e-05 2.4270474914e-01 2.0037893859e+03 
2.0240895072e-04 2.3218665758e-01 2.5953108148e+03 
3.5174855463e-05 1.9802443931e-01 2.0513240015e+03 
6.7059629722e-06 3.6365051663e-01 2.6245468291e+03 
4.1641238607e-05 2.5551732721e-01 2.4516883926e+03 
1.8686854672e-05 3.8204798934e-01 2.3994801250e+03 
1.4754077969e-04 1.6895416991e-01 2.6289556911e+03 
7.3440666593e-05 1.6138608467e-02 2.2498557351e+03 
1.1189938154e-05 1.0000000000e+00 1.6259463517e+03 
2.1583928698e-04 1.4056149658e-01 2.7309215985e+03 
1.5571010398e-05 1.0000000000e+00 1.6393821457e+03 
1.0020958022e-05 1.0000000000e+00 1.5295014051e+03 
2.1537017653e-05 3.1610804135e-01 2.5019989872e+03 
1.4781910844e-04 2.4374148110e-01 2.5107943343e+03 
6.5609325787e-05 2.3196433136e-01 2.5130632979e+03 
9.1837954177e-06 1.0000000000e+00 1.6044044414e+03 
1.2029923480e-04 5.8616798060e-02 2.3613405254e+03 
2.2016268523e-05 3.3968650939e-01 2.4213329600e+03 
5.5035457200e-05 1.0000000000e+00 1.6761916391e+03 
1.2757187578e-04 1.8353422855e-01 2.5887861886e+03 
3.1260853690e-05 1.9536130147e-01 2.0557353672e+03 
1.5158664157e-04 6.4494856768e-02 2.3265764919e+03 
1.4181839846e-04 1.0907299315e-01 2.4384089586e+03 
1.4426908874e-05 1.0000000000e+00 1.6667508830e+03 
5.3704609293e-05 2.4662993393e-01 2.5038653910e+03 
4.1140804910e-05 2.6127438791e-01 2.6661487017e+03 
2.0845234903e-05 3.1685402915e-01 1.9324678168e+03 
1.2595727005e-04 2.0400711204e-01 2.4921352736e+03 
6.6570443541e-06 3.8224069503e-01 2.4523409922e+03 
6.7843825349e-06 3.8015519588e-01 2.3910270872e+03 
4.0060241136e-05 2.9434386163e-01 2.4064419753e+03 
2.5325053593e-04 1.6002587157e-01 2.6055540398e+03 
7.9280687833e-05 2.4631397308e-01 2.5600599039e+03 
3.6744817951e-06 1.0000000000e+00 1.4597648643e+03 
1.9869061416e-05 2.9739071635e-01 2.7553393387e+03 
8.1758773730e-06 3.7891216516e-01 2.3850041138e+03 
1.4442369605e-04 2.9320345498e-01 2.3708204087e+03 
1.9649463104e-04 1.7623097870e-01 2.5918953577e+03 
1.5610070611e-04 1.5396356461e-01 2.6332675597e+03 
6.2291587258e-05 2.4701975783e-01 2.6324613338e+03 
4.7612033041e-05 9.7706778727e-02 2.3752134773e+03 
1.0005635305e-04 1.8867676811e-01 2.5110953905e+03 
6.5481165813e-06 3.6900766375e-01 2.5967111602e+03 
3.8631081383e-05 2.9617605257e-01 2.4915912418e+03 
5.6314301991e-05 5.5603736134e-02 2.2920033418e+03 
1.4002165284e-05 2.3219331480e-01 2.0129730093e+03 
6.5707644559e-05 1.0612346215e-01 2.4077172913e+03 
1.2071821881e-05 3.7173534882e-01 2.5896333561e+03 
1.3268582999e-04 1.9876084614e-01 2.4992847202e+03 
5.1258847993e-05 6.4180093856e-02 2.2547269965e+03 
2.1128429724e-05 3.2304970279e-01 1.9267069604e+03 
1.3324254327e-05 2.6646375043e-01 1.9777540219e+03 
3.5803096747e-05 1.4514391046e-01 2.1144093042e+03 
6.4571019099e-05 5.7843096288e-02 2.3688281387e+03 
1.8035643991e-05 1.0000000000e+00 1.6139049651e+03 
7.6107901633e-06 1.0000000000e+00 1.4621665276e+03 
1.3417160189e-05 1.0000000000e+00 3.0000000000e+02 
5.3374211587e-05 8.4427313820e-02 2.1875554254e+03 
3.8656055842e-05 1.7681585683e-01 2.3812149849e+03 
1.1704639030e-05 3.6337938165e-01 2.5124687815e+03 
1.2465415029e-05 3.6457809153e-01 2.4728389000e+03 
2.1343478582e-05 1.0000000000e+00 6.1438036240e+02 
3.8034248995e-05 1.0984398084e-01 2.1534621678e+03 
1.0858039699e-04 3.0893851619e-01 1.9399672510e+03 
1.4344981373e-05 1.0000000000e+00 1.7256771295e+03 
6.3854862568e-05 2.1990146298e-01 2.7479322452e+03 
1.6107343205e-05 2.2086563487e-01 2.3301641035e+03 
5.9475628567e-06 1.0000000000e+00 1.4838159503e+03 
6.1441117246e-06 1.0000000000e+00 1.5623022465e+03 
9.2233492255e-05 2.2510889975e-01 2.4910979655e+03 
1.2853623747e-04 1.0000000000e+00 3.0000000000e+02 
9.9625666579e-05 1.4073570736e-01 2.1179954796e+03 
3.4995014280e-05 2.8683051905e-01 2.4748753994e+03 
2.7924867136e-05 3.3365291984e-01 1.9169571310e+03 
2.0865034477e-04 1.8968434554e-01 2.5692954436e+03 
2.6478483128e-05 3.7920194756e-01 1.8829817584e+03 
1.2877611585e-05 1.5374430173e-01 2.2291293615e+03 
1.3085556719e-05 3.6640600589e-01 2.3447797701e+03 
2.8329387574e-05 3.0055996795e-01 2.4201599852e+03 
6.6415485720e-05 2.6363584041e-01 2.4673372310e+03 
6.9201464998e-05 2.4838545653e-01 2.7216122394e+03 
2.1356463137e-05 3.1541978778e-01 2.5284946098e+03 
2.2752401422e-05 3.6930021495e-01 1.8889400295e+03 
7.2563744993e-05 3.2359454570e-01 2.5460399466e+03 
8.4650552461e-05 6.3192337097e-02 2.4203026379e+03 
3.1897217845e-05 2.9461437835e-01 2.4161386303e+03 
2.0545008257e-05 1.8807113012e-01 2.0655094490e+03 
3.1111013229e-05 1.5733704435e-01 2.0985637171e+03 
2.2221422313e-05 2.9430632198e-01 1.9531359298e+03 
3.5063826897e-05 1.5568432802e-01 2.3401743342e+03 
7.3748090903e-05 2.2926091358e-01 2.7087407024e+03 
2.6528876932e-04 1.4665955173e-01 2.6274593928e+03 
1.5337878873e-05 3.5611478633e-01 1.8985596738e+03 
1.5794378794e-04 1.3650794832e-01 2.7380487583e+03 
1.9755192347e-04 1.8363792496e-01 2.5949732006e+03 
7.7142751099e-05 7.7060736284e-02 2.3217890168e+03 
5.1452804909e-05 2.5822506090e-01 2.5119539036e+03 
9.1580135082e-05 7.3798365490e-02 2.1876344205e+03 
1.4925333061e-05 2.0355911440e-01 2.0472185659e+03 
7.3619804849e-05 2.7083596931e-01 2.4999812510e+03 
2.5357855974e-05 1.0000000000e+00 1.6427458401e+03 
7.1094707855e-06 3.7669149557e-01 2.3765567072e+03 
1.6349171354e-04 1.8914242482e-01 2.6083570406e+03 
5.9100448852e-05 2.3502159209e-01 2.0122617108e+03 
6.2942042626e-05 2.2221495644e-01 2.4854818506e+03 
1.0946552320e-04 1.9338851356e-01 2.5235297320e+03 
1.2047850819e-05 3.5197910567e-01 2.4155594679e+03 
2.6434305028e-05 1.0000000000e+00 1.5283792832e+03 
1.5091579983e-05 1.0000000000e+00 1.5251614859e+03 
1.4864160535e-05 1.0000000000e+00 1.0819527107e+03 
7.4904267740e-05 2.4034591321e-01 2.5175160537e+03 
3.4454818906e-05 6.2663433665e-02 2.2876686675e+03 
3.4625210617e-05 1.7629886247e-01 2.3835402146e+03 
4.1615450303e-05 1.6435092949e-01 2.0896881487e+03 
2.6588436265e-05 8.0763379274e-02 2.2412199887e+03 
3.1222034722e-05 1.1805338611e-01 2.1506388765e+03 
2.4338647909e-05 2.6154222657e-01 1.9824042598e+03 
9.2707699532e-06 1.0000000000e+00 1.7593029679e+03 
1.1129153661e-04 2.4671564632e-01 2.6013812394e+03 
3.8528388053e-05 3.1464397687e-01 1.9333196817e+03 
1.3913769977e-04 2.1490582675e-01 2.4308818976e+03 
3.6141664947e-05 2.8844171778e-01 2.5021887829e+03 
7.8126916550e-05 0.0000000000e+00 2.3589789779e+03 
5.2053078089e-04 1.7633935895e-01 2.5622331287e+03 
6.0062523750e-06 3.8092343184e-01 2.4688230759e+03 
1.5783081027e-04 1.6917204845e-01 2.6216444593e+03 
1.1138310654e-04 0.0000000000e+00 2.3057390458e+03 
7.9459216116e-05 2.6004407687e-02 2.3873020422e+03 
5.9254717017e-06 1.0000000000e+00 1.7708067383e+03 
1.2139060846e-05 1.0000000000e+00 1.5343138751e+03 
5.3687048621e-05 1.4716595829e-01 2.1093476345e+03 
4.8091776568e-05 2.7602205087e-01 2.3890425254e+03 
4.8683457048e-05 1.0494639810e-01 2.3274549130e+03 
3.1881250619e-05 3.0039334138e-01 2.3597948091e+03 
1.0324278935e-05 3.6078328978e-01 2.3376078110e+03 
1.1863524459e-05 2.9630461860e-01 2.8675123729e+03 
1.8695807876e-05 3.2603264712e-01 2.5619276024e+03 
2.5416790705e-05 2.4903754768e-01 2.3895440553e+03 
3.9365437762e-05 3.0319447809e-01 2.5955755809e+03 
8.5846547431e-06 3.6506960825e-01 2.6491366489e+03 
5.7517895640e-05 1.1937365549e-01 2.1489806997e+03 
6.8511685394e-06 3.7369610099e-01 2.3666584993e+03 
7.9335012008e-05 2.2851017101e-01 2.3797948432e+03 
1.0280382326e-04 2.4657043334e-01 2.4613705420e+03 
1.2539429377e-04 1.7475340387e-01 2.7517593439e+03 
1.5229614852e-05 3.1792598946e-01 1.9305477530e+03 
7.2218766703e-06 3.6701818784e-01 2.3470246112e+03 
3.9993502246e-05 1.5744397642e-01 2.1031718309e+03 
7.8999552116e-05 2.3382257611e-01 2.4711050928e+03 
1.9475550809e-05 1.6457837023e-01 2.0932176122e+03 
4.2406337238e-05 2.7706639910e-01 2.4535257492e+03 
1.0972369394e-04 2.1573948569e-01 2.5086925490e+03 
5.4199502274e-05 2.4024335467e-01 2.4694273273e+03 
1.5013157152e-05 1.0000000000e+00 1.0233794306e+03 
8.3276884743e-05 2.2039122596e-01 2.5874307891e+03 
1.1034584470e-04 6.2267500761e-02 2.2213421217e+03 
1.9812992187e-05 1.0000000000e+00 1.1636927489e+03 
9.2781335248e-06 3.8235768844e-01 2.4059976716e+03 
5.3708529270e-05 1.0315950968e-01 2.3209572316e+03 
1.8565051484e-05 3.2738232085e-01 2.3690857140e+03 
8.7756087453e-05 2.1395791801e-01 2.5804698322e+03 
1.5762393120e-05 2.7890212944e-01 1.9650043002e+03 
7.6014293152e-06 1.0000000000e+00 1.7371546280e+03 
8.5673535996e-05 2.9467521938e-01 2.5861536917e+03 
5.9450600734e-05 1.0000000000e+00 3.0000000000e+02 
1.3267513036e-04 2.9516815953e-01 2.3481432350e+03 
1.7173651187e-05 1.0000000000e+00 1.5967109236e+03 
3.0114770417e-05 3.3232744152e-01 1.9187131420e+03 
3.6403890617e-05 5.9392956576e-02 2.3003460994e+03 
1.0595219055e-04 2.4541363043e-01 2.4873406507e+03 
1.7779254750e-05 1.0000000000e+00 1.5328982939e+03 
1.4849138823e-05 3.4184670172e-01 2.5249420371e+03 
1.6541432878e-05 1.0000000000e+00 1.7793313728e+03 
1.6508279283e-05 1.2403123016e-01 2.1846523036e+03 
1.2309837690e-04 1.8032693545e-01 2.6382754514e+03 
1.2078036856e-05 3.4404774012e-01 2.3817913840e+03 
1.5621912636e-05 1.0000000000e+00 1.6481190586e+03 
7.7169841386e-06 3.8245017834e-01 2.4199925559e+03 
1.1785880700e-04 2.5698988627e-01 2.5761245802e+03 
4.1845923335e-05 1.4867142300e-01 2.1082091646e+03 
1.0833469284e-05 2.0547975072e-01 2.0471583913e+03 
7.9496958797e-05 1.9715557394e-01 2.4989124551e+03 
5.3755962783e-05 2.3156374747e-01 2.4654727656e+03 
7.8550230640e-06 3.8129753135e-01 2.3955461933e+03 
2.1411062497e-05 3.2058019505e-01 2.3976263200e+03 
1.0157539961e-04 2.0791720140e-01 2.5501707034e+03 
1.6641129574e-04 1.4678809703e-01 2.6261886042e+03 
1.7243614609e-05 1.0000000000e+00 1.7615057572e+03 
3.9800965779e-05 2.0480749406e-01 2.0448117118e+03 
1.4313468302e-05 1.0000000000e+00 1.7511908783e+03 
1.3300839282e-05 3.7648037509e-01 2.5419185350e+03 
7.4520884042e-06 3.6916744069e-01 2.4839472080e+03 
8.2236971711e-06 3.8239426790e-01 2.4079260138e+03 
7.0602858193e-05 2.3191772595e-01 2.5041632521e+03 
3.2345165289e-05 1.0000000000e+00 1.7193006011e+03 
1.2717141356e-04 2.3748490610e-01 2.5276454908e+03 
1.8002360288e-05 3.2817938933e-01 2.4284256268e+03 
3.1435916852e-05 8.6974887085e-02 2.3113187162e+03 
1.4122491261e-04 1.0000000000e+00 3.8091810283e+02 
6.0089882849e-06 3.8094222598e-01 2.4770149834e+03 
6.8971145808e-05 0.0000000000e+00 2.3788910188e+03 
1.3028038950e-04 1.1410203957e-01 2.4262947718e+03 
2.8724783699e-05 4.1853992264e-01 1.8597364621e+03 
4.3663857835e-05 3.8556865846e-01 2.4271507795e+03 
1.8816251047e-05 3.2233572434e-01 2.4256778254e+03 
1.0476543479e-04 2.0613954019e-01 2.6180472896e+03 
6.4230394293e-05 8.9009501703e-02 2.2039524055e+03 
3.6231571002e-05 6.3539196327e-02 2.2557875503e+03 
6.9002252073e-06 3.7187292370e-01 2.3616605732e+03 
1.1440863443e-05 4.3794508658e-01 1.8498791282e+03 
3.3023578377e-05 2.7689610614e-01 2.4418028735e+03 
1.0536969634e-04 1.9410581985e-01 2.5387787630e+03 
1.8228867302e-04 1.7737650001e-01 2.6107443152e+03 
5.5239271269e-05 2.5967793935e-01 2.4579943164e+03 
6.1280438272e-06 3.7512688898e-01 2.3729373350e+03 
5.6089026594e-05 2.7437138021e-01 2.4664768029e+03 
1.0203219609e-05 3.5363340775e-01 2.3516367684e+03 
6.8892520856e-06 1.0000000000e+00 1.6842188537e+03 
1.5953924741e-05 5.2000663731e-01 1.8203271987e+03 
4.2542581130e-05 1.0352149326e-01 2.1610161193e+03 
5.9817300226e-05 2.5903394114e-01 2.4786823896e+03 
4.0663110231e-05 4.6798723382e-02 2.2272145499e+03 
1.8257060190e-05 1.0000000000e+00 1.6361302230e+03 
1.6927108892e-05 2.1428369883e-01 2.0340879777e+03 
1.4783644241e-05 3.7734814395e-01 2.5012694295e+03 
9.3469380368e-05 1.0961255183e-01 2.4617581571e+03 
4.8214372685e-05 2.0175021346e-01 2.0483260955e+03 
1.4138944917e-05 3.5503788972e-01 2.3805050527e+03 
8.9709358359e-06 3.8505882144e-01 1.8765337007e+03 
1.0429369676e-05 3.7789660302e-01 2.3815756403e+03 
4.4218633809e-05 8.7267486545e-02 2.2165282912e+03 
3.1884620954e-05 1.5737815568e-01 2.0984688068e+03 
1.2166465620e-05 3.6247657895e-01 2.3374430148e+03 
8.4009549153e-05 3.0142734264e-01 2.4501431886e+03 
4.6680855303e-06 1.0000000000e+00 1.4737834639e+03 
4.6299529060e-05 1.1214286989e-01 2.1525287225e+03 
7.9687939074e-05 1.7702976770e-01 2.0823680829e+03 
1.6165348275e-04 1.6582538309e-01 2.5908246500e+03 
1.8776829088e-04 1.3478835083e-01 2.6380158577e+03 
4.8606473703e-05 2.8754745939e-01 1.9563942736e+03 
2.7115685667e-05 1.0000000000e+00 4.6320286776e+02 
1.1673210033e-05 3.2078844662e-01 2.7952535744e+03 
2.5253693620e-05 2.1635417079e-01 2.0324300657e+03 
1.5777382489e-04 1.8596330757e-01 2.5901287831e+03 
2.3190611944e-05 1.0000000000e+00 1.7570520450e+03 
4.5716620038e-05 1.1931376122e-02 2.2546895635e+03 
3.9097184147e-05 1.0000000000e+00 1.6383147959e+03 
9.5564130612e-05 2.2245578938e-01 2.5084546466e+03 
3.2510230822e-05 2.9985951968e-01 2.6669183278e+03 
8.4856477738e-05 2.3364662372e-01 2.5812566202e+03 
1.2229723432e-04 2.1130777226e-01 2.5549038977e+03 
1.4705231045e-05 3.3050123890e-01 2.4152981610e+03 
7.4490776780e-05 2.6416219699e-01 2.5351002873e+03 
1.7957356934e-04 1.9669113804e-01 2.0576248780e+03 
3.8505534333e-05 2.8460830105e-01 2.5327823269e+03 
1.8864131360e-05 3.2177854437e-01 2.4439445692e+03 
2.3185671736e-04 2.4283611597e-01 2.4705108719e+03 
5.5144975114e-05 3.0291292172e-01 2.5082413063e+03 
2.0973453070e-05 3.3051430067e-01 1.9187543966e+03 
3.0026366041e-05 3.7175706378e-01 2.5564742817e+03 
3.6624794343e-05 1.0000000000e+00 1.5560593734e+03 
4.1501502119e-05 2.7361887754e-01 2.4363178972e+03 
8.8838799283e-05 2.1134325353e-01 2.5846244251e+03 
5.9578763121e-06 3.8260599006e-01 2.4134078571e+03 
4.3048143006e-05 1.6587047284e-01 2.4014573567e+03 
6.7145419728e-05 2.2451874410e-01 2.4797905787e+03 
2.3261386736e-05 1.9387111420e-01 2.0562285874e+03 
3.0766303104e-05 3.4261069187e-01 2.3999609725e+03 
1.3507800798e-05 1.6934023137e-01 2.0902395542e+03 
1.6077250205e-04 2.2385161465e-01 2.5705011773e+03 
5.7177836398e-05 0.0000000000e+00 2.3274035554e+03 
9.2947461669e-05 1.9289423416e-01 2.5120804180e+03 
1.0440714610e-05 1.7913035994e-01 2.2186441944e+03 
1.0017736550e-05 1.0000000000e+00 1.7350792576e+03 
3.9449705413e-05 7.8382125842e-02 2.2716448005e+03 
3.0540496960e-05 2.3786293867e-01 2.0097580771e+03 
1.0831892688e-04 1.7980366180e-01 2.0713692877e+03 
1.1900022935e-05 3.5829682473e-01 2.6608785008e+03 
9.0638806576e-06 3.6167017105e-01 2.4622748532e+03 
1.4074843348e-05 1.0000000000e+00 1.8013014591e+03 
1.4279921502e-05 3.2669512807e-01 2.3773842287e+03 
3.9689511430e-05 2.2451856319e-01 2.0220387511e+03 
1.6206371316e-05 3.2676476698e-01 2.3701750757e+03 
8.5429498004e-05 2.7325580818e-01 1.9723366467e+03 
5.1118095756e-05 0.0000000000e+00 2.3102209052e+03 
4.6866161211e-05 2.5974001949e-01 2.4491518901e+03 
4.7665407416e-05 7.7372362041e-02 2.2063115743e+03 
1.5561253316e-04 2.0397680676e-01 2.5551983759e+03 
6.7991610679e-05 1.8925909942e-01 2.4530416073e+03 
1.1888634883e-04 2.4629781311e-01 2.5446058094e+03 
1.1537711572e-04 2.1120865606e-01 2.4719056158e+03 
2.8971829100e-05 3.6242274210e-01 1.8949315767e+03 
9.8374102741e-05 1.9775532536e-01 2.3737902194e+03 
6.2196528771e-05 1.3663073278e-01 2.1283930031e+03 
8.1496103943e-05 2.4658499782e-01 2.6182683890e+03 
1.2206284166e-04 2.1479278306e-01 2.5748776343e+03 
3.6337273661e-06 1.0000000000e+00 1.7749864628e+03 
8.8992825078e-05 2.5519048565e-01 2.5236695987e+03 
5.0427515154e-06 1.0000000000e+00 1.5292655366e+03 
1.1483727606e-05 1.0000000000e+00 1.6895507512e+03 
2.9907152876e-05 7.1675274764e-02 2.2352522293e+03 
8.1546790206e-05 2.2571372116e-01 2.4759290188e+03 
3.3675704157e-05 2.7654298786e-01 2.8590772540e+03 
3.7988815838e-05 2.4831665099e-01 1.9976972634e+03 
1.2710240178e-05 3.2574001331e-01 2.3711743004e+03 
8.7833300129e-06 3.6923710490e-01 2.3533162636e+03 
2.1709944829e-05 3.2176068708e-01 2.4685388132e+03 
4.2611060030e-05 1.1046972899e-01 2.2005259460e+03 
2.5882523337e-05 3.4370327540e-01 2.5370707577e+03 
1.7354047554e-05 2.1915939729e-01 2.0271875212e+03 
1.9844472149e-04 1.6550798325e-01 2.6948931443e+03 
9.2759582640e-06 3.1645420924e-01 2.8149473648e+03 
4.9515453382e-04 1.3207476218e-01 2.6585571169e+03 
5.7360942790e-06 3.8279707851e-01 2.4315081353e+03 
2.8538425161e-05 1.5206502778e-01 2.1103625700e+03 
1.1015198171e-05 1.0000000000e+00 1.7281869573e+03 
1.8411291334e-04 1.3948969113e-01 2.6521172084e+03 
2.8713203411e-05 2.7598282135e-01 1.9693445085e+03 
3.1222574040e-04 1.0898422584e-01 2.7258340303e+03 
7.4898574514e-06 3.7184130471e-01 2.3598828842e+03 
8.8758901538e-05 5.1635664949e-02 2.2280355529e+03 
6.3390399658e-05 2.3654431137e-01 2.5346487415e+03 
2.2437958628e-04 1.1451986411e-01 2.7084196792e+03 
3.8386129955e-05 9.9316940703e-02 2.1663886897e+03 
6.2476523868e-06 1.0000000000e+00 1.6038035760e+03 
2.0982972565e-05 2.6331328722e-01 1.9815229703e+03 
5.7692373997e-05 2.4792622266e-01 2.4854739991e+03 
2.7850533226e-05 4.4765625131e-01 1.8430997210e+03 
1.5174384866e-05 1.9226947652e-01 2.0651747146e+03 
1.5638475754e-04 1.2385647954e-01 2.1343523833e+03 
3.4139511861e-05 2.1822406736e-01 2.0296099611e+03 
5.0251351573e-05 1.0000000000e+00 3.5796442826e+02 
5.1653028515e-05 2.4395383386e-01 2.0024744470e+03 
1.4190453580e-04 3.2496719220e-01 2.4492835427e+03 
1.1036059381e-05 2.8829144764e-01 1.9535796223e+03 
1.2047012838e-05 1.0000000000e+00 1.6903667499e+03 
1.0342573872e-04 2.1883133280e-01 2.6101143120e+03 
5.9415754306e-05 1.7799225552e-01 2.3681033733e+03 
6.2274523548e-06 3.7527367741e-01 2.3709781750e+03 
3.3229951072e-06 1.0000000000e+00 1.2197793597e+03 
1.4545632251e-05 2.9359095635e-01 2.8842037871e+03 
1.3468872214e-04 2.0917163854e-01 2.5596349521e+03 
7.2489888338e-06 1.0000000000e+00 1.7286908607e+03 
7.2514767612e-06 1.0000000000e+00 1.3783276175e+03 
1.5959813602e-04 2.0345101443e-01 2.4881474230e+03 
8.3076946480e-05 2.2858424632e-01 2.5516111287e+03 
1.0435825278e-04 2.2817176712e-01 2.5110654394e+03 
7.2661357429e-06 1.0000000000e+00 1.5287398146e+03 
5.0770892908e-05 1.7953058974e-01 2.4283157623e+03 
2.1862909100e-05 2.8328933571e-01 1.9620899364e+03 
1.1065341781e-05 1.0000000000e+00 1.7690240083e+03 
1.6031885305e-05 4.7905564210e-01 1.8320769179e+03 
9.6794022218e-05 4.6697697657e-02 2.3161801607e+03 
2.1277788304e-05 3.2894686625e-01 2.4332801840e+03 
5.5873689506e-05 1.1901156377e-01 2.1532302334e+03 
5.9057336470e-05 9.4226561178e-02 2.3421061258e+03 
1.1348381637e-04 2.1024020121e-01 2.4886464182e+03 
1.1222289015e-04 1.9096480153e-01 2.5529892163e+03 
1.3263174104e-04 1.0000000000e+00 1.3877512132e+03 
2.2023197244e-05 3.2376478409e-01 2.4719145359e+03 
8.9292597637e-05 2.2140272344e-01 2.5263860661e+03 
1.6336381606e-05 3.7833202754e-01 2.4207932791e+03 
1.7329622171e-05 2.7088486208e-01 1.9753167309e+03 
1.8942932762e-05 1.0000000000e+00 1.7745885499e+03 
5.7262258759e-05 2.5060669653e-01 2.5215557381e+03 
4.5837523394e-05 2.6579782171e-01 2.6067983147e+03 
2.0486424725e-05 1.0000000000e+00 1.5754636140e+03 
7.4856459725e-05 2.2871292628e-01 2.5177211368e+03 
2.7251916793e-04 1.7404560901e-01 2.6448654671e+03 
6.2905735143e-05 2.5284218686e-01 2.4836581185e+03 
7.0423997121e-06 1.0000000000e+00 1.4755171313e+03 
5.5763246218e-05 1.4104489900e-01 2.4075500450e+03 
1.0502111507e-05 3.4859437385e-01 2.7064193714e+03 
1.5376822223e-04 2.0952893179e-01 2.6237242968e+03 
2.1835596702e-05 1.9088581308e-01 2.0599700703e+03 
1.3374953631e-04 1.8360950836e-01 2.7253873220e+03 
5.5561850478e-05 2.2562779912e-01 2.3887489118e+03 
1.4102576499e-05 3.4695343719e-01 2.5105476448e+03 
9.7371182073e-06 3.5944725827e-01 2.3389859209e+03 
4.4700233343e-05 2.7226111886e-01 2.6288230203e+03 
5.4929029064e-05 1.4682117095e-01 2.2878008955e+03 
9.9116215512e-05 2.0070253708e-01 2.6341201017e+03 
1.1973399813e-04 1.8048455039e-01 2.5664728864e+03 
1.1983571419e-04 1.7645418634e-01 2.5438962445e+03 
9.2734729392e-06 1.0000000000e+00 1.5844349915e+03 
1.4288475275e-04 2.8570405860e-01 2.4449143437e+03 
9.2570554989e-05 2.0600154605e-01 2.5037221032e+03 
6.7610263072e-05 0.0000000000e+00 2.3507274845e+03 
3.7832638250e-04 1.1066128423e-01 2.6766339203e+03 
2.7372075381e-06 1.0000000000e+00 1.0581250144e+03 
2.3644025976e-05 2.6794698533e-01 1.9774952027e+03 
1.0585850923e-04 2.1419322673e-01 2.6109432186e+03 
3.1934478590e-05 2.8867282422e-01 2.6864730720e+03 
4.8222655493e-05 2.1974060104e-01 2.8707114642e+03 
1.2023406272e-04 4.4943643631e-03 2.3818497269e+03 
6.1051980596e-05 2.5480949522e-01 2.4353485687e+03 
1.1114317244e-05 1.7458622942e-01 2.1028427870e+03 
2.4215784037e-05 3.2169007227e-01 2.4296196466e+03 
7.8626630755e-05 2.9205009161e-01 2.4962615900e+03 
3.5193345809e-05 3.2340994593e-01 2.3709672708e+03 
6.1284408764e-05 1.1372293600e-01 2.1478654992e+03 
1.8658616661e-05 3.8262075638e-01 2.4151266244e+03 
2.1212523385e-05 3.2820669704e-01 2.4537845762e+03 
4.0205974762e-05 2.1912416232e-01 2.0290357892e+03 
4.0003143113e-05 1.1092436990e-01 2.2425532687e+03 
2.8928048262e-05 3.2175474614e-01 2.3890128538e+03 
1.1765726061e-05 2.8900562497e-01 2.8903668192e+03 
5.2285870664e-05 1.5421500103e-01 2.4005227039e+03 
1.4270033839e-05 1.0000000000e+00 1.8084510654e+03 
1.7919707521e-04 2.2867026374e-01 2.6502895221e+03 
6.9552391720e-06 3.5287632943e-01 2.7053678544e+03 
5.6684666443e-06 1.0000000000e+00 1.3688619442e+03 
1.9491524669e-05 3.2731633884e-01 2.3692021065e+03 
9.0039266945e-06 3.8167097108e-01 2.4673502107e+03 
1.5346306691e-05 1.0000000000e+00 1.0267494905e+03 
4.4495599001e-05 5.1559076657e-04 2.2767792158e+03 
3.4949545104e-05 1.1245247688e-01 2.1501094468e+03 
5.8823267256e-05 2.9730566627e-01 2.6649329575e+03 
1.1294603508e-04 1.8299062002e-01 2.5500752224e+03 
1.6632620176e-04 1.6018330995e-01 2.5991845191e+03 
1.0323275163e-04 2.0146022092e-01 2.6144306650e+03 
