1.0217755742e-10 1.4182354896e+04 5.0893412253e-01 
1.8129866192e-09 2.5000000000e+04 9.1716336432e-01 
1.0513018131e-08 1.3489697328e+04 7.7018787152e-01 
2.8472419455e-07 1.2620857653e+04 2.4913848273e-01 
7.8403028247e-11 1.4119345172e+04 7.7104907084e-01 
2.2931708369e-08 1.9843116980e+04 5.7918507558e-01 
1.8240901531e-08 1.3256121087e+04 8.7415357083e-01 
1.0832255729e-10 1.2825968205e+04 1.0143020557e+00 
1.5942981425e-09 1.1962462385e+04 6.3994579559e-01 
5.1457388912e-09 1.5084047695e+04 9.2922162608e-01 
5.6603159130e-09 1.5445012249e+04 6.8503828786e-01 
4.5304301333e-07 1.3991572544e+04 1.0118104450e+00 
2.5766258738e-10 1.3442755749e+04 9.5596925695e-01 
9.8325327298e-09 1.2200558958e+04 4.8125815537e-01 
3.6978310367e-08 1.3935287742e+04 8.3429536173e-01 
9.1538468807e-10 1.7316791531e+04 8.2218298372e-01 
1.1035487322e-08 1.5309862975e+04 2.2116979681e-01 
6.2790715228e-10 1.7548929811e+04 7.7784085916e-01 
2.4813750158e-09 1.2943757616e+04 1.3890289733e+00 
7.5633457812e-10 1.1963879674e+04 5.8050022624e-01 
4.3728089060e-10 1.1759280219e+04 2.3489475583e-01 
1.5573474140e-07 1.2127979432e+04 9.6630948985e-01 
8.4056348293e-11 1.1587222100e+04 9.0367560056e-01 
1.7318980337e-09 1.5193686396e+04 9.8815717869e-01 
3.9886532322e-11 1.3600659836e+04 1.2072379324e+00 
5.8308315658e-11 1.1234979817e+04 8.7140201262e-01 
6.9043353417e-09 1.8295418205e+04 1.7304491084e-01 
8.3100229695e-11 1.7405077492e+04 6.2591766903e-01 
1.3135269662e-09 1.4784464340e+04 6.6450440813e-01 
1.6839053656e-06 2.5000000000e+04 1.1669752974e+00 
8.8568064296e-11 1.1973687766e+04 5.9839695459e-01 
9.0345625984e-11 1.5317920572e+04 1.0453400484e+00 
1.9629407938e-06 1.1620754458e+04 1.3591811146e+00 
5.7707687049e-09 1.6796180997e+04 1.2764721619e+00 
6.1441470506e-09 1.7360347874e+04 1.1437749933e+00 
2.5662132166e-09 1.2507927880e+04 9.7126732257e-01 
8.5967813534e-09 1.2864757498e+04 7.6645996652e-01 
1.1743047583e-10 1.4695304718e+04 1.1975614712e-01 
3.2324463022e-10 1.3107869361e+04 4.5310718954e-01 
1.3135081799e-10 1.1431657420e+04 3.6452845867e-01 
5.5034704720e-10 1.2581433861e+04 4.7540703171e-01 
1.5071974128e-11 1.2006494968e+04 1.3958448680e+00 
1.4415742218e-10 1.2579448183e+04 9.7504083461e-01 
5.4754680657e-09 1.4136234135e+04 1.3773858370e+00 
9.0829429230e-10 1.4301794431e+04 1.3946800574e+00 
6.9913725438e-09 1.1955659446e+04 1.1200317619e+00 
6.5559367786e-10 1.1249674284e+04 9.9316716347e-01 
1.6485788858e-05 1.1418354075e+04 4.1418093603e-01 
2.3803612460e-09 1.5707525761e+04 2.4293802269e-01 
4.9695728270e-12 1.2083375870e+04 8.1222416662e-01 
5.6765802961e-12 1.1528017493e+04 1.6640343677e-01 
8.7209585619e-07 1.1249827904e+04 4.6732986881e-01 
1.4573453679e-09 1.1561118340e+04 1.3183326184e+00 
1.0118370055e-08 1.3374768452e+04 6.5688474711e-01 
2.3726345042e-06 1.1859997578e+04 5.4401496340e-01 
3.1337304170e-11 2.3763759861e+04 1.1397840870e+00 
1.5353163774e-11 2.2203092615e+04 7.8570240972e-01 
1.7567645521e-07 1.3685832906e+04 7.3561245153e-01 
9.4380304887e-09 1.6355233364e+04 1.4013316326e+00 
8.4237640783e-10 1.1513611771e+04 8.4290973947e-01 
1.2625160605e-10 1.6038042871e+04 8.7865824394e-01 
4.2904824890e-06 2.2678561659e+04 7.5250265055e-01 
2.6460655888e-09 1.1799227909e+04 4.5228293979e-01 
7.7123026548e-07 1.1495773399e+04 1.9666693146e-01 
1.2046558302e-09 1.2686437899e+04 1.2090209297e+00 
6.2759720847e-11 1.4211770013e+04 6.2201235153e-02 
1.8598401416e-08 1.8516309480e+04 1.1169329637e+00 
6.7677697325e-08 1.6264689490e+04 8.1799322008e-01 
3.5893391786e-07 1.3766378035e+04 1.2675379110e+00 
8.5632914405e-08 1.2953953746e+04 9.0070095885e-01 
8.3226603459e-09 1.8553925894e+04 5.0964492521e-01 
1.4343937294e-08 1.1468371294e+04 1.0838714365e+00 
1.0915669933e-07 1.1861560443e+04 7.1207386244e-01 
6.1554364783e-09 1.3376316630e+04 1.7427782955e-01 
1.9173909805e-08 1.1539781037e+04 1.0069277913e+00 
1.2459194195e-09 1.1992265429e+04 9.1809081883e-01 
6.5279768054e-10 1.1504418885e+04 1.2921428297e+00 
7.5961372290e-11 1.2800090189e+04 1.2562594736e+00 
1.3153402498e-08 1.4179559705e+04 1.1102866550e+00 
2.5864220566e-10 1.5125259534e+04 1.4285050955e+00 
5.1565788468e-10 1.1487088984e+04 5.2852332354e-01 
4.9877778335e-10 1.2261294547e+04 6.9763482089e-01 
1.5981009912e-08 2.5000000000e+04 5.8632835059e-01 
5.4771293753e-09 2.0824601396e+04 1.4439287371e-01 
1.4259754091e-08 1.6100529658e+04 8.0351888356e-01 
1.7470562491e-05 1.7423731144e+04 7.3121754762e-01 
6.0563609458e-10 1.5679054862e+04 7.8541138457e-01 
1.8753562611e-08 1.3234537816e+04 7.4681247177e-01 
3.9410853480e-08 1.1971541890e+04 8.4537392401e-01 
1.5105949107e-07 1.2238518847e+04 7.4515913733e-01 
1.0571294189e-08 1.1476795622e+04 8.7953766976e-01 
2.2866346188e-08 1.1357200335e+04 5.9800211467e-01 
2.4046035398e-07 1.2396929144e+04 7.5794822072e-01 
9.2766601034e-08 1.3812719018e+04 5.9620144835e-01 
2.1607484596e-10 1.1458883398e+04 1.1182207126e+00 
1.9842360459e-07 1.1757407344e+04 4.5537733859e-01 
1.0574678488e-08 1.9799783347e+04 3.2587758922e-01 
7.9516182219e-07 1.5157824206e+04 4.0872092069e-01 
7.8071063210e-10 1.2310073558e+04 6.9709724341e-01 
2.1121800340e-08 2.5000000000e+04 3.8929530162e-01 
3.1940823105e-09 1.4837030192e+04 1.2872266422e+00 
2.9762028801e-07 1.2379267723e+04 7.7842684271e-01 
3.2754111992e-09 1.1388970378e+04 7.9202297165e-01 
2.6707977692e-08 1.8876087214e+04 1.1741811660e+00 
7.8059033954e-07 1.3126047033e+04 5.5074026597e-01 
6.9349030810e-08 1.3071355192e+04 1.1252741859e+00 
7.0064494653e-10 1.8110257791e+04 1.0682913440e+00 
6.1622413602e-07 1.7713210525e+04 6.0827185589e-01 
2.6920125065e-11 1.1353511110e+04 1.3157665926e+00 
1.6452369700e-09 1.1581950939e+04 5.3192089977e-01 
9.5153566611e-06 1.3034649734e+04 3.4218756683e-01 
6.6434759103e-06 1.2145114867e+04 4.0019753429e-01 
5.7737532676e-10 1.1512170770e+04 8.1351586903e-01 
2.1934050862e-07 1.7405684672e+04 6.0975445557e-01 
1.6669868884e-09 1.8806835527e+04 4.0394395766e-01 
5.9198498538e-09 1.1215195886e+04 1.5420264409e+00 
3.9246118974e-06 1.2170583616e+04 2.6987872341e-01 
4.4301889260e-09 1.4326901298e+04 8.7493885752e-01 
1.5889280301e-06 1.1929107172e+04 7.4515313555e-01 
1.3022379299e-09 1.2571135712e+04 5.1422136606e-01 
1.9845602041e-10 1.1325757140e+04 8.8423917668e-01 
5.3338627003e-07 1.3863611403e+04 4.1091163388e-01 
1.5111564225e-10 1.1872108900e+04 8.9609606187e-01 
2.3711771503e-11 1.7354659339e+04 7.4421960391e-01 
2.2998604784e-10 1.2333843795e+04 4.6815498685e-01 
3.0639180686e-07 1.1491258017e+04 7.6148135887e-01 
1.2766586716e-06 1.1737263746e+04 4.4510268806e-01 
1.7667666797e-10 2.4094189386e+04 2.1816270042e-01 
9.7058519776e-09 1.1653613616e+04 5.9459248189e-01 
1.1474598114e-08 1.4308321366e+04 4.1626495518e-01 
3.7124305343e-10 1.6122615859e+04 1.1523314591e+00 
3.2046630096e-06 1.3034621137e+04 1.4111317364e+00 
3.3289963258e-08 1.3862851018e+04 8.7894028846e-01 
3.6239290622e-10 1.3124281081e+04 6.6374273855e-01 
5.5659788131e-07 1.4390786114e+04 6.8847192524e-01 
4.3777022705e-07 1.4245799664e+04 5.7243898062e-01 
4.9402052504e-06 1.7338251709e+04 7.3074920724e-01 
1.6690642262e-09 2.2263655584e+04 1.3749387779e+00 
3.5355013140e-09 1.9813541730e+04 3.5057981160e-01 
1.0252413046e-09 1.4630591990e+04 6.1504632461e-01 
8.5649957162e-06 1.2193994070e+04 4.6353428083e-01 
7.0701043772e-09 1.1995009488e+04 4.2242484377e-01 
1.3756797152e-10 1.1691644422e+04 1.2625342461e+00 
3.1093745553e-11 1.8102004726e+04 7.8696990124e-01 
4.3177917449e-12 1.1343523526e+04 7.8879532827e-01 
2.5554668057e-07 1.1499159516e+04 1.2143987049e+00 
9.4666214278e-09 1.2536742333e+04 1.0742788073e+00 
3.9757578791e-09 1.5707081758e+04 7.4979209071e-01 
2.3888207357e-07 1.1705757670e+04 7.5622649081e-01 
2.8533290290e-08 1.1854075856e+04 5.7666297328e-01 
2.5856832405e-07 1.2230544828e+04 1.1505805032e+00 
2.5760303115e-06 1.3004845312e+04 8.0829618449e-01 
1.1664805491e-10 1.1704014566e+04 2.3418288096e-01 
2.6849101684e-08 1.1313783729e+04 5.3410449026e-01 
5.4100490235e-08 1.2684253000e+04 8.6967644545e-01 
4.1305154945e-10 1.1524530267e+04 5.9072836223e-01 
1.4476853463e-06 1.3192739517e+04 6.5941928905e-01 
1.0209275489e-11 1.3585405854e+04 1.4437289861e+00 
4.3924080067e-12 1.8554349481e+04 1.2730844395e+00 
2.3506864534e-09 1.3645170345e+04 9.4307907810e-01 
2.4675724633e-09 1.1685998946e+04 3.8019495868e-01 
1.9484376567e-07 1.1402688708e+04 4.3445886192e-01 
2.6898070891e-10 1.1337077933e+04 1.1574752235e+00 
2.9874303191e-09 1.5040049304e+04 6.5014963063e-01 
2.4990264294e-10 1.7242047452e+04 7.3543787311e-01 
2.9054510652e-09 1.3886000877e+04 7.0329028892e-01 
2.5990985292e-10 1.4625461684e+04 9.0055697208e-01 
6.9003751646e-10 1.1938751361e+04 4.6805952914e-01 
1.4478044833e-09 1.3641041269e+04 3.9138889091e-01 
5.8099062900e-08 1.3449029216e+04 9.0154098584e-01 
5.6027160503e-11 2.3230076586e+04 6.7654303163e-01 
1.2840534522e-07 1.4430574527e+04 9.1503727202e-01 
7.6697280544e-12 1.2120064505e+04 8.6277766806e-01 
3.8922234988e-06 2.0134269131e+04 1.2551693849e-01 
9.7427076590e-11 1.1797759927e+04 4.8650502399e-01 
1.1451671279e-10 1.4392423367e+04 9.2097239123e-01 
4.2237692227e-10 1.4253696138e+04 5.0864772833e-01 
1.7092959359e-10 1.2529636041e+04 6.8185866204e-01 
3.8376444816e-09 2.3902080272e+04 7.0220604715e-01 
2.4018136787e-07 1.3671295893e+04 9.3160305252e-01 
2.0819655704e-09 2.5000000000e+04 1.1924442637e+00 
4.2476961765e-06 1.1406406571e+04 1.0220366077e+00 
3.8408680099e-08 1.1461778557e+04 1.1624235430e+00 
1.4403913376e-07 1.1808008077e+04 1.4043801177e-01 
2.9905752525e-06 1.4099927228e+04 7.3639490706e-01 
2.2991835662e-11 1.2243739552e+04 5.2823767330e-01 
1.0028661343e-07 2.5000000000e+04 1.9271230281e-01 
1.0884589310e-07 1.3465738849e+04 7.9881430448e-01 
2.9344444258e-07 1.1270208102e+04 1.3727597261e+00 
3.3413419921e-09 1.7140586169e+04 4.5652913414e-01 
7.2855824793e-06 1.2173717217e+04 1.4625290521e-01 
1.8059550777e-07 1.2820247403e+04 6.8558737948e-01 
3.2337755275e-08 1.5086001493e+04 9.3591101396e-01 
2.8591282578e-10 1.2718319418e+04 6.6910040124e-01 
3.1535211438e-09 1.6028843762e+04 9.7424674009e-01 
9.9527302066e-11 1.1366868041e+04 1.0626693143e+00 
1.3140283990e-11 1.2401071178e+04 6.5541332369e-01 
1.3984973176e-05 1.4100492424e+04 8.2441443066e-01 
1.2290151572e-08 1.4163728720e+04 9.6030431530e-01 
2.0678202912e-10 1.5739739933e+04 5.6105932441e-01 
1.3780918603e-06 1.4132105682e+04 1.0609297164e+00 
9.0843873966e-09 1.6485037209e+04 6.6322823797e-01 
8.3790309115e-10 2.5000000000e+04 8.2610397766e-01 
1.8023825700e-08 1.2903766459e+04 1.1226095181e+00 
2.6347168720e-11 1.1553997814e+04 7.6188839323e-01 
4.6241671995e-09 1.6070503278e+04 5.7264589833e-01 
4.2488093705e-09 1.2088921174e+04 1.0821136129e+00 
4.4013850440e-08 1.2229686654e+04 2.7076404118e-01 
4.4067105482e-09 1.2755209727e+04 5.3164859266e-01 
6.4589880208e-10 1.1219841453e+04 1.1261788209e+00 
4.6654144615e-09 1.3209898393e+04 6.2407345602e-01 
3.2811964152e-09 1.5692805351e+04 1.3884285208e+00 
1.3170328688e-07 1.2264776943e+04 6.0688596031e-01 
6.2834995489e-07 1.1842310156e+04 4.2028921905e-01 
1.4569536196e-10 1.2336173258e+04 1.4168351768e+00 
8.2939407114e-06 1.3769293469e+04 7.8470933993e-01 
3.3038950327e-10 1.1350811284e+04 1.4107840691e+00 
9.7747290459e-11 1.1674104550e+04 5.6702126563e-01 
2.2112775517e-09 1.3415511629e+04 8.7538719811e-01 
2.7503059892e-09 1.2134463355e+04 7.7716011776e-01 
1.5352225771e-09 1.2178264558e+04 1.0447832409e+00 
9.9094700937e-11 1.1888665839e+04 3.0480906473e-01 
1.5820526703e-09 1.1447054648e+04 5.2657702216e-01 
2.0954135110e-11 1.5112604555e+04 4.7762170846e-01 
2.5854842969e-06 1.1219929314e+04 3.8042526410e-01 
1.3170887306e-09 1.4604589996e+04 1.0850567388e+00 
1.0187473611e-07 1.3456713593e+04 1.2749461692e+00 
7.0493463107e-09 1.5800476115e+04 2.6569543586e-01 
6.6337899887e-08 1.2196116643e+04 4.4984739028e-01 
1.0125070528e-09 1.1398981139e+04 1.5065585365e+00 
7.2545112300e-08 1.2468996260e+04 1.2688547720e+00 
2.1874676384e-10 1.4506154442e+04 1.4427661999e-01 
5.3351276115e-08 1.3701791834e+04 7.8743399243e-01 
8.9576864183e-09 1.6124073006e+04 9.9351876957e-01 
2.5501166808e-07 2.2328587682e+04 7.2501288875e-01 
6.7973054238e-11 1.1594673677e+04 4.7153853206e-01 
7.0373447565e-10 1.3401025619e+04 3.3370527260e-01 
9.3049834734e-10 1.3074196195e+04 3.4165252298e-01 
5.6308417301e-06 1.5324825712e+04 6.6059332335e-01 
3.3056595155e-09 1.4398840648e+04 7.8047829433e-01 
3.4212984651e-08 1.1842934508e+04 1.9299719378e-01 
1.4123649114e-08 1.4804879406e+04 2.9184769417e-01 
1.0127267815e-10 1.4081249895e+04 1.3823731532e+00 
1.2758687933e-07 1.2076861458e+04 1.1602184878e+00 
1.4542938189e-06 1.4137842529e+04 1.3639501122e+00 
1.4535054527e-09 1.2420992686e+04 7.3763401327e-01 
5.6652117954e-07 1.2288510779e+04 5.3354416411e-01 
3.0152547115e-11 1.2780554293e+04 7.4110053223e-01 
7.8543831936e-10 1.3513631461e+04 8.4183624667e-01 
2.5724836417e-11 1.3936359097e+04 1.0503904293e+00 
4.7109730114e-08 2.5000000000e+04 1.1056146977e+00 
1.2765040094e-08 1.1295182128e+04 1.0123007316e+00 
2.5133621809e-09 1.1493585654e+04 2.8021255981e-01 
3.2637696790e-07 1.1525256727e+04 4.2658392819e-01 
3.7044055748e-08 1.2371392780e+04 7.4789423991e-01 
2.6708662703e-07 2.5000000000e+04 1.1020653919e+00 
1.7900277845e-09 2.1391134937e+04 1.1822570208e+00 
1.8695986769e-09 1.3052962741e+04 1.2839099595e+00 
2.0316010640e-07 1.6155515370e+04 7.6044649677e-01 
7.5136023593e-09 1.3616053873e+04 1.4933231035e+00 
1.1400981918e-09 1.3442611631e+04 3.6785301353e-01 
1.9337161573e-07 1.6730448934e+04 4.5936861879e-01 
2.9785980884e-08 1.3181688749e+04 4.8196139969e-01 
5.8780742447e-09 1.1563939747e+04 1.4375106039e+00 
4.7548884069e-08 1.5502263278e+04 7.9084521318e-01 
1.1544604234e-08 1.4581291657e+04 7.9520663843e-01 
1.9029179904e-09 1.1203088871e+04 1.3906965264e+00 
2.8116315460e-08 2.5000000000e+04 1.2819939645e+00 
3.5303806901e-11 1.2102464232e+04 5.5881239972e-01 
1.5295663153e-09 1.8114524946e+04 1.0288100025e+00 
2.7107091118e-06 1.1317690022e+04 7.4229746151e-01 
1.7256294558e-05 1.1520186547e+04 1.1209423916e+00 
8.0368219099e-10 1.5130509101e+04 1.0139606315e+00 
2.8499952523e-09 1.1210778227e+04 1.0650121577e+00 
1.1187590823e-06 1.6308400679e+04 1.3232312696e+00 
8.9806150881e-09 1.1576321269e+04 7.8820793395e-01 
2.1160934807e-11 1.1945690926e+04 1.2857876069e+00 
1.1232278397e-09 1.1392267771e+04 5.6216736557e-01 
4.7746718027e-12 1.1666827627e+04 1.0199564375e+00 
1.9336470185e-07 1.4878308528e+04 1.1564805578e+00 
2.4343545506e-06 1.2361320067e+04 1.9489959944e-01 
1.9897265192e-10 1.1724505514e+04 1.3167012600e+00 
2.4358631330e-08 1.5768895176e+04 1.9390866164e-01 
5.7646787398e-12 2.3443954168e+04 6.4862076044e-01 
2.8701870734e-10 1.1964272114e+04 6.9594313509e-01 
4.6521814789e-10 1.1346420061e+04 4.7860030710e-01 
3.6523429765e-07 1.3560954987e+04 4.0887726521e-01 
9.2511138946e-08 1.2054616720e+04 3.7588666433e-01 
2.8797850205e-08 1.3124207552e+04 1.4504810953e-01 
4.4964106546e-08 1.3890463210e+04 1.2140614974e+00 
7.8336906001e-11 1.9385827574e+04 8.6962601704e-01 
5.1568273276e-09 1.1665448204e+04 6.0720193850e-01 
3.6803025744e-11 1.1806971675e+04 2.5090387926e-01 
6.8179888025e-12 1.3532163462e+04 7.9041711255e-01 
2.6085786311e-10 1.2225058741e+04 7.0738237032e-01 
2.5829052223e-11 1.2667371396e+04 2.9613857769e-01 
1.4139874347e-10 1.2726261598e+04 5.7129679310e-01 
7.1524651055e-09 1.1965310033e+04 9.2045379845e-01 
2.5465685443e-09 1.1343062226e+04 5.0381847403e-01 
9.0112312811e-10 1.1599552326e+04 1.2197421930e+00 
5.2286342724e-11 1.1605887064e+04 7.5396694795e-01 
3.3139677417e-10 1.3244802923e+04 4.7796461074e-01 
3.2347905540e-09 1.3812400914e+04 9.4879291602e-01 
4.5236969558e-08 1.3701638511e+04 4.3013523178e-01 
6.4257352188e-06 1.3324680211e+04 6.5520046641e-01 
3.4161618622e-08 1.3413286215e+04 1.0203020320e+00 
1.7162932425e-10 1.1561420314e+04 9.6624032903e-01 
2.8502832592e-10 1.5405028709e+04 9.8382851177e-01 
5.0627986065e-08 1.3041247499e+04 7.6554836638e-01 
7.2666534673e-09 2.1851756583e+04 6.3788363425e-01 
1.1054930894e-08 1.8310046387e+04 1.1607250780e+00 
5.5013724784e-08 2.1227402045e+04 9.0620128440e-01 
2.9727848126e-07 2.5000000000e+04 1.1674187226e+00 
7.2767057963e-07 1.3877203834e+04 7.5135693437e-01 
1.3852313329e-10 1.9242616553e+04 3.4808674406e-01 
1.1308684854e-10 1.1248132248e+04 2.5916913941e-01 
3.5619937384e-09 1.6570491924e+04 8.0873306352e-01 
1.3875941895e-08 1.1846275179e+04 1.0479011512e+00 
4.0024156280e-06 1.4926610579e+04 1.1227109005e+00 
3.9243014806e-11 1.2328314364e+04 5.4312180564e-01 
3.2587944247e-10 2.1047957899e+04 1.1497739233e+00 
3.1396791097e-09 1.3678868576e+04 8.4249744223e-01 
3.5005617709e-10 2.3269833997e+04 5.1323166965e-01 
3.9601300389e-10 1.1410791095e+04 8.3600943419e-01 
6.7378338057e-10 2.3163191303e+04 9.5108058458e-01 
5.4170888869e-08 1.2671017600e+04 1.1395289904e+00 
2.8558587933e-08 1.3367374629e+04 1.1989927075e+00 
4.0972759099e-08 1.2398559301e+04 4.9567002538e-01 
7.9974543446e-09 1.2487741998e+04 5.1977406568e-01 
7.0506113616e-09 1.4379243129e+04 1.0165359551e+00 
1.3333846161e-07 1.2903224390e+04 4.9464768548e-01 
5.1065366332e-10 1.3237644098e+04 1.2366659047e+00 
5.0486573250e-08 1.1494776618e+04 1.0161027732e+00 
1.4149780517e-10 1.2700271822e+04 1.0827698776e+00 
1.2742503036e-10 1.1424867863e+04 1.1032559788e+00 
1.1145811781e-08 1.2585603828e+04 1.1677549638e+00 
2.7132796807e-08 1.1234187345e+04 3.9132378305e-01 
1.1283730428e-08 1.5439833128e+04 1.3083611884e+00 
2.2979750475e-07 1.3849583918e+04 3.4979365289e-01 
2.1434144010e-11 1.8793409861e+04 9.5255771465e-01 
6.5673551006e-10 1.3704183231e+04 3.3206835491e-01 
1.5467104191e-09 1.1212076453e+04 9.6719754923e-01 
6.3295634074e-08 1.9275197864e+04 1.4233224045e+00 
1.4365849817e-05 1.2150782249e+04 1.1834158545e+00 
6.8416790321e-10 1.1804393167e+04 9.1838561294e-01 
1.3994737236e-08 1.4080256277e+04 6.7459236995e-01 
2.9436300261e-08 1.5465182330e+04 1.1985884970e+00 
4.1242725320e-09 1.1692396243e+04 7.7620087468e-01 
7.4138639191e-12 1.2475187866e+04 1.0819244093e+00 
2.5576383764e-07 1.2186208573e+04 7.2899863478e-01 
1.5788917103e-07 1.8154379089e+04 1.1708604587e+00 
3.5966150373e-10 1.1222708869e+04 9.4365664940e-01 
4.1581996985e-06 1.5984764528e+04 7.7795999138e-01 
6.1630927959e-09 1.6639583715e+04 9.9017348982e-01 
9.4010359208e-07 1.4543031187e+04 9.2208703660e-01 
1.2847904080e-07 1.1426279931e+04 3.8687200606e-01 
1.9393340778e-07 1.3075404316e+04 7.1514093439e-01 
7.8267195395e-06 2.5000000000e+04 9.9052074019e-01 
3.3617080990e-09 1.2809108175e+04 1.2032879881e+00 
1.9357287736e-07 1.4151906373e+04 9.3153208562e-01 
1.6527552332e-09 1.5091105212e+04 3.9094026150e-01 
7.4812016506e-06 1.4081689670e+04 6.5002428642e-01 
1.9900435087e-10 2.1107862862e+04 4.5697069705e-01 
2.5017004327e-09 1.4867022423e+04 7.3795465477e-01 
7.7477688653e-11 1.4919369513e+04 9.2156567028e-01 
1.2827646035e-11 1.2208810633e+04 1.9671670670e-01 
5.9071735469e-10 2.5000000000e+04 6.1685658647e-01 
5.2026123361e-10 1.4045015136e+04 1.1428798442e+00 
9.7704509832e-10 1.1430795808e+04 1.3113779594e+00 
2.8322771261e-11 1.3843783474e+04 1.3841082298e+00 
1.3596194868e-10 1.5878902204e+04 1.4411314818e-01 
3.6917599884e-10 1.1362021765e+04 4.0271724408e-01 
4.3832224218e-06 1.1646959066e+04 5.7504695423e-01 
1.7071218780e-07 1.4379252809e+04 8.6508454096e-01 
3.4167086901e-08 1.2301522690e+04 1.0933245956e+00 
1.5027355624e-08 2.2058641788e+04 3.9353281094e-01 
5.4671018043e-11 1.5781985729e+04 8.9762764044e-01 
3.6324393741e-10 1.6326052148e+04 1.3452503251e+00 
4.6891932865e-09 1.1621229998e+04 7.9604278463e-01 
1.3476181586e-08 1.1521148769e+04 9.7138955929e-01 
1.6592064092e-10 1.6863875080e+04 7.6556572325e-01 
1.3423923308e-09 2.0258710812e+04 2.8602433529e-01 
3.9004818059e-10 1.3659695451e+04 1.2251126743e+00 
1.9464552452e-09 1.2429950033e+04 4.1874202348e-01 
1.9388308090e-10 1.3016384958e+04 5.7374931028e-01 
3.6160997840e-10 1.4214489224e+04 1.4568685089e+00 
1.2405570634e-05 1.3319289561e+04 4.9539393010e-01 
6.6193878204e-10 1.1256895141e+04 3.9466417349e-01 
3.0683888384e-10 1.7856991306e+04 2.0547473846e-01 
1.6943847871e-07 1.8068298608e+04 6.6898508413e-01 
8.0399574088e-09 1.5498430234e+04 5.3517976822e-01 
1.5906594161e-05 1.1674364606e+04 5.5965024089e-01 
5.1111037312e-09 1.6419954750e+04 6.7157161523e-01 
2.1703933499e-08 1.1471634562e+04 1.0339346533e+00 
9.5001767094e-07 1.5198615823e+04 2.9030739152e-01 
4.7290900687e-10 1.1891039166e+04 7.3737298188e-01 
2.0122150306e-08 1.1202378854e+04 1.2624083302e+00 
8.5082623170e-10 1.1779900540e+04 1.4368779744e+00 
1.0773295682e-06 2.0858578450e+04 1.0976640053e+00 
4.9648788731e-07 1.5623083839e+04 6.4268161473e-01 
3.5113358778e-08 1.2523888348e+04 1.3890097938e+00 
6.2221760453e-10 1.1217070106e+04 9.5545924262e-01 
9.6901858860e-11 1.3500368098e+04 1.1335580752e-01 
1.5494299268e-09 1.5239621749e+04 2.8025806681e-01 
2.7449173964e-08 1.3244394959e+04 9.3091362574e-01 
3.5180249063e-07 1.1686449993e+04 6.7025014706e-01 
1.2131398800e-06 1.3733049722e+04 9.2898583249e-01 
1.4237827698e-09 1.4779702349e+04 5.2759568825e-01 
2.0289251723e-08 1.3480716278e+04 1.3245549565e+00 
1.2585547003e-07 1.6582960253e+04 3.9552656257e-01 
2.3067588945e-09 2.1147863739e+04 1.1542424202e+00 
3.9583334389e-10 1.2497662400e+04 1.2070711998e+00 
2.1936143396e-08 1.3729668018e+04 1.0449922794e+00 
2.3982168768e-07 1.1290565368e+04 4.8602097175e-01 
8.7929002471e-06 1.1592808159e+04 6.0390787594e-01 
1.8045514721e-09 1.1686789268e+04 1.1379666742e+00 
2.8486190950e-06 1.1637422752e+04 2.0562867417e-01 
9.2511568453e-07 1.1468681091e+04 3.4503467846e-01 
9.9020791611e-10 2.5000000000e+04 3.8405563787e-01 
2.6970429068e-06 1.3929763821e+04 8.4102012921e-01 
8.1594528407e-10 1.2943290443e+04 1.0040769650e+00 
7.2762602064e-07 1.3355386554e+04 1.3961007096e-01 
6.8036940888e-08 1.6111890756e+04 4.5944593117e-01 
3.9730242070e-09 1.5166166721e+04 1.2942713001e+00 
5.3940154137e-08 1.4589694983e+04 7.3222789658e-01 
2.7450343633e-10 1.1794848202e+04 8.2753087865e-01 
2.1368833444e-09 1.4740062248e+04 8.8504088226e-01 
3.7235415143e-08 1.2976635801e+04 2.0788505729e-01 
5.2082187540e-10 1.2347130147e+04 1.0508164271e+00 
9.1825082690e-11 1.6762246934e+04 7.5783624459e-01 
1.4005896890e-11 1.1415155425e+04 1.1732700538e+00 
1.2389293300e-09 1.2105610204e+04 9.0772087735e-01 
2.8300559660e-09 1.2219390255e+04 1.0303887692e+00 
1.5512065225e-09 1.2759619679e+04 3.1102300682e-01 
1.6755248409e-09 1.5853484275e+04 3.3810116108e-01 
5.4930854011e-09 1.1273139828e+04 1.0805862030e+00 
1.5279968745e-09 1.1884303612e+04 1.0663436080e+00 
8.7704745969e-10 1.2242105762e+04 5.1931319158e-01 
2.1263736874e-09 1.3126176064e+04 6.8840098687e-01 
1.4186961815e-06 2.3318572655e+04 7.4590245517e-01 
8.2949751251e-12 1.1324184288e+04 3.1852905150e-01 
8.0597113676e-10 1.9357462404e+04 1.2045552479e-01 
8.4909294051e-09 1.2053989801e+04 3.3939281454e-01 
1.1647806277e-10 1.6134701090e+04 8.3584917238e-01 
3.2545098672e-08 1.2132975232e+04 3.1586131743e-01 
3.6390461793e-06 2.2208624279e+04 1.4017226534e+00 
6.0794879560e-11 1.8915868230e+04 1.0458044970e+00 
2.4913519801e-06 1.1648492630e+04 7.7478521926e-01 
6.0261089125e-11 1.1716351983e+04 8.5449875784e-01 
2.3514940104e-09 1.9108008078e+04 9.3329700417e-01 
3.7354854081e-09 1.5094430726e+04 5.7804466677e-01 
3.1525323719e-08 1.3431884975e+04 1.0212725465e+00 
1.3788119099e-09 1.6713128771e+04 1.0077264691e+00 
2.8568018484e-11 2.0796281045e+04 7.5145987727e-01 
7.3346445631e-09 1.3122183553e+04 6.0407202986e-01 
8.7377580981e-10 2.2137102259e+04 7.4735913426e-01 
8.6248783141e-07 1.2798401331e+04 6.0292997920e-01 
8.4392196122e-10 1.1882943884e+04 5.1555160538e-01 
5.9304537176e-10 1.2172951857e+04 1.3493050804e+00 
8.4299955733e-09 1.9679469606e+04 5.0247737095e-01 
4.7412917497e-10 1.3875109906e+04 5.0434445546e-01 
1.2178838136e-07 1.4842671024e+04 1.2736740464e-01 
3.4458041651e-08 1.3015269690e+04 7.3562721988e-01 
3.6821838266e-10 1.2779576443e+04 5.5567647477e-01 
2.5935643388e-09 1.2024758120e+04 4.3453795433e-01 
5.2717243454e-11 1.2944629658e+04 1.0123714295e+00 
1.1545083489e-06 1.1841973411e+04 1.0325761639e+00 
1.4054977736e-08 1.1660969890e+04 2.7620542985e-01 
2.9581098480e-09 1.5712258873e+04 7.6271210486e-01 
3.2274890662e-06 1.1398151003e+04 3.5050901906e-01 
6.9081017415e-08 1.4378166586e+04 4.5739236909e-01 
1.1888848379e-09 1.2234044672e+04 6.7219315068e-01 
8.4076802829e-09 1.3027677118e+04 3.6316372228e-01 
7.0091636193e-10 1.1377116537e+04 6.0376158527e-01 
3.5041242453e-07 1.1625041434e+04 3.6678098589e-01 
3.7374866091e-11 1.3852750519e+04 1.2654698960e+00 
7.8656462177e-11 1.1719435182e+04 6.2435517417e-01 
6.5422845449e-08 1.2676535275e+04 1.5953904309e-01 
1.2816290717e-09 1.2765059011e+04 3.2571599897e-01 
7.7479931709e-12 1.4379053046e+04 1.4081138962e+00 
5.6498615453e-10 1.2343610501e+04 6.0803525552e-01 
2.5310880636e-06 1.1377745908e+04 9.0543132031e-01 
2.4511971867e-06 1.8906692224e+04 6.2631638114e-01 
1.1766910788e-07 1.7475122624e+04 2.4895005918e-01 
3.6796788153e-06 1.1282522601e+04 4.1123528419e-01 
6.0084382818e-07 1.5314841795e+04 7.0096816069e-01 
1.0627233383e-09 1.4353760497e+04 7.2431512537e-01 
6.5377852066e-10 1.2307124146e+04 7.0910387803e-01 
2.1944437949e-10 1.1614617045e+04 9.8758188386e-01 
3.5952922041e-09 1.1996946706e+04 6.3665345203e-01 
3.5432784199e-09 1.1682239352e+04 2.5196570416e-01 
2.0190059423e-05 1.3842224005e+04 8.1452813290e-01 
8.8766214105e-07 1.4512668699e+04 1.1563421978e+00 
1.8970330578e-10 1.3603519149e+04 7.0510342523e-01 
1.7887571009e-10 1.2812462734e+04 1.2187472435e+00 
2.1793073317e-10 1.1325719632e+04 8.5153884267e-01 
2.4307310711e-09 2.2642774547e+04 1.2474453138e+00 
1.8366973048e-08 1.4338688620e+04 1.0084924206e+00 
1.7116675256e-09 1.3103731477e+04 4.7739326952e-01 
1.3016391305e-08 1.1490346094e+04 5.3772885925e-01 
2.6730077964e-08 2.0975994253e+04 5.0788291053e-01 
1.0577728856e-08 1.2339996166e+04 6.1238793371e-01 
8.1048719478e-07 1.1627327338e+04 7.4082593162e-01 
1.3894423219e-08 1.1771226229e+04 1.0359191721e+00 
7.0803678196e-12 1.3620096992e+04 8.1390011441e-02 
2.7716242553e-10 1.2157205140e+04 7.6048369743e-01 
4.2343771059e-10 1.8866119844e+04 9.2022933959e-01 
1.5593918569e-06 1.2918713496e+04 6.5119133707e-01 
5.7724830926e-10 1.4535126824e+04 9.7221245314e-01 
1.7318381111e-10 1.1689150917e+04 4.0752012087e-01 
3.2435435541e-11 1.2449400764e+04 7.6510521706e-01 
7.4165188687e-09 1.3059169558e+04 5.4089108609e-01 
1.0594736738e-09 1.1589717087e+04 6.9975519311e-01 
5.9999085974e-09 1.1640176906e+04 1.2738345854e+00 
1.3807071732e-08 2.5000000000e+04 1.2557338866e+00 
1.9983540174e-11 1.1959759473e+04 4.0906549659e-01 
8.4889171029e-09 1.4863271768e+04 4.6907534031e-01 
1.3349276260e-08 1.1344851679e+04 8.7530135440e-01 
7.4030958272e-07 1.2353824913e+04 8.1887310796e-01 
2.9404015676e-09 1.2080904252e+04 1.0337086325e+00 
1.8739579886e-05 1.2888792435e+04 7.9276654124e-01 
3.6110040516e-10 1.1706053212e+04 1.3028718810e+00 
1.2752110544e-07 1.6415841561e+04 1.0190010687e+00 
1.0122809469e-07 1.1985191084e+04 4.7181776803e-01 
5.9286075556e-11 1.4874750492e+04 7.5153537522e-01 
8.0407634883e-10 1.1383987516e+04 1.0736468139e-01 
3.0585563362e-10 1.6415811229e+04 7.4865243111e-01 
2.8709498995e-08 1.9415473716e+04 3.7882528882e-01 
5.0272428162e-07 1.4670187743e+04 2.4178418498e-01 
5.4968350665e-10 1.4087355516e+04 7.7828008803e-01 
1.2735690899e-11 1.1854475709e+04 1.1606735769e+00 
8.7208574458e-10 1.8159718468e+04 6.8529307109e-01 
1.0335091272e-05 1.2861314428e+04 6.9533815380e-01 
6.1634388976e-08 1.7704505112e+04 4.4992427931e-01 
2.1480569123e-09 1.4536027058e+04 6.3694045067e-01 
4.8799856162e-07 1.8176262578e+04 1.2295114997e+00 
2.7649558760e-07 1.4349729070e+04 1.2127354145e+00 
1.6171898482e-10 1.7131486236e+04 9.5159603843e-01 
7.5832740250e-06 1.5594423730e+04 1.0743612470e+00 
1.6169439135e-05 2.5000000000e+04 8.1170527903e-01 
3.4889046017e-08 1.1931585410e+04 1.2852389614e+00 
3.0374043473e-06 1.2012083156e+04 3.6326957921e-01 
4.7111167417e-10 1.2580990051e+04 9.4041515802e-01 
6.0432346583e-06 1.6888577690e+04 1.1454864169e+00 
1.0507613828e-09 1.5734864556e+04 4.0238248552e-01 
5.5767387552e-08 1.6919519838e+04 6.5696977201e-01 
6.6691877494e-06 1.1463776902e+04 4.1063047258e-01 
5.4957658913e-09 1.7203177518e+04 9.6031939667e-01 
2.4510626866e-09 1.6827525767e+04 3.2845674336e-01 
8.5273475706e-09 2.5000000000e+04 1.1835926224e+00 
3.2211889577e-10 1.1862444856e+04 5.6936232868e-01 
1.4167514474e-11 1.8574350892e+04 4.5335936911e-01 
8.5257419777e-08 1.9320243923e+04 4.3315926550e-01 
1.6637360540e-08 1.4938105397e+04 5.7119455136e-02 
1.0497797418e-08 1.2627568587e+04 1.3489510170e+00 
6.7140191297e-11 1.3016095815e+04 8.1960481907e-01 
2.0284551539e-07 1.3105384253e+04 3.7144449622e-01 
1.4129408010e-05 1.1605949510e+04 6.1910796229e-01 
2.6283914569e-09 1.5552633454e+04 4.5460332587e-01 
3.3273562429e-09 2.0040588621e+04 1.1119686339e+00 
7.5007057775e-11 1.3676113713e+04 3.7141466954e-01 
5.4279807848e-10 1.1463279652e+04 1.0675013721e+00 
3.5768157326e-09 1.3628443774e+04 6.0163197251e-01 
2.3773845298e-09 1.2776514972e+04 1.0782598093e+00 
2.0480498699e-07 1.2809945502e+04 4.3560028733e-01 
1.0523632326e-07 1.8390636522e+04 5.9278331833e-01 
5.1787532168e-11 1.3406787016e+04 1.0865004692e+00 
8.5060584665e-08 1.6641140726e+04 9.6498887673e-01 
5.8830492757e-09 2.2887133056e+04 1.0689155669e+00 
1.4393599558e-10 1.1746413935e+04 4.1382866538e-01 
3.2455105448e-08 1.1899101973e+04 2.7314742676e-01 
1.8129255179e-10 1.7208113619e+04 3.3513390662e-02 
3.8825741316e-08 1.1455977879e+04 5.0583751734e-01 
2.6749035945e-10 1.2521010735e+04 3.1044602936e-01 
2.4155346305e-09 1.4652759964e+04 1.4934683300e-01 
2.1188939150e-09 1.1441583988e+04 5.8006117410e-01 
1.7202802691e-10 1.5572683025e+04 6.3883796536e-01 
2.5287195116e-08 1.1299762063e+04 1.0695303403e+00 
3.5053556521e-08 1.4373923009e+04 5.8593434364e-01 
4.0431432333e-09 1.5999499439e+04 5.6942359326e-01 
5.5664937623e-10 1.5117090956e+04 1.0812416482e+00 
4.2056131270e-08 1.3275193586e+04 8.5622133613e-01 
2.7169708101e-09 1.1734653763e+04 8.3521143110e-01 
2.4285431356e-09 1.1508428678e+04 9.5043810389e-01 
8.0301847616e-10 1.2424447519e+04 6.1903648093e-01 
3.5193852091e-09 2.0488961791e+04 8.7013790888e-01 
1.5208591800e-08 1.2175709681e+04 9.5504318592e-01 
2.8849612484e-08 1.8846243769e+04 1.3136399551e+00 
1.0527152360e-07 1.5234357293e+04 1.5005240496e-02 
2.3614809273e-11 1.4993592861e+04 6.5265440034e-01 
1.1244415916e-07 1.2503329267e+04 5.9533888109e-01 
2.6216188688e-10 2.1613292897e+04 9.2219000806e-01 
2.7981178310e-07 1.4982885173e+04 1.0581530660e-01 
1.7500104969e-11 1.2001425269e+04 1.3089751720e+00 
7.9584725031e-09 1.1906362297e+04 1.0903991916e+00 
7.4361433036e-08 1.2190017148e+04 1.1806629216e+00 
9.7264681775e-07 1.6415579317e+04 1.2056961080e+00 
1.0395812149e-11 1.7066097451e+04 5.5748300021e-01 
2.4758412783e-08 2.1957375792e+04 1.2385409053e+00 
1.8328204616e-08 1.3451006071e+04 2.8084686034e-01 
1.8069902864e-05 1.3877283431e+04 8.7102750239e-01 
1.5821006696e-07 1.1373580997e+04 1.1982846713e+00 
1.5104111084e-11 1.1398890205e+04 7.5159264352e-01 
7.4231008457e-10 1.2791037282e+04 3.5215759901e-01 
2.4409162856e-09 1.2383394060e+04 8.7038439827e-01 
2.7971547664e-08 1.5435116794e+04 9.0786167747e-01 
8.8400506724e-10 2.1088148868e+04 2.3583426383e-01 
1.2821959252e-09 1.2145305851e+04 6.9097009803e-01 
2.4525692975e-07 1.2067184517e+04 9.9920237962e-01 
1.9592603515e-09 1.2751782604e+04 1.1803720757e+00 
2.2232454210e-09 1.1242115970e+04 9.0920356088e-01 
3.4400705999e-09 1.4699403294e+04 8.2823651148e-01 
2.8689340317e-08 1.1793618063e+04 1.0242263453e+00 
2.2286427675e-07 1.4632983976e+04 6.8007634153e-01 
5.9631114482e-09 1.1632998562e+04 1.2006864678e+00 
5.0546354447e-06 1.1500940110e+04 8.9690032837e-01 
1.0868832637e-08 1.8699301198e+04 2.9103925312e-01 
4.2476908285e-11 1.4552297689e+04 6.7158950955e-01 
1.3001869036e-09 1.2026139888e+04 4.4627591125e-01 
8.4129917605e-10 1.2717538848e+04 1.2078480424e+00 
1.7464581100e-09 1.3718243349e+04 1.0914158700e+00 
2.7825060114e-10 1.2871309194e+04 4.1909682697e-01 
9.0889872870e-12 2.2807122085e+04 1.2531363370e+00 
1.9303257840e-11 1.6597439435e+04 1.1791362435e+00 
1.0669428230e-10 1.6327811570e+04 4.1214350622e-01 
2.0271404680e-06 1.2439586667e+04 4.8311813983e-01 
4.3847004351e-11 1.2297703552e+04 4.9603755498e-01 
6.7785948983e-10 1.2252127985e+04 1.3776007793e+00 
3.8097654787e-12 1.2267228852e+04 5.9812456799e-01 
1.2737145678e-10 1.1644084430e+04 7.9195156619e-01 
1.7917704960e-09 1.9714472881e+04 9.0056464407e-01 
1.1604894044e-06 1.4673668010e+04 7.5007725285e-01 
4.9284054616e-08 1.8951676885e+04 7.3389472270e-01 
7.5504920350e-08 1.1436953641e+04 3.1389018317e-01 
2.5293587835e-06 1.2398853962e+04 1.2770437151e+00 
1.8559502086e-10 1.3639813572e+04 3.8895469151e-01 
3.7626498129e-07 1.3740992417e+04 4.4661144672e-01 
1.4060096641e-10 1.3215892591e+04 4.7957299959e-01 
1.3217093435e-08 1.1780484562e+04 1.1773429165e+00 
1.2834858194e-07 1.4398759764e+04 6.6954126470e-01 
1.4340873326e-10 1.5084902313e+04 9.2038929256e-01 
7.4238564532e-10 1.5985500761e+04 1.2897290820e+00 
9.8177647850e-11 1.1464305682e+04 1.3083312770e+00 
4.7664375765e-06 1.2230164531e+04 8.2454622121e-01 
1.4713871977e-08 1.5212820950e+04 1.4076915921e+00 
2.5976432608e-07 1.4391013007e+04 7.5717592591e-01 
1.7732301439e-08 1.7717614955e+04 1.2806814935e+00 
2.8909786746e-06 1.3424932505e+04 4.1722756667e-01 
6.8013659365e-07 1.5568921976e+04 7.2175640507e-01 
2.0635744587e-11 1.1639282483e+04 6.4591803214e-01 
1.5347670126e-07 1.3383202852e+04 9.1712394737e-01 
7.6271661654e-11 2.4425742883e+04 8.0179677869e-01 
2.4658835880e-08 1.3299283496e+04 1.1064401500e+00 
1.4164552432e-09 2.0938185380e+04 1.3383571234e+00 
1.7454737734e-08 1.8120805843e+04 6.6783081008e-01 
5.7078258883e-08 1.8041739057e+04 8.2093131298e-02 
3.0096757498e-08 2.4200567140e+04 8.3385290133e-01 
7.9193851325e-08 1.2955346454e+04 7.6940781191e-01 
8.6767273690e-08 1.4721745403e+04 3.8886648768e-01 
6.1761907314e-10 1.9660578271e+04 7.3844758931e-01 
1.3025724883e-08 1.1736489885e+04 1.2233576597e+00 
1.7289590700e-09 1.1201325955e+04 1.2929316678e+00 
7.3231194791e-08 1.2083703944e+04 6.4154300568e-01 
4.2089906587e-06 1.2863763867e+04 7.8041582447e-01 
1.2363348706e-07 1.4682853559e+04 9.5704524112e-01 
1.1625804240e-08 1.6144080264e+04 1.1407434318e+00 
3.2606584951e-11 1.4127129388e+04 8.9320716901e-01 
3.8642307411e-09 1.1632173206e+04 1.2493312305e+00 
1.1660487906e-07 1.5451088103e+04 1.1284764700e+00 
4.2783796475e-08 2.4797895924e+04 8.0767042929e-01 
1.0029311931e-09 1.1771051539e+04 1.1675149497e+00 
6.6095746180e-09 1.2757103884e+04 4.9898283079e-01 
3.5249907631e-10 1.3612630936e+04 8.8632392173e-01 
5.8417392375e-08 1.2958294099e+04 1.3328217443e+00 
7.1864443578e-09 1.1608637967e+04 7.1673416644e-01 
2.3429950480e-08 1.3917564436e+04 3.4579390467e-01 
1.6092635696e-08 2.4612659247e+04 7.5453300711e-01 
2.0818124378e-07 1.1701188938e+04 1.1341016308e+00 
2.0600259695e-08 1.3194841974e+04 6.0002250783e-01 
1.1604783598e-08 2.0277369276e+04 1.3527995775e-01 
2.2184587917e-09 1.5791175100e+04 1.0650940671e+00 
8.7004954129e-10 1.6480875178e+04 7.4930323142e-01 
1.3589227898e-08 2.5000000000e+04 1.1618548837e+00 
1.1973480019e-11 1.2094504843e+04 7.3282019130e-01 
7.3306725762e-10 1.1367948398e+04 8.6573280121e-01 
6.3718124473e-07 1.1353969409e+04 3.1304657843e-01 
3.0437638188e-11 1.1612976189e+04 7.6314548389e-01 
5.8062175435e-11 2.5000000000e+04 1.0169079562e+00 
1.2744595136e-10 1.2643096644e+04 1.1159338900e+00 
6.2446079209e-07 1.5086937929e+04 9.0116898237e-01 
3.4060804553e-09 1.1544810472e+04 8.2453667787e-01 
6.9737915356e-08 1.2983049946e+04 3.2955608671e-01 
4.8823239957e-11 1.2861196094e+04 1.3843352113e+00 
1.1430371641e-05 1.4205040555e+04 1.2044769771e+00 
3.4539845621e-09 1.4801844529e+04 6.9842645342e-01 
3.1222663080e-10 1.3897311673e+04 1.0531473739e+00 
2.3682946358e-08 1.7231293014e+04 4.4094065354e-01 
2.2801453131e-10 1.2576406875e+04 5.5219136491e-01 
3.1287341531e-10 1.3276365364e+04 2.7100104365e-01 
8.3671410094e-08 1.7195085395e+04 1.4923240423e+00 
2.2948669431e-06 1.2584717509e+04 7.2741982194e-01 
1.0181404017e-08 1.2451518902e+04 6.3455595252e-01 
1.0052701375e-09 1.3123058810e+04 2.0525913714e-01 
7.2791424530e-07 1.3770463786e+04 9.7789709177e-01 
3.2228392419e-08 1.2262844723e+04 7.2057726195e-01 
1.8326408039e-11 1.1674877445e+04 3.0528346294e-01 
2.2732419180e-09 1.7468687278e+04 8.0443290705e-01 
1.2531526269e-07 2.0270570544e+04 8.9413136840e-01 
8.4566099785e-10 1.4394731848e+04 2.3489079150e-01 
9.6009489776e-10 1.1657099611e+04 1.0468138140e+00 
3.7157074572e-06 1.2411053442e+04 1.0575441769e+00 
4.1757390485e-12 1.4923205571e+04 8.1731124388e-01 
2.6424346091e-06 2.0077254916e+04 5.3811610726e-01 
1.4040657703e-09 1.4206941564e+04 1.3426371360e+00 
2.3708090038e-10 1.1870535859e+04 6.8985126564e-01 
5.7368083296e-07 1.6544248277e+04 5.4315121683e-01 
1.9552123136e-09 1.3961754716e+04 9.2342951008e-01 
1.3517513179e-08 1.1796668513e+04 8.9290250677e-01 
5.4653347034e-07 1.3138171184e+04 5.7118738508e-01 
9.0106919852e-09 1.1450872956e+04 1.3782038617e+00 
2.6165299419e-09 1.9958604389e+04 2.1795839950e-01 
3.7229422654e-11 1.5987971610e+04 1.1701643053e+00 
3.0950093158e-09 1.3061975009e+04 7.0357897945e-01 
4.7486289091e-08 1.1497731092e+04 5.0540105295e-01 
5.9550431973e-09 2.2469055000e+04 9.8945145850e-01 
3.9333408728e-10 1.2775929658e+04 1.2620640351e+00 
1.2811165686e-11 1.9012319786e+04 1.2202511175e+00 
4.9561646660e-10 1.4477341120e+04 1.3325449188e+00 
4.1618733586e-09 2.5000000000e+04 4.1053533616e-01 
1.5143801723e-08 1.4920160934e+04 7.1261299556e-01 
7.3641227746e-09 1.2205426399e+04 1.3760746293e+00 
6.1220816121e-11 1.1428223460e+04 5.8626569528e-01 
1.4039653512e-07 1.3798777523e+04 9.1107608199e-01 
9.8675647757e-07 1.4303756811e+04 1.1470531852e+00 
2.6488258267e-10 1.6837347003e+04 7.8934746296e-01 
5.1047450988e-07 1.3969413243e+04 9.0846807515e-01 
1.5719708503e-07 1.1504318512e+04 8.4602152409e-01 
3.1922675756e-11 1.5363018125e+04 7.9001969368e-01 
1.8691533603e-06 1.2370675162e+04 1.4509283898e+00 
4.4264495096e-11 1.4951697134e+04 8.2655757108e-01 
2.1801021017e-10 2.5000000000e+04 1.3012279813e+00 
1.7322604790e-08 1.3639448392e+04 6.0204009302e-01 
1.9784546336e-09 1.3145294874e+04 1.2643131636e+00 
9.7929486073e-09 1.1497420976e+04 6.4133515442e-01 
7.9373521671e-08 1.2374249191e+04 1.3568080723e+00 
3.0895435427e-09 1.5479246341e+04 2.6550113291e-01 
4.2744503800e-09 1.3206199960e+04 9.7042823705e-01 
1.9533757719e-07 1.2243567928e+04 3.8636260229e-01 
2.4681923292e-08 1.1641368146e+04 1.0946095671e+00 
5.3159436396e-11 1.2776839489e+04 1.1190525748e+00 
1.8859346797e-05 1.2182309903e+04 2.2824912335e-01 
4.6575332165e-07 1.1455365807e+04 8.6662632069e-01 
1.4965297354e-09 2.5000000000e+04 8.6800312338e-01 
5.0115473336e-08 1.3789936435e+04 1.4443704645e+00 
7.6873528082e-07 1.6204519397e+04 4.6126505205e-01 
5.1800213514e-09 1.2709415625e+04 6.7152561045e-01 
1.9298075091e-05 1.3595994599e+04 6.3087941355e-01 
8.3288237120e-08 1.4242379663e+04 1.3976943293e+00 
6.3695604871e-11 1.2462316605e+04 4.6111918563e-01 
8.1771981855e-10 1.2008007661e+04 1.2560683153e+00 
1.2376984913e-10 1.3746114442e+04 1.1942406608e+00 
3.8136583135e-11 2.5000000000e+04 1.2678285008e-01 
3.3855422006e-11 1.4517949044e+04 9.0929807859e-01 
2.9814853313e-07 1.1490019315e+04 1.0265772823e+00 
1.4648267697e-08 1.4688716565e+04 1.0713925002e+00 
1.4740818919e-07 1.8593190006e+04 4.4097705427e-01 
5.8301149391e-08 1.9273985056e+04 6.5774124257e-01 
7.4967849923e-07 1.1782129912e+04 1.3366102002e+00 
1.5686117464e-10 1.4626736178e+04 6.0588385617e-01 
1.9750386333e-09 1.5351371103e+04 1.0354135048e+00 
1.0529348293e-06 1.3702533393e+04 7.2042154099e-01 
6.2937689784e-12 1.1271602221e+04 1.8206930273e-01 
1.7679580849e-11 1.1211774898e+04 1.2147010401e+00 
5.1207518698e-08 1.1269204284e+04 7.8676624356e-01 
3.1065564637e-07 1.1401510047e+04 7.1428959386e-01 
2.1040602172e-07 1.7528216368e+04 9.6452822915e-01 
7.9077801431e-09 2.0476262590e+04 1.3457682449e+00 
6.9195220713e-09 1.2724766977e+04 3.8647354998e-01 
4.5925753542e-10 1.5384118118e+04 1.2421372551e+00 
1.0981239052e-08 1.7039477817e+04 8.6924109685e-01 
1.0122729563e-08 1.2155675334e+04 1.0276588007e+00 
9.1255439992e-10 1.7274018439e+04 3.3514507315e-01 
6.3974801067e-11 2.2396495655e+04 3.9910876491e-01 
5.1919266492e-08 1.1521644573e+04 6.6216818356e-01 
1.4099494232e-07 1.2917163954e+04 7.0279022255e-01 
7.9672476221e-09 1.4028692464e+04 7.1303802261e-01 
4.7248811193e-09 1.3979460403e+04 4.6009529202e-01 
2.0080694918e-06 2.2180871870e+04 3.2096950951e-01 
2.4898834987e-08 1.3733873585e+04 1.2387329939e+00 
3.9241125858e-11 1.2594210926e+04 4.1474258125e-01 
7.2855266731e-07 1.1923696810e+04 1.1910506553e-01 
1.3435475791e-09 2.5000000000e+04 8.2762264099e-01 
2.4724390883e-08 1.1341445823e+04 4.7218630990e-01 
1.6328203399e-08 1.2440713400e+04 7.5701916190e-01 
2.1019353869e-09 1.1264130800e+04 5.1593614538e-01 
1.1010878683e-09 1.2387292720e+04 1.0132312584e+00 
5.6521024704e-10 1.1957086708e+04 6.8052397883e-01 
2.7737943248e-10 1.1441825568e+04 2.9551719985e-01 
2.1025951043e-10 1.3556330482e+04 1.3546322144e+00 
1.3477699549e-08 1.6828845031e+04 1.2397882529e+00 
4.4202980096e-08 1.5777685558e+04 1.0179767019e+00 
8.7436516345e-12 1.3091409387e+04 4.9337719140e-01 
1.4657198384e-08 1.2143897524e+04 2.5575880193e-01 
4.9873304018e-07 1.1823893967e+04 1.2165843251e+00 
6.9519643412e-09 1.4430438013e+04 4.6849197367e-01 
6.8316859009e-09 1.1530611141e+04 1.1725753515e+00 
2.3523848181e-09 1.2359447030e+04 2.3215762200e-01 
7.8783272932e-07 1.3662937657e+04 9.2229929302e-01 
8.4878220621e-07 1.2680444937e+04 9.9079321358e-01 
1.3902280824e-06 1.1534813485e+04 1.0939278567e+00 
7.8758042712e-08 1.4202407524e+04 4.3261913814e-01 
3.4968049584e-08 1.3222408752e+04 4.3569208263e-01 
3.9236960698e-10 1.4466288957e+04 6.4577196333e-01 
1.1020275971e-10 1.2357051725e+04 5.1501146591e-01 
1.0969042646e-08 1.6985164046e+04 1.4142878958e+00 
2.2213256441e-10 2.2008989132e+04 7.1849727166e-01 
4.6548363085e-09 1.1286228329e+04 1.2515750195e+00 
5.6454103344e-08 1.4756609890e+04 8.1738539469e-01 
6.4135926734e-12 1.4009478851e+04 9.2793291441e-01 
3.0708092989e-08 1.9652894670e+04 4.0338498773e-01 
6.8447666427e-08 1.1883609710e+04 4.6104610279e-01 
1.6015217638e-10 1.4803373618e+04 2.0908075216e-01 
3.1998682759e-09 1.1567361363e+04 9.1172415337e-01 
1.4287626367e-09 1.2975200427e+04 8.2978285100e-01 
2.0534210406e-10 1.4186492999e+04 1.2513016538e+00 
1.3962334023e-07 2.3937056653e+04 4.8380128978e-01 
8.1050813306e-11 1.8557866727e+04 6.5594433998e-01 
8.8645557034e-09 1.1576834329e+04 8.5794553126e-01 
7.7498839553e-09 1.5444720564e+04 8.5353353525e-01 
1.1663291293e-10 1.3443474573e+04 9.7841986545e-01 
7.3194242312e-07 1.2565180122e+04 8.7078267548e-01 
3.5240105670e-09 1.2580265578e+04 7.0881653091e-01 
3.2036072570e-10 1.2647434047e+04 8.8326254465e-01 
2.2355613622e-09 1.1691360090e+04 1.0899370519e+00 
1.1426940454e-08 1.1605944645e+04 8.9543287892e-01 
5.2500230034e-10 1.7792590548e+04 1.1576936116e+00 
6.8044625402e-09 1.1610621375e+04 8.9151696126e-01 
1.1167886426e-08 1.4467937545e+04 8.0958080219e-01 
1.1214106857e-06 1.6338699738e+04 1.2943289409e+00 
4.2811253381e-08 1.3457796174e+04 3.6470676992e-01 
3.2572027798e-08 1.2809427242e+04 3.6787765274e-01 
6.9608897732e-10 1.9401287654e+04 4.3284409477e-01 
1.5904980176e-09 1.1710117581e+04 1.1940308097e+00 
1.2153583971e-08 1.5919514227e+04 9.7530951224e-01 
2.1722092781e-06 1.1317850466e+04 5.4735578394e-01 
2.4407735808e-06 1.2708414641e+04 5.0803757583e-01 
1.0696427701e-08 1.4000113396e+04 8.2864284543e-01 
4.8037944436e-12 1.3268942974e+04 7.3904450321e-01 
2.3410493727e-08 1.8820345473e+04 4.2771983118e-01 
4.4413812974e-07 1.5626242733e+04 9.8856424289e-01 
1.2842716367e-07 2.3132159301e+04 1.1154962939e+00 
8.6474763311e-07 1.5151814765e+04 8.7206371372e-01 
7.1141933434e-09 1.1559524917e+04 6.6676109585e-01 
1.1775364888e-11 1.2870197432e+04 1.2485652688e+00 
4.8258726101e-06 1.1972751523e+04 1.0583008747e+00 
1.5064720313e-10 1.2010439032e+04 7.2928882712e-01 
2.4350526303e-09 1.9429098803e+04 4.4663272518e-01 
3.1238338779e-09 1.4294568334e+04 7.5211449037e-01 
1.6578340268e-06 1.3197154111e+04 1.1422830181e+00 
6.7056504909e-08 1.2554339542e+04 2.2422635457e-01 
4.1972336394e-09 1.2241577896e+04 9.8169541903e-01 
1.6055713366e-10 1.3285456366e+04 5.0765434651e-01 
6.8972177925e-06 2.3112686157e+04 1.2139756355e-01 
3.3153691251e-11 1.1206419896e+04 8.7515110387e-01 
1.3390881703e-07 1.3509670773e+04 2.7399740673e-01 
2.2139678132e-08 1.3146657284e+04 9.1876067947e-01 
1.3625057318e-08 2.2048742126e+04 6.0361161211e-01 
3.6169919623e-10 2.5000000000e+04 3.6414327233e-01 
3.2316330567e-10 1.1768423223e+04 8.5858385461e-01 
1.1748794237e-07 1.6038602847e+04 1.4038058139e+00 
1.6227928008e-10 1.1240834223e+04 8.4349820358e-01 
9.2461099925e-06 1.6142246796e+04 8.3849229092e-01 
7.3934073945e-08 1.2917510337e+04 1.8047463794e-02 
2.8765527202e-10 1.1204668027e+04 1.4982124861e+00 
1.1515598399e-09 1.8747188531e+04 1.2873189213e+00 
9.9976271936e-09 1.3897802702e+04 6.7002012681e-01 
1.4021207952e-11 1.3309270030e+04 6.0070893722e-01 
2.0277600267e-08 1.1996811555e+04 7.4995245939e-01 
3.1535438308e-08 1.3900824350e+04 8.2797389394e-01 
2.2666971050e-11 1.1233585094e+04 6.5716687788e-01 
1.8234063781e-08 1.1416935520e+04 4.2897493443e-01 
3.6076130584e-08 1.3792117335e+04 5.6952065257e-01 
6.7013951943e-08 1.6709219691e+04 6.6124686411e-01 
5.2913336122e-08 1.1476609214e+04 3.5529009507e-01 
4.9867585370e-10 1.2800896907e+04 1.3449421757e+00 
4.6007837228e-11 1.2160708500e+04 2.7746661218e-01 
8.6844524742e-11 1.4028213381e+04 5.2763615230e-01 
4.3853277193e-12 1.1908805849e+04 1.3763223716e+00 
1.7891130167e-10 1.1938797619e+04 7.7899919737e-01 
3.8527036955e-10 2.0111218715e+04 6.6333705785e-01 
4.2668804593e-09 1.1790738089e+04 1.7285526351e-01 
9.6334285180e-11 1.2303305816e+04 3.7188238804e-01 
8.0415127445e-10 1.3029739710e+04 4.2236430109e-01 
1.2118088012e-09 1.9469121044e+04 1.0855912421e+00 
1.6045589409e-09 1.1428429968e+04 6.2958248091e-01 
6.2760318062e-08 1.1638512156e+04 6.6110301098e-01 
7.1441719688e-09 2.0213339006e+04 7.3786974560e-01 
2.1169050671e-07 1.3229738312e+04 1.2452406421e+00 
9.6401201808e-09 1.2753709438e+04 4.2286520549e-01 
4.8036979589e-10 1.3123692167e+04 8.1958023397e-01 
3.1938936006e-10 1.1338914065e+04 2.3459263619e-01 
6.1870513902e-10 1.1229938786e+04 1.8496371852e-01 
1.3658296074e-10 1.1481630623e+04 1.4520256356e+00 
1.6271216564e-08 1.2292340659e+04 1.1375518282e+00 
1.8924084979e-09 1.2085470201e+04 1.1434345566e+00 
3.8643013555e-09 1.1612947825e+04 5.2217736478e-01 
3.5717135158e-09 1.4931639113e+04 8.6443175298e-01 
3.7925857949e-07 1.1718878344e+04 7.6901880776e-01 
7.5194091070e-10 1.8280933211e+04 2.4693854564e-01 
1.5474943193e-08 1.2713462691e+04 4.1384414986e-01 
8.8787288658e-10 1.1230525893e+04 2.3491132044e-01 
4.5917794663e-11 1.4473254067e+04 5.5770043980e-01 
4.7311284190e-09 1.6460036724e+04 1.3438482762e+00 
8.6476446375e-10 2.5000000000e+04 1.0804873690e+00 
1.0614576499e-07 1.9027307983e+04 9.0775809450e-01 
5.8719708036e-10 1.1991171283e+04 5.5653625650e-01 
2.1584967829e-07 1.8501464325e+04 1.2938067658e+00 
8.7692308895e-10 1.1335274328e+04 8.0117788531e-01 
2.0389492165e-09 1.2582357685e+04 6.2639717670e-01 
8.4117925735e-09 1.4945907816e+04 8.9384770241e-01 
7.4355625238e-10 1.4610556337e+04 7.9051384803e-01 
1.0056221260e-08 2.0145137156e+04 2.7464126541e-01 
9.3734646664e-08 1.3110884972e+04 6.7216292794e-01 
2.9731227582e-10 1.4535723485e+04 1.2333347707e+00 
4.3479688515e-11 1.4108476252e+04 6.7576898271e-01 
4.2279892670e-09 1.2763066083e+04 1.0048667390e+00 
1.9067301935e-09 1.7741115303e+04 7.1528739690e-01 
1.4439842820e-07 1.6647085091e+04 8.2125498653e-01 
1.2628658602e-07 1.9317519668e+04 1.0457040069e+00 
1.9191333372e-07 1.5039577961e+04 1.1448324148e+00 
1.2123997540e-10 1.2153713027e+04 6.4520290262e-01 
3.0322551896e-10 1.5512537521e+04 4.5440044250e-01 
3.5528536460e-07 1.2360907124e+04 1.1499449520e+00 
7.4707324509e-10 1.1462046885e+04 9.9559602733e-01 
3.7720871192e-09 1.2732085001e+04 7.3305705226e-01 
1.1476922591e-07 1.1391551266e+04 7.2005036931e-01 
1.1436557451e-08 1.2822822846e+04 4.8759750884e-01 
5.1345087748e-08 1.6440483894e+04 3.7117456039e-01 
4.9081917498e-11 1.7304510408e+04 6.3882508562e-01 
1.2483092399e-08 1.1368177914e+04 5.7377235850e-01 
4.4193267072e-10 1.3440540421e+04 7.8233088654e-01 
2.0448312991e-08 1.6614009548e+04 7.7391120614e-01 
2.3254913202e-05 1.1287333317e+04 1.2185212237e+00 
3.4616144373e-09 2.5000000000e+04 2.0389411621e-01 
4.1952776444e-11 1.6181202220e+04 8.9632709133e-01 
5.6588557016e-09 1.5264289584e+04 7.6261450044e-01 
5.1649098121e-08 1.1688850166e+04 2.3960935371e-01 
2.8621360057e-06 1.2448431237e+04 6.2637639598e-01 
1.1546675813e-09 1.2802701527e+04 1.7175424327e-01 
1.8068046812e-10 1.5271226038e+04 4.8047677460e-01 
7.6316966342e-07 1.3191263467e+04 4.3575366222e-01 
2.4685335749e-09 1.4369846560e+04 9.1074494098e-01 
2.8159772840e-10 1.3032899144e+04 3.7498102042e-01 
5.5759221587e-10 1.5398938121e+04 2.1854057523e-01 
2.5099910228e-10 1.2116793125e+04 5.5524223974e-01 
2.2683696452e-08 1.2300480454e+04 8.7146955832e-01 
2.3384935736e-11 1.3545464500e+04 1.2082843400e+00 
2.9939501422e-09 2.5000000000e+04 8.9001540812e-01 
2.4258361819e-08 1.9837789061e+04 7.0329417510e-01 
1.4670054651e-08 1.3328247559e+04 3.6576703079e-01 
3.1481035785e-09 1.5246525971e+04 1.2547473086e+00 
1.3321062414e-08 1.2439799826e+04 3.1248596623e-01 
4.9548874868e-07 1.5606631411e+04 7.1891302629e-01 
5.6988381564e-10 1.1348281674e+04 1.2474748123e+00 
2.1000596016e-09 1.2153693024e+04 2.2179379249e-01 
2.2596273699e-07 2.0320300070e+04 5.4394675377e-01 
2.1199291607e-10 1.2611103210e+04 7.6537909697e-01 
4.8640054795e-11 1.2810732190e+04 7.5208761388e-01 
2.1619899785e-09 1.3054231034e+04 2.6937330560e-01 
1.3801313446e-07 1.3833407859e+04 1.0154181977e+00 
3.3319891816e-06 1.2647407962e+04 6.6935093555e-01 
3.5130164785e-10 1.2420345364e+04 1.1783769452e+00 
1.9685865172e-08 1.1265475075e+04 5.9989887229e-01 
1.4469291005e-08 1.1773597616e+04 1.3934878801e-01 
4.0051422713e-10 1.7914817989e+04 1.4867995265e+00 
2.7516055737e-09 2.3034660556e+04 8.1668222962e-01 
5.7183334667e-09 1.2830188549e+04 4.4371281764e-01 
6.0567635729e-08 1.1925727768e+04 7.6411360923e-01 
1.8381720746e-10 1.7888821874e+04 1.1479666550e+00 
3.1007614238e-08 1.7349075424e+04 9.1506462393e-01 
6.4446121710e-09 1.4144927616e+04 5.4207845751e-01 
3.0917767281e-09 1.3172042224e+04 5.7195366020e-01 
1.3838085904e-08 1.3973063441e+04 8.5255797363e-01 
2.5169926372e-09 2.1191362154e+04 1.0567094324e+00 
2.8302888305e-10 1.1316775539e+04 1.2002070334e+00 
2.2222535253e-08 2.3566967087e+04 1.4773105289e+00 
1.5036213414e-10 1.1379847284e+04 4.2078830591e-01 
8.9258165197e-07 1.2422932237e+04 9.7639775819e-01 
8.5098813056e-07 1.4315532666e+04 7.2077205195e-01 
4.1144066248e-06 1.1959534512e+04 6.7394538312e-01 
1.3252018510e-09 1.1849276010e+04 2.8956465090e-01 
1.6231485991e-06 1.5684056894e+04 6.4138898328e-01 
1.2616578280e-11 1.2816120550e+04 8.1005174484e-01 
1.3189327736e-09 1.2016684223e+04 9.7715551334e-01 
3.5985405341e-09 1.9828556448e+04 1.0563222462e+00 
1.2263106396e-09 1.3659492985e+04 1.0713078155e+00 
1.1019835119e-11 1.2128842189e+04 1.1631787969e+00 
2.9142470988e-05 1.2338119514e+04 3.6649949109e-01 
5.7265791546e-10 1.5026444846e+04 9.5813505440e-01 
3.1479530426e-10 1.7863623749e+04 1.2642731686e+00 
