4.9116303350e-05 6.3033156153e-01 
9.2974501994e-06 1.0000000000e+00 
1.5991859148e-05 5.7619315000e-01 
4.9998414798e-06 9.9972280125e-01 
7.7455331991e-05 6.4855902260e-01 
3.8283239796e-05 6.3867403715e-01 
1.3331920348e-05 6.6637315941e-01 
1.9410891588e-05 6.4985102065e-01 
4.8923749135e-05 6.2808944660e-01 
5.8355856429e-05 6.1809528761e-01 
2.0326285004e-05 6.4353854913e-01 
1.1262756409e-05 6.5448064055e-01 
2.5486638713e-05 6.4721201977e-01 
6.6431080690e-05 6.0866827879e-01 
3.1246678774e-05 6.3590042604e-01 
2.7003715194e-05 6.3301123478e-01 
1.0873654802e-04 6.0010272060e-01 
2.8376069549e-05 6.4783585950e-01 
4.5792826630e-05 6.3217595558e-01 
5.0806241497e-05 6.3012512448e-01 
4.9981659451e-06 9.9388519095e-01 
4.4263734719e-05 6.3415232539e-01 
2.6403483817e-04 5.9093983416e-01 
1.5953327607e-05 6.5950613456e-01 
1.3752267394e-05 6.4873840783e-01 
1.0988681640e-05 6.7363556381e-01 
2.8298324553e-05 6.2514926924e-01 
3.1572807598e-05 6.7035383566e-01 
4.9985005819e-06 9.9609270350e-01 
9.5865948101e-06 1.0000000000e+00 
3.0863539981e-05 5.5117528214e-01 
9.6157043279e-05 6.2900775322e-01 
4.9914420961e-06 9.9480163162e-01 
6.0952841061e-05 6.1806005451e-01 
2.8716375257e-05 6.5348330360e-01 
4.9999272737e-06 9.9889232976e-01 
6.9141981644e-05 6.5138983881e-01 
4.9952076229e-06 9.9577833229e-01 
1.4041882048e-05 5.6839955879e-01 
3.6607739395e-05 6.2709872354e-01 
1.2518983359e-05 1.0000000000e+00 
7.4512693838e-06 6.6753669144e-01 
6.1093730259e-05 6.2135908735e-01 
2.0502392462e-05 6.7181731105e-01 
4.9843399091e-06 9.9548768924e-01 
3.5126150472e-05 6.3908577843e-01 
1.2747883474e-04 6.0409780222e-01 
3.6975588591e-05 6.3765226475e-01 
7.9789069804e-06 1.0000000000e+00 
8.6458809217e-06 7.0384944253e-01 
7.3919538107e-05 6.2789323252e-01 
9.5886882021e-06 1.0000000000e+00 
3.6281193068e-05 6.2931276761e-01 
1.6926235883e-05 6.4685220462e-01 
1.6259581182e-04 6.0208962434e-01 
2.8052750480e-05 5.5216662330e-01 
6.7180902304e-05 6.2174370023e-01 
3.0323864656e-05 6.3282423617e-01 
1.2304759078e-04 6.0741847424e-01 
5.4951933442e-05 6.1839290775e-01 
4.6350138644e-05 6.2394145584e-01 
1.8514053537e-05 6.1002461007e-01 
1.0265432582e-05 1.0000000000e+00 
1.2742756484e-05 5.7255679390e-01 
4.9919122298e-06 9.9457005756e-01 
5.6250204195e-06 7.3357486327e-01 
2.2037903185e-05 6.3044149050e-01 
1.5302433396e-05 6.6759298325e-01 
5.5990433105e-05 6.2567439882e-01 
3.3780060216e-05 5.6726517733e-01 
4.9991986909e-06 9.9683173360e-01 
1.9205325544e-05 6.6213518533e-01 
2.6365810377e-05 1.0000000000e+00 
6.9199133720e-06 6.8774360130e-01 
5.4067735433e-05 6.3367499331e-01 
1.3655600328e-05 1.0000000000e+00 
2.0758589558e-05 5.7041161220e-01 
1.6277032076e-05 6.0734910061e-01 
1.1914670090e-05 1.0000000000e+00 
1.7681441646e-05 6.6621187921e-01 
6.7471578600e-05 6.3402603054e-01 
4.9995681308e-06 9.9724734980e-01 
9.2173331621e-05 5.6980943242e-01 
4.7905600918e-05 6.2348980251e-01 
2.6450232928e-05 6.4500587440e-01 
1.1817388153e-05 6.6071762936e-01 
7.1346853803e-05 6.2062897046e-01 
2.2260968818e-05 6.4329981481e-01 
2.5543524590e-05 1.0000000000e+00 
8.4287104451e-05 6.1164018894e-01 
1.6488725719e-05 6.6674627917e-01 
5.7383903120e-05 6.2603338489e-01 
1.0103914987e-05 6.5524595341e-01 
3.2440741866e-05 6.2895681034e-01 
1.4881170989e-04 6.2204440866e-01 
1.9261305020e-05 6.5997608285e-01 
2.6167024062e-05 5.5609813427e-01 
3.0498512982e-05 6.6211907125e-01 
1.3326081752e-05 6.6793483448e-01 
3.9615281759e-05 6.3353230084e-01 
3.0862673329e-05 6.4315013767e-01 
7.9302156433e-05 6.1615077176e-01 
7.8980384755e-06 1.0000000000e+00 
1.4914829991e-05 1.0000000000e+00 
7.9299521939e-05 6.1471338053e-01 
1.5395024659e-05 6.8167587931e-01 
1.7282941342e-05 6.5446390664e-01 
1.3436991483e-05 1.0000000000e+00 
4.3947511070e-05 5.9173527831e-01 
5.6808026544e-05 6.2112580952e-01 
4.9972021304e-06 9.9799741188e-01 
1.7796174109e-05 6.6182719156e-01 
4.9990701367e-06 9.9717228576e-01 
3.2101846589e-05 6.3933955798e-01 
3.2052540729e-05 6.2199521488e-01 
4.9773729850e-05 6.2102538163e-01 
4.9992387293e-06 9.9920284478e-01 
1.2379588422e-05 6.6916653879e-01 
4.8726530557e-05 6.1415838207e-01 
1.1485348143e-05 6.7373426053e-01 
3.5667092223e-05 5.9691638898e-01 
3.6323612762e-05 6.3766005824e-01 
9.7555002104e-06 6.7760838198e-01 
4.2064626085e-05 6.2799572280e-01 
4.7778936527e-05 6.2746106011e-01 
4.9772302351e-06 9.9431422037e-01 
5.4908141778e-05 6.5096086122e-01 
1.1849923814e-04 6.1284340574e-01 
3.7686212637e-05 5.5197760974e-01 
4.9920878553e-06 9.9481007427e-01 
6.3406361984e-05 6.1912399210e-01 
1.8933736897e-05 5.7118682563e-01 
9.3179079968e-05 6.1825696317e-01 
9.6644505145e-05 6.0748372760e-01 
2.3612311915e-05 6.7180322287e-01 
4.6459537978e-05 5.5222937429e-01 
7.5851764406e-06 7.0227349531e-01 
1.1091542498e-04 6.1259484854e-01 
8.5284310559e-05 6.1599700695e-01 
8.6939968426e-06 6.7864672574e-01 
1.6183164794e-05 5.7019747645e-01 
5.3069749212e-05 6.2338763892e-01 
2.3635032256e-05 1.0000000000e+00 
5.1105610795e-05 6.2618323630e-01 
3.1327025874e-05 6.5812180728e-01 
9.5707245731e-06 1.0000000000e+00 
1.0992455339e-04 6.0502759058e-01 
2.3770414703e-05 1.0000000000e+00 
3.8094986671e-05 6.3044101593e-01 
2.5749725638e-05 6.3344983401e-01 
3.9188205831e-05 5.8043259083e-01 
4.5427653635e-05 6.3749346427e-01 
5.1557679697e-06 1.0000000000e+00 
4.0116689322e-05 6.2865874967e-01 
4.9995696204e-06 1.0000000000e+00 
5.9069442999e-05 6.2821559328e-01 
2.5057267734e-05 6.4889689745e-01 
2.4586987555e-05 6.5438041031e-01 
2.2418072688e-05 6.7355728929e-01 
2.0715670859e-05 5.6374380830e-01 
1.4589603917e-05 6.6269776714e-01 
3.1294743627e-05 5.7703777565e-01 
2.0545734121e-05 1.0000000000e+00 
1.3596008004e-05 6.5109278471e-01 
1.4370619148e-05 6.1489314322e-01 
9.8656173607e-05 6.0750044147e-01 
1.5153117286e-05 6.0626342547e-01 
1.3495183519e-05 6.6515183098e-01 
4.9995437290e-06 9.9863139247e-01 
4.9985044359e-06 9.9849631299e-01 
4.5149561933e-05 6.4247753786e-01 
4.1881828550e-05 6.3347129610e-01 
2.6575537615e-05 5.7781569477e-01 
1.9315464240e-05 6.4986959946e-01 
2.6882195358e-05 6.9979049114e-01 
3.5006959209e-05 6.4253135523e-01 
1.5466879139e-05 6.6603002241e-01 
1.0452233245e-04 5.6857957496e-01 
2.2119375508e-05 5.6462780998e-01 
1.3700601110e-05 6.1500290324e-01 
2.1013513292e-05 6.4912832154e-01 
2.5535485712e-05 6.2605941114e-01 
2.4855670219e-05 5.8089653605e-01 
4.9999196802e-06 9.9594541867e-01 
9.1675328330e-05 6.1182838985e-01 
5.6719920220e-05 6.5596052402e-01 
1.8006277899e-05 1.0000000000e+00 
2.8724839636e-05 1.0000000000e+00 
2.6588185840e-05 6.4574152589e-01 
7.3688657133e-05 5.8077024125e-01 
8.2365110494e-06 6.7986857867e-01 
2.2035274073e-05 6.5361141612e-01 
8.2916386324e-05 6.1285681176e-01 
6.7878471655e-06 6.9450745889e-01 
2.8672652969e-05 1.0000000000e+00 
4.4288097375e-05 6.2430765206e-01 
6.5106266854e-06 1.0000000000e+00 
5.8746193807e-06 6.8852369893e-01 
9.3711012354e-05 6.0600060991e-01 
4.9973247600e-06 9.9538652858e-01 
2.4589655812e-05 6.4200675639e-01 
2.0191861398e-04 5.8958285333e-01 
2.7398613688e-05 6.4791485385e-01 
2.7033265951e-05 6.2356775735e-01 
1.1911464314e-05 6.7252937642e-01 
1.8519941973e-05 6.8671875928e-01 
2.4665985642e-05 6.3847696899e-01 
1.5200472566e-05 6.9118797139e-01 
4.0924412115e-05 6.3446347865e-01 
1.7792653605e-05 6.2278328075e-01 
4.6865196554e-05 6.7530074630e-01 
6.4499829674e-06 1.0000000000e+00 
1.2237638064e-04 6.0585647431e-01 
5.1827757969e-05 6.2442186098e-01 
3.4415209845e-05 6.9106551663e-01 
9.6901166463e-05 6.1047839942e-01 
2.0931834241e-05 5.8814543049e-01 
2.7837450847e-05 6.2757704393e-01 
4.9960199010e-06 9.9745326083e-01 
4.9978588003e-06 9.9718337501e-01 
1.7690255411e-05 6.5145686858e-01 
6.9238268061e-05 6.3160770328e-01 
2.6859415547e-05 5.7426536083e-01 
5.5989647924e-06 7.0102326200e-01 
1.7728135176e-05 6.4175149950e-01 
1.3315149328e-05 1.0000000000e+00 
3.4682363952e-05 1.0000000000e+00 
4.5664503718e-05 6.2197702470e-01 
1.1578888400e-05 6.7069627764e-01 
3.5839666300e-05 5.4639404437e-01 
3.8482259263e-05 6.3241620151e-01 
2.0958688820e-05 6.8114312492e-01 
4.5262734434e-05 6.5208150419e-01 
1.3018076992e-05 6.1516116322e-01 
4.9976792095e-06 9.9770701470e-01 
8.0965276271e-06 6.8085122174e-01 
7.9098670032e-06 6.7401901738e-01 
2.2052888053e-05 1.0000000000e+00 
2.3397528674e-05 5.6656042020e-01 
3.4243987192e-05 6.4499415974e-01 
4.6372198711e-05 6.2740646191e-01 
1.1368943902e-04 6.0787880675e-01 
3.4867506362e-05 6.3280504506e-01 
8.7784846302e-05 6.0846635225e-01 
2.4610051292e-05 5.7778570957e-01 
3.1038799455e-05 5.7003898410e-01 
8.6851194274e-05 6.1313394860e-01 
1.4702141275e-05 6.6117426669e-01 
2.5319344328e-05 5.8390430510e-01 
7.4733548100e-06 1.0000000000e+00 
1.9585547390e-05 6.8265336491e-01 
2.5423137236e-04 6.1725122836e-01 
2.0019431990e-05 6.4056883213e-01 
4.9823825774e-06 9.9530540328e-01 
1.1335394519e-05 6.0430775235e-01 
8.9686378495e-06 6.8756674903e-01 
2.5304052856e-05 6.7462938005e-01 
1.1287386223e-04 5.8441530271e-01 
9.4246331541e-05 6.1494372528e-01 
1.3379314273e-05 6.6972089795e-01 
6.1394908072e-05 6.2464761178e-01 
1.1180866116e-04 6.1872952233e-01 
2.5075314281e-05 6.4074256984e-01 
1.1551414211e-05 1.0000000000e+00 
4.5860034339e-05 6.2356327656e-01 
2.8785955466e-05 6.5008678623e-01 
2.0203813916e-05 5.5841615240e-01 
6.7447427417e-06 1.0000000000e+00 
1.2831420142e-05 6.6628676656e-01 
3.4382025721e-05 6.2771767696e-01 
2.0697255575e-05 6.5251168008e-01 
2.0729361723e-05 1.0000000000e+00 
4.4380187286e-05 6.3050613923e-01 
3.6321296886e-05 6.4102327192e-01 
1.3017022776e-04 5.7633335137e-01 
5.4318100181e-05 6.2025499299e-01 
2.9540853250e-05 5.4959199629e-01 
2.7314917009e-05 6.4515470805e-01 
8.9326555162e-05 6.1108264647e-01 
7.5163015415e-05 6.1955055709e-01 
1.8334387390e-05 6.5601137854e-01 
4.9980317340e-06 9.9848174999e-01 
1.2104672692e-04 5.9977475421e-01 
5.2774482523e-05 5.7407068579e-01 
4.1184772636e-05 6.2332340276e-01 
2.3223808540e-05 6.3060802474e-01 
1.4763220457e-05 5.8659143062e-01 
1.4926710734e-05 6.4002132670e-01 
4.9970565730e-06 9.9814975845e-01 
1.1205149018e-05 6.9093427340e-01 
2.9330049129e-05 6.3879387642e-01 
6.1940745427e-06 6.8504518535e-01 
5.5189880323e-05 6.2765237293e-01 
1.3606719631e-05 6.4572341871e-01 
4.2768431101e-05 6.2977644984e-01 
1.6690584189e-05 5.7257742679e-01 
4.9955761470e-06 9.9461792309e-01 
4.9994364582e-06 9.9921452010e-01 
2.9086590096e-05 5.6629779965e-01 
1.6404122345e-05 6.8533568507e-01 
