1.1521565024e-09 1.3464810011e+04 7.7666514585e-01 1.5000000000e-01 
1.3805314625e-08 1.1556785420e+04 1.3986506002e+00 1.5000000000e-01 
1.5408232534e-09 1.5841753464e+04 4.6877590035e-01 1.5000000000e-01 
2.6932270630e-10 2.0461423890e+04 4.2019136216e-01 1.5000000000e-01 
1.2519043846e-10 1.1334560776e+04 9.8409386728e-01 1.5000000000e-01 
5.0413919647e-10 1.5695649870e+04 2.7959703718e-01 1.5000000000e-01 
5.0543101709e-10 1.8352075941e+04 3.6337588796e-01 1.5000000000e-01 
1.0581272782e-07 1.9417263466e+04 1.0550227808e-01 1.5000000000e-01 
1.7990306770e-07 1.1441263883e+04 7.9169394408e-01 1.5000000000e-01 
6.5399196926e-07 1.1989044649e+04 8.9739065860e-01 1.5000000000e-01 
9.1623949769e-10 1.1901497543e+04 1.1653929934e+00 1.5000000000e-01 
3.6673602992e-12 1.3887796358e+04 7.7028746668e-01 1.5000000000e-01 
3.6985127096e-07 1.4099143124e+04 8.4505047661e-01 1.5000000000e-01 
1.0386996797e-08 1.6647872334e+04 1.3924714866e+00 1.5000000000e-01 
3.6892399852e-09 1.2085197615e+04 5.2448955061e-01 1.5000000000e-01 
9.9316365790e-11 2.5000000000e+04 9.1951353523e-01 1.5000000000e-01 
4.1618792839e-10 1.1343954916e+04 8.0893380536e-01 1.5000000000e-01 
2.0291717814e-07 1.2229239387e+04 3.5739427737e-01 1.5000000000e-01 
7.6189878460e-10 1.1604793836e+04 8.9359530653e-01 1.5000000000e-01 
9.1992180529e-12 1.6956411284e+04 4.6105963598e-01 1.5000000000e-01 
1.2375559521e-08 2.5000000000e+04 1.0293742353e+00 1.5000000000e-01 
6.9620808630e-09 1.1802574193e+04 4.2458681294e-01 1.5000000000e-01 
1.5449441839e-11 1.1596519051e+04 6.4407170608e-01 1.5000000000e-01 
7.2906988101e-07 2.5000000000e+04 4.6580001457e-01 1.5000000000e-01 
9.1311616615e-09 1.2132202373e+04 5.5836859269e-01 1.5000000000e-01 
1.1755049933e-11 1.5136093764e+04 9.2979800756e-01 1.5000000000e-01 
1.1268712877e-09 1.3435447808e+04 1.0875078315e+00 1.5000000000e-01 
9.6907124975e-09 1.3979808184e+04 5.1101569820e-01 1.5000000000e-01 
2.8949791293e-07 2.5000000000e+04 3.5804932755e-02 1.5000000000e-01 
1.8873009971e-09 1.8642415084e+04 1.3304395036e-01 1.5000000000e-01 
2.0274303672e-10 2.0909927519e+04 7.2457939231e-01 1.5000000000e-01 
3.2835461195e-08 1.5058710291e+04 7.8210981809e-01 1.5000000000e-01 
1.5627314053e-09 1.6625264838e+04 1.2077135024e+00 1.5000000000e-01 
2.0420336553e-11 2.2926609461e+04 3.8639583850e-01 1.5000000000e-01 
4.0874166956e-08 1.1871246862e+04 1.0424255992e+00 1.5000000000e-01 
6.7175043118e-09 1.3072445969e+04 8.3266369412e-01 1.5000000000e-01 
3.8395304131e-06 1.4839332352e+04 3.9179196677e-01 1.5000000000e-01 
7.7260042976e-10 1.1387279627e+04 2.4187129304e-01 1.5000000000e-01 
3.9739436182e-10 1.2473566338e+04 1.2629138746e+00 1.5000000000e-01 
1.2433213441e-08 1.1640754652e+04 4.6211286629e-01 1.5000000000e-01 
4.7865065500e-07 1.2794065159e+04 7.3915626777e-01 1.5000000000e-01 
4.5329894959e-11 1.3799175538e+04 1.8345587085e-01 1.5000000000e-01 
5.9334826576e-08 1.3632589080e+04 5.5453764810e-01 1.5000000000e-01 
2.7250306786e-09 1.1397966281e+04 7.9174831294e-01 1.5000000000e-01 
3.6247934759e-10 2.3926275014e+04 8.0433754654e-01 1.5000000000e-01 
6.7558001078e-08 1.1323434309e+04 4.2627181871e-01 1.5000000000e-01 
1.9464748442e-08 1.1489543021e+04 6.5103769511e-01 1.5000000000e-01 
1.4371465797e-07 1.1805560858e+04 8.7064739931e-01 1.5000000000e-01 
3.7792207373e-08 1.2387285672e+04 1.3028051196e+00 1.5000000000e-01 
4.3425194020e-08 2.1607749213e+04 8.0247399792e-01 1.5000000000e-01 
3.8531822749e-11 2.1043827891e+04 5.6612549016e-01 1.5000000000e-01 
1.6686358141e-07 1.4986353529e+04 1.0958198517e+00 1.5000000000e-01 
1.4103462035e-09 1.3865718841e+04 4.8249438256e-01 1.5000000000e-01 
7.8358327413e-07 1.5314478646e+04 1.1177864173e+00 1.5000000000e-01 
4.3308397301e-09 1.8911583171e+04 7.0531671366e-01 1.5000000000e-01 
2.0634853042e-11 1.2774486260e+04 3.7502236541e-01 1.5000000000e-01 
1.4138862508e-05 1.4418927433e+04 7.9883750121e-01 1.5000000000e-01 
2.7740937168e-09 1.6567517524e+04 8.5944164744e-01 1.5000000000e-01 
2.7866731447e-09 1.3600792524e+04 6.2629193637e-01 1.5000000000e-01 
2.5854631220e-08 1.4953423747e+04 5.6534310223e-01 1.5000000000e-01 
6.7110325733e-07 2.0225216236e+04 9.9655237294e-01 1.5000000000e-01 
1.2216236161e-09 1.3293566292e+04 4.9337042867e-01 1.5000000000e-01 
5.6302914923e-07 1.3682660101e+04 4.3304059605e-01 1.5000000000e-01 
1.9953629078e-10 1.1311386480e+04 7.5489065664e-01 1.5000000000e-01 
1.0974175176e-09 1.1453588264e+04 9.4109625851e-01 1.5000000000e-01 
2.0699270316e-11 1.4226954408e+04 1.2442770293e+00 1.5000000000e-01 
7.7316414660e-08 1.4403941959e+04 2.7888595375e-01 1.5000000000e-01 
2.0200851785e-08 1.8740640084e+04 7.1993151263e-01 1.5000000000e-01 
4.0413105765e-10 2.1165971767e+04 6.9971985032e-01 1.5000000000e-01 
1.9098852628e-07 1.4283832559e+04 1.3349567110e+00 1.5000000000e-01 
1.3740885125e-07 1.3248820482e+04 1.6552398552e-01 1.5000000000e-01 
4.0583217043e-08 1.4196476600e+04 9.6422423750e-01 1.5000000000e-01 
4.9566346006e-11 1.2131421027e+04 8.6727247134e-01 1.5000000000e-01 
3.5826685241e-07 1.4797171924e+04 1.1398017097e-01 1.5000000000e-01 
6.7449980139e-08 1.2397043139e+04 3.7450740156e-01 1.5000000000e-01 
1.3025610863e-10 1.1982979570e+04 8.8240417012e-01 1.5000000000e-01 
1.2423234388e-10 1.2396348976e+04 5.1125975456e-01 1.5000000000e-01 
8.0841389873e-10 1.1444948760e+04 1.1862059078e+00 1.5000000000e-01 
7.1418667367e-09 1.9277074187e+04 1.0992033442e+00 1.5000000000e-01 
1.3641555115e-08 1.6033330552e+04 4.7544532754e-01 1.5000000000e-01 
2.2171847897e-07 1.1962410283e+04 6.8685316797e-01 1.5000000000e-01 
1.8959554326e-09 2.5000000000e+04 2.9570316441e-01 1.5000000000e-01 
4.3115273678e-09 1.3621230151e+04 7.6682088305e-01 1.5000000000e-01 
3.8072193409e-12 1.3417316499e+04 5.6289988288e-01 1.5000000000e-01 
1.1889489565e-10 1.1979387387e+04 1.0256686221e+00 1.5000000000e-01 
1.5171657091e-05 1.3197206655e+04 1.1951489665e+00 1.5000000000e-01 
3.4526535809e-09 1.1606062426e+04 7.1479523183e-01 1.5000000000e-01 
7.9501415224e-09 1.4331860211e+04 4.9401619710e-01 1.5000000000e-01 
1.8576524255e-09 1.1341125997e+04 1.3548492518e+00 1.5000000000e-01 
6.5638833705e-08 1.5527471388e+04 1.2394043601e+00 1.5000000000e-01 
6.1960525548e-10 1.8745690877e+04 8.6170635309e-01 1.5000000000e-01 
4.2494993857e-12 1.1231972302e+04 7.7630388319e-01 1.5000000000e-01 
7.8022549134e-08 1.7102250918e+04 8.5652594299e-01 1.5000000000e-01 
2.9818015546e-08 1.3519634948e+04 8.1493630629e-01 1.5000000000e-01 
5.5761078435e-07 1.1678872099e+04 1.3358006332e+00 1.5000000000e-01 
3.8436385311e-09 1.1646049974e+04 8.1371412457e-01 1.5000000000e-01 
4.0219004002e-09 1.4910588557e+04 2.8266321049e-01 1.5000000000e-01 
2.8038041417e-09 1.5729548506e+04 1.4677789875e+00 1.5000000000e-01 
7.0867428208e-10 1.1255278950e+04 9.6198243709e-01 1.5000000000e-01 
7.9787843049e-08 1.1836303783e+04 4.2761167795e-01 1.5000000000e-01 
1.5054657046e-09 1.1227299124e+04 3.8315634068e-01 1.5000000000e-01 
1.6031907768e-06 1.1850381309e+04 6.5174227962e-01 1.5000000000e-01 
6.6686310849e-09 1.2671323460e+04 8.2562203503e-01 1.5000000000e-01 
4.1239502443e-08 1.2397294310e+04 7.8288450304e-01 1.5000000000e-01 
1.4085365904e-09 2.3226413852e+04 3.5268935966e-01 1.5000000000e-01 
7.3156217003e-08 1.8702473814e+04 1.0874558214e+00 1.5000000000e-01 
1.5509671960e-08 1.3763357187e+04 1.0575423719e+00 1.5000000000e-01 
3.7481665150e-09 1.4148168412e+04 4.7450745653e-01 1.5000000000e-01 
1.4229343120e-09 1.4060961460e+04 2.4754508460e-01 1.5000000000e-01 
3.0969292788e-09 1.2036193854e+04 7.5905309478e-01 1.5000000000e-01 
1.0895411551e-08 1.1761509002e+04 7.8885009208e-01 1.5000000000e-01 
2.0245035780e-09 1.2134649148e+04 5.0712479206e-01 1.5000000000e-01 
5.3546410374e-06 1.1713079316e+04 1.0638534295e+00 1.5000000000e-01 
1.6521213204e-09 1.1851105184e+04 2.2075600151e-01 1.5000000000e-01 
8.0915022694e-10 1.1792929927e+04 1.1148198522e+00 1.5000000000e-01 
1.3188760170e-09 1.3503198429e+04 1.0124968369e+00 1.5000000000e-01 
5.9039206968e-10 1.2421631558e+04 1.0530156498e+00 1.5000000000e-01 
1.8127407419e-07 1.3962716116e+04 3.6433388579e-01 1.5000000000e-01 
2.1184415586e-10 1.2164039447e+04 7.8737134675e-01 1.5000000000e-01 
7.6070465913e-07 1.2226068028e+04 5.9682711929e-01 1.5000000000e-01 
3.2247325298e-10 1.2053158640e+04 5.4644616529e-01 1.5000000000e-01 
2.3150394756e-09 1.2006531898e+04 9.2703756332e-01 1.5000000000e-01 
3.2432494521e-07 2.5000000000e+04 3.9596483944e-01 1.5000000000e-01 
2.4815831195e-09 1.2038970976e+04 9.4690783275e-01 1.5000000000e-01 
2.4142926144e-09 1.7130245067e+04 3.8342953490e-01 1.5000000000e-01 
1.7050105236e-10 1.3497544706e+04 8.3666544635e-01 1.5000000000e-01 
2.6444115756e-10 1.3974255797e+04 2.2984339774e-01 1.5000000000e-01 
1.3035941725e-07 2.5000000000e+04 1.3836781636e+00 1.5000000000e-01 
1.6154482405e-10 1.3123761980e+04 3.5431973893e-01 1.5000000000e-01 
5.1667118402e-12 1.1551370858e+04 4.0482028001e-01 1.5000000000e-01 
5.5162904077e-10 1.3504500962e+04 9.2685412954e-01 1.5000000000e-01 
1.9389969099e-09 2.2728411480e+04 1.2165955518e+00 1.5000000000e-01 
1.0090207572e-09 1.1682432983e+04 1.2312293552e+00 1.5000000000e-01 
9.0766331880e-08 1.3569778015e+04 4.4405082686e-01 1.5000000000e-01 
3.9148580722e-08 1.3079110099e+04 1.2387375918e+00 1.5000000000e-01 
1.7313404111e-07 2.1222647672e+04 1.1489702703e+00 1.5000000000e-01 
2.8448368050e-09 2.5000000000e+04 5.9330224744e-01 1.5000000000e-01 
1.1128231650e-10 1.1646203228e+04 3.0348076504e-01 1.5000000000e-01 
2.0599072577e-11 1.3165266921e+04 8.8463505540e-01 1.5000000000e-01 
1.6972843697e-10 1.1357995445e+04 5.3308283677e-01 1.5000000000e-01 
1.0789702106e-09 1.3295366433e+04 1.4964566049e+00 1.5000000000e-01 
2.2350774287e-08 1.2827642056e+04 1.0453719864e+00 1.5000000000e-01 
2.6773882286e-10 1.2123444985e+04 1.1978332818e+00 1.5000000000e-01 
7.6772320917e-11 1.2114387773e+04 8.6756216101e-01 1.5000000000e-01 
1.1391020152e-09 1.1243144331e+04 6.4307871657e-01 1.5000000000e-01 
2.6488780465e-08 1.9981540311e+04 2.0761661733e-01 1.5000000000e-01 
6.9447025944e-06 1.6605954377e+04 1.3380832420e+00 1.5000000000e-01 
9.1325642727e-08 1.2187363358e+04 4.6849615784e-01 1.5000000000e-01 
5.9945131651e-11 1.1294701940e+04 3.7427733655e-01 1.5000000000e-01 
6.2044969655e-11 2.5000000000e+04 5.0486783243e-01 1.5000000000e-01 
5.1735355833e-10 1.1597401524e+04 3.5016931170e-01 1.5000000000e-01 
6.2917842798e-10 1.2891863185e+04 6.7534179329e-01 1.5000000000e-01 
7.9310331635e-11 1.1354635521e+04 4.0250594520e-01 1.5000000000e-01 
9.7763663680e-10 1.2299102587e+04 4.0618992181e-01 1.5000000000e-01 
1.2910573264e-09 1.2693928816e+04 1.0291517588e+00 1.5000000000e-01 
3.4355153852e-09 1.2770700752e+04 7.7092506262e-01 1.5000000000e-01 
8.4070398117e-09 1.4994136421e+04 7.9063128557e-01 1.5000000000e-01 
3.0086893428e-09 2.5000000000e+04 5.9956972443e-01 1.5000000000e-01 
9.7442225292e-11 1.8494168456e+04 7.8509948721e-01 1.5000000000e-01 
9.4804076419e-06 1.3328327826e+04 8.7015779020e-01 1.5000000000e-01 
1.5109463858e-09 1.1992947136e+04 1.0160077178e+00 1.5000000000e-01 
2.9667824933e-11 1.4977851792e+04 8.5945752433e-01 1.5000000000e-01 
3.3801680415e-08 1.2162183139e+04 1.1275870187e+00 1.5000000000e-01 
1.1037435421e-09 1.4070993291e+04 8.5556409518e-01 1.5000000000e-01 
2.0825799573e-09 1.3883879236e+04 1.3497008970e+00 1.5000000000e-01 
7.4976570216e-08 1.1604293876e+04 4.2243742722e-01 1.5000000000e-01 
4.3699724871e-11 1.4073725766e+04 5.2201753205e-01 1.5000000000e-01 
2.4571775494e-09 1.8513993358e+04 1.1793371358e+00 1.5000000000e-01 
8.1004633306e-10 1.5331204467e+04 6.8461731679e-01 1.5000000000e-01 
1.0239466690e-10 1.2205306630e+04 8.0939688698e-01 1.5000000000e-01 
2.5161591566e-07 1.9264930487e+04 8.3358409256e-01 1.5000000000e-01 
8.4538627685e-10 1.2007756313e+04 4.8921275981e-01 1.5000000000e-01 
4.8221219809e-08 1.1578998220e+04 5.4755481932e-01 1.5000000000e-01 
6.6237941954e-09 1.2482611837e+04 1.3553721998e+00 1.5000000000e-01 
1.7132272655e-11 1.2088528531e+04 9.8315686317e-01 1.5000000000e-01 
1.0439157522e-09 1.2307293278e+04 1.1214042367e+00 1.5000000000e-01 
1.0979711753e-10 1.1831004710e+04 9.3229064363e-01 1.5000000000e-01 
2.7595158466e-06 1.6190718514e+04 6.6908275512e-01 1.5000000000e-01 
4.1277285332e-08 1.2836203972e+04 9.3955745330e-01 1.5000000000e-01 
9.8369396125e-09 1.3132883901e+04 1.1233471534e+00 1.5000000000e-01 
8.2600774682e-12 1.1685722058e+04 1.0917212626e+00 1.5000000000e-01 
2.9886901008e-07 1.9654479108e+04 9.7320259666e-01 1.5000000000e-01 
4.4545103936e-08 1.2229871874e+04 6.4146838370e-01 1.5000000000e-01 
2.7157533062e-07 1.1945327381e+04 5.8810284913e-01 1.5000000000e-01 
1.7151299359e-08 1.1489960987e+04 4.7480842703e-01 1.5000000000e-01 
2.0413534376e-07 1.3489704448e+04 8.8158923770e-01 1.5000000000e-01 
2.5419299403e-10 1.3298476564e+04 6.1049946782e-01 1.5000000000e-01 
1.1239213099e-10 2.5000000000e+04 1.0002439557e+00 1.5000000000e-01 
4.4988682075e-10 1.1313330644e+04 9.8829902606e-01 1.5000000000e-01 
2.2485647872e-08 1.7696354865e+04 9.2624041984e-01 1.5000000000e-01 
1.9549911928e-05 1.1515238499e+04 8.8454577385e-01 1.5000000000e-01 
3.8417332723e-07 1.7287089470e+04 1.2039055580e+00 1.5000000000e-01 
6.4126498215e-11 1.1443419228e+04 3.3882165783e-01 1.5000000000e-01 
2.2127427032e-09 1.9468971246e+04 4.4454639917e-01 1.5000000000e-01 
5.7666485361e-09 1.3633815753e+04 1.0715651637e+00 1.5000000000e-01 
3.6533285684e-10 1.4908708289e+04 5.9245427810e-01 1.5000000000e-01 
2.6019186724e-05 1.1230174246e+04 7.2340145938e-01 1.5000000000e-01 
1.6826848484e-08 1.9800876030e+04 5.4223891590e-01 1.5000000000e-01 
5.1304411791e-09 1.3289339829e+04 7.8042163335e-01 1.5000000000e-01 
6.6428093771e-12 2.4392036686e+04 5.7391285930e-01 1.5000000000e-01 
1.3167613178e-08 1.1356858319e+04 4.7632923848e-01 1.5000000000e-01 
3.8555815294e-11 1.1764029559e+04 8.4805110933e-01 1.5000000000e-01 
4.5240284214e-09 1.6620235401e+04 1.0624828958e+00 1.5000000000e-01 
4.0050447220e-10 1.3933813463e+04 6.6101381825e-01 1.5000000000e-01 
7.9372551078e-10 1.3491205065e+04 9.3295699326e-01 1.5000000000e-01 
3.0338325929e-10 1.3312738235e+04 6.7323458561e-01 1.5000000000e-01 
3.9495826696e-07 1.1960426285e+04 1.0597292706e+00 1.5000000000e-01 
1.2229386094e-08 2.3577149548e+04 9.2849535177e-01 1.5000000000e-01 
6.8280621567e-08 1.1819203139e+04 7.5093159012e-02 1.5000000000e-01 
2.9386565240e-10 1.6632339075e+04 1.0583401758e+00 1.5000000000e-01 
2.6905398228e-10 1.1334774740e+04 6.4038844720e-01 1.5000000000e-01 
1.1747509424e-06 1.2071701789e+04 9.4357284873e-01 1.5000000000e-01 
2.6206347818e-07 1.4009142029e+04 5.1631750828e-01 1.5000000000e-01 
8.1492745198e-09 1.1566162782e+04 3.3590449734e-01 1.5000000000e-01 
7.6774855410e-10 1.7683617213e+04 7.9009926564e-01 1.5000000000e-01 
1.6869553604e-08 1.1879669773e+04 9.9427934464e-01 1.5000000000e-01 
1.2581462300e-08 1.1698467725e+04 7.8608720272e-01 1.5000000000e-01 
1.0543843277e-10 1.3739238745e+04 7.3664163442e-02 1.5000000000e-01 
6.5141364684e-12 2.5000000000e+04 9.5557938650e-01 1.5000000000e-01 
6.0132267408e-11 1.7174669994e+04 6.4227660870e-01 1.5000000000e-01 
7.6837437532e-07 1.2453748057e+04 3.3590516896e-01 1.5000000000e-01 
1.1368276710e-11 1.1616544567e+04 6.1012823821e-01 1.5000000000e-01 
1.6152197337e-10 1.1792650952e+04 2.7429176458e-01 1.5000000000e-01 
2.5051740179e-11 1.6273055760e+04 8.8476339911e-01 1.5000000000e-01 
2.5361931450e-08 1.3350726503e+04 1.2568379140e+00 1.5000000000e-01 
2.3413066988e-10 1.6332076754e+04 6.4436327062e-01 1.5000000000e-01 
3.9265218201e-09 1.1503968850e+04 7.3987344854e-01 1.5000000000e-01 
1.1656606610e-08 1.3534347923e+04 6.7867956974e-01 1.5000000000e-01 
4.7439525897e-10 2.5000000000e+04 8.1975761143e-01 1.5000000000e-01 
3.1229920754e-07 1.5104406006e+04 1.1620372959e+00 1.5000000000e-01 
9.8950266590e-08 1.9640389324e+04 1.0987704310e+00 1.5000000000e-01 
8.8232966754e-10 1.1249250545e+04 1.2936441569e+00 1.5000000000e-01 
8.5038580069e-09 1.4623479290e+04 5.7433264987e-01 1.5000000000e-01 
1.8052006451e-08 1.4802139469e+04 6.8971244562e-01 1.5000000000e-01 
7.0490932327e-10 1.1728659613e+04 5.0766931173e-01 1.5000000000e-01 
1.9306630253e-10 1.2407253499e+04 4.3911617490e-01 1.5000000000e-01 
7.6896504545e-11 1.5774936829e+04 5.4259727455e-01 1.5000000000e-01 
2.0428166083e-08 1.7556767816e+04 1.0050465512e+00 1.5000000000e-01 
4.8279334066e-07 1.3813295229e+04 8.0913970748e-01 1.5000000000e-01 
1.0272413098e-09 1.1879290926e+04 6.4276128520e-01 1.5000000000e-01 
1.0363978534e-07 1.4248863747e+04 5.9847870666e-01 1.5000000000e-01 
3.0492242279e-10 1.1632668179e+04 1.1923542978e+00 1.5000000000e-01 
1.2076813219e-10 1.5662899400e+04 3.9728821831e-01 1.5000000000e-01 
9.5583547219e-07 1.4811439069e+04 9.2220117032e-01 1.5000000000e-01 
9.1086758392e-07 1.2036957276e+04 8.2802638142e-01 1.5000000000e-01 
2.6309594019e-07 1.5161887153e+04 8.6240489197e-01 1.5000000000e-01 
4.2647567948e-09 1.1534924324e+04 7.0575196528e-01 1.5000000000e-01 
2.0106078060e-11 1.1864732331e+04 6.5005493955e-01 1.5000000000e-01 
2.3772725950e-05 1.4679997041e+04 2.7227781657e-01 1.5000000000e-01 
3.9923294409e-08 1.3789723641e+04 1.0724492376e+00 1.5000000000e-01 
8.0442634792e-11 1.3006780680e+04 1.2493221569e+00 1.5000000000e-01 
4.9616165254e-07 1.8150748303e+04 7.8011503697e-01 1.5000000000e-01 
4.6683220231e-11 2.1921809633e+04 1.3715685283e+00 1.5000000000e-01 
7.6423106700e-10 1.4573573996e+04 5.5120936434e-01 1.5000000000e-01 
2.1847102872e-05 1.1833157605e+04 8.4793586062e-01 1.5000000000e-01 
1.3979547655e-09 1.2046585996e+04 1.0957951471e+00 1.5000000000e-01 
9.0056468763e-10 1.1413731720e+04 1.8690877039e-01 1.5000000000e-01 
3.2401826262e-08 1.3572299812e+04 7.3204775065e-01 1.5000000000e-01 
5.6940655942e-10 1.1612061606e+04 1.0592555477e+00 1.5000000000e-01 
4.0978165324e-06 1.4150383834e+04 7.4962689200e-01 1.5000000000e-01 
9.3024360593e-09 1.2593849791e+04 7.3439505615e-01 1.5000000000e-01 
2.6481828640e-07 1.1410635295e+04 9.5013496404e-01 1.5000000000e-01 
1.0445055020e-09 1.2322912674e+04 4.9284352643e-01 1.5000000000e-01 
7.4050533149e-09 1.2227865535e+04 8.4805053187e-01 1.5000000000e-01 
4.6281886607e-09 2.0029319686e+04 6.0007741368e-01 1.5000000000e-01 
1.1376692603e-09 1.6122249537e+04 1.3446192725e+00 1.5000000000e-01 
9.2185824169e-09 1.9088130174e+04 1.3572989638e+00 1.5000000000e-01 
4.5900054360e-11 1.8309458173e+04 1.4008683183e+00 1.5000000000e-01 
5.3738461137e-11 1.1832138236e+04 9.9328772996e-01 1.5000000000e-01 
2.0006234707e-08 1.8572302952e+04 1.9617875795e-01 1.5000000000e-01 
6.8230284269e-07 1.4170264781e+04 8.1737528519e-01 1.5000000000e-01 
7.4714226736e-08 1.1779413091e+04 1.0723575624e+00 1.5000000000e-01 
1.2909873462e-10 1.3423969519e+04 7.7889081014e-01 1.5000000000e-01 
5.7896450766e-09 1.5631301086e+04 3.2300730257e-01 1.5000000000e-01 
2.4679974225e-08 1.2399610396e+04 7.2144328803e-01 1.5000000000e-01 
7.9768580912e-10 1.2933106784e+04 1.3737920965e+00 1.5000000000e-01 
1.3913148301e-10 1.2360054569e+04 7.4357856268e-01 1.5000000000e-01 
1.7885452614e-10 1.1237083366e+04 1.4476067801e+00 1.5000000000e-01 
2.2441758801e-09 1.1398426702e+04 1.0394223776e+00 1.5000000000e-01 
7.1256096257e-08 1.5812194241e+04 9.5919821154e-01 1.5000000000e-01 
9.8311417090e-11 1.2718531042e+04 4.3253292961e-01 1.5000000000e-01 
1.6695856390e-07 1.5852726705e+04 5.2402396499e-01 1.5000000000e-01 
4.2400113496e-09 1.1678948205e+04 1.0112810653e+00 1.5000000000e-01 
4.1293280423e-12 1.3536608844e+04 9.6322977738e-01 1.5000000000e-01 
1.8338448655e-09 1.3480515380e+04 1.2215382624e+00 1.5000000000e-01 
2.8542763983e-08 1.3525280932e+04 9.5894944013e-01 1.5000000000e-01 
5.9641864218e-10 1.2284175696e+04 4.0451878362e-01 1.5000000000e-01 
1.4235027784e-08 1.8432319347e+04 9.3749868768e-01 1.5000000000e-01 
3.4059419194e-06 1.1886918841e+04 2.7855144782e-01 1.5000000000e-01 
7.8690090687e-09 1.1331319783e+04 1.2682391164e+00 1.5000000000e-01 
8.8422928598e-09 1.2483826553e+04 9.2575416086e-01 1.5000000000e-01 
1.3987261514e-10 1.3387447832e+04 1.1855145393e+00 1.5000000000e-01 
5.2818688560e-08 1.6000719101e+04 1.3839926564e+00 1.5000000000e-01 
2.0448524332e-06 1.3015792972e+04 6.0872883835e-01 1.5000000000e-01 
3.2153723365e-10 2.5000000000e+04 8.7891588552e-01 1.5000000000e-01 
2.0347857768e-06 1.4221950061e+04 1.2436183487e+00 1.5000000000e-01 
7.1494725407e-07 1.5831770425e+04 5.0533570149e-01 1.5000000000e-01 
4.2925736812e-07 1.1384175159e+04 1.2386601626e+00 1.5000000000e-01 
1.2940953005e-09 1.5338521137e+04 1.3038103775e+00 1.5000000000e-01 
1.1197331055e-09 1.2296350197e+04 7.7047705522e-01 1.5000000000e-01 
2.1409512223e-09 1.1789633697e+04 5.1249143413e-01 1.5000000000e-01 
1.0321768061e-09 1.1710069583e+04 2.5726873718e-01 1.5000000000e-01 
4.3584483002e-08 1.2233257503e+04 3.4929779674e-01 1.5000000000e-01 
3.3007983606e-07 1.1829077439e+04 1.0510907370e+00 1.5000000000e-01 
1.3090200749e-06 1.3027968196e+04 9.5355576029e-01 1.5000000000e-01 
1.0096860068e-07 1.4198280253e+04 1.0548432878e+00 1.5000000000e-01 
8.7462040831e-11 1.2022934940e+04 6.3745846393e-01 1.5000000000e-01 
5.4804334104e-08 1.3942463848e+04 1.2490394947e+00 1.5000000000e-01 
1.5967575840e-08 1.3480073211e+04 8.5509840907e-01 1.5000000000e-01 
7.8799169779e-11 1.1454846929e+04 7.7840859893e-01 1.5000000000e-01 
2.3219467164e-09 1.1654423831e+04 1.0638781492e+00 1.5000000000e-01 
2.4932854335e-10 1.3133544884e+04 8.5029190008e-01 1.5000000000e-01 
2.7856390645e-09 1.5110090364e+04 1.2027979114e+00 1.5000000000e-01 
2.0062820640e-06 1.2185762614e+04 7.9943291383e-01 1.5000000000e-01 
4.5300077374e-06 1.2166806364e+04 5.0622084036e-01 1.5000000000e-01 
2.8896867072e-06 1.8016803677e+04 7.9075073367e-01 1.5000000000e-01 
1.0084721113e-09 1.1236260027e+04 3.9229169447e-01 1.5000000000e-01 
5.4468358736e-10 1.2956174790e+04 2.3349701207e-01 1.5000000000e-01 
8.9900505999e-06 1.2684555674e+04 9.8516073497e-01 1.5000000000e-01 
3.5241017359e-10 1.4517659102e+04 1.4248188431e+00 1.5000000000e-01 
5.9500469417e-10 1.5318410349e+04 1.0675073148e+00 1.5000000000e-01 
4.7043192719e-09 1.5141844612e+04 7.1214116212e-01 1.5000000000e-01 
1.6884611756e-07 1.4116259917e+04 9.8944989884e-01 1.5000000000e-01 
7.7619906377e-06 2.0070419766e+04 8.0514955110e-01 1.5000000000e-01 
2.3983546249e-09 1.4299986775e+04 6.4632067577e-01 1.5000000000e-01 
1.6365446434e-07 1.3125502745e+04 1.2390097117e+00 1.5000000000e-01 
9.7120973581e-10 1.6918978379e+04 6.0745334589e-01 1.5000000000e-01 
7.0410738077e-09 1.3250027748e+04 5.3932604173e-01 1.5000000000e-01 
4.7867595441e-11 2.5000000000e+04 1.0872930436e+00 1.5000000000e-01 
2.5761607569e-09 1.2018234220e+04 1.0106070132e+00 1.5000000000e-01 
1.0689480308e-08 1.2597638552e+04 1.0677296425e+00 1.5000000000e-01 
2.4729760045e-08 1.2064109644e+04 5.6381320141e-01 1.5000000000e-01 
1.0773086827e-11 1.1317065954e+04 1.0313324198e+00 1.5000000000e-01 
6.6509411322e-10 1.3171207256e+04 9.2474023308e-01 1.5000000000e-01 
2.9892015439e-09 1.3199814056e+04 1.2008504085e+00 1.5000000000e-01 
1.1095576281e-05 1.2171967578e+04 1.3526669301e+00 1.5000000000e-01 
1.4595149051e-10 1.4542549230e+04 7.8682517723e-01 1.5000000000e-01 
2.8494509584e-09 1.1644591844e+04 1.1378928962e+00 1.5000000000e-01 
8.7374337202e-10 1.6264828976e+04 2.0551051179e-01 1.5000000000e-01 
5.5506400851e-09 1.2317302176e+04 8.1719103719e-01 1.5000000000e-01 
1.1918649696e-09 1.2651657488e+04 8.8573544960e-01 1.5000000000e-01 
9.1056745233e-09 1.3848557051e+04 7.4327802583e-01 1.5000000000e-01 
6.2847840193e-09 1.2830179190e+04 7.0286828232e-01 1.5000000000e-01 
4.4699915832e-07 1.1270738896e+04 7.2883954357e-01 1.5000000000e-01 
1.4124280899e-10 2.2595490672e+04 6.2098713064e-01 1.5000000000e-01 
1.5325951676e-08 1.1573179322e+04 9.5084964135e-01 1.5000000000e-01 
9.9702685254e-11 1.2158653331e+04 1.0162643237e+00 1.5000000000e-01 
9.1535747801e-09 1.1776733198e+04 1.3233842442e+00 1.5000000000e-01 
1.0089417889e-09 1.1563978932e+04 8.6367647737e-01 1.5000000000e-01 
1.0602074411e-07 2.5000000000e+04 1.3826895093e+00 1.5000000000e-01 
1.6358334750e-09 1.2263221689e+04 7.1936306734e-01 1.5000000000e-01 
2.0619652587e-09 1.3042603428e+04 3.6753514179e-01 1.5000000000e-01 
5.2809193743e-09 1.1994083625e+04 2.1445202578e-01 1.5000000000e-01 
4.1730954304e-10 1.6128239097e+04 3.5948760778e-01 1.5000000000e-01 
4.7767680731e-12 1.1694367076e+04 7.3411892550e-01 1.5000000000e-01 
6.1734870901e-08 1.5369142392e+04 6.0276851400e-01 1.5000000000e-01 
4.8621778155e-09 1.2963104238e+04 7.7989087824e-01 1.5000000000e-01 
1.0374620859e-08 1.1546452442e+04 3.4300639893e-01 1.5000000000e-01 
6.2681010075e-09 1.5178525759e+04 7.6971184417e-01 1.5000000000e-01 
2.6645470665e-10 1.1369273896e+04 7.2588341417e-01 1.5000000000e-01 
1.8144453985e-10 1.5599772550e+04 1.5731739525e-01 1.5000000000e-01 
1.1031029917e-08 1.1763615386e+04 8.7111964294e-02 1.5000000000e-01 
1.1524123972e-08 1.9023425321e+04 1.0753824017e+00 1.5000000000e-01 
1.7130052405e-07 1.2449255462e+04 9.4917207401e-01 1.5000000000e-01 
1.4233133302e-06 1.6190576628e+04 3.0244861781e-01 1.5000000000e-01 
1.5345736557e-09 1.2378389139e+04 7.7907970386e-01 1.5000000000e-01 
6.6626350318e-10 1.8411766270e+04 5.8248215065e-01 1.5000000000e-01 
5.1643276091e-09 1.1996934308e+04 7.1239571237e-02 1.5000000000e-01 
5.5190926093e-11 1.2833400495e+04 7.4461291496e-01 1.5000000000e-01 
5.9732093352e-11 2.1007447653e+04 1.2198432433e+00 1.5000000000e-01 
5.0645163430e-09 1.3956938576e+04 9.1493966631e-01 1.5000000000e-01 
2.1957788534e-08 1.1963569749e+04 6.0275336194e-01 1.5000000000e-01 
5.7125029519e-07 2.1534664572e+04 5.2137846646e-01 1.5000000000e-01 
1.8303563257e-07 2.5000000000e+04 7.3726371516e-01 1.5000000000e-01 
1.2623928467e-09 1.5246068214e+04 9.8143191823e-01 1.5000000000e-01 
6.0764516480e-08 1.1480394061e+04 4.4156934631e-01 1.5000000000e-01 
4.4836327727e-06 1.2597458885e+04 4.7438488868e-01 1.5000000000e-01 
6.4913464255e-08 1.3059959586e+04 7.4753178977e-01 1.5000000000e-01 
4.1118566560e-10 1.7559346245e+04 1.4904215042e+00 1.5000000000e-01 
6.2560010657e-06 2.2601576433e+04 5.2909336137e-01 1.5000000000e-01 
7.9468403262e-09 1.2095894093e+04 1.4550988116e+00 1.5000000000e-01 
4.7197370224e-11 1.6778851944e+04 1.1697863921e+00 1.5000000000e-01 
9.0648470558e-10 1.6841791939e+04 1.0095281175e+00 1.5000000000e-01 
2.4448150367e-09 1.8976066382e+04 7.0808613471e-01 1.5000000000e-01 
4.6513420938e-07 1.1353682844e+04 1.2398951943e+00 1.5000000000e-01 
8.9789016736e-07 1.1289760806e+04 1.2560025560e-01 1.5000000000e-01 
9.6704406228e-06 1.1425671679e+04 7.3283245865e-01 1.5000000000e-01 
3.0440518773e-09 1.5753868964e+04 6.4961119467e-01 1.5000000000e-01 
7.9796938932e-08 1.1281193005e+04 5.8982597831e-01 1.5000000000e-01 
7.6210893937e-08 1.1976032168e+04 1.1476329357e+00 1.5000000000e-01 
1.6690099273e-09 1.7624539711e+04 7.7898835577e-01 1.5000000000e-01 
2.2130013529e-11 1.2770697645e+04 1.1847783508e+00 1.5000000000e-01 
2.6065795139e-09 1.1469271937e+04 4.0610892851e-01 1.5000000000e-01 
1.6329454015e-09 1.6823394260e+04 6.0220321197e-01 1.5000000000e-01 
2.8672800671e-07 1.1374522510e+04 5.2583120933e-01 1.5000000000e-01 
1.0449220023e-07 1.3126203501e+04 9.1267193404e-01 1.5000000000e-01 
2.8773002428e-07 1.4735138177e+04 1.0736149130e+00 1.5000000000e-01 
1.2015686255e-05 1.2099463781e+04 4.0514410605e-01 1.5000000000e-01 
1.2892867522e-09 1.2670064006e+04 9.5480649439e-01 1.5000000000e-01 
1.2316052028e-08 1.1873608620e+04 1.0023307529e+00 1.5000000000e-01 
1.9103447079e-05 1.6718161522e+04 1.1168949785e+00 1.5000000000e-01 
1.9460310528e-08 1.2397083566e+04 1.1932953680e+00 1.5000000000e-01 
2.8572456203e-08 1.3104428437e+04 6.7177257852e-01 1.5000000000e-01 
2.5657145265e-05 1.2470465744e+04 5.0182038765e-01 1.5000000000e-01 
1.1511249933e-09 1.1382759243e+04 3.5511025195e-01 1.5000000000e-01 
1.5748960138e-08 1.7252120574e+04 1.2494192441e+00 1.5000000000e-01 
2.2824211823e-05 1.3757688831e+04 4.8294912907e-01 1.5000000000e-01 
2.6989626854e-05 1.2439223807e+04 4.4881548115e-01 1.5000000000e-01 
8.7619872240e-08 1.1472195191e+04 5.5864319742e-01 1.5000000000e-01 
5.0249079238e-10 1.2245025571e+04 5.9755074691e-01 1.5000000000e-01 
6.4888388947e-07 1.8242514030e+04 1.1755231897e+00 1.5000000000e-01 
7.5074315411e-12 1.6060840292e+04 9.6675516668e-01 1.5000000000e-01 
1.5738241706e-09 1.3659406612e+04 2.4171821599e-01 1.5000000000e-01 
1.8936853255e-10 1.1951839995e+04 5.4088767374e-01 1.5000000000e-01 
9.1061174120e-09 1.7617475057e+04 1.1634965065e+00 1.5000000000e-01 
8.1525876924e-07 1.3651938310e+04 5.8398619766e-01 1.5000000000e-01 
7.7137013423e-09 1.1324835454e+04 6.4988628237e-01 1.5000000000e-01 
8.5908715345e-10 1.4348239702e+04 7.5216422422e-01 1.5000000000e-01 
5.6717596214e-11 1.1505255703e+04 3.4989040509e-01 1.5000000000e-01 
6.7758448824e-09 1.6002109522e+04 4.3905189671e-01 1.5000000000e-01 
5.0488936454e-11 1.4451331704e+04 6.8689962558e-01 1.5000000000e-01 
1.1263640014e-09 1.2889732201e+04 4.8458721754e-01 1.5000000000e-01 
9.9138017611e-08 1.1455616043e+04 7.6144922039e-01 1.5000000000e-01 
6.5321418350e-08 1.5537600442e+04 3.9236731118e-01 1.5000000000e-01 
1.8851810608e-11 1.4093598644e+04 1.0571135466e+00 1.5000000000e-01 
5.5590999281e-10 1.4867552943e+04 6.9977532908e-01 1.5000000000e-01 
2.9747361419e-09 1.2972599167e+04 1.8565536796e-01 1.5000000000e-01 
2.1211400927e-08 1.6964045003e+04 1.0539326924e+00 1.5000000000e-01 
8.6653321432e-08 1.1811618793e+04 2.4129145636e-01 1.5000000000e-01 
9.2401871774e-10 2.5000000000e+04 1.4798162194e+00 1.5000000000e-01 
3.6825269471e-10 1.5055467273e+04 9.6891565304e-01 1.5000000000e-01 
5.8042480221e-09 1.6156806889e+04 1.2165476283e+00 1.5000000000e-01 
2.9484016531e-10 1.1577245709e+04 3.2239211161e-01 1.5000000000e-01 
1.4684757975e-08 1.1669255312e+04 5.9943014092e-01 1.5000000000e-01 
5.5931446796e-11 2.1288627590e+04 1.0572003499e+00 1.5000000000e-01 
4.6194799503e-12 1.6936116953e+04 1.2238363314e+00 1.5000000000e-01 
3.4508415279e-07 1.4333018153e+04 2.8426659438e-01 1.5000000000e-01 
8.0381536392e-08 1.3590409087e+04 1.2304361130e+00 1.5000000000e-01 
2.5127035736e-10 1.2371950791e+04 1.0672356641e+00 1.5000000000e-01 
1.3213387124e-09 1.1797311637e+04 8.9309682087e-01 1.5000000000e-01 
4.4806987474e-09 1.3921048808e+04 6.6891801494e-01 1.5000000000e-01 
7.6329353146e-12 1.8628690349e+04 1.0447247081e+00 1.5000000000e-01 
6.7145933951e-10 1.1420411625e+04 4.7242140925e-01 1.5000000000e-01 
9.5322662382e-09 1.9978007744e+04 9.5644390979e-01 1.5000000000e-01 
4.8263867172e-09 1.1374730128e+04 1.1759109070e+00 1.5000000000e-01 
3.3726368820e-06 1.2010430651e+04 1.2479671593e+00 1.5000000000e-01 
1.8086926296e-07 1.1503480022e+04 7.8339304520e-01 1.5000000000e-01 
5.8820950877e-06 2.4625523196e+04 4.1421968269e-01 1.5000000000e-01 
4.0564288766e-11 1.2100262042e+04 5.3943597327e-01 1.5000000000e-01 
7.5202541330e-06 2.0360290878e+04 3.2970648370e-01 1.5000000000e-01 
4.0003618723e-10 1.2835796161e+04 5.2245368756e-01 1.5000000000e-01 
1.5077490624e-10 1.7469218825e+04 1.0956465346e+00 1.5000000000e-01 
6.4436321977e-10 1.3455277300e+04 9.5343936364e-01 1.5000000000e-01 
2.9525271636e-07 1.3913035652e+04 1.3144817548e+00 1.5000000000e-01 
1.7695846265e-09 1.1373720631e+04 2.7911176396e-01 1.5000000000e-01 
2.5431057665e-08 1.8656252442e+04 1.3141497145e+00 1.5000000000e-01 
5.9132726382e-07 1.2208729721e+04 9.7408585717e-01 1.5000000000e-01 
1.5470643837e-09 1.4808898810e+04 1.0250754402e+00 1.5000000000e-01 
9.1632867622e-10 1.6199287319e+04 1.1582008813e+00 1.5000000000e-01 
1.3367508017e-10 1.1241192563e+04 9.9750332248e-01 1.5000000000e-01 
9.6972375283e-08 1.8376488878e+04 8.2240801337e-01 1.5000000000e-01 
2.7381199325e-10 1.3987985094e+04 3.7582709498e-01 1.5000000000e-01 
5.4389085762e-10 1.4289074739e+04 1.2218087865e+00 1.5000000000e-01 
6.3752180293e-09 1.2241511389e+04 1.1081155476e+00 1.5000000000e-01 
5.0359259064e-09 1.2218049936e+04 7.7679931625e-01 1.5000000000e-01 
2.5522060121e-09 1.1292005943e+04 8.0456306031e-01 1.5000000000e-01 
1.1939760152e-08 1.2822441451e+04 3.1305999246e-01 1.5000000000e-01 
3.1857916458e-11 2.5000000000e+04 8.5061763054e-01 1.5000000000e-01 
1.9629751835e-09 1.3327413878e+04 6.5893539307e-01 1.5000000000e-01 
9.8861878880e-08 1.3674599983e+04 1.0275916816e+00 1.5000000000e-01 
6.6159289852e-08 1.1469521134e+04 5.6869767847e-01 1.5000000000e-01 
1.3085744065e-08 1.1363104128e+04 8.1573871082e-01 1.5000000000e-01 
5.1995449832e-12 1.4936027116e+04 7.4982421983e-01 1.5000000000e-01 
3.6374708289e-06 1.5445138442e+04 7.9452186247e-01 1.5000000000e-01 
1.7026590079e-09 1.2897234491e+04 9.4704239201e-01 1.5000000000e-01 
1.3443884727e-08 1.3878020315e+04 1.2248589674e+00 1.5000000000e-01 
2.4719384684e-11 1.1288813454e+04 6.6312234533e-01 1.5000000000e-01 
1.0223218697e-11 1.3836574087e+04 9.2805489176e-01 1.5000000000e-01 
1.6029355242e-08 1.2614542910e+04 5.0163782914e-01 1.5000000000e-01 
8.4096942000e-09 1.2269496115e+04 1.2581557437e+00 1.5000000000e-01 
3.4260068956e-07 1.2483111073e+04 5.3916973396e-01 1.5000000000e-01 
2.3802486452e-10 1.2494609916e+04 2.3668516207e-01 1.5000000000e-01 
1.4987854730e-09 1.9204319007e+04 9.1937301661e-01 1.5000000000e-01 
9.6730402062e-10 1.3230782235e+04 6.7749933575e-01 1.5000000000e-01 
9.6332875877e-09 1.3685568556e+04 4.2475063933e-01 1.5000000000e-01 
8.3504056114e-10 1.2133203253e+04 8.0807531469e-01 1.5000000000e-01 
7.3348622145e-09 1.3840263982e+04 9.3025807060e-01 1.5000000000e-01 
1.7445545520e-06 1.5833151936e+04 1.2015572277e+00 1.5000000000e-01 
1.4497914364e-10 1.1865078635e+04 6.2122325588e-01 1.5000000000e-01 
7.3979795855e-08 1.2551275466e+04 6.0690910728e-01 1.5000000000e-01 
1.8024752237e-08 1.2451533788e+04 1.0200395134e+00 1.5000000000e-01 
2.1382655094e-08 1.1307502480e+04 8.8620844098e-01 1.5000000000e-01 
2.8874016943e-11 1.3648804819e+04 1.3316171984e+00 1.5000000000e-01 
1.5916758966e-10 1.2248817161e+04 8.4691343112e-01 1.5000000000e-01 
1.2474150401e-05 1.2238556285e+04 6.2211017145e-01 1.5000000000e-01 
8.3658675351e-09 2.5000000000e+04 1.0173064773e+00 1.5000000000e-01 
2.7553012371e-07 1.2285630584e+04 7.5033445978e-01 1.5000000000e-01 
2.5309714512e-09 1.2410841899e+04 1.1161914584e+00 1.5000000000e-01 
4.9524258342e-08 1.7218965733e+04 3.9843520019e-02 1.5000000000e-01 
5.8623683213e-10 1.4677804075e+04 1.9614111236e-01 1.5000000000e-01 
