3.0157016796e-05 7.2872724271e-01 
7.7555990738e-05 1.0000000000e+00 
1.5141195488e-05 7.5097062992e-01 
4.9992024890e-06 9.9501175632e-01 
1.6193345127e-05 1.0000000000e+00 
1.3711442485e-05 7.4903327539e-01 
6.7421886967e-06 7.6836112941e-01 
5.6239306446e-06 7.6361707184e-01 
1.0431102860e-04 7.0998478439e-01 
1.2228676911e-04 7.1085403246e-01 
3.0878135680e-05 1.0000000000e+00 
4.9998912025e-06 1.0000000000e+00 
5.8770731331e-05 7.2784494043e-01 
7.2650780311e-05 6.8990815040e-01 
4.1754320694e-05 7.1996484681e-01 
4.9956914167e-06 9.9688614594e-01 
2.4947244015e-05 7.1765918350e-01 
7.6591577620e-05 7.1239919521e-01 
3.0742429606e-05 6.8332415330e-01 
6.9838506586e-06 6.8892770385e-01 
4.9981016084e-06 9.9908298459e-01 
4.7867294255e-05 7.1599884542e-01 
8.0735750519e-06 1.0000000000e+00 
4.9923287873e-06 9.9765830652e-01 
4.8481464691e-05 7.1927214278e-01 
7.3262357953e-06 1.0000000000e+00 
3.4760976903e-05 6.7328591759e-01 
3.0697317722e-05 7.3577917933e-01 
4.9962554109e-06 9.9784675323e-01 
5.9017713232e-06 7.7020845088e-01 
4.9985735582e-06 9.9723344644e-01 
3.0061230656e-05 7.4266106224e-01 
2.9229780069e-05 7.4836750415e-01 
4.9983087794e-06 9.9810773739e-01 
8.6315048834e-05 7.1715384320e-01 
4.3018075997e-05 7.2934615771e-01 
6.0977839188e-05 7.1562872546e-01 
3.0687579599e-05 6.6417395307e-01 
2.3794801505e-05 1.0000000000e+00 
5.5162613712e-05 7.1471883505e-01 
8.5634980660e-05 7.1634480840e-01 
1.1969287050e-05 6.7941074226e-01 
4.4211503907e-05 7.2865450709e-01 
4.6330479608e-05 6.7335091639e-01 
4.9852715614e-06 9.9587576014e-01 
7.9448718967e-05 7.0931659267e-01 
6.5225275806e-05 7.1335332701e-01 
9.5655205257e-05 7.1400566056e-01 
1.0989504038e-04 6.9612014971e-01 
4.9920718798e-06 9.9473456633e-01 
4.9999214084e-06 9.9767406129e-01 
5.0575649070e-05 7.4207373092e-01 
2.4793164100e-05 7.3597711601e-01 
5.7658705868e-05 7.3910514597e-01 
7.0785006592e-06 7.7221430740e-01 
8.7946568947e-06 1.0000000000e+00 
1.0391797821e-04 7.0885240026e-01 
1.6733115392e-05 7.5603030612e-01 
3.0297164411e-05 7.3436284066e-01 
2.6855845165e-05 7.4100319133e-01 
7.4787883779e-06 7.6798229860e-01 
2.7619920925e-05 7.2999093353e-01 
6.1530617808e-05 7.1876262050e-01 
1.8623331615e-05 1.0000000000e+00 
3.4738607236e-05 6.8118104159e-01 
8.9036474902e-06 1.0000000000e+00 
3.4175988161e-05 7.3216201606e-01 
8.0645216324e-06 7.6856638994e-01 
4.9988973607e-06 9.9520938687e-01 
1.1077582234e-04 7.3993223252e-01 
5.2357829511e-05 7.2082139213e-01 
4.5755761017e-05 7.3711528338e-01 
1.1878673243e-05 1.0000000000e+00 
3.7955056680e-05 7.2784667889e-01 
6.0288823782e-05 7.1777611504e-01 
1.6248633549e-05 1.0000000000e+00 
1.6746461943e-05 6.9370089935e-01 
3.0012548297e-05 1.0000000000e+00 
1.0921867464e-05 7.7524467833e-01 
1.7249518222e-05 7.5038089045e-01 
9.1151187954e-05 7.1227363640e-01 
4.9925208652e-06 9.9623414991e-01 
3.4374396461e-05 7.3446458258e-01 
5.0610099718e-06 1.0000000000e+00 
1.5896349336e-05 1.0000000000e+00 
2.0433212856e-04 7.1244313477e-01 
4.7726203166e-05 7.1227671240e-01 
2.7072157021e-05 7.3900487108e-01 
3.9846818401e-05 1.0000000000e+00 
5.2069080608e-05 7.4914944689e-01 
8.8183398351e-06 7.6878074972e-01 
5.2526962413e-06 1.0000000000e+00 
1.8014510328e-05 7.5592238833e-01 
4.6802460127e-05 7.3087691879e-01 
2.2064017403e-04 7.1490883163e-01 
5.0415897742e-05 7.1135244805e-01 
2.0151754753e-05 7.4428579925e-01 
4.5728505487e-05 1.0000000000e+00 
2.9709095452e-05 7.2967710629e-01 
7.2414896393e-05 7.1300130823e-01 
3.7906773442e-05 6.7618792311e-01 
1.3760044263e-04 7.0120354961e-01 
4.6601048531e-05 7.2541701195e-01 
6.3982348998e-05 7.2055270312e-01 
4.9982536708e-06 9.9852444359e-01 
1.3585419370e-05 7.6891860647e-01 
5.0353267243e-05 7.3571195156e-01 
2.5843689569e-05 7.3819646421e-01 
2.2320937297e-05 7.3754858037e-01 
4.4609847174e-05 7.1687967828e-01 
5.9244580572e-05 7.1608880506e-01 
3.7210619208e-05 7.1914062134e-01 
2.2286189309e-04 7.0224655090e-01 
3.5701648235e-05 7.1601331156e-01 
3.0677558551e-05 7.7375569008e-01 
3.5730525645e-05 7.0810416659e-01 
2.8078902580e-05 7.0585545350e-01 
4.5567453638e-05 7.2567602036e-01 
1.9917539014e-05 7.1388679839e-01 
1.0461021826e-04 7.0746039485e-01 
2.3094463008e-05 6.6842434448e-01 
4.3921722764e-05 6.7465684172e-01 
4.9941004562e-06 9.9790200954e-01 
4.4926247176e-05 6.7544867687e-01 
1.0335027728e-05 7.6000675167e-01 
1.8622121193e-05 6.8121371897e-01 
1.8654384987e-05 7.3073512281e-01 
8.7267454218e-06 8.0970607198e-01 
1.8190958342e-05 6.7229551340e-01 
5.6058440566e-06 1.0000000000e+00 
2.7273460416e-05 6.7768062599e-01 
5.8889184701e-06 7.9393260741e-01 
3.2309054109e-05 1.0000000000e+00 
4.6552066984e-05 7.2564653426e-01 
8.7860286930e-05 7.2865669783e-01 
6.0127491127e-06 7.8187896057e-01 
4.9814726622e-06 9.9624669867e-01 
1.6035475172e-05 7.2483829607e-01 
8.8713497237e-06 1.0000000000e+00 
1.8408886387e-05 7.3807438341e-01 
3.3261431396e-05 1.0000000000e+00 
6.4396997727e-05 7.2699496043e-01 
2.0860256833e-05 1.0000000000e+00 
1.3697173531e-05 1.0000000000e+00 
3.5155480285e-05 6.6009499332e-01 
4.9986800890e-06 9.9640240869e-01 
8.5693257891e-05 7.5129392337e-01 
6.8515904418e-05 7.1542872966e-01 
1.2586315290e-05 1.0000000000e+00 
4.9982303459e-06 9.9674781999e-01 
2.6986937847e-05 6.6218205474e-01 
2.8007245543e-05 7.0063844278e-01 
1.3745826316e-05 1.0000000000e+00 
3.1104791358e-05 7.1787408166e-01 
3.6508645447e-05 6.6850027671e-01 
4.0071342489e-05 7.2579542778e-01 
2.6559935097e-05 7.4485877856e-01 
4.9864232852e-06 9.9622255586e-01 
8.9007632569e-06 7.6026718238e-01 
1.4071846378e-04 7.0473279822e-01 
3.8652878236e-05 6.6868404591e-01 
1.0189073399e-05 7.5570834794e-01 
8.6290406334e-05 7.2039745239e-01 
2.8291167371e-05 7.3283824460e-01 
4.0591996382e-05 1.0000000000e+00 
7.5700524038e-05 7.1168642360e-01 
1.1806920572e-05 6.8949632707e-01 
1.7204942058e-05 7.6613249194e-01 
1.8475229453e-05 7.4586721553e-01 
1.4928098468e-05 1.0000000000e+00 
8.7050738826e-06 7.6389972105e-01 
3.1154244028e-05 6.8542863618e-01 
7.2546155347e-05 7.1267626400e-01 
5.9599785344e-05 1.0000000000e+00 
8.3593122350e-06 1.0000000000e+00 
3.3991864778e-05 7.0182795884e-01 
1.5452823592e-05 1.0000000000e+00 
3.7412462272e-05 7.3043758563e-01 
6.3778433624e-05 7.2537254385e-01 
5.9114078782e-05 7.2782730154e-01 
6.5553920819e-06 1.0000000000e+00 
8.6657355976e-06 7.6783534433e-01 
6.3257514677e-05 7.1855178627e-01 
9.2008912779e-05 7.1037836015e-01 
6.0437965687e-05 7.1321364214e-01 
6.5595352374e-05 7.2619274556e-01 
2.1050039850e-05 6.7812761348e-01 
4.9952733565e-06 9.9694445075e-01 
2.4458701545e-05 1.0000000000e+00 
1.4249918371e-05 7.6273193262e-01 
2.8721120473e-04 6.8505598463e-01 
3.1998395748e-05 7.5855655228e-01 
1.2820385586e-05 1.0000000000e+00 
4.9997715387e-06 9.9371673659e-01 
4.6722258558e-05 7.3208518346e-01 
1.8023310028e-05 7.3987900878e-01 
3.1852218351e-04 6.7549413881e-01 
4.9989498673e-06 9.9695429398e-01 
3.8220073367e-05 7.3109563095e-01 
4.9998580026e-06 9.9918835165e-01 
5.9291283170e-05 7.1212198880e-01 
1.0943646317e-05 1.0000000000e+00 
2.2159490620e-05 7.5639069732e-01 
2.2582412424e-05 7.2880805059e-01 
3.0400809776e-05 6.9505757232e-01 
2.2297977861e-05 6.7972898015e-01 
1.2638760423e-04 7.1515732147e-01 
4.9955875938e-06 9.9744496339e-01 
6.7745444626e-05 7.1266602757e-01 
1.9470216866e-05 7.4230749264e-01 
2.1577995805e-05 7.1597763300e-01 
1.3749484970e-04 7.0941842750e-01 
4.9589791201e-05 7.2533921976e-01 
5.0707860160e-05 7.1420249877e-01 
1.0937895343e-05 7.6316795619e-01 
7.1138738479e-05 7.1780779128e-01 
6.1406023908e-05 7.1522803189e-01 
1.5645123452e-05 6.8328623616e-01 
4.9997180941e-06 9.9921620860e-01 
1.0419146863e-05 7.4817295004e-01 
9.3208173423e-05 7.0719701888e-01 
7.2899859390e-06 1.0000000000e+00 
1.8309393428e-05 6.8793466938e-01 
9.7440737818e-06 7.0671230835e-01 
8.1687913659e-05 7.2909809817e-01 
1.3209109104e-05 7.5055617073e-01 
5.0140523447e-05 7.1102993911e-01 
3.7933734651e-05 7.3273053658e-01 
4.9992277439e-06 9.9897402063e-01 
5.8385065882e-05 7.4259596354e-01 
9.9510059515e-06 7.7394887444e-01 
3.1083142248e-05 1.0000000000e+00 
2.5998960712e-05 7.4112615761e-01 
2.8564651489e-05 7.4154459237e-01 
2.9797747786e-05 6.6476832682e-01 
1.9453034276e-05 6.7083163696e-01 
1.2949472017e-05 7.3710546993e-01 
1.6447535336e-05 7.6292885644e-01 
6.5657727056e-05 7.2441672995e-01 
3.3548631847e-05 6.7229078709e-01 
4.0804093073e-05 7.3195200596e-01 
2.1799379050e-05 1.0000000000e+00 
1.2988892808e-05 7.4301846269e-01 
5.7597039185e-05 7.3015659941e-01 
1.2421457771e-04 7.0818398497e-01 
4.0356990068e-05 7.3719684842e-01 
5.0108353825e-05 7.1234508768e-01 
8.8085152481e-06 1.0000000000e+00 
9.6229687606e-05 6.9864270680e-01 
5.7269487071e-05 7.3507822072e-01 
1.3996420054e-05 1.0000000000e+00 
1.4172986945e-05 7.5411583528e-01 
1.1590034367e-05 1.0000000000e+00 
2.0361148171e-05 7.3985054454e-01 
2.6621282965e-04 6.8549323603e-01 
3.7600334995e-05 6.8617729211e-01 
3.2094122844e-05 6.7106829026e-01 
4.4468124553e-05 7.3041650244e-01 
2.6364598787e-05 1.0000000000e+00 
8.5758034220e-05 7.1417519787e-01 
4.7285678046e-05 7.2429333747e-01 
1.2321207214e-04 7.1014072415e-01 
3.1980966070e-05 7.1762573987e-01 
5.2459898471e-05 7.2119284098e-01 
4.9995328941e-06 9.9894419990e-01 
3.4670440689e-05 7.1981367384e-01 
3.7419314070e-05 7.6578188958e-01 
1.1611096203e-05 1.0000000000e+00 
1.2229239208e-05 1.0000000000e+00 
6.8780792171e-06 7.6523891565e-01 
6.2643521106e-05 7.2531363413e-01 
1.0021658485e-04 7.1629279441e-01 
1.6962873178e-05 6.8681673286e-01 
1.7138572373e-05 7.4906662035e-01 
5.7108736490e-05 7.2114771628e-01 
3.0067375125e-05 1.0000000000e+00 
1.7250468819e-05 7.2759495558e-01 
1.8271369283e-05 1.0000000000e+00 
4.4148129903e-05 6.7306316721e-01 
3.0203329417e-05 7.4835182151e-01 
1.5502127093e-05 6.8717581912e-01 
2.5352686235e-05 7.4079834919e-01 
5.3937095088e-05 6.6913654420e-01 
5.2025238870e-06 1.0000000000e+00 
4.1112325752e-05 6.7709082855e-01 
5.1895604950e-05 7.3273536811e-01 
2.7676984542e-05 6.8933220310e-01 
1.1009034140e-05 7.6867629324e-01 
1.5098425443e-04 6.9218596364e-01 
6.6672925151e-05 7.0442547458e-01 
5.4109228962e-05 7.2384806661e-01 
1.6761910646e-05 1.0000000000e+00 
9.9895834357e-05 7.4499868345e-01 
1.0197526739e-04 7.0819055636e-01 
4.9993466252e-06 9.9906153074e-01 
1.1476711965e-04 7.3205759023e-01 
3.1841773971e-05 7.3349502385e-01 
1.8133245870e-04 7.1203020288e-01 
3.6456610738e-05 6.8903992577e-01 
3.4328342461e-05 6.8128320029e-01 
3.9810458271e-05 7.1459657592e-01 
3.3010746733e-05 6.9787201243e-01 
5.8068328157e-05 7.1733613363e-01 
1.2544041382e-04 7.1420091026e-01 
1.0808272584e-04 7.1720089493e-01 
5.6632074753e-05 7.3590223808e-01 
1.4100555308e-05 1.0000000000e+00 
7.8122714809e-05 7.3675125221e-01 
4.4632658560e-05 7.3245054506e-01 
1.3846290038e-05 1.0000000000e+00 
4.4648444687e-05 6.6980274164e-01 
2.1152111441e-05 6.7839102039e-01 
4.0355933229e-05 7.3774195644e-01 
1.3807825862e-04 7.0515446245e-01 
1.5309767738e-04 6.9414089521e-01 
1.9356635832e-05 7.4366497535e-01 
3.3575687830e-05 6.6256277461e-01 
2.4668825988e-05 7.2414857300e-01 
1.7965277558e-04 7.0362838002e-01 
2.2906245702e-05 1.0000000000e+00 
2.6243775792e-05 7.3412846270e-01 
2.2837843237e-05 7.4646245040e-01 
5.8058756131e-05 7.3306945110e-01 
9.1189705397e-06 7.4876281522e-01 
2.5526821850e-05 7.3970850297e-01 
1.0614995084e-04 7.2942313091e-01 
1.1748006739e-05 7.5895664083e-01 
3.5823665982e-05 7.3051533556e-01 
4.9988212976e-06 9.9833673004e-01 
4.5863331704e-05 6.6636464574e-01 
6.1864723264e-05 7.2377783781e-01 
5.8049196060e-05 7.1842487304e-01 
7.1622565047e-06 1.0000000000e+00 
2.9104050890e-05 6.7398750897e-01 
4.8204165901e-05 6.7108254338e-01 
3.5234252976e-04 7.1558513505e-01 
1.7490703966e-05 6.8158439248e-01 
4.7737512119e-05 6.8057133872e-01 
1.2021962239e-05 7.5434185543e-01 
4.8338789838e-05 7.2164086897e-01 
3.5044031556e-05 6.8253829414e-01 
3.5152858479e-05 7.3572116089e-01 
4.1689919052e-05 7.2663166776e-01 
1.2617708835e-04 7.0410042784e-01 
4.9929745712e-06 9.9597068371e-01 
7.1588439668e-05 7.1396151401e-01 
1.4988726404e-05 1.0000000000e+00 
6.9698663080e-05 7.2777802143e-01 
3.3821604336e-05 6.6938963533e-01 
8.7339048864e-06 8.0940445558e-01 
3.7668644670e-05 7.1622380893e-01 
3.0173608590e-05 7.2899501155e-01 
4.2397441931e-05 7.1832760444e-01 
1.2423703321e-05 7.5177457071e-01 
5.4614578521e-06 1.0000000000e+00 
2.6793913364e-05 7.4119039813e-01 
4.0724169090e-05 7.2821797775e-01 
5.3184386323e-05 7.1351872866e-01 
2.4163823726e-05 7.4657146925e-01 
2.1411065450e-05 7.3515199253e-01 
1.2818330489e-05 7.4584564747e-01 
4.9918054807e-05 7.1585417684e-01 
1.1252250141e-05 7.7313979957e-01 
8.8523551990e-05 7.1980261352e-01 
3.0199963663e-05 7.3094245156e-01 
3.7419541882e-05 7.1254506987e-01 
7.4313733692e-06 7.6881993162e-01 
4.1769944102e-05 7.1844741982e-01 
1.2118447628e-05 1.0000000000e+00 
1.2622126887e-05 7.3243553866e-01 
3.6301999183e-05 7.3641020041e-01 
5.9024192583e-05 7.1714575580e-01 
4.9911356761e-06 9.9474211040e-01 
4.9962416354e-06 9.9830644513e-01 
2.5520674675e-05 7.4291588414e-01 
7.5339294960e-05 7.1112316832e-01 
1.3360804621e-04 6.9736591502e-01 
5.7011237755e-05 7.2548642244e-01 
2.4114805993e-05 1.0000000000e+00 
6.4714650871e-05 1.0000000000e+00 
1.1310330832e-05 1.0000000000e+00 
1.8076987626e-05 7.5492039597e-01 
6.8946003565e-06 7.7275341279e-01 
1.8548085944e-04 7.1160869632e-01 
1.3029358937e-04 6.9598619340e-01 
2.3733064430e-04 6.8629299869e-01 
1.7875522729e-05 7.5080137504e-01 
8.6243042183e-05 7.0942324221e-01 
1.0490472170e-04 7.1840177613e-01 
1.1163759358e-05 7.6345672034e-01 
9.1044744304e-06 1.0000000000e+00 
4.2446645361e-05 7.1173049899e-01 
1.2310083192e-05 7.5797620440e-01 
1.0585682325e-04 7.0502285629e-01 
6.6768009115e-05 7.2573526216e-01 
5.6905615454e-05 7.3693343034e-01 
1.9406158844e-04 6.8410532200e-01 
3.6214788781e-05 6.7434665644e-01 
6.7828705518e-05 7.1669363136e-01 
5.7984373045e-05 7.3376309588e-01 
8.2231644315e-05 7.1966632134e-01 
4.7937267196e-05 7.2676887655e-01 
2.1190231746e-04 6.8165559733e-01 
3.4747496547e-05 6.7398288983e-01 
3.0929380311e-05 7.6060504791e-01 
1.3497984776e-04 6.9332250033e-01 
2.1521875094e-04 6.7989634980e-01 
8.3146958274e-05 7.1066745983e-01 
2.6610121460e-05 6.6701357020e-01 
2.2341077588e-05 7.6238766107e-01 
6.3144714841e-06 1.0000000000e+00 
2.4780169582e-05 7.3472208007e-01 
1.9293169889e-05 6.9116918438e-01 
2.1211771839e-05 7.6348572535e-01 
6.9215159808e-05 7.1749403972e-01 
5.6916669917e-05 7.1125005598e-01 
2.4167432864e-05 7.3635230351e-01 
1.2324501762e-05 1.0000000000e+00 
1.6095767955e-05 7.5145118242e-01 
1.2381491790e-05 6.8914193321e-01 
2.9422444017e-05 7.2564480097e-01 
9.1900773144e-05 7.1131885363e-01 
2.3789838505e-05 7.4081702529e-01 
8.6209051899e-06 1.0000000000e+00 
2.0076677395e-05 7.4024322539e-01 
3.1274721156e-05 7.2816304073e-01 
2.1435400232e-05 7.5879922674e-01 
7.1766549444e-05 7.1232509911e-01 
3.1586247920e-05 1.0000000000e+00 
2.3050160725e-05 7.3058238115e-01 
3.5390168188e-05 7.5049512731e-01 
2.2441702920e-05 6.7100988308e-01 
5.8732130531e-05 7.1464796238e-01 
7.5933960923e-06 7.7073218051e-01 
5.4005205585e-06 1.0000000000e+00 
4.4612849980e-05 7.2524419714e-01 
8.5022628201e-05 7.3364862553e-01 
2.0183627236e-05 1.0000000000e+00 
3.6928420865e-05 6.6364596861e-01 
3.0386292198e-05 7.3659751708e-01 
6.1612734227e-06 1.0000000000e+00 
2.9474239581e-05 6.6126064758e-01 
6.5569591033e-06 7.7930150639e-01 
5.6940123019e-05 6.7930605907e-01 
2.3053495184e-04 7.1354367872e-01 
1.0246069745e-04 7.1037364591e-01 
4.9890928726e-06 9.9670461843e-01 
1.1039845036e-05 1.0000000000e+00 
6.6663633436e-06 7.4390375980e-01 
2.4294575993e-05 6.8683852127e-01 
1.7121291095e-05 7.3924048289e-01 
2.8726556656e-05 6.7726051110e-01 
1.1681909040e-04 7.3636282632e-01 
3.9061710089e-05 7.0889321704e-01 
2.8635150639e-05 7.6992111478e-01 
1.1898108563e-04 7.1451521249e-01 
3.0057784362e-05 7.3858982328e-01 
2.7313123675e-05 7.4296582748e-01 
1.6555592382e-05 1.0000000000e+00 
1.1238799126e-05 7.6301947666e-01 
1.9231606496e-05 7.3053235704e-01 
2.7193015101e-05 7.1586805964e-01 
6.0835560871e-05 6.9247423825e-01 
4.7414737066e-05 7.2075679447e-01 
4.5643910843e-05 6.6478015345e-01 
4.0441486672e-05 7.2464980591e-01 
4.9997332683e-06 9.9831205849e-01 
3.1234607586e-05 7.3085818095e-01 
6.3254302381e-05 7.3138392921e-01 
7.9265977202e-05 7.1117217341e-01 
6.6785988654e-05 7.1174287688e-01 
5.5986267874e-06 1.0000000000e+00 
5.4573305380e-05 7.2589678767e-01 
3.8820087267e-05 7.1033706121e-01 
6.3470106265e-05 7.3278521236e-01 
9.4412795338e-06 1.0000000000e+00 
7.0323350317e-06 1.0000000000e+00 
4.6575235990e-05 7.2332103425e-01 
6.8422108638e-05 6.6781921875e-01 
8.2016800163e-05 7.1316983072e-01 
2.0744615868e-05 6.6809529085e-01 
8.2136924986e-06 7.7358816801e-01 
2.9092465038e-05 7.2612690476e-01 
3.2271165395e-05 7.3293597793e-01 
3.1608360318e-05 6.6525420276e-01 
3.9474416915e-05 7.3640542827e-01 
6.1978847156e-05 7.4267190399e-01 
1.7492472506e-05 7.2936777742e-01 
6.2653410304e-05 7.1976016813e-01 
6.5815424575e-05 7.2343516972e-01 
7.6684580819e-05 7.1129838492e-01 
9.9488497057e-06 1.0000000000e+00 
1.7847488388e-05 7.6957321170e-01 
1.9451730419e-04 6.8812244608e-01 
4.9970111070e-06 9.9780089674e-01 
8.9452514643e-05 7.1465243942e-01 
4.5780975776e-05 6.6654983662e-01 
1.2228428720e-05 7.5342381543e-01 
1.7481020464e-05 7.4143101069e-01 
