6.3805202648e-09 1.7704502693e+04 8.1912666251e-01 6.0000000000e-01 
4.8304974344e-09 1.6074017851e+04 7.2688399967e-01 6.0000000000e-01 
6.3201751240e-09 1.1919715125e+04 7.1125035487e-01 6.0000000000e-01 
2.9531172786e-09 1.1711915489e+04 9.7503794915e-01 6.0000000000e-01 
1.1527592068e-07 1.4369263383e+04 6.2203858483e-01 6.0000000000e-01 
3.1609882245e-07 1.6587346555e+04 1.0715176123e+00 6.0000000000e-01 
3.3667185736e-10 1.2274500217e+04 3.6934448190e-01 6.0000000000e-01 
5.1368327650e-08 1.2716442637e+04 1.0170599351e+00 6.0000000000e-01 
2.7736150429e-10 1.1415786505e+04 6.8384903690e-01 6.0000000000e-01 
9.6786195589e-10 1.1947630053e+04 1.3554603360e+00 6.0000000000e-01 
2.0614782397e-10 1.1200461829e+04 9.8148912585e-01 6.0000000000e-01 
1.1317043663e-10 1.8962918170e+04 6.3961783483e-01 6.0000000000e-01 
9.3677056648e-08 1.9242463831e+04 1.0609214661e+00 6.0000000000e-01 
2.4724698173e-09 1.2661069042e+04 1.3003279917e+00 6.0000000000e-01 
1.7312712660e-08 2.5000000000e+04 5.6368636561e-01 6.0000000000e-01 
7.5141759905e-08 1.1481923354e+04 1.0045178826e+00 6.0000000000e-01 
1.6459791955e-09 1.1533616973e+04 6.7158764805e-01 6.0000000000e-01 
1.2207568448e-06 1.2019812825e+04 5.4613344023e-01 6.0000000000e-01 
1.5953943218e-09 1.1917610965e+04 8.1159936890e-01 6.0000000000e-01 
3.8320353987e-10 1.2941273879e+04 4.7239385519e-01 6.0000000000e-01 
3.9104053521e-06 1.1709977105e+04 4.9752285386e-01 6.0000000000e-01 
3.0625893751e-07 1.1203910066e+04 7.2545331959e-01 6.0000000000e-01 
1.7290871787e-07 1.5175810848e+04 1.1459376379e+00 6.0000000000e-01 
4.5299047054e-09 1.7592436006e+04 4.5562201474e-01 6.0000000000e-01 
3.3155288440e-09 1.2379051364e+04 5.4304664543e-01 6.0000000000e-01 
1.5672255419e-08 1.3094019416e+04 1.1180826201e+00 6.0000000000e-01 
8.3960407589e-08 1.1318558618e+04 7.7026807280e-01 6.0000000000e-01 
8.6750527778e-09 2.4038071831e+04 1.3887255936e-01 6.0000000000e-01 
1.9944991527e-10 2.0450770775e+04 1.2291383149e+00 6.0000000000e-01 
6.6770103781e-06 1.3363957968e+04 4.9607720371e-01 6.0000000000e-01 
3.5248223178e-09 1.1421790701e+04 5.7899146850e-01 6.0000000000e-01 
2.9733581884e-10 1.3066884341e+04 4.5557150791e-01 6.0000000000e-01 
2.6393748398e-09 1.1869092497e+04 5.3616569490e-01 6.0000000000e-01 
1.7061375636e-07 1.4384080379e+04 9.7976012735e-01 6.0000000000e-01 
2.2938882196e-08 1.1237015297e+04 1.2155896249e+00 6.0000000000e-01 
1.0866438166e-08 1.1316277009e+04 7.5810200077e-01 6.0000000000e-01 
7.5206500073e-09 1.1453795977e+04 5.7253491871e-01 6.0000000000e-01 
3.3271665874e-09 1.3634666142e+04 4.1643845822e-01 6.0000000000e-01 
5.8494837318e-09 1.2122702756e+04 5.7147571794e-01 6.0000000000e-01 
3.4512189947e-07 1.3673867840e+04 8.4165528412e-01 6.0000000000e-01 
1.7944416637e-05 1.7199662315e+04 5.7562997764e-01 6.0000000000e-01 
1.7856441942e-08 1.2636453316e+04 6.1227195077e-01 6.0000000000e-01 
2.8112863403e-05 1.1350316271e+04 5.1757298712e-01 6.0000000000e-01 
2.6641963755e-09 1.9486406867e+04 1.4592286277e+00 6.0000000000e-01 
1.2824798403e-09 1.1276276787e+04 1.1771293111e+00 6.0000000000e-01 
1.1537391804e-08 1.2204090439e+04 1.1201651103e+00 6.0000000000e-01 
2.2444739892e-08 1.7152634898e+04 3.9637159915e-01 6.0000000000e-01 
4.0596567827e-09 1.1770751174e+04 6.6679384297e-01 6.0000000000e-01 
1.5206853962e-08 1.4261479723e+04 7.1798359295e-01 6.0000000000e-01 
1.0557502899e-08 1.4164957966e+04 6.7273126042e-01 6.0000000000e-01 
1.3501230726e-10 1.3525263304e+04 7.5711543389e-01 6.0000000000e-01 
5.8383002166e-10 1.3768842041e+04 6.2398177631e-01 6.0000000000e-01 
1.2938352869e-09 1.5401805524e+04 6.3633305894e-01 6.0000000000e-01 
3.3113297607e-09 1.3056636973e+04 1.5625627800e+00 6.0000000000e-01 
6.4173026677e-09 1.8989704231e+04 8.3058030971e-01 6.0000000000e-01 
1.4126966249e-06 1.1232257454e+04 5.4495946831e-01 6.0000000000e-01 
9.6705254019e-10 1.5151203278e+04 7.5779231198e-01 6.0000000000e-01 
2.6771914328e-09 1.4926132414e+04 6.8797628906e-01 6.0000000000e-01 
5.0161145318e-11 1.3256551721e+04 1.0192850557e+00 6.0000000000e-01 
3.4185654768e-06 1.4096455139e+04 1.1562686583e+00 6.0000000000e-01 
2.4203834299e-11 1.1753037365e+04 3.3211716534e-01 6.0000000000e-01 
1.7548851878e-08 1.1213114623e+04 7.2435878529e-01 6.0000000000e-01 
1.7266189621e-10 2.1885250450e+04 1.0762138282e+00 6.0000000000e-01 
2.5302410836e-09 1.6720102489e+04 1.1854461992e+00 6.0000000000e-01 
3.3522955262e-11 1.4458173492e+04 9.3241442733e-01 6.0000000000e-01 
4.3932762842e-09 1.2822679883e+04 6.0066765664e-01 6.0000000000e-01 
8.5630227254e-10 1.5236243802e+04 6.4405206780e-01 6.0000000000e-01 
5.6552225660e-08 1.5952000578e+04 5.4278262510e-01 6.0000000000e-01 
2.7927189752e-10 1.2959461083e+04 1.2452852727e+00 6.0000000000e-01 
9.1759741022e-07 1.5066874650e+04 3.2519635426e-01 6.0000000000e-01 
6.4526097775e-10 1.5360400748e+04 6.4305556733e-01 6.0000000000e-01 
2.6795277267e-10 1.1285532271e+04 3.5174406123e-01 6.0000000000e-01 
1.6702530304e-11 1.3247319338e+04 4.8398440798e-01 6.0000000000e-01 
1.3046507413e-09 1.1328250262e+04 8.1542134139e-01 6.0000000000e-01 
4.8769466745e-10 1.3984140470e+04 7.0298666069e-01 6.0000000000e-01 
2.4272371303e-10 1.3837683474e+04 2.6981825115e-01 6.0000000000e-01 
6.1790030464e-11 1.3077610405e+04 1.4347213038e+00 6.0000000000e-01 
8.0952043777e-09 1.3831193862e+04 9.5012197367e-01 6.0000000000e-01 
9.5948618895e-09 1.2453932657e+04 7.7936411177e-01 6.0000000000e-01 
2.1760940315e-08 1.1581155431e+04 7.3020095374e-01 6.0000000000e-01 
3.0106512336e-09 1.1556341412e+04 7.9186107209e-01 6.0000000000e-01 
4.6891311146e-08 1.6087808734e+04 1.6688100031e-01 6.0000000000e-01 
9.0881228454e-08 1.6077984318e+04 6.9347778080e-01 6.0000000000e-01 
4.5524214111e-07 1.4496940001e+04 1.0270340690e+00 6.0000000000e-01 
4.6044431203e-08 1.4390678684e+04 6.2118141573e-01 6.0000000000e-01 
6.7270019382e-09 1.5391462064e+04 9.1583385341e-01 6.0000000000e-01 
2.6540038535e-06 1.2522991472e+04 5.5162903380e-01 6.0000000000e-01 
9.0202770989e-09 1.3618524636e+04 1.3192930599e+00 6.0000000000e-01 
4.0510360013e-10 1.7528564051e+04 3.9887488699e-01 6.0000000000e-01 
3.9235710753e-09 1.1442842884e+04 6.8493415865e-01 6.0000000000e-01 
3.2271656290e-07 1.2670671837e+04 7.2323123182e-01 6.0000000000e-01 
1.8480110238e-10 1.6333413772e+04 5.2262592164e-01 6.0000000000e-01 
1.0344221626e-11 1.3567174568e+04 3.2966598591e-01 6.0000000000e-01 
6.1838946639e-08 1.6275452487e+04 8.7170106603e-01 6.0000000000e-01 
6.5484333859e-10 1.4835329726e+04 3.2301351188e-01 6.0000000000e-01 
7.7169471711e-09 1.1765280109e+04 3.7104762934e-01 6.0000000000e-01 
2.3371318594e-09 1.2283093899e+04 8.6664291026e-01 6.0000000000e-01 
9.1437951106e-08 1.4359598296e+04 8.0154214710e-01 6.0000000000e-01 
4.9473968042e-10 1.1946526613e+04 5.7616156085e-01 6.0000000000e-01 
1.7646882990e-06 1.1369285815e+04 6.1268322932e-01 6.0000000000e-01 
5.8256752859e-08 1.2016171496e+04 4.0427276366e-01 6.0000000000e-01 
1.8364206120e-08 1.2425329020e+04 1.3240952165e+00 6.0000000000e-01 
5.4945337121e-10 1.1414838376e+04 9.7989226022e-01 6.0000000000e-01 
1.6894036595e-08 1.6118754087e+04 5.1822296896e-01 6.0000000000e-01 
5.5934771083e-10 1.2821306005e+04 1.0491891673e+00 6.0000000000e-01 
2.3426835826e-09 1.2607683145e+04 9.1977473425e-01 6.0000000000e-01 
5.6929798913e-09 1.2158291989e+04 6.3367584014e-02 6.0000000000e-01 
1.2589057905e-08 1.8486676256e+04 1.4651650915e+00 6.0000000000e-01 
1.2579900294e-08 1.1418172572e+04 1.3285988380e+00 6.0000000000e-01 
1.8305133806e-11 2.1423641278e+04 4.2161485497e-01 6.0000000000e-01 
7.4715495398e-10 1.1554906873e+04 3.1598019668e-01 6.0000000000e-01 
1.8046266253e-07 1.1770965338e+04 1.3720794006e+00 6.0000000000e-01 
5.1981822124e-08 1.3764284275e+04 7.7335897102e-02 6.0000000000e-01 
2.0959889513e-09 1.2035327750e+04 4.1959219634e-01 6.0000000000e-01 
2.7770768113e-09 1.1743411855e+04 5.0780976325e-01 6.0000000000e-01 
1.0655829799e-10 1.2593571090e+04 7.0514111393e-01 6.0000000000e-01 
4.7348019018e-09 1.2228199892e+04 1.3272675506e+00 6.0000000000e-01 
4.3969405493e-11 1.5565406138e+04 2.2173746546e-01 6.0000000000e-01 
6.8023913634e-10 1.6840720743e+04 5.1841510757e-01 6.0000000000e-01 
7.0355176155e-10 1.3741056940e+04 1.1674211334e+00 6.0000000000e-01 
1.1442334028e-07 1.2726881843e+04 3.6984949275e-01 6.0000000000e-01 
8.1976785216e-08 1.1282598133e+04 6.0501186995e-01 6.0000000000e-01 
3.0720394569e-08 1.3319057287e+04 1.3463739221e+00 6.0000000000e-01 
8.2432803548e-11 1.2475596777e+04 7.8467210004e-01 6.0000000000e-01 
3.5993381106e-06 1.2393795239e+04 1.1317753673e+00 6.0000000000e-01 
2.3221883767e-10 1.5478501647e+04 8.8443069418e-01 6.0000000000e-01 
9.4244585926e-10 1.4249664964e+04 1.0183568790e+00 6.0000000000e-01 
8.1717576446e-10 1.3345419536e+04 3.7760612220e-01 6.0000000000e-01 
1.3782346819e-08 1.3709708104e+04 2.8581922397e-01 6.0000000000e-01 
2.2224812513e-07 1.3672069702e+04 4.4784393537e-01 6.0000000000e-01 
5.3304783153e-10 1.1582160506e+04 1.2504455354e+00 6.0000000000e-01 
1.1165958139e-06 1.3328814346e+04 1.4250485955e+00 6.0000000000e-01 
1.9089844467e-08 1.2052576900e+04 1.0574431272e+00 6.0000000000e-01 
4.8611063701e-09 1.3278923682e+04 7.9420061187e-01 6.0000000000e-01 
4.9506158650e-09 1.5990704527e+04 1.0615205884e+00 6.0000000000e-01 
8.8468593814e-07 1.3138068988e+04 6.6370340306e-01 6.0000000000e-01 
7.8622891771e-09 1.2036354239e+04 6.8757021224e-01 6.0000000000e-01 
1.8768726316e-07 1.2580783265e+04 6.9726258749e-01 6.0000000000e-01 
7.9467494217e-10 2.1291971339e+04 4.7066224588e-01 6.0000000000e-01 
2.5986356807e-10 1.8747404707e+04 1.3914336311e+00 6.0000000000e-01 
8.4194529525e-10 1.2386239198e+04 9.7883228843e-01 6.0000000000e-01 
1.4694645129e-08 1.1626818305e+04 7.8620655408e-01 6.0000000000e-01 
2.3900028801e-09 1.1842881468e+04 6.7199065005e-01 6.0000000000e-01 
4.0113663438e-10 1.3055495012e+04 8.5907259421e-01 6.0000000000e-01 
1.8367503938e-09 1.1243056191e+04 8.9798361569e-01 6.0000000000e-01 
3.7546824132e-09 1.9240051058e+04 1.4256634430e-01 6.0000000000e-01 
6.1322611951e-11 1.5342385865e+04 2.9288580285e-01 6.0000000000e-01 
5.3416397619e-10 1.2393515947e+04 9.2698746336e-01 6.0000000000e-01 
1.5449809869e-09 1.3484909214e+04 1.0455440218e+00 6.0000000000e-01 
4.7440149295e-09 1.9170765822e+04 2.8780913389e-01 6.0000000000e-01 
1.1261505322e-08 1.3028024771e+04 9.2070640224e-01 6.0000000000e-01 
6.3556167089e-08 1.2686943749e+04 7.1598921378e-01 6.0000000000e-01 
3.8970143494e-10 1.2154767957e+04 6.5054383709e-01 6.0000000000e-01 
1.2327080288e-08 1.3088489384e+04 4.7203093981e-01 6.0000000000e-01 
1.0489820569e-09 1.3824820881e+04 3.5560179943e-01 6.0000000000e-01 
2.4850822562e-05 1.2632553451e+04 7.4090275888e-01 6.0000000000e-01 
1.5125410394e-08 2.4820270259e+04 2.3364911001e-01 6.0000000000e-01 
6.7430134944e-06 1.4037277043e+04 3.7750823246e-01 6.0000000000e-01 
1.9839456030e-05 1.3756053758e+04 1.1168945294e+00 6.0000000000e-01 
8.9868794034e-07 1.2992673322e+04 3.5502621351e-01 6.0000000000e-01 
1.4268295543e-09 1.5595309617e+04 2.5444091418e-01 6.0000000000e-01 
5.3029487763e-07 2.2215436110e+04 1.1417786814e+00 6.0000000000e-01 
3.4897232783e-10 1.2631043546e+04 6.4549570566e-01 6.0000000000e-01 
3.3951586083e-08 1.3065535411e+04 9.0856157699e-01 6.0000000000e-01 
3.4639393524e-07 1.2042684751e+04 8.1120765164e-01 6.0000000000e-01 
6.7819427155e-10 1.1685274807e+04 9.5245035156e-01 6.0000000000e-01 
1.8561331845e-05 2.5000000000e+04 5.4783313678e-01 6.0000000000e-01 
1.2306139325e-11 1.1278247405e+04 7.8157566584e-01 6.0000000000e-01 
4.0152650437e-08 1.5487929103e+04 1.1481174124e+00 6.0000000000e-01 
1.3305221361e-09 1.2795543749e+04 1.0763862253e+00 6.0000000000e-01 
1.1624478503e-08 1.3304515409e+04 5.1967468480e-01 6.0000000000e-01 
2.6922077667e-08 1.2338074618e+04 1.5031273040e-01 6.0000000000e-01 
2.0246366189e-07 1.2322948627e+04 1.0332696557e+00 6.0000000000e-01 
2.0323400211e-11 1.2576064902e+04 7.9623020216e-01 6.0000000000e-01 
3.9977688097e-07 1.1271935244e+04 1.0121994949e+00 6.0000000000e-01 
1.4549235787e-09 2.1216713918e+04 1.4023166539e+00 6.0000000000e-01 
8.2989055568e-11 2.0319327517e+04 2.9721160199e-01 6.0000000000e-01 
1.9058865036e-09 1.3164452799e+04 1.0204366910e+00 6.0000000000e-01 
1.3228660105e-07 1.1779273610e+04 5.5380045271e-01 6.0000000000e-01 
1.8183013459e-11 2.5000000000e+04 1.0136005097e+00 6.0000000000e-01 
3.8540083296e-10 2.2245203416e+04 8.3856332225e-01 6.0000000000e-01 
2.9836987200e-07 1.2216429769e+04 1.5463320899e-01 6.0000000000e-01 
1.9013172507e-08 1.2704801592e+04 9.4419005672e-01 6.0000000000e-01 
2.2066719519e-07 1.2037386116e+04 1.0493487194e+00 6.0000000000e-01 
4.0433021559e-11 1.1337424724e+04 1.0791022913e+00 6.0000000000e-01 
1.3522602151e-08 1.2873561304e+04 8.4601072569e-01 6.0000000000e-01 
2.5978834181e-10 1.1983217874e+04 6.6347912599e-01 6.0000000000e-01 
1.9434666415e-05 1.3270934291e+04 1.2400656527e+00 6.0000000000e-01 
6.1393216345e-11 1.1281175553e+04 8.3175454186e-01 6.0000000000e-01 
6.2742719968e-09 1.2398919077e+04 1.1349107235e+00 6.0000000000e-01 
2.2442765262e-09 1.3317886916e+04 3.5601966876e-01 6.0000000000e-01 
1.0964212612e-11 1.3454212342e+04 1.9925871246e-03 6.0000000000e-01 
3.3800651485e-09 1.2619496819e+04 4.7632364051e-01 6.0000000000e-01 
5.1229726560e-09 2.4490260508e+04 8.5916611636e-01 6.0000000000e-01 
5.2372502874e-07 1.2027248903e+04 6.8854479332e-01 6.0000000000e-01 
6.4969207805e-08 1.2538815517e+04 1.0888184660e+00 6.0000000000e-01 
3.0176422852e-08 1.1367327011e+04 5.9449617367e-01 6.0000000000e-01 
4.6844534271e-11 1.2748378162e+04 4.5545386732e-01 6.0000000000e-01 
2.4452322847e-07 1.3534305336e+04 8.5556149827e-01 6.0000000000e-01 
9.6119751626e-11 1.1833174460e+04 1.0791948629e+00 6.0000000000e-01 
1.9458494560e-07 1.4247503211e+04 1.8892791035e-01 6.0000000000e-01 
5.1047404052e-10 1.6927411328e+04 9.6281863520e-01 6.0000000000e-01 
2.5031690874e-10 1.2528288619e+04 8.5609851701e-01 6.0000000000e-01 
1.3236829811e-09 1.2217119340e+04 5.5437290126e-01 6.0000000000e-01 
2.6401126666e-10 1.1238956849e+04 1.1031798887e+00 6.0000000000e-01 
3.4071932825e-10 1.3301742187e+04 1.0870283294e+00 6.0000000000e-01 
4.4010185779e-08 1.3988388068e+04 9.4100811919e-01 6.0000000000e-01 
9.9476201125e-09 1.1912666388e+04 6.6532224047e-01 6.0000000000e-01 
6.7253844204e-09 1.3570932800e+04 1.0696981982e+00 6.0000000000e-01 
5.8187563338e-11 1.2984127641e+04 6.8322614396e-01 6.0000000000e-01 
2.2018958935e-10 1.3641994941e+04 2.5095196308e-01 6.0000000000e-01 
1.2678113862e-06 1.6638045900e+04 7.6741900208e-01 6.0000000000e-01 
5.4243732270e-07 1.3660988616e+04 1.1930427662e+00 6.0000000000e-01 
3.4430248347e-09 1.9465639700e+04 7.1871018605e-01 6.0000000000e-01 
4.2442766081e-10 1.1439808733e+04 7.4093712029e-01 6.0000000000e-01 
1.0563125084e-08 1.7173347583e+04 1.0427373251e+00 6.0000000000e-01 
4.6522817849e-10 1.3146672304e+04 5.3144167014e-01 6.0000000000e-01 
5.4571119349e-06 1.7785901311e+04 1.2389105519e+00 6.0000000000e-01 
1.9146082200e-07 1.3113093102e+04 1.1262496058e+00 6.0000000000e-01 
9.2979645955e-12 2.4213545608e+04 5.2866107867e-01 6.0000000000e-01 
2.8225582662e-06 1.4237634909e+04 1.1200249748e+00 6.0000000000e-01 
4.2526456581e-10 1.6568317667e+04 7.1927962445e-01 6.0000000000e-01 
6.2529783944e-09 1.2280387991e+04 6.8378391113e-01 6.0000000000e-01 
1.8877366033e-06 1.2529871625e+04 4.2595766339e-01 6.0000000000e-01 
1.8000401855e-09 2.5000000000e+04 1.0403124332e+00 6.0000000000e-01 
2.5082945875e-10 1.1400940457e+04 9.3049162965e-01 6.0000000000e-01 
1.7764237196e-07 1.1275450832e+04 6.2098321264e-01 6.0000000000e-01 
1.2955572812e-08 1.1887197265e+04 3.1069525055e-01 6.0000000000e-01 
8.6525395597e-11 1.2783311444e+04 4.9509461251e-01 6.0000000000e-01 
1.2439427935e-08 1.5587371763e+04 1.2332521054e+00 6.0000000000e-01 
2.7833005487e-09 2.1421599458e+04 8.2895573979e-01 6.0000000000e-01 
3.5087777764e-08 1.3386098332e+04 8.9111095373e-01 6.0000000000e-01 
1.7068192929e-09 1.2562282715e+04 9.3171070255e-01 6.0000000000e-01 
9.4151024915e-12 1.1205290876e+04 8.3156941872e-01 6.0000000000e-01 
1.2901431452e-11 2.5000000000e+04 3.5449373628e-01 6.0000000000e-01 
1.2414630238e-08 1.2546966554e+04 9.8027563902e-01 6.0000000000e-01 
6.4017641678e-10 1.1452669971e+04 1.5398759489e+00 6.0000000000e-01 
2.3308304069e-10 1.5338004848e+04 4.7716951904e-01 6.0000000000e-01 
4.0476656644e-09 1.1862358489e+04 1.2759105813e+00 6.0000000000e-01 
1.9978917196e-10 1.7691623146e+04 4.8898346948e-01 6.0000000000e-01 
7.5054176960e-09 1.6912573597e+04 5.5517300048e-01 6.0000000000e-01 
2.6408069329e-09 1.5495437229e+04 8.7531773866e-01 6.0000000000e-01 
7.0300686868e-10 1.1676450534e+04 9.6368413823e-01 6.0000000000e-01 
1.9436586076e-10 1.2216473564e+04 1.3533418762e+00 6.0000000000e-01 
3.6327448296e-10 2.1784895478e+04 6.3512933836e-01 6.0000000000e-01 
2.3117187045e-08 1.5344287477e+04 9.0249040602e-01 6.0000000000e-01 
7.3041122144e-10 1.1647597077e+04 9.1054357328e-01 6.0000000000e-01 
2.7873633861e-07 1.1442223020e+04 8.5008303585e-01 6.0000000000e-01 
9.2295700632e-11 1.3462148444e+04 5.5216228066e-01 6.0000000000e-01 
1.9748406741e-06 2.1237198641e+04 1.6549665328e-01 6.0000000000e-01 
7.5915111368e-09 1.1478917288e+04 3.5677788710e-01 6.0000000000e-01 
3.7020009796e-10 1.3813191287e+04 8.0495628361e-01 6.0000000000e-01 
9.7746984294e-11 1.3618557774e+04 9.7251816845e-01 6.0000000000e-01 
3.0482794098e-10 1.2940396859e+04 1.0838624031e+00 6.0000000000e-01 
1.9254406119e-07 1.6672262619e+04 4.5403088766e-01 6.0000000000e-01 
2.3511623722e-11 1.2031194975e+04 1.1724800216e+00 6.0000000000e-01 
3.1260012674e-09 1.2748903263e+04 6.8170826735e-01 6.0000000000e-01 
2.3243831931e-08 2.2504362965e+04 4.3959528842e-01 6.0000000000e-01 
6.2839241782e-11 1.3827900634e+04 2.7078383581e-01 6.0000000000e-01 
6.1666540404e-10 2.1758515408e+04 1.0836306635e+00 6.0000000000e-01 
2.3950135770e-06 1.1796656386e+04 4.5058383381e-01 6.0000000000e-01 
5.8011260348e-10 1.1267870593e+04 8.9697496027e-01 6.0000000000e-01 
2.3002058476e-06 2.5000000000e+04 8.1576358556e-01 6.0000000000e-01 
3.7125959050e-09 1.3624959674e+04 1.0844064589e+00 6.0000000000e-01 
1.6371230975e-09 1.2504582525e+04 8.2508689050e-01 6.0000000000e-01 
3.1569352571e-09 1.2664101245e+04 6.8317402263e-01 6.0000000000e-01 
3.3948220826e-09 1.6841635556e+04 1.0908901893e+00 6.0000000000e-01 
7.4303581634e-09 1.5399264892e+04 3.0987924320e-01 6.0000000000e-01 
3.5871653994e-07 1.2393059337e+04 7.7088157590e-01 6.0000000000e-01 
9.9285414708e-10 1.4161650050e+04 7.4776180501e-01 6.0000000000e-01 
3.3375286458e-08 1.2528219901e+04 8.3986550964e-01 6.0000000000e-01 
3.8370702313e-08 1.1627596401e+04 3.9631989386e-02 6.0000000000e-01 
7.9561894403e-07 1.5095274847e+04 5.1997130120e-01 6.0000000000e-01 
8.1347817845e-09 1.3254353963e+04 8.4140862447e-01 6.0000000000e-01 
1.2671164132e-10 2.5000000000e+04 8.1260123591e-01 6.0000000000e-01 
1.0613630553e-10 1.2965278863e+04 1.1643566856e+00 6.0000000000e-01 
4.2292795620e-06 1.4299096817e+04 1.2804564187e+00 6.0000000000e-01 
2.3197626245e-08 1.1566929049e+04 1.3536825582e+00 6.0000000000e-01 
4.7373014759e-11 1.3301980162e+04 5.0314355422e-01 6.0000000000e-01 
2.8515583521e-09 1.3767539270e+04 6.4880578270e-01 6.0000000000e-01 
1.4400240559e-09 1.2763129371e+04 1.2317237328e+00 6.0000000000e-01 
6.4277695202e-08 2.5000000000e+04 9.7330410596e-01 6.0000000000e-01 
7.1838472168e-09 1.6129750735e+04 1.6972966615e-01 6.0000000000e-01 
1.0984062565e-06 1.1466694339e+04 8.8250911205e-01 6.0000000000e-01 
6.2220667804e-12 1.3129507035e+04 5.0185853946e-01 6.0000000000e-01 
1.5976764272e-08 1.6689637980e+04 9.0327184866e-01 6.0000000000e-01 
6.1792145914e-09 1.2446082649e+04 5.7026001056e-01 6.0000000000e-01 
9.6358917065e-10 1.3387522171e+04 5.5747839167e-01 6.0000000000e-01 
7.1270662469e-08 1.3178641214e+04 1.4200695750e+00 6.0000000000e-01 
2.8229909517e-08 1.2549790015e+04 2.1198431751e-01 6.0000000000e-01 
1.1740250693e-06 1.3481645232e+04 8.7838280415e-01 6.0000000000e-01 
8.0167036222e-12 1.2251818914e+04 1.3277932467e+00 6.0000000000e-01 
2.2067785813e-07 1.9127085656e+04 6.6007252505e-01 6.0000000000e-01 
1.8697602890e-10 1.1527524451e+04 2.3426407742e-01 6.0000000000e-01 
1.3366321451e-08 1.8533631676e+04 8.2078032398e-01 6.0000000000e-01 
6.8463136025e-07 1.2083456405e+04 9.8100947925e-01 6.0000000000e-01 
2.3521585969e-08 1.1362147142e+04 1.1666885316e+00 6.0000000000e-01 
8.1167694282e-09 1.2605692543e+04 5.1155192168e-01 6.0000000000e-01 
4.8465977567e-09 1.9574876889e+04 5.6300501569e-01 6.0000000000e-01 
1.7559246342e-06 1.3350079315e+04 3.1040855966e-01 6.0000000000e-01 
