6.4819892335e-07 2.5000000000e+04 5.7767675989e-01 
1.2307928212e-07 1.3129297853e+04 1.1236344483e+00 
2.2320589858e-10 1.4864727471e+04 5.0833286645e-01 
2.5422735308e-07 1.2636511092e+04 5.3153102083e-01 
5.6669425350e-09 1.5500147916e+04 2.6621937203e-01 
1.6194151779e-10 1.1518989899e+04 1.0268059540e+00 
1.3801858811e-10 1.2796602925e+04 9.9207167849e-01 
7.4192305249e-08 1.5723611708e+04 7.9379286515e-01 
4.7859570719e-07 1.9918887180e+04 1.0254320310e+00 
1.5715836313e-05 1.1709362372e+04 2.3783062155e-01 
7.7152541754e-06 2.1325410321e+04 9.2760874657e-01 
1.3571783013e-08 2.5000000000e+04 7.0234509184e-01 
7.7475078854e-11 1.2245623558e+04 7.2782855870e-01 
6.5972942332e-10 1.1366925867e+04 4.0816534942e-01 
8.8416598120e-11 1.1473640224e+04 1.4889551137e+00 
7.0833534199e-11 1.9269492734e+04 9.9615927691e-01 
2.0882784955e-05 1.3619553408e+04 1.3140070716e+00 
3.3459510579e-10 1.5047340394e+04 3.9666588465e-01 
5.9531926782e-08 1.2128040233e+04 8.2901589768e-01 
1.4929050343e-07 2.1093581083e+04 5.8707203459e-01 
3.2185288692e-10 1.1943892356e+04 1.3472004664e+00 
4.4027198703e-08 1.5442365646e+04 8.7202884112e-01 
5.0529864049e-12 1.3138882615e+04 1.0313466570e+00 
2.1930732586e-09 1.4131414483e+04 4.7861179480e-01 
1.3321860177e-08 1.2610899505e+04 6.0328971962e-01 
9.3150159523e-10 1.2900860188e+04 9.0210696438e-01 
2.1738252241e-08 1.1656941773e+04 3.3977521036e-01 
8.4640991228e-07 1.3647159226e+04 1.0902155674e+00 
1.2387567128e-10 1.6253177685e+04 6.8013892436e-01 
1.1924064708e-09 1.2136427246e+04 5.6146708042e-01 
2.0701256513e-09 1.2371097176e+04 1.5333222002e-01 
1.2777244384e-09 1.5246243520e+04 1.2662013680e+00 
2.8820009130e-10 1.5179164980e+04 3.8494422215e-01 
9.7100234407e-09 1.6977259681e+04 7.4621600666e-01 
1.5922722965e-08 1.4330324504e+04 8.2653899717e-01 
2.2976667571e-07 1.2568039792e+04 1.1073995280e+00 
8.7580134680e-10 2.3062248052e+04 3.3173573829e-01 
7.7809279941e-11 1.7163232070e+04 1.0781957610e-01 
9.1618777427e-11 1.1486874660e+04 9.3469606524e-01 
2.0342651570e-11 1.5019934213e+04 7.5038243991e-01 
6.2890146880e-08 1.4113592010e+04 7.7807960554e-01 
7.9002917661e-09 1.1337182616e+04 8.0059571129e-01 
2.6988838808e-08 1.3829651808e+04 7.5502986469e-01 
4.6744060426e-08 2.0034287321e+04 9.9039326166e-01 
1.9449655527e-08 1.1272498642e+04 6.2292113630e-01 
1.3875552207e-10 1.7625015157e+04 1.1449152068e+00 
1.1643285216e-09 1.1445432473e+04 7.2373676211e-01 
3.3665054677e-09 1.3610565029e+04 4.5449140008e-01 
4.7882794831e-07 1.2015315704e+04 1.0917570816e+00 
3.1909544633e-09 1.1542263010e+04 2.9725076844e-01 
2.0780150110e-10 1.2463743836e+04 7.9799152897e-01 
3.9128960012e-08 1.2391095557e+04 1.2063105275e+00 
6.5742424503e-10 1.3408698753e+04 5.2845553768e-01 
3.7180987463e-10 1.5998263330e+04 1.0235256242e+00 
1.6481193325e-10 1.1654858114e+04 9.8491918235e-01 
3.4517872619e-10 1.8677118038e+04 9.1160586998e-01 
6.0190605115e-08 1.1231727901e+04 1.0584811001e+00 
1.3146553886e-10 2.2260119024e+04 1.3133598240e+00 
2.9415732633e-10 1.1307801758e+04 5.7244261182e-01 
1.4890637093e-07 1.3887539585e+04 1.3545874620e+00 
1.5295134669e-10 1.6144172076e+04 3.8299524376e-01 
6.0981439367e-09 1.6652896309e+04 8.8524214279e-01 
1.2708298489e-07 1.1995819316e+04 1.1679853311e+00 
8.4595314866e-08 1.4281894157e+04 1.0226523311e+00 
3.4263973561e-09 2.2220763105e+04 7.8221818854e-01 
8.2393120854e-07 1.4069094366e+04 7.7391889831e-01 
1.5960874121e-07 1.2726876149e+04 1.1144210793e+00 
1.4054081551e-09 1.2945943240e+04 7.5276975705e-01 
5.0725144520e-06 1.2869797441e+04 2.8369509924e-01 
8.2055712478e-11 1.4849228371e+04 9.9608535696e-01 
9.0479751293e-11 1.8609164603e+04 1.2057147565e+00 
3.8909725412e-11 1.3000311741e+04 6.8974323011e-01 
1.3421686780e-09 1.1337882457e+04 5.2016733374e-01 
6.6955396527e-10 1.2657334689e+04 4.7540870528e-01 
1.6869497713e-10 1.1876575348e+04 1.2818784565e+00 
3.3604205472e-10 1.1672626676e+04 8.9541236558e-01 
1.3330368159e-10 1.2302903763e+04 7.2017671560e-01 
1.6410051961e-07 1.1621041210e+04 1.0858039771e+00 
2.8251825011e-07 1.4035619229e+04 1.2020508058e+00 
7.1237619793e-09 1.1520331534e+04 1.2067082176e+00 
3.2987016565e-07 1.3322858478e+04 1.0805028143e+00 
3.8274995401e-08 1.1278013393e+04 8.7650482092e-01 
6.2387987888e-09 2.5000000000e+04 6.9965618751e-01 
8.6633374891e-08 1.4407824904e+04 1.2591570516e+00 
2.9302648408e-07 1.1291238735e+04 9.2816562550e-01 
3.1528911293e-06 1.2675910628e+04 9.0896941455e-01 
1.4699081695e-06 1.1736193613e+04 8.8383956821e-01 
8.9690924239e-09 1.3109498071e+04 5.4442619520e-01 
6.0502236848e-10 1.6669954226e+04 6.9889799331e-01 
4.0264710405e-07 1.1593136106e+04 9.5032459940e-01 
2.0805496742e-08 1.1496920579e+04 5.3062956090e-01 
1.1821858600e-07 1.1946248566e+04 1.3217103783e+00 
4.4025232014e-09 1.3436831512e+04 8.5155449250e-01 
4.0686459373e-09 1.6686472247e+04 5.0269361430e-01 
5.9074054615e-09 1.2164615686e+04 2.4604110535e-01 
1.4894311661e-10 1.1617163343e+04 7.0770888459e-01 
1.6478378371e-08 1.5545589707e+04 1.3544810337e+00 
7.1192886941e-06 1.2373128124e+04 9.2039226917e-01 
1.8019350275e-09 1.8585697262e+04 6.6620042926e-01 
8.1963348081e-12 1.2467837711e+04 1.0703804030e+00 
1.1120037907e-06 1.1549476513e+04 1.0753318057e+00 
8.7198257248e-10 2.5000000000e+04 2.8659449476e-01 
5.5532814877e-07 1.1238061608e+04 1.2932866665e+00 
7.6836284748e-06 1.5081911406e+04 1.0096511092e+00 
1.1867895021e-06 1.8954168554e+04 7.9890552580e-01 
6.3984306159e-07 1.2737974355e+04 1.1433139746e-01 
5.3055615515e-10 1.4915582378e+04 4.7074791704e-01 
8.7511027876e-07 1.4278187835e+04 1.0349763640e+00 
1.7856053514e-10 1.1747148240e+04 9.1606797268e-01 
2.7792527861e-09 2.2367762324e+04 8.8521594561e-01 
1.1373646915e-06 1.2172034531e+04 1.0298062003e+00 
2.1513451244e-05 1.1314348879e+04 1.1295234063e+00 
3.4001901156e-10 1.3620518098e+04 1.7582342436e-01 
7.2839231649e-09 1.1514341456e+04 1.1413639685e+00 
4.8193788722e-10 1.1465156113e+04 9.9845101043e-01 
1.3320667333e-08 1.5132277116e+04 8.9070097324e-01 
2.8814501601e-06 1.1642920290e+04 1.0675476946e+00 
3.4432535421e-09 1.9277634015e+04 4.0558551755e-01 
8.9399626737e-10 1.1232264832e+04 8.5302541544e-01 
5.9238934361e-09 1.1215762129e+04 1.7341693231e-01 
7.6723725198e-08 1.1617472972e+04 1.0042716438e+00 
7.2459477008e-09 1.1576943830e+04 1.5246601411e+00 
2.6460993357e-10 1.1322023856e+04 9.7115303093e-01 
2.7958316586e-07 1.2185406710e+04 2.9952179791e-01 
1.6399431377e-08 1.1869998650e+04 8.7954292212e-01 
4.9475397062e-12 1.3453132568e+04 1.0973506392e+00 
9.0623929957e-08 1.1205744789e+04 8.1236286351e-01 
7.3872289286e-07 1.7179318035e+04 1.0342132709e+00 
5.1865581803e-06 1.2695307107e+04 5.5787027722e-01 
4.0050207165e-07 2.3640380915e+04 1.1582279779e+00 
8.4495499006e-10 1.1710456613e+04 8.3661464647e-01 
2.1294776478e-09 1.6684658288e+04 9.0676069988e-01 
1.8999236004e-08 1.3443591859e+04 2.1137723320e-01 
8.0105930129e-10 1.3928022969e+04 9.7613165826e-01 
1.5569387101e-07 1.1972976477e+04 2.7941800671e-01 
8.3874960408e-12 2.4904590943e+04 4.8950119604e-01 
9.4922174468e-10 2.2545490914e+04 1.3391517756e+00 
6.0545806858e-09 1.1491141264e+04 4.9760337252e-01 
3.9187061503e-09 1.3652424819e+04 8.3710721823e-01 
1.0836903784e-09 1.3497534183e+04 1.1771263979e+00 
4.7009643468e-09 1.3126727522e+04 5.3291668699e-01 
9.9665193337e-11 1.5164627460e+04 1.2898013927e+00 
3.1898132869e-08 1.2038937454e+04 5.9660592382e-01 
5.0084519194e-12 1.2156636684e+04 7.4365182624e-01 
3.9508831899e-10 1.8510005674e+04 5.6072730677e-01 
2.8713459964e-07 1.2856708570e+04 2.6427808920e-01 
7.5290594606e-07 1.1228309615e+04 7.7307117844e-01 
2.9180661474e-07 1.2133032674e+04 8.0639935429e-01 
7.4579755939e-10 1.1203736846e+04 2.7974851000e-01 
3.6207703398e-11 2.5000000000e+04 9.6102241522e-01 
8.8595324787e-12 2.4313393022e+04 5.5535524860e-01 
1.4509836075e-08 1.4698864454e+04 1.1971190194e+00 
3.2743580764e-07 1.1548748357e+04 8.4493708796e-01 
1.0235498914e-06 1.7689280073e+04 1.0072844283e+00 
2.4907651055e-09 1.3593050670e+04 2.6982920313e-01 
2.7810398149e-09 1.1410637599e+04 1.0967397158e+00 
3.2276236763e-07 1.8578039241e+04 9.0338417310e-01 
1.8513770701e-09 1.5992307220e+04 7.1035081340e-01 
6.8517021892e-09 1.1582159632e+04 1.2451184772e-01 
5.1637056067e-09 1.4443754993e+04 4.2422232402e-01 
3.6109600110e-09 1.3028546783e+04 3.9074931953e-01 
3.2047408567e-09 1.2149004130e+04 2.6417236304e-01 
5.2742299833e-08 1.5148843592e+04 7.3562208571e-01 
9.6593363153e-08 1.1984643004e+04 1.3190763061e+00 
4.0440625167e-09 2.1405032428e+04 1.1815863905e+00 
1.0454532368e-10 1.2379412999e+04 9.1014423146e-01 
1.0996860640e-05 1.2183859459e+04 1.2373747926e+00 
8.7112675644e-08 1.3423598693e+04 6.1551603496e-01 
3.0908801990e-10 1.5480910467e+04 6.6993537004e-01 
7.3378942632e-07 1.5179495033e+04 6.3385872662e-01 
2.4037817153e-07 2.1453818683e+04 8.6004586443e-01 
1.7001641497e-11 1.3174641196e+04 3.2321606373e-01 
1.2709046065e-09 1.2158734574e+04 6.3507772354e-01 
3.7443017180e-09 1.8036998699e+04 9.7447000462e-01 
1.3411986462e-10 1.8291137531e+04 1.0108853082e+00 
8.6574194800e-10 1.3058557846e+04 4.2011049636e-01 
9.7428531430e-11 1.2246993074e+04 4.8516393225e-01 
5.7133821446e-10 1.8153994529e+04 7.2243364415e-01 
2.0735031559e-07 1.5695730074e+04 1.4213307606e+00 
2.8111951476e-10 1.1881629329e+04 7.7833717047e-01 
3.7941627872e-10 1.1205935558e+04 2.5508688394e-01 
5.5565706126e-10 2.5000000000e+04 9.8520021963e-01 
5.9677162171e-08 2.0402659792e+04 9.5796205947e-01 
8.9834430532e-08 1.8240518096e+04 1.3461121515e+00 
4.9618473430e-07 1.3178450200e+04 4.9515364708e-01 
7.4081262765e-09 1.4671563072e+04 1.1286266071e+00 
1.1629592652e-10 1.3202829260e+04 1.1739675493e+00 
1.4837370269e-11 1.5169251227e+04 9.6203520625e-01 
5.0262033559e-06 1.6934277986e+04 1.2839935541e+00 
3.2145323887e-06 1.1680637302e+04 9.1568200229e-01 
7.1410657358e-10 1.1844588748e+04 6.2038127276e-01 
5.7073649861e-10 1.8175321972e+04 1.3010211758e-01 
1.5540464104e-08 1.5444771611e+04 3.0607207889e-01 
7.1997188801e-08 1.3411691934e+04 9.5071043531e-01 
4.8707477128e-07 1.6254482090e+04 8.8482294068e-01 
1.6565117606e-06 1.2618028300e+04 5.6356972133e-01 
2.3597218360e-09 1.3355484988e+04 1.2774674154e+00 
2.1084766138e-11 1.5326763693e+04 4.8658495418e-01 
9.4645347511e-10 1.3954096243e+04 7.4274504553e-01 
3.0657261757e-11 1.4649893210e+04 1.0569342768e+00 
2.9449458957e-09 2.0270945123e+04 9.1336372526e-01 
9.5655126143e-09 1.4441476355e+04 4.2987742999e-01 
1.2190492125e-08 1.1354997498e+04 2.5310434174e-01 
6.8487645962e-08 1.2988313555e+04 2.4834203077e-01 
1.1474330487e-07 1.2247525652e+04 2.5910797364e-01 
4.7952847826e-11 2.1200170113e+04 6.9816867051e-01 
1.6993752752e-09 1.6611646543e+04 5.1294408956e-01 
5.2404020499e-07 1.3673318089e+04 1.0046142155e+00 
5.4945654530e-06 1.6735278158e+04 9.9037924922e-01 
2.8961615407e-07 1.7294187440e+04 1.0886506234e+00 
4.8067781638e-10 1.3432105938e+04 3.8959646397e-01 
1.1887466536e-09 1.3939626336e+04 8.8553788028e-01 
9.9083473577e-08 1.4719515808e+04 3.9696131302e-01 
3.0213770540e-08 1.2436959224e+04 2.5440563516e-01 
1.8241012946e-09 1.3770579325e+04 1.2606006050e+00 
2.5271039117e-10 2.0091125614e+04 1.2107767309e+00 
2.7611933047e-07 1.2360561980e+04 1.0625284023e+00 
4.0498929283e-09 1.2724559842e+04 1.8852617930e-01 
2.9213971742e-07 2.2304803757e+04 9.9698107078e-01 
2.8288382532e-10 1.6326067016e+04 7.9030105839e-01 
1.7142649150e-05 1.6887014003e+04 4.1351223765e-01 
2.4908049057e-09 1.2218455173e+04 6.3632680844e-01 
1.1841748034e-09 1.2083744280e+04 5.4774213708e-01 
2.6035701406e-08 2.3337620137e+04 1.1364219349e+00 
1.1747445036e-09 2.5000000000e+04 7.4149382038e-02 
1.7085227952e-10 1.5997927693e+04 1.1065911682e+00 
4.7741152453e-08 1.2743262667e+04 8.6451268471e-01 
9.6506004395e-11 2.5000000000e+04 3.9407896814e-01 
6.7939604852e-06 1.2946242374e+04 9.9793466133e-01 
9.8219277632e-08 1.2150843657e+04 8.8400946450e-01 
3.1219333941e-08 1.2554969390e+04 7.8173275903e-01 
2.1032870857e-07 1.1631572980e+04 1.4195208677e+00 
6.2661913431e-07 1.4697491171e+04 8.4092661713e-01 
3.8388242994e-07 1.9914924279e+04 9.5074154162e-01 
4.4209973592e-08 1.1836255891e+04 4.8221240477e-01 
1.9934312413e-07 1.3391500584e+04 8.0473206591e-01 
7.6694952371e-10 1.2478238615e+04 9.2537089955e-01 
1.9949651543e-08 1.2672856904e+04 1.3913922408e+00 
1.3971758767e-09 1.2057275413e+04 3.6732498803e-01 
3.3057353691e-11 1.2658682821e+04 5.3097231709e-01 
2.0780151190e-11 1.2193162462e+04 1.4494590417e+00 
3.4097116420e-09 1.5137914428e+04 6.4794693801e-01 
2.1634767756e-08 1.4147511356e+04 8.6447127850e-01 
4.5310823091e-10 1.2821345558e+04 7.7595743929e-01 
5.9145686565e-10 1.1850546703e+04 1.4175727743e+00 
6.3383901287e-09 1.2009882861e+04 4.4655154245e-01 
2.9340567399e-07 1.1338468146e+04 6.2868953038e-01 
4.0263396387e-11 1.7909780659e+04 1.3099645368e+00 
2.7009586293e-11 1.1417843855e+04 5.0391133087e-01 
2.5358287500e-08 1.4701942312e+04 7.5760462174e-01 
1.6150797300e-09 1.2521321289e+04 7.7037735863e-01 
7.2487447042e-12 1.4817934711e+04 3.2919252936e-01 
8.7435481461e-10 1.1378164328e+04 5.7104717075e-01 
9.7892310115e-11 1.1552312223e+04 8.6533195468e-01 
1.0554158290e-09 1.2737299829e+04 4.3527032591e-01 
7.8269286762e-07 1.1491248193e+04 4.7059227006e-01 
6.7989720437e-09 1.6543030697e+04 3.2877255450e-01 
1.4192724915e-08 1.3974055352e+04 1.2661450420e+00 
1.3381963299e-09 1.4171302368e+04 7.2765186119e-01 
1.7564825181e-07 1.1601772252e+04 1.1008517905e+00 
1.7062471302e-10 2.4126068844e+04 9.4912913138e-01 
3.2817624537e-10 1.8562102108e+04 1.4956274664e+00 
1.2868749433e-09 1.5197075858e+04 9.6589884831e-01 
4.3213246410e-09 2.3038114101e+04 3.9941057004e-01 
9.2141951257e-08 2.1687272436e+04 8.4353477529e-01 
1.3855762584e-09 1.4069233784e+04 3.9863962747e-01 
7.0029997995e-10 1.3648815059e+04 6.1284717344e-01 
4.9775495391e-06 1.4806858078e+04 1.0429251891e+00 
1.9717449334e-11 1.3224501487e+04 1.1278622489e+00 
6.3579368789e-06 1.5266941148e+04 6.1069264160e-01 
7.6130855877e-07 1.1597053492e+04 1.2224248143e+00 
1.7356279427e-08 1.3323045271e+04 3.1962505767e-01 
5.9979627349e-09 2.5000000000e+04 3.0168419331e-01 
1.4955548729e-06 2.5000000000e+04 8.2234625352e-01 
1.8467305616e-07 1.3608644516e+04 7.7992431264e-01 
1.4456002340e-08 1.1313459471e+04 1.1455822884e+00 
7.9947878646e-09 1.6121276014e+04 1.0856821524e+00 
1.3227462467e-06 1.1920602339e+04 5.9374623262e-01 
7.9499524356e-08 1.6058751946e+04 2.9077065484e-01 
1.2149500255e-10 1.1788273599e+04 7.6780608042e-01 
1.6277260089e-09 1.1837740244e+04 1.1778435643e+00 
1.0046690241e-11 1.1686158810e+04 8.6387339658e-01 
1.2988166797e-07 2.3337077715e+04 1.1255510101e+00 
1.0119231108e-11 1.4392983636e+04 9.7426533814e-01 
7.9988756863e-12 1.2393588355e+04 5.4061050209e-01 
2.0715405715e-10 1.7636800238e+04 2.8874660928e-01 
2.5654983914e-05 2.1100427035e+04 5.7550324645e-01 
6.3283581585e-06 1.4052457659e+04 9.9164097110e-01 
1.3015013987e-09 1.7009198537e+04 1.0997378815e+00 
1.1824196291e-08 1.1255513363e+04 4.5855076688e-01 
4.7710384502e-10 1.3182305566e+04 2.9258034464e-01 
6.2626147897e-10 1.8005010807e+04 7.7406744455e-01 
9.8305018048e-09 1.6566088839e+04 3.4670602495e-01 
1.0275753899e-09 1.5860896159e+04 6.1717578322e-01 
8.5536496814e-10 1.3072088637e+04 2.1336446300e-01 
5.5448806329e-09 1.2108480148e+04 4.2494618688e-01 
1.3708043522e-10 1.2439771545e+04 9.0491211980e-01 
2.8795660052e-11 1.4916091909e+04 7.2609279290e-01 
3.7002139130e-10 1.4925119817e+04 6.4756448582e-01 
3.4586250873e-10 1.4811519445e+04 1.5210513472e+00 
2.6508828353e-05 1.3476676980e+04 1.1641007270e+00 
7.4090790463e-09 1.1542724087e+04 7.3592055212e-01 
6.3184625642e-10 1.4364122264e+04 9.0161381122e-01 
2.9425123424e-10 1.1428505588e+04 1.2311507504e+00 
2.6716816503e-10 1.2460418191e+04 6.4510471870e-01 
9.4562138216e-08 1.1324406590e+04 6.0902138435e-01 
4.4180066516e-09 1.4377831173e+04 1.1722978928e+00 
1.6817490357e-09 1.4419737682e+04 1.1302687248e+00 
1.5740214854e-09 1.2255755952e+04 3.8960936485e-01 
2.4306544948e-09 1.3605002614e+04 1.1653871191e+00 
3.1876954223e-10 1.3478969824e+04 6.1861616859e-01 
2.0920869797e-07 1.7025480156e+04 1.0585187356e+00 
1.5266825248e-10 1.3337526782e+04 7.6424590121e-01 
4.3331303966e-09 1.9817800670e+04 1.1343949417e+00 
3.2363105599e-08 1.3033090702e+04 8.9890053912e-01 
4.3681317221e-09 1.1722306763e+04 6.8433735440e-01 
1.1877015850e-09 1.1688775895e+04 6.0846970819e-01 
1.3317456896e-09 1.2931011423e+04 1.3159070726e+00 
2.7178375223e-08 2.5000000000e+04 1.0969239993e+00 
6.8795995406e-11 1.4248969656e+04 4.8796836810e-01 
1.0471392152e-09 1.5261143789e+04 4.8347508720e-01 
1.8153424107e-10 1.1304094859e+04 1.2251087479e+00 
3.0863848778e-08 1.3765258293e+04 7.6347612710e-01 
4.1775027799e-09 1.7456397021e+04 4.8769230223e-01 
2.3028945739e-07 1.3273393775e+04 4.4338899469e-01 
1.4967777785e-09 1.5118732604e+04 2.7840752705e-01 
9.1627070888e-10 1.1232194889e+04 4.9948501573e-01 
3.0384476230e-10 1.1236480592e+04 1.4357973384e+00 
5.0046803787e-07 1.6855043512e+04 6.4320306668e-01 
7.7679846904e-12 1.4225377801e+04 1.3406787692e+00 
1.3731293564e-10 1.1443295502e+04 8.6740102687e-01 
1.7665306093e-08 1.1320131679e+04 6.7283260609e-01 
1.0553156789e-10 1.2669956980e+04 4.8602452626e-01 
4.1734924799e-11 1.3074987255e+04 4.0966513339e-01 
8.5968711286e-10 1.8947570456e+04 1.2258744140e+00 
7.1556528434e-10 1.3673521668e+04 5.1448260736e-01 
1.2989221509e-09 1.1932082534e+04 7.2667677683e-01 
2.4905023508e-11 1.1601375359e+04 9.7813811101e-01 
4.0033619856e-08 2.5000000000e+04 4.0313476963e-01 
1.2584031841e-08 1.1561900731e+04 5.7753144853e-01 
1.3546090905e-06 1.2410050755e+04 5.4671739447e-01 
5.9946061177e-09 1.4497652897e+04 4.3551834290e-01 
1.6519769304e-11 1.2322978156e+04 2.2148865412e-01 
8.1457709537e-09 1.4558295144e+04 8.7601821578e-01 
7.8074264373e-07 1.5850269649e+04 1.3787220743e+00 
3.4706024035e-08 2.5000000000e+04 7.3001717613e-01 
2.9008932834e-07 1.2161152213e+04 1.0429873449e+00 
1.3079579006e-07 2.5000000000e+04 9.7847671778e-01 
7.3501637731e-09 1.1535201547e+04 7.2460337319e-01 
2.8361274731e-05 1.4787334051e+04 8.1690822924e-01 
4.1126285060e-07 1.1263314936e+04 5.4285943996e-01 
8.6801629226e-09 1.1289099973e+04 6.2139449060e-01 
3.2787103269e-07 1.5325252265e+04 6.6653259924e-01 
4.7894204032e-10 1.1838771314e+04 3.8679179779e-01 
1.8655476870e-08 1.2289308062e+04 4.8946786864e-01 
7.8159299010e-09 1.3274464215e+04 1.1817980034e+00 
9.9849730931e-08 2.3023124448e+04 9.8264526659e-01 
2.2014136120e-08 2.1299584653e+04 7.8465049792e-01 
5.3390056743e-06 1.2850436481e+04 1.0079334956e+00 
5.4869556027e-07 1.4454498350e+04 7.5778950790e-01 
1.7795453428e-10 1.8518731550e+04 6.9162832566e-01 
2.0270662524e-05 1.1200728437e+04 8.8545598528e-01 
1.5945147401e-07 1.3300247787e+04 7.6976588335e-01 
2.1221332321e-06 1.2317613111e+04 8.4378555666e-01 
8.3352011694e-12 1.1285172040e+04 6.8644219679e-01 
1.0463222625e-08 1.3905039514e+04 1.4931512686e+00 
1.6443796049e-09 1.2157094282e+04 7.1070416223e-01 
1.0842479633e-06 1.1508599083e+04 7.6834851792e-01 
3.7418446156e-09 1.1378142890e+04 8.6396574857e-01 
7.0443920687e-10 1.1401335593e+04 1.2622838018e+00 
7.8898932125e-08 1.3099754840e+04 8.7067576270e-01 
1.2057814748e-09 1.3485023451e+04 9.9741770976e-01 
1.5210582447e-06 1.1318631256e+04 9.4306690904e-01 
5.5595172360e-10 1.4883649596e+04 9.1672079944e-01 
3.5116880270e-10 1.1863722256e+04 8.7200449280e-01 
3.1398382793e-09 1.2431315976e+04 9.0773697891e-01 
4.4336470632e-09 2.2085953872e+04 6.8643119980e-01 
5.3638180213e-10 1.8192660127e+04 9.8052332633e-01 
9.0071089840e-08 1.2303818955e+04 9.5341905331e-01 
7.4882948935e-10 1.9059465153e+04 2.6477765842e-01 
8.5319494766e-08 1.1627211038e+04 1.0957667025e+00 
1.9562927370e-09 1.1961781127e+04 1.0572939707e+00 
2.8426064100e-10 1.2493344948e+04 9.1888394669e-01 
4.7864896786e-10 1.6608445092e+04 4.5292463919e-01 
8.6950131207e-08 2.5000000000e+04 1.5075780856e-01 
1.8257290633e-08 1.2011109227e+04 1.1625991865e+00 
5.0148027779e-09 1.6811626878e+04 6.6069371040e-01 
2.3313477732e-10 1.1247123361e+04 8.2748194630e-01 
7.6904945825e-08 1.5332482322e+04 1.0915048238e+00 
3.4992081186e-11 1.3749015349e+04 5.7485665807e-01 
1.6594814994e-06 1.2627792991e+04 1.4007398756e+00 
2.4420373099e-07 2.1361426488e+04 3.1315928035e-01 
1.9209077022e-06 1.4053657539e+04 2.5218633605e-01 
1.3924805908e-09 1.1483287727e+04 8.0547139518e-01 
4.3900431481e-07 1.3454100876e+04 1.2077088021e+00 
9.3170004700e-11 1.2626143987e+04 4.7633192809e-01 
1.5641313329e-07 1.2489716878e+04 5.0861751805e-01 
5.0477951484e-10 1.2679642800e+04 4.0052181028e-01 
3.3990739981e-08 1.2282102261e+04 1.0061861880e+00 
1.3571912137e-10 1.1996592762e+04 1.3963080535e+00 
1.0885882052e-08 1.2993664525e+04 5.7202677393e-01 
2.4594801456e-09 1.7366583706e+04 3.6486991876e-01 
3.0664349344e-07 1.3786939390e+04 9.0848832842e-01 
2.8073913828e-08 1.1652460934e+04 1.1866176257e+00 
1.2698509872e-08 1.1821682938e+04 1.2370528949e+00 
1.0271613791e-06 1.6416768599e+04 7.0794233711e-01 
1.5271527834e-06 1.6679709811e+04 3.9270569450e-01 
3.7974974156e-09 1.3107268602e+04 1.5642220378e+00 
4.8043687349e-09 1.2550310520e+04 5.4940626565e-01 
7.2094551775e-09 1.1437259245e+04 7.3083382797e-01 
2.9690167025e-09 1.1945624669e+04 1.1877200402e+00 
4.3647755024e-08 1.4007370800e+04 3.0755587907e-01 
9.2001413182e-06 1.1364068509e+04 1.1016826831e+00 
2.7429334061e-07 1.1312067268e+04 1.7793996860e-01 
1.2978018601e-06 1.5566442008e+04 6.3736115566e-01 
1.1168380037e-10 1.3762297792e+04 5.7055037543e-01 
1.7777754181e-07 1.2492177590e+04 7.2364424410e-01 
3.0652266140e-06 1.1218407854e+04 4.3772289547e-01 
1.5606795454e-08 1.2377760692e+04 9.7557605780e-01 
2.5842344268e-09 1.1722179790e+04 9.0221497155e-01 
5.9042427412e-10 2.5000000000e+04 6.4687035542e-01 
3.7529388970e-09 1.3129419292e+04 1.4769641791e+00 
2.9464567801e-07 1.2462069242e+04 1.9274912253e-01 
9.6084042064e-08 1.3617140789e+04 1.3475828148e+00 
3.0472689790e-09 1.9677136018e+04 1.3619516089e+00 
1.3452872772e-08 1.8600872572e+04 1.1288602970e+00 
1.9402007333e-07 1.2860908183e+04 1.1377045340e+00 
1.7266032650e-11 2.1627612335e+04 5.2764502910e-01 
8.1078516030e-08 1.1275820311e+04 2.7671180545e-01 
1.8208120555e-08 1.1551957199e+04 3.1691443171e-01 
8.2790218674e-09 1.2499163771e+04 8.9325436496e-01 
2.0128565976e-09 1.1377630322e+04 1.2516030009e+00 
1.8194074557e-09 1.5024996646e+04 2.0009249686e-01 
3.0874188875e-08 1.6707487667e+04 6.8478759809e-01 
1.5668643684e-11 1.3470947767e+04 9.9916944196e-01 
1.0867185563e-11 1.7583988081e+04 7.2920920903e-01 
1.6176389824e-06 1.3090248654e+04 5.9067157221e-01 
3.9492815811e-07 1.4815826831e+04 4.9973212428e-01 
7.2425496570e-09 1.5709784610e+04 4.7894405209e-01 
1.1761189960e-08 1.1682582805e+04 4.2411121144e-01 
3.2709791387e-11 1.2124173976e+04 1.4321370406e+00 
2.7824580755e-09 1.1985207668e+04 5.8367356123e-01 
3.5263013051e-09 1.3150828561e+04 1.3727962711e+00 
4.9334574239e-09 1.3066123374e+04 6.7428236368e-01 
1.6384884222e-07 1.3788436142e+04 4.3784850770e-01 
3.9452820174e-06 1.3501059533e+04 7.8456293838e-01 
1.4294386732e-08 1.3578922113e+04 2.5045007040e-01 
2.6586768805e-09 1.4251369253e+04 9.4927340044e-01 
5.7641609353e-11 1.1900433853e+04 7.8854195162e-01 
1.2740281760e-08 1.5568444456e+04 9.3261621572e-01 
7.8546476973e-09 2.5000000000e+04 1.1474904231e+00 
9.6762854673e-12 1.1398871687e+04 2.7286782437e-01 
2.3448203450e-10 1.2181213181e+04 9.7417869739e-01 
8.3119705579e-10 1.2161700217e+04 1.0302595073e+00 
3.5759393923e-07 1.1498437463e+04 1.1043047037e+00 
8.8760821654e-07 1.1813274924e+04 7.3272634931e-01 
5.7830312824e-12 1.3197889742e+04 1.1704748295e+00 
7.7617724512e-09 1.8396530591e+04 2.4860725427e-01 
3.8954943230e-09 1.4792390333e+04 7.3793186504e-01 
2.5521816998e-09 1.7547127781e+04 1.1991174919e+00 
3.1983589105e-06 1.2495550981e+04 2.6829547549e-01 
3.3973993180e-07 1.2272500729e+04 8.1877152002e-01 
6.6878345084e-07 1.2676112068e+04 1.3503607644e-01 
1.1115436482e-07 1.9676373673e+04 1.3214668351e+00 
4.0571639317e-06 1.4856601510e+04 2.9966526816e-01 
9.9410590155e-07 1.2678439656e+04 8.1260874348e-01 
2.2090599361e-08 1.1993835224e+04 1.2226504697e+00 
9.3719896492e-10 2.5000000000e+04 4.6927262834e-01 
3.0359403750e-09 1.5328889661e+04 4.9506335428e-02 
1.6555376580e-05 1.3708778871e+04 1.0493478777e+00 
2.6001720760e-08 1.2303259731e+04 2.9915304358e-01 
2.0094572558e-08 1.2511991009e+04 1.0998493347e+00 
2.5902042591e-06 1.7459821582e+04 4.6086360011e-01 
9.6252554311e-10 1.4760540973e+04 5.4183551217e-01 
5.2510981331e-10 1.4163426427e+04 1.3136869043e+00 
1.5643793501e-11 1.2196529606e+04 8.2921608008e-01 
2.4490180469e-09 1.2790342999e+04 7.0386393048e-01 
3.5920446152e-10 1.1330499305e+04 8.1043303082e-01 
4.2622105325e-08 1.1881924846e+04 4.7930502481e-01 
7.5789662024e-09 1.2627429062e+04 7.4851739982e-01 
1.6151593133e-10 1.4062957679e+04 1.3487522232e+00 
1.6072782365e-06 1.2023621632e+04 9.5695036579e-01 
1.3337170397e-11 1.7880000933e+04 1.0480873938e+00 
1.5509806583e-09 1.4445854795e+04 1.1692416892e+00 
2.6769222109e-09 1.3894911305e+04 4.1938961300e-01 
1.7727028059e-06 1.3012011284e+04 8.8353938885e-01 
1.1105052789e-06 1.3322619972e+04 1.2516107690e+00 
2.6423587142e-09 1.4002080918e+04 1.3727521615e+00 
7.1391735336e-07 1.2749886882e+04 9.6586767647e-01 
5.4500853427e-10 1.3539545313e+04 7.6208676560e-01 
4.0717663626e-10 1.2565298104e+04 7.8249461913e-01 
3.8349668818e-09 1.1698104619e+04 6.7981302553e-01 
1.8524652895e-08 1.6954583075e+04 6.3655713341e-01 
1.1746821426e-08 1.3159589434e+04 1.2692859786e+00 
1.5485384950e-08 1.2104064336e+04 1.1129123065e+00 
1.8799513384e-11 1.4644695313e+04 6.2697293870e-01 
7.3037346027e-12 1.3645719025e+04 1.4272238307e+00 
1.0489502704e-08 2.5000000000e+04 5.9189476213e-01 
6.3912703891e-10 1.1350304133e+04 8.7190340954e-01 
1.1420633340e-09 1.1418483039e+04 1.2148714893e+00 
2.2095744694e-06 1.2959921031e+04 9.5492806240e-01 
6.1062993588e-07 1.1894665214e+04 6.9778303422e-01 
2.4650539007e-07 1.1422863973e+04 9.3771994133e-01 
2.6943513301e-08 1.2261155280e+04 3.0760899109e-01 
3.9998148520e-08 1.2228947887e+04 6.9909557157e-01 
9.3796425377e-09 1.2391807044e+04 4.4851087828e-01 
1.6397981080e-10 1.1659554177e+04 1.3731510538e+00 
1.2607888907e-08 1.6945283358e+04 8.2050046626e-01 
1.1424937028e-11 1.2139659077e+04 1.3878537300e+00 
2.6788989515e-10 1.1914034003e+04 3.8200782372e-01 
4.9451820887e-09 2.5000000000e+04 1.1471048482e+00 
1.4518348215e-10 1.4607952387e+04 1.0385881482e+00 
2.2162490226e-09 1.1499498221e+04 8.2856360832e-01 
9.3795297170e-09 1.1810810544e+04 9.2230753574e-01 
5.7531082590e-11 1.3377296402e+04 3.6579691113e-01 
1.1368062607e-10 1.6108605769e+04 7.7168793782e-01 
2.0712161708e-08 1.1735487068e+04 2.4051103051e-01 
2.7777035539e-07 1.2959980264e+04 7.4741731955e-01 
9.3937525468e-12 1.3245929892e+04 6.3419125230e-01 
1.2150929000e-07 1.5239881512e+04 1.0455098165e+00 
1.3934815979e-09 1.1824893121e+04 1.0057068874e+00 
2.3173045799e-08 1.8467808626e+04 5.8627888502e-01 
4.6380907902e-11 1.5654545429e+04 1.0813176538e+00 
1.0078233896e-08 1.5214914964e+04 7.5074056657e-01 
1.9031995413e-08 1.4096775822e+04 7.6401752278e-01 
1.8902615769e-08 1.1440171932e+04 6.7766698499e-01 
8.1244929023e-09 2.5000000000e+04 9.0655655533e-01 
1.8849276772e-10 1.1767482202e+04 5.2345252795e-01 
1.6819965551e-09 1.5813304265e+04 1.1638743626e+00 
4.3147773351e-09 1.6089924918e+04 9.7062322392e-01 
1.6655497330e-07 1.1530315333e+04 6.3616374159e-01 
1.7233591776e-09 1.2060860090e+04 1.0284623907e+00 
2.4888481857e-11 1.2953585261e+04 4.7671139491e-01 
2.8520320602e-09 1.3777194151e+04 2.0006086157e-01 
1.3066585121e-10 1.5587686808e+04 1.0995069714e+00 
3.0777419685e-11 1.1522962872e+04 6.4121764757e-01 
1.1338930499e-08 1.1242195021e+04 9.9700496067e-01 
1.4969265666e-09 1.2040070975e+04 6.8545274983e-01 
1.7310426907e-10 1.2861362460e+04 4.5548935171e-01 
8.9666779423e-06 1.8429814318e+04 5.4207342122e-01 
1.5783396995e-09 1.2554388030e+04 4.8121351108e-01 
7.0263339815e-11 1.1405309657e+04 8.5612347778e-01 
1.2389555119e-05 1.1495158373e+04 8.2387001883e-01 
1.8924607220e-08 1.1838817097e+04 1.0955788549e+00 
1.0888522951e-08 1.4202388179e+04 9.3181858835e-01 
6.3739613282e-09 1.4434510458e+04 1.1074559496e+00 
2.4825655948e-07 1.3892203321e+04 1.5125534252e-01 
1.1051023369e-11 1.2544154669e+04 9.2526125113e-01 
8.4927914661e-11 2.0220083160e+04 1.2552983368e+00 
1.9255378137e-08 1.3265457122e+04 4.4826817346e-01 
2.3316990692e-07 1.8635041912e+04 4.2519927261e-01 
9.4412532618e-10 1.1309221867e+04 8.8040631164e-01 
8.4195998678e-07 1.1561192945e+04 4.9079323575e-01 
2.1124459889e-11 1.1771042590e+04 1.4577411405e+00 
1.7397528934e-07 1.4400767458e+04 1.2490280254e+00 
3.8155326213e-08 1.5468035606e+04 1.1301291462e+00 
2.9607261511e-09 1.2477431493e+04 4.3558537149e-01 
3.6725112054e-08 1.2253124251e+04 1.2299059159e-01 
1.0495920262e-08 1.4236851624e+04 1.7813252047e-01 
3.0021964933e-10 1.4154544568e+04 4.9439294921e-01 
4.5285185973e-08 1.5360112824e+04 4.6358978768e-01 
1.4073227157e-08 1.5103613257e+04 1.1794482100e+00 
5.8425444241e-09 1.9860544208e+04 2.2839455528e-01 
1.8740290043e-06 1.6898583306e+04 5.9624736022e-01 
3.0049654265e-10 1.3622612631e+04 8.8640859566e-01 
1.9123078691e-07 1.3030871409e+04 1.1476449229e+00 
5.3123345478e-09 1.2350534942e+04 4.1084165112e-01 
1.0001171756e-05 1.5777960984e+04 9.3973030887e-01 
2.4516170114e-11 1.3713947650e+04 1.1765209866e+00 
1.2382959853e-07 1.7205135024e+04 6.7281394082e-01 
6.9089096913e-10 1.2844289979e+04 1.1985212288e+00 
2.0139434933e-09 1.3460891775e+04 8.7832451942e-01 
1.3731643980e-06 1.3780299979e+04 8.8380751859e-01 
9.9352447693e-10 1.4457728175e+04 9.4175956052e-01 
4.5050839018e-07 1.3881824907e+04 7.7914128544e-01 
3.7543751224e-10 1.6553748332e+04 9.2209155252e-01 
1.4714605118e-05 1.2158600368e+04 1.2630891816e+00 
1.1033438647e-06 1.7338377528e+04 4.1119258998e-01 
2.2022203049e-07 1.1440366691e+04 1.0089852187e+00 
8.2893216928e-07 1.5817332216e+04 3.0718772690e-01 
1.2129160680e-07 1.1262809050e+04 3.9490803882e-01 
4.9752661751e-10 2.5000000000e+04 1.0980563136e+00 
1.0994506903e-07 1.3583692551e+04 6.5837087626e-01 
2.7625217508e-10 1.3009121652e+04 8.1756378456e-01 
2.0315072653e-06 1.2365941890e+04 2.3010336750e-01 
1.0258389136e-09 1.2122257915e+04 9.5047978403e-01 
4.1063455038e-07 1.3193366691e+04 3.2138100981e-01 
9.8916515672e-11 1.7091116895e+04 7.5390624722e-01 
2.4228993654e-10 1.4626338107e+04 1.6450405141e-01 
3.2098882980e-07 1.1754484297e+04 6.8951136422e-01 
1.0029347661e-05 1.3087558355e+04 1.1543192156e+00 
7.9157164073e-09 1.3170153649e+04 8.7840167229e-01 
4.7998792779e-10 1.3752397424e+04 4.5312551068e-01 
3.4924719572e-08 1.2913462978e+04 1.0679312110e+00 
2.1101311040e-08 1.7902914407e+04 1.0805521989e+00 
4.2680681152e-08 1.7144625329e+04 9.6956660238e-01 
4.1675838752e-07 1.1386971287e+04 4.5437159520e-01 
1.9145565140e-10 1.1324354381e+04 6.4724479656e-01 
1.6419564066e-09 1.7955168941e+04 9.6102525059e-01 
3.5899242260e-09 1.2075325476e+04 7.9558304468e-01 
3.6226345939e-11 1.2648168061e+04 1.2859856954e+00 
1.0089451047e-05 1.1514466044e+04 5.0654912160e-01 
1.2081168040e-09 1.2204284004e+04 1.0983425168e+00 
3.0573957738e-10 1.4798649091e+04 6.0565603767e-01 
9.9935278648e-10 1.2681563512e+04 1.0948852411e+00 
1.1072159312e-07 1.5788924508e+04 1.0318437075e+00 
7.9949294649e-10 1.1926080201e+04 1.1629886424e+00 
3.5800998794e-08 1.3994953459e+04 8.5968139189e-01 
9.4415960205e-10 1.2283543082e+04 1.2540227509e+00 
1.1338638241e-08 1.7139937418e+04 8.9506499166e-01 
2.3768343325e-07 1.1482392971e+04 6.9346489854e-01 
1.7922571327e-06 1.1257130036e+04 4.8146994074e-01 
1.8082353964e-05 1.2643001758e+04 1.2191239726e+00 
1.3450150059e-07 1.1654577462e+04 1.9231849638e-01 
8.6845385307e-10 1.1232519194e+04 7.0072693217e-01 
2.3935457248e-09 1.2466070180e+04 1.1239501928e+00 
1.8880323297e-08 1.1913755134e+04 1.2598729593e+00 
5.4946529085e-09 1.3194485494e+04 2.7567292680e-01 
5.4820320833e-06 1.3500921697e+04 6.6926411404e-01 
2.3425405182e-09 1.2276293423e+04 4.9753118331e-01 
9.2197368982e-07 1.2251731290e+04 7.1498282422e-01 
2.6110189280e-09 1.4952905684e+04 7.0886819217e-01 
2.9087572240e-09 1.5031179462e+04 1.3782035464e+00 
1.5996342468e-11 1.2301708636e+04 1.1345739955e+00 
4.7522498262e-07 1.3826946292e+04 7.6779450113e-01 
2.1556149962e-11 1.1522385156e+04 7.3168781320e-01 
9.5306405396e-10 1.3867656746e+04 4.4878219616e-01 
8.4947188253e-10 1.1870814072e+04 4.2779845531e-01 
3.2707661551e-08 1.1527804947e+04 1.2277025821e+00 
7.8989164478e-11 1.1608681499e+04 5.2194428720e-01 
1.5455137785e-09 1.3601204452e+04 1.4363035591e+00 
3.1650678692e-06 1.4264295537e+04 7.2314605992e-01 
2.9200847687e-11 1.5655106355e+04 8.0586429530e-01 
5.3939748478e-07 1.2687692174e+04 9.7818567300e-01 
3.4579104352e-09 1.4625182058e+04 3.7776718277e-01 
7.5280157415e-09 2.5000000000e+04 4.0542970741e-01 
1.9920254149e-07 1.4881423994e+04 1.7615764911e-01 
3.9423751673e-11 1.1423920428e+04 8.8639275543e-01 
3.4309984093e-08 1.4721117261e+04 4.9645082290e-01 
2.2189037792e-08 1.1417563118e+04 1.0904963867e+00 
1.5617087675e-08 1.2774345678e+04 1.2232769094e+00 
3.4054195572e-10 1.4599701841e+04 1.1987013970e+00 
6.8823079920e-07 1.7522524518e+04 6.6093138876e-01 
1.2878792351e-08 1.1607657526e+04 9.5557147213e-01 
1.4925550786e-06 1.2185299904e+04 1.1777735100e+00 
1.6544534997e-07 1.2031504525e+04 1.6683834195e-01 
6.3469865817e-08 1.3199403427e+04 9.5385610319e-01 
2.0884068090e-09 1.3045569519e+04 4.6827979756e-01 
2.3391018393e-08 1.5051520211e+04 1.1273458033e+00 
1.1795262777e-07 1.1254031598e+04 1.1846350884e+00 
1.3173266979e-09 1.1721178666e+04 6.9712399539e-01 
1.2548783745e-10 1.2617877217e+04 1.0446789320e+00 
3.4928820625e-10 1.2833915387e+04 5.2708982240e-01 
6.6677965546e-08 1.2785308893e+04 6.1530508798e-01 
2.2621910572e-07 1.2360833717e+04 2.7734819692e-01 
2.5451179016e-06 1.7109538314e+04 6.1937733414e-01 
1.5310064440e-07 1.5901891742e+04 1.1193668135e+00 
9.5047303680e-09 1.1490298275e+04 5.1909201686e-01 
1.8491561634e-09 1.8431862110e+04 5.8632674161e-01 
1.8385493057e-10 1.3677785969e+04 1.2748141289e+00 
2.3993411486e-09 1.2877367284e+04 1.1723711778e+00 
2.4172091042e-06 2.4277897959e+04 5.6976213359e-01 
1.9134390559e-11 1.8545691144e+04 1.0849309712e+00 
3.4067786829e-09 1.3412517576e+04 3.4156874508e-01 
1.0311260571e-06 1.8787245213e+04 9.6057972829e-01 
2.2617524721e-08 1.4314722494e+04 6.0849730637e-01 
5.1007753627e-08 1.4267999626e+04 6.1912591783e-01 
1.1749843354e-08 1.1351541285e+04 6.8618416320e-01 
3.8295262982e-11 1.1652147169e+04 1.0480232173e+00 
1.6709563890e-10 2.5000000000e+04 3.2876609039e-01 
2.6690056302e-09 1.6806858382e+04 1.1310031300e+00 
1.7362900224e-09 1.3271157087e+04 9.4006358321e-01 
1.9557612705e-10 1.4740641199e+04 1.0986798649e+00 
1.2792396921e-09 1.3104171913e+04 1.3080148283e+00 
5.9886646377e-08 2.5000000000e+04 4.5173678061e-01 
9.2268704407e-07 2.2871033874e+04 1.0789616361e+00 
1.7426457948e-09 1.4134018167e+04 9.1976398523e-01 
2.7257819182e-09 1.5457190023e+04 9.4489487020e-01 
3.0391665833e-09 1.2757648235e+04 2.6323762394e-01 
7.4974473000e-07 1.8957404366e+04 9.2763247074e-01 
5.3627262470e-10 1.1381284157e+04 9.4792081852e-01 
1.1275580544e-10 1.1982533047e+04 8.6550503554e-01 
6.3100312768e-07 1.2512979511e+04 9.5069234059e-01 
1.8409084667e-10 1.3036414137e+04 1.3606741997e+00 
3.3397299347e-10 1.3836101119e+04 7.3564296943e-01 
3.8637492228e-09 2.3499921850e+04 9.8176019291e-01 
3.1449034283e-07 1.1412202207e+04 4.7100426457e-01 
7.7129114118e-12 1.3165419979e+04 4.7726301175e-01 
5.0404365530e-06 1.1803044194e+04 7.8240897432e-01 
4.7914590496e-10 1.2237438148e+04 1.1997329429e+00 
1.9214939009e-08 1.1387233153e+04 8.3501929492e-01 
7.4760223263e-10 1.1899197662e+04 7.6486544156e-01 
2.0814414313e-09 1.1650244680e+04 8.3760618304e-01 
1.5810491617e-06 1.2718159224e+04 7.0902545079e-01 
4.0229335096e-06 1.2634268242e+04 8.8508108868e-01 
1.5075002587e-10 1.4391016357e+04 5.4956863894e-01 
9.5845336891e-11 1.2739758953e+04 4.4379297225e-01 
4.8699258440e-08 1.3575769096e+04 9.2084355859e-01 
4.2791827040e-10 1.1291974559e+04 1.4004316525e+00 
9.9559704233e-08 1.6925638702e+04 1.1260117929e+00 
3.1030922341e-09 1.8430996034e+04 3.7703547596e-01 
2.1331300633e-09 2.2507378092e+04 6.7233763402e-01 
2.7784857371e-10 1.2669729110e+04 1.4489139694e+00 
6.0856721278e-12 1.8631652234e+04 1.0392558419e+00 
7.1636268854e-09 1.3816251048e+04 1.0017679858e+00 
2.6144419817e-10 1.1968926371e+04 1.2077458598e+00 
2.2919410902e-05 1.5733512508e+04 7.4688693257e-01 
8.7108534155e-10 1.5257481400e+04 6.8917263229e-01 
1.3884868309e-08 1.4028051904e+04 1.2867905736e+00 
2.2728104419e-08 1.1266936796e+04 1.2264715337e+00 
3.4573619383e-10 1.1403663491e+04 1.1309667279e+00 
7.7226979762e-11 1.3987821698e+04 9.5281405156e-01 
8.7398949508e-07 1.3984550425e+04 4.1467320419e-01 
4.4332524468e-10 1.5131551635e+04 8.0696346401e-01 
6.7832645625e-09 1.4906441233e+04 1.0621828271e+00 
1.0062311011e-08 1.4645916320e+04 4.7183011379e-01 
1.0832471992e-08 1.1713249263e+04 6.2994512834e-01 
2.1642569092e-08 1.3963543025e+04 9.6560038530e-01 
7.4381253926e-06 1.1218111154e+04 1.3846121928e+00 
1.0224062231e-08 1.1268227075e+04 1.2221382005e+00 
4.5835159583e-10 1.1310035093e+04 8.8052018862e-01 
4.0022945776e-09 1.1270500137e+04 6.9216577803e-01 
3.9887800654e-06 1.3968051408e+04 6.4375839529e-01 
2.4132651696e-10 1.1267949053e+04 3.9103319923e-01 
1.3843245512e-09 1.3276025600e+04 2.1768348371e-01 
3.6188025151e-10 1.2237081668e+04 9.0380332224e-01 
2.9311668663e-09 1.4976370093e+04 1.1076271179e+00 
1.6271078159e-08 1.3249752524e+04 7.4880225214e-01 
1.3732548961e-09 1.2350086710e+04 8.0724322489e-01 
3.5803582984e-11 1.3470909150e+04 8.2505665163e-01 
5.3895530808e-10 1.5624225027e+04 5.3034137357e-01 
7.6221509861e-10 1.4934848658e+04 3.2165371550e-01 
3.9270287760e-08 1.1732740148e+04 6.9586840614e-01 
8.1147394422e-09 1.3153236410e+04 4.4107442109e-01 
5.0179464943e-07 1.2948246587e+04 1.2322846124e+00 
7.3887377259e-10 1.1870351588e+04 6.1428784889e-01 
8.5322474318e-08 1.2616145523e+04 4.2234804074e-01 
1.4672734559e-10 1.5952677322e+04 9.9694288330e-01 
1.1364968146e-05 1.5680644336e+04 4.9656491445e-01 
1.4604369233e-09 1.3774787194e+04 3.9113381863e-01 
3.0563668281e-06 1.2817156928e+04 1.0269435534e+00 
3.0681581239e-09 1.1814111437e+04 2.0509629206e-01 
2.2600910254e-10 1.1446618961e+04 8.0319729385e-01 
2.0820591235e-09 1.3572798655e+04 1.1105053565e+00 
1.2150347978e-08 1.4557217840e+04 2.4668678742e-01 
2.3838962191e-05 1.2927227279e+04 9.7369360596e-01 
2.9960511812e-10 1.3741467282e+04 9.1709169677e-01 
1.5915681294e-08 1.3675923258e+04 1.1700784260e+00 
1.1160084222e-09 1.6230382218e+04 1.1671049615e+00 
2.2824508593e-09 1.5971132980e+04 1.2697884520e+00 
5.4157959902e-09 1.2808126279e+04 1.5612908838e-01 
7.1787207798e-06 1.1524984089e+04 7.4671163807e-01 
1.5075656163e-09 1.1570537198e+04 1.0160770685e+00 
1.1718656334e-08 1.6508673108e+04 6.4273119443e-01 
3.0151122630e-09 2.4148163309e+04 1.0759547953e+00 
5.2572279911e-10 1.2457590324e+04 5.3823037190e-01 
4.5272926706e-10 1.2014504836e+04 1.3856075504e+00 
8.2340938086e-10 1.2921943272e+04 1.2554764219e+00 
3.4040371225e-07 1.5239078043e+04 3.4612389735e-01 
5.5894853155e-11 2.1369841919e+04 8.1470201203e-01 
5.9644247886e-11 2.3932493128e+04 8.2264242590e-01 
4.7529645024e-07 1.5514527595e+04 2.9077830493e-01 
2.9155297446e-06 2.5000000000e+04 8.1247293167e-01 
8.2220426685e-10 1.4401107173e+04 7.0061247908e-01 
4.0926004594e-10 1.6925941635e+04 4.9413401897e-01 
5.0020550780e-09 1.1592962940e+04 6.6822566431e-01 
2.1858213897e-07 1.4053426992e+04 9.3810718731e-01 
5.5429510154e-06 1.4541732863e+04 7.2696978676e-01 
8.5419494148e-07 1.5841117958e+04 2.7542382117e-01 
1.0392065275e-08 1.1516779663e+04 1.1966610619e+00 
5.1083820795e-10 1.7720708292e+04 1.0130641762e+00 
7.6477366587e-08 1.4029739452e+04 5.7258832127e-01 
6.7401521417e-08 1.3384688303e+04 7.6015772112e-01 
3.5844427800e-07 1.3397531567e+04 7.0934505990e-01 
2.9359904464e-09 2.5000000000e+04 2.0322854807e-01 
3.9921083529e-08 1.1388060239e+04 4.7409895230e-01 
3.0945258036e-10 2.1894081009e+04 8.1804640865e-01 
2.5574516288e-10 1.4500881587e+04 1.0221847562e+00 
4.3313675594e-11 1.4133317108e+04 1.3008556400e+00 
9.9366798881e-10 1.2294739166e+04 7.3210563176e-01 
9.3685662025e-09 1.1685066341e+04 7.8505586169e-01 
2.4387225363e-07 1.1341033745e+04 5.9855763674e-01 
5.9161511023e-06 1.1281553213e+04 5.7587846278e-01 
3.0067946222e-09 1.1835884370e+04 3.7366941629e-01 
7.9835628246e-09 1.1352106421e+04 1.2914160358e+00 
6.4867738989e-10 1.1515405460e+04 8.1577193150e-01 
1.0628683885e-09 1.2654905381e+04 6.8278544825e-01 
1.8883305089e-08 1.3423422119e+04 7.9120315077e-01 
4.0510139892e-10 1.8226524134e+04 1.3555990874e+00 
5.8755086717e-11 1.5376595342e+04 1.2311210241e+00 
3.1334457219e-09 2.0071043440e+04 7.3142338726e-01 
8.2293219720e-09 1.4558715960e+04 1.3381056441e+00 
8.3147995020e-11 1.4558426226e+04 7.1002981090e-01 
7.4560259670e-10 1.2017751637e+04 1.5205997412e+00 
7.3712881408e-06 1.2190105507e+04 7.4843833666e-01 
7.7297319164e-11 1.6341171960e+04 8.7692426959e-01 
5.0411838897e-11 1.1542471841e+04 1.3629927853e+00 
9.5508200246e-10 1.1222523643e+04 1.3033759792e+00 
6.8404456327e-09 1.2174049334e+04 9.3188057825e-01 
2.0411458552e-10 1.4097997369e+04 1.0016290688e+00 
2.2729961368e-09 1.5198893017e+04 1.1928582806e+00 
3.8946595983e-10 1.4064670245e+04 1.1612107860e+00 
3.8240631583e-10 1.1669171760e+04 1.0367882433e+00 
1.0429345029e-10 1.9076721656e+04 4.7351716231e-01 
5.1309298287e-09 1.2649270900e+04 7.8738840253e-01 
4.6331384735e-09 1.3748748042e+04 4.3326989459e-01 
1.4164254942e-09 1.1597989702e+04 4.6241420268e-01 
1.5862024891e-10 1.3818786167e+04 9.9028403124e-01 
6.3287058851e-09 1.1566413962e+04 1.0088464149e+00 
2.0074592600e-08 1.9799389049e+04 9.8043550423e-01 
1.2298398816e-10 1.2039701012e+04 8.7421142069e-01 
5.5421202492e-11 1.3723662541e+04 4.1042285691e-01 
4.7599941959e-12 1.3540645910e+04 5.7791959638e-01 
1.2509965715e-07 2.0066366345e+04 1.3418797670e+00 
1.1643063225e-08 1.1437330828e+04 6.0416838390e-01 
1.2764874866e-08 1.2796220536e+04 4.9630418501e-01 
3.2050756955e-08 1.6414000959e+04 9.5281928388e-01 
4.0934999136e-08 1.4904112925e+04 7.8913338878e-01 
1.7277836207e-09 1.5108044556e+04 1.2063116098e+00 
3.7907902873e-08 2.1972546437e+04 3.9866092634e-01 
5.1408024093e-07 1.5438287182e+04 6.1024342972e-01 
1.0352349867e-09 1.1319653671e+04 9.0152781945e-01 
2.6501102542e-09 1.7399430380e+04 9.5442187953e-01 
9.4798589779e-11 1.2687294175e+04 3.3467055224e-01 
6.5679505515e-08 1.3757241097e+04 7.8398376938e-01 
2.9143098133e-08 1.1510876871e+04 8.8078586399e-01 
1.2087648570e-07 1.1280831917e+04 1.4224575114e+00 
4.8702816813e-10 1.5584621427e+04 6.6598778603e-01 
1.3479007872e-09 2.5000000000e+04 1.0518073673e+00 
1.8941506671e-06 1.6626449406e+04 1.2693446251e+00 
8.4990691106e-08 1.2198660882e+04 6.1987833741e-01 
1.6293490090e-09 1.3418712384e+04 2.1104026022e-01 
2.1137920454e-07 1.3818700850e+04 7.8885116841e-01 
1.1603294945e-09 1.7503472564e+04 4.7003118099e-01 
7.6462892389e-09 1.3016828249e+04 2.1608999832e-01 
3.0734962184e-08 1.1433732120e+04 7.6799689846e-01 
2.5616404511e-08 1.4695154571e+04 9.9527403274e-01 
2.0555131949e-08 1.3833269764e+04 4.7512425717e-01 
1.6016171350e-08 1.7295110080e+04 1.4400971839e+00 
1.2621885913e-08 1.6527277260e+04 7.9447409533e-01 
7.6170609861e-10 1.1477633385e+04 1.1384316053e+00 
1.8964812348e-07 1.1667556286e+04 5.4776531623e-01 
2.6516602464e-11 1.9609042689e+04 3.3566459904e-01 
3.7550028212e-10 1.3271324715e+04 1.4973192204e+00 
1.4428012778e-07 1.6416210200e+04 1.0508811719e+00 
7.4175249838e-08 1.1449736005e+04 9.7756894212e-01 
1.2123417991e-09 1.1765555557e+04 1.1348696263e+00 
1.1936741814e-08 1.2835974233e+04 9.6873861057e-01 
5.8550191796e-11 2.5000000000e+04 1.1141233288e+00 
3.1989649420e-07 1.1296929702e+04 7.9115100282e-01 
9.7100370206e-08 1.1237761498e+04 5.1911106956e-01 
7.3431202495e-09 1.2299674702e+04 7.0065154116e-01 
1.7466011626e-08 1.1775506621e+04 2.3704120399e-01 
4.9836870099e-07 1.2745236104e+04 8.5665974055e-01 
1.2620264251e-09 1.2843846865e+04 1.1572966847e+00 
2.1575391824e-09 1.5872408035e+04 1.2276455332e+00 
1.2027862874e-08 1.1374622769e+04 3.5891561922e-01 
2.1611722694e-08 2.5000000000e+04 8.6897056219e-01 
9.4774140275e-09 1.3800875666e+04 1.1187323602e+00 
6.3781042437e-09 1.2128987260e+04 9.3989682788e-01 
7.5649406382e-11 1.6342673012e+04 1.2717086694e+00 
7.8604222321e-09 1.4490290948e+04 4.7360400471e-01 
1.1529154126e-11 1.4318422872e+04 1.0595055587e+00 
2.5516903956e-07 1.7042471968e+04 9.9847703602e-01 
5.7293029751e-10 1.1658503396e+04 7.7829311803e-01 
4.7046518304e-07 1.6905559449e+04 1.0143638732e+00 
4.7923564481e-09 1.7721651569e+04 4.3902455148e-01 
4.8331021837e-10 1.1375539681e+04 7.2183055004e-01 
5.2013771186e-06 1.2445089711e+04 1.1455850363e+00 
4.1565332762e-10 2.1088791907e+04 1.0240953724e+00 
3.2212952706e-07 1.4238699079e+04 8.3158796333e-01 
4.0205042871e-09 1.2962512315e+04 8.1451427625e-01 
2.2862384962e-07 1.1602637900e+04 1.2554088585e+00 
7.4036823414e-10 1.4817676582e+04 9.0026486617e-01 
1.6001994796e-08 1.3250273450e+04 1.2345164344e+00 
1.9269307436e-11 1.3838152576e+04 5.9834479318e-01 
3.3288926215e-06 1.6651011175e+04 1.2893438535e+00 
3.0700633662e-10 1.7522033699e+04 8.2149777271e-01 
3.2689024495e-08 1.3738009162e+04 3.7703694866e-01 
6.6773191087e-10 1.4491243377e+04 4.4627826438e-01 
3.5934729140e-10 1.4095708895e+04 5.8338821318e-01 
2.3582940852e-10 1.6166189014e+04 8.8118859048e-01 
6.1976766203e-10 1.8307983663e+04 3.7171280190e-01 
3.3801885854e-09 1.5811383934e+04 1.5259182552e+00 
6.2434826731e-08 1.5248489854e+04 1.2239701386e+00 
2.3215550035e-08 1.8153944653e+04 7.9261063170e-01 
4.6306394853e-10 1.1894379332e+04 1.1290591842e+00 
3.7131963017e-10 1.5476167441e+04 1.2231174192e+00 
3.3155754067e-08 1.1645293092e+04 1.1016848152e+00 
5.4740463284e-08 1.5995828985e+04 1.0859228639e+00 
1.1376756010e-07 1.7250567639e+04 1.0480842576e+00 
2.2918459171e-07 1.5779338620e+04 5.2624778988e-01 
3.6485333535e-09 1.4382789315e+04 1.3773032611e+00 
2.8287324796e-06 1.6254068821e+04 8.3755387262e-01 
4.2062139367e-09 1.2680444911e+04 1.3798376670e+00 
3.6637368664e-08 1.2337461081e+04 7.3467505399e-01 
1.3560797276e-06 1.2707118856e+04 6.0177679336e-01 
4.3051075303e-08 1.1897115101e+04 6.7436037911e-01 
2.0816610400e-10 1.8653172855e+04 1.7192142341e-01 
1.5729202555e-10 1.3171157768e+04 6.3633680130e-01 
6.5500533918e-12 1.1216166119e+04 8.3620110214e-01 
1.1452292838e-07 1.1302910338e+04 6.6783220392e-01 
1.9976122017e-08 2.5000000000e+04 1.2701667444e+00 
5.0360649180e-12 1.4097641933e+04 6.1085360222e-01 
1.5149960330e-10 1.3018411160e+04 1.2273353004e+00 
5.8138445242e-09 1.1440142760e+04 7.1450294614e-01 
1.0841681028e-07 1.1959028175e+04 7.7916730289e-01 
1.0771473560e-09 2.5000000000e+04 1.2121686783e+00 
1.9261083567e-05 1.2717359563e+04 1.1819072426e+00 
1.5453080820e-09 1.1200572352e+04 1.1076497817e+00 
4.7748068116e-09 1.7253549856e+04 3.7674173667e-01 
6.9372511425e-09 1.2024451899e+04 2.3890130335e-01 
2.8213666046e-05 1.2066512831e+04 7.6565019828e-01 
6.3281346322e-09 2.1588870152e+04 1.0962220723e+00 
2.4177784131e-10 1.3337107030e+04 1.8528373123e-02 
1.5070816850e-09 1.7405010538e+04 1.6765985459e-01 
2.2234318201e-06 1.8080822537e+04 7.5588131533e-01 
9.6960918588e-09 1.4036772881e+04 1.0476067391e+00 
1.1410600043e-11 1.1522842220e+04 6.1652930880e-01 
3.9126167415e-07 1.1909880669e+04 3.9434395768e-01 
1.5604686827e-05 1.2521569790e+04 8.4587723200e-01 
9.3148945971e-09 1.8476167889e+04 6.0687692901e-01 
1.1915356259e-06 1.6767256315e+04 9.1058113064e-01 
8.7571842218e-07 1.2880448091e+04 9.0704565255e-01 
8.6008152567e-09 1.5149067273e+04 8.2915266399e-01 
1.1296716680e-07 1.1859054593e+04 3.7515060951e-01 
9.8104389144e-07 1.1676575002e+04 7.4944720124e-01 
1.4429687311e-07 1.4368519330e+04 3.1452689373e-01 
3.2817558104e-10 1.3533097576e+04 1.1821024065e+00 
9.5856648826e-10 1.2489020101e+04 1.2696741655e+00 
2.2411475255e-09 1.2510648355e+04 2.3018116812e-01 
1.2101953971e-08 1.4156878881e+04 3.7769656845e-01 
1.8846575675e-08 1.2790978407e+04 7.4252576040e-01 
7.1927168147e-09 1.6385389035e+04 1.2026060640e+00 
4.7527917990e-10 1.2843116696e+04 7.0868150479e-01 
5.4673323425e-09 1.1508603693e+04 8.7487653376e-01 
7.0628504369e-08 1.1513523472e+04 1.2780969158e+00 
6.9651141566e-08 1.9785693881e+04 5.2161644101e-01 
1.6680012245e-06 1.2274379371e+04 2.1770836660e-01 
3.9473371884e-06 2.3854781070e+04 3.7706824899e-01 
6.5430691432e-10 1.3876817198e+04 6.5555006813e-01 
3.9191077884e-06 1.1857278995e+04 1.1777721496e+00 
5.6091517318e-08 1.1683359074e+04 6.6739304730e-01 
5.9875977664e-07 1.1367888150e+04 4.0860001116e-01 
1.0615443091e-09 1.2040945879e+04 1.1578447737e+00 
1.3445003403e-06 1.4800780637e+04 4.6231295968e-01 
1.5351620866e-06 1.3145416533e+04 7.0782214337e-01 
2.6417432743e-09 1.2381839085e+04 8.5045792598e-01 
3.6229356958e-08 1.3519378984e+04 2.8685485337e-01 
2.5014838316e-10 1.2778056436e+04 9.1141513156e-01 
2.4555624784e-06 1.8668119490e+04 3.5466169894e-01 
7.8472236377e-07 1.1482318976e+04 6.0849940216e-01 
4.5812083572e-07 1.5107772277e+04 7.0447632726e-01 
1.7167155037e-08 1.1496193535e+04 5.4962918492e-01 
3.8904747260e-06 1.5975691740e+04 2.6432258822e-01 
7.7000903637e-09 1.3620659161e+04 3.8598838079e-01 
1.9288449423e-10 1.1422486154e+04 1.3406109580e+00 
1.5039827205e-11 1.1763261817e+04 1.0595857347e+00 
6.5620824377e-08 1.1759605562e+04 6.2527730704e-01 
1.8718007404e-08 1.2824472379e+04 9.8914887637e-01 
3.6556914039e-08 2.0599570077e+04 1.0678463690e+00 
2.9127675333e-09 1.1670313825e+04 1.0861467195e+00 
5.6217476124e-07 2.0434794120e+04 9.2959327636e-01 
4.8814919610e-10 1.1502663382e+04 5.2953727148e-01 
1.2687868124e-07 1.8047384224e+04 4.4227865827e-01 
1.2745734898e-11 1.1293758919e+04 1.0275424341e+00 
3.5569971736e-08 1.1331306165e+04 5.2691132010e-01 
9.2625071393e-07 1.3748612773e+04 5.0498338930e-01 
6.7976528425e-08 1.2956110690e+04 4.9961163515e-01 
5.7660097467e-11 1.2673255628e+04 8.7215515175e-01 
5.6669172511e-11 1.2569017278e+04 5.3628358683e-01 
1.5700643592e-09 1.6926536503e+04 1.3347900595e+00 
1.0344055665e-09 1.2405724008e+04 1.0893796635e+00 
2.1669011221e-06 1.7395400798e+04 4.4055474315e-01 
2.3660018717e-07 1.5351874225e+04 6.9810434243e-01 
1.1267419065e-08 1.1616869481e+04 7.8625354752e-01 
1.5900968253e-08 2.2002388497e+04 1.0611854880e+00 
4.1782059885e-08 1.4200508107e+04 1.3633904711e+00 
4.9065673468e-12 1.1703089159e+04 1.0990441074e+00 
4.8834266825e-08 1.1397522834e+04 9.6399360317e-01 
9.2704759260e-10 1.6105974242e+04 1.2113279413e+00 
1.6583017136e-05 1.3689955065e+04 9.1144249839e-01 
3.1157021041e-08 1.3538361198e+04 1.0566986886e+00 
5.9523919253e-11 1.3277865672e+04 4.4804444149e-01 
3.1223165045e-08 1.4383617340e+04 8.0944240921e-01 
1.2103112067e-10 1.3995659934e+04 6.2368819965e-01 
2.0405216910e-09 1.3850955557e+04 8.9334683473e-01 
6.4620722103e-09 2.5000000000e+04 1.0193189234e+00 
5.3826884993e-11 1.5936938789e+04 8.8421164094e-01 
1.3972168099e-05 1.1229568599e+04 7.1153591473e-01 
7.8379114847e-09 1.4068576632e+04 1.0231820556e+00 
2.3672131230e-11 1.4402497429e+04 1.0275894146e+00 
5.2679359147e-06 1.4409216145e+04 9.5883973911e-01 
9.0832525844e-08 1.8884325234e+04 4.3967366758e-01 
1.2121311288e-09 1.1931123291e+04 7.7213372561e-01 
1.5751958070e-11 1.5408704346e+04 9.6505212923e-01 
4.8546509636e-07 1.6497029155e+04 5.7285596447e-01 
1.2414558127e-07 1.3015749840e+04 9.0731116704e-01 
8.2453182084e-09 1.3676762749e+04 1.3802686641e-01 
1.5212782494e-08 1.2995494019e+04 7.5839300781e-01 
