1.3981115208e-04 5.6807941704e-01 
2.9175066077e-06 1.0000000000e+00 
9.6083870828e-06 1.0000000000e+00 
6.6891363508e-05 5.7306339947e-01 
4.8438115700e-06 6.5367833636e-01 
5.1086955170e-05 6.1128094543e-01 
1.2393538433e-05 1.0000000000e+00 
3.6680206103e-05 5.0426034309e-01 
4.4500946933e-05 5.0115312011e-01 
1.1206421657e-05 6.3677140969e-01 
4.3268401346e-05 5.4628139910e-01 
4.7104184478e-05 5.7139675088e-01 
1.0173381575e-04 5.6733743733e-01 
1.1851539846e-05 6.2767693952e-01 
5.6908588465e-05 6.0944894560e-01 
3.6450350926e-05 5.0916019148e-01 
6.4427789277e-06 6.5464035689e-01 
2.3283845575e-04 5.2290774600e-01 
4.2509174366e-05 5.8060796351e-01 
2.0552044244e-04 6.0101975321e-01 
4.3852283563e-05 5.2717884235e-01 
2.2893874618e-05 5.2495862169e-01 
1.3202009511e-04 5.8978212388e-01 
2.2084927611e-05 1.0000000000e+00 
3.6893940628e-05 5.3992388253e-01 
1.4113467254e-05 5.9762155656e-01 
7.6437083544e-05 5.7155629862e-01 
1.0085677042e-04 5.6214982393e-01 
1.7061879904e-05 1.0000000000e+00 
4.8870774246e-05 5.8868532011e-01 
4.1822028451e-05 5.9446336088e-01 
2.2115219147e-05 1.0000000000e+00 
1.3259105187e-05 1.0000000000e+00 
6.5632251757e-05 1.0000000000e+00 
1.9668600275e-05 6.2296341304e-01 
8.3620965806e-05 5.1830243293e-01 
1.2722176604e-04 5.4990527384e-01 
5.7597641212e-05 5.7300532486e-01 
8.5732322075e-05 5.6340132356e-01 
1.5443131238e-05 1.0000000000e+00 
2.2211607848e-05 6.0624221136e-01 
1.6463650245e-05 6.2967592661e-01 
4.8459750520e-05 5.8227498130e-01 
5.9079453854e-05 5.7878225320e-01 
6.8288053827e-05 5.8839457055e-01 
7.9667014039e-05 1.0000000000e+00 
1.5583468020e-05 1.0000000000e+00 
2.3073853495e-04 5.3280223030e-01 
9.4072965272e-05 5.7219336804e-01 
4.7809253777e-06 6.5910638325e-01 
6.0101071625e-05 6.1184376560e-01 
6.3347021362e-05 5.7935822832e-01 
2.7072100052e-05 6.0478039808e-01 
1.6808328326e-05 1.0000000000e+00 
3.6880763043e-05 5.8016967283e-01 
7.9204105381e-05 5.7049421336e-01 
1.1283973978e-04 5.5679562953e-01 
3.2188487236e-05 6.0030544391e-01 
2.9726016663e-05 5.1837900190e-01 
2.2404966421e-05 5.3102202109e-01 
5.9887323336e-06 6.4841746248e-01 
2.8289122974e-05 5.9841137148e-01 
4.0860520153e-05 6.4651792830e-01 
3.0102772503e-05 5.1934133846e-01 
6.3918910253e-05 5.4931025040e-01 
6.1057143680e-05 5.6282847423e-01 
5.6660489198e-05 5.7038075303e-01 
6.1573170746e-05 5.6610401024e-01 
8.7666920710e-05 5.6867989886e-01 
1.7721157037e-05 6.7247301303e-01 
8.1594518272e-06 1.0000000000e+00 
1.8630859354e-05 5.1827649059e-01 
3.3064089555e-05 5.7587507384e-01 
3.2373082926e-05 5.0692120459e-01 
5.0009527569e-05 5.9321226117e-01 
1.0920043536e-05 6.3966396259e-01 
6.5197762759e-05 5.7712304479e-01 
2.2041277752e-05 6.5388790497e-01 
8.9627385201e-06 6.5285800707e-01 
2.3652419714e-05 5.4250164384e-01 
5.3798703850e-05 1.0000000000e+00 
6.5292375592e-05 5.7070876572e-01 
3.1123282013e-05 5.9907940669e-01 
9.1981157633e-06 5.6993499517e-01 
3.8794665799e-05 5.8246714176e-01 
2.8368253887e-04 5.5810576202e-01 
5.7492656080e-06 6.5932503216e-01 
1.7144323324e-05 1.0000000000e+00 
3.3928036258e-04 5.2517131391e-01 
2.8896627713e-05 5.8430256870e-01 
1.7004828298e-05 1.0000000000e+00 
2.1908032353e-05 6.2191070772e-01 
8.1727109622e-05 5.6674464859e-01 
5.2629987071e-05 6.0490440932e-01 
7.1622508917e-05 5.1678393228e-01 
6.0100887726e-06 1.0000000000e+00 
2.2553935388e-05 6.0994016925e-01 
5.3383105310e-05 6.5114343939e-01 
9.7096410795e-05 5.7529262561e-01 
1.0468976587e-04 5.7680378381e-01 
7.6525925426e-05 5.7976040819e-01 
7.4525779914e-05 6.0216825954e-01 
4.4688110607e-05 5.9437070773e-01 
3.3090859628e-05 5.5639772079e-01 
5.4608538948e-06 6.5871737891e-01 
2.8824441214e-05 6.3842932774e-01 
8.9877054657e-06 6.4911017826e-01 
6.2767541090e-05 5.7542695103e-01 
1.6268396880e-05 5.7890192428e-01 
3.3550782032e-05 5.1201607346e-01 
7.6784210556e-05 5.7545063477e-01 
8.2170927844e-05 5.7592721452e-01 
4.5353614290e-04 1.0000000000e+00 
5.5882420331e-05 5.7392812236e-01 
5.2252116481e-05 1.0000000000e+00 
1.4315193302e-05 6.2859244513e-01 
6.8946196187e-05 5.7083396728e-01 
4.4162249250e-05 5.0329349224e-01 
3.7782701666e-05 5.9627884887e-01 
7.0040400216e-05 5.7695582194e-01 
1.2670116614e-05 6.3680136241e-01 
3.0301777922e-05 5.8477015808e-01 
3.7377008966e-05 5.0736316996e-01 
4.6900863590e-05 5.8831196571e-01 
3.1231489206e-05 5.7747715553e-01 
4.9447880599e-05 5.9507139973e-01 
2.2640144547e-05 6.1634009237e-01 
5.0749359991e-06 1.0000000000e+00 
6.0660153062e-05 5.8681508974e-01 
5.9870346928e-05 5.6213285175e-01 
9.8389003082e-05 6.0071464134e-01 
1.2601209384e-05 6.3249057228e-01 
3.1829506057e-06 1.0000000000e+00 
8.2320932413e-05 5.6571638973e-01 
1.3678624491e-05 1.0000000000e+00 
2.3499381572e-04 5.3585330097e-01 
4.6843749045e-05 5.8881257096e-01 
2.9296884509e-05 6.1340965471e-01 
4.6191947127e-05 5.8819844216e-01 
2.9988415784e-05 5.1836567741e-01 
1.2265781267e-04 5.1761243345e-01 
4.8004782857e-05 5.8231352494e-01 
1.2027304788e-04 5.7574435676e-01 
3.3584481271e-05 6.1399145555e-01 
2.9023562191e-05 5.1407822084e-01 
1.7048549110e-05 6.3176169951e-01 
6.4289541726e-05 5.6777219935e-01 
5.1025103579e-06 6.4710224738e-01 
1.3392537927e-05 6.4435500212e-01 
3.9822584945e-05 6.1348126615e-01 
2.4979264458e-05 5.9405941387e-01 
3.0361431809e-05 5.9100576135e-01 
1.2624360122e-04 5.7400644136e-01 
5.5823364017e-05 5.5169812550e-01 
5.2352670591e-06 1.0000000000e+00 
1.9679665518e-04 5.7334768806e-01 
1.2011439376e-04 5.6078833638e-01 
9.1946923340e-05 5.9055041900e-01 
7.1462728336e-06 6.5350320936e-01 
2.8054566090e-05 5.7561185595e-01 
1.3504681394e-05 1.0000000000e+00 
6.3173236796e-05 5.7356693751e-01 
7.1593254904e-06 6.3345485667e-01 
4.0933664107e-05 5.0365884587e-01 
2.3142004439e-05 6.2377850430e-01 
3.7508574036e-05 6.0693303525e-01 
6.5839968540e-06 6.4304316469e-01 
6.5912017125e-06 1.0000000000e+00 
6.3276057387e-05 5.0868698284e-01 
6.8352337868e-06 1.0000000000e+00 
2.6250051874e-05 1.0000000000e+00 
3.5914643687e-05 5.9674898103e-01 
1.7908580022e-05 6.2507198386e-01 
1.3383764988e-04 5.5307356423e-01 
2.0751588727e-05 5.2147201535e-01 
5.4114207429e-05 5.7462065019e-01 
1.0046658416e-04 5.7234657023e-01 
1.3239680134e-05 1.0000000000e+00 
4.8183241851e-05 5.8696548500e-01 
1.9030640839e-05 5.7240663129e-01 
5.0419140321e-05 5.4231828865e-01 
2.8288563472e-05 5.8856788656e-01 
2.1358849485e-05 5.2010590842e-01 
3.0005689938e-04 1.0000000000e+00 
5.8326584954e-05 5.9986935936e-01 
7.9615973374e-05 5.8942126899e-01 
3.7818630697e-05 5.8216006120e-01 
1.7465553142e-05 5.6614473818e-01 
5.8222030288e-05 5.7129814707e-01 
5.7963859939e-05 5.7873220121e-01 
4.8149969240e-05 1.0000000000e+00 
4.1157367476e-05 5.2850545387e-01 
6.0211142028e-05 6.0840634821e-01 
3.6589484807e-05 6.1103070587e-01 
3.0349830357e-05 6.0420831340e-01 
1.1774768283e-04 5.6824591460e-01 
1.4187143869e-04 5.9722173301e-01 
2.4433333632e-05 6.1479858226e-01 
1.1528228162e-04 5.6473131556e-01 
7.2725219203e-06 1.0000000000e+00 
8.5728638199e-05 5.6861202708e-01 
3.6546352006e-05 6.0370925477e-01 
1.9073126333e-05 5.9507705426e-01 
1.0743744874e-05 1.0000000000e+00 
5.2706604453e-05 6.0463805662e-01 
1.0180931966e-05 6.4295245474e-01 
3.0904925207e-05 5.9196351424e-01 
3.7298007094e-05 5.1385416321e-01 
2.3428812238e-05 5.4047118684e-01 
7.7638869969e-06 6.5241027972e-01 
5.1913727931e-05 5.3482095845e-01 
5.1004929134e-05 5.1283215541e-01 
1.9486117143e-05 6.3316470377e-01 
1.5695943131e-05 1.0000000000e+00 
1.4768798070e-05 6.2435985765e-01 
1.9910569659e-05 6.4341403060e-01 
6.2020033392e-05 5.8876927632e-01 
5.2104455710e-05 5.7710623707e-01 
8.4838137503e-06 6.0016409016e-01 
1.0010501475e-04 6.0118552854e-01 
1.9397530151e-05 6.1817902862e-01 
3.2484351473e-05 5.4334045839e-01 
4.0872266581e-05 5.8531281103e-01 
3.7288557104e-06 6.0492223627e-01 
2.2940588615e-04 5.3021055026e-01 
2.6853884142e-04 5.1273079848e-01 
1.0264772304e-04 5.6271996211e-01 
7.9586846208e-06 5.8336616013e-01 
2.0813307042e-05 5.5251345140e-01 
2.4703600846e-05 1.0000000000e+00 
4.1440685735e-05 5.0740607879e-01 
1.8314413621e-05 5.2143322284e-01 
3.6003961168e-05 5.4618519809e-01 
6.3402773251e-05 6.6290557442e-01 
2.3042235894e-05 5.7540928090e-01 
2.2465524769e-05 5.9160402508e-01 
6.2104208070e-06 6.3354883031e-01 
8.6593699567e-05 5.6982275906e-01 
2.4757384344e-05 5.1768743420e-01 
8.8787955977e-05 5.7693111296e-01 
1.5430400731e-05 5.2416969805e-01 
2.2822325023e-05 5.4349763496e-01 
4.6138340033e-05 5.8871347592e-01 
4.5748404000e-05 5.8638153538e-01 
4.6864149763e-05 5.5319979844e-01 
8.4742631493e-05 5.6888150744e-01 
1.5104718735e-05 6.2437798854e-01 
5.2225132257e-05 5.8107159244e-01 
6.1088252075e-05 5.7581760968e-01 
6.2207768451e-05 5.7138651887e-01 
2.5865237159e-05 6.0631182109e-01 
4.2295067525e-06 6.5703658276e-01 
1.3851066553e-05 1.0000000000e+00 
8.8420595707e-06 1.0000000000e+00 
7.3306010348e-05 5.6845066744e-01 
3.0616253117e-05 6.0745238540e-01 
9.6445078704e-06 6.5389036614e-01 
2.6978826388e-05 5.1329238202e-01 
5.1929627348e-05 6.0795838805e-01 
1.1866999772e-04 5.0750136812e-01 
1.3289171146e-05 1.0000000000e+00 
6.4787642202e-06 1.0000000000e+00 
4.0614266045e-05 5.9887530129e-01 
5.5094070496e-06 6.5851269681e-01 
9.2431681810e-05 5.6499444524e-01 
1.0171948321e-05 6.3743886047e-01 
7.7426021971e-05 5.7458348328e-01 
1.5277001437e-05 1.0000000000e+00 
1.0000058260e-04 5.5930683408e-01 
4.6613189787e-05 5.9709518008e-01 
1.1813507068e-04 5.7737174019e-01 
5.7997578902e-05 5.6992297817e-01 
2.8894807161e-05 6.0411116325e-01 
1.0201057940e-05 1.0000000000e+00 
3.8787039367e-05 5.2420496492e-01 
9.2209971575e-05 5.6648402097e-01 
5.2314166959e-06 6.5274505381e-01 
3.1403431299e-05 5.0853698598e-01 
3.5503286506e-05 5.9845318827e-01 
3.9102226157e-05 5.9552902503e-01 
4.6874488756e-05 5.3894520031e-01 
1.2579331152e-04 5.6485807080e-01 
6.6344309245e-05 5.6320242991e-01 
7.0486104891e-05 5.6219256376e-01 
3.6615935379e-05 5.8903616081e-01 
2.7085014396e-04 5.7289813352e-01 
4.5092920118e-05 5.1352070018e-01 
1.4998543364e-05 5.5500242249e-01 
3.8033258726e-05 5.0408176630e-01 
1.9513761110e-04 5.4618407079e-01 
3.2244591724e-04 1.0000000000e+00 
2.3399188635e-05 6.1274476203e-01 
1.3029153751e-05 5.5046478223e-01 
4.2922025545e-05 5.0730307035e-01 
1.6114446804e-04 5.6294824692e-01 
3.2355595230e-05 6.0193058482e-01 
2.1871473508e-05 5.1758508103e-01 
5.4706872227e-06 5.8841704454e-01 
2.4669867545e-05 5.8637325189e-01 
4.3998740442e-05 5.8616861771e-01 
3.2766928863e-05 5.0449139493e-01 
2.1303279185e-05 1.0000000000e+00 
1.4612429240e-04 5.5979725596e-01 
4.3334134247e-05 5.1456880818e-01 
3.2625947518e-05 1.0000000000e+00 
2.0651436719e-05 6.0470438724e-01 
5.9652066436e-06 6.4992257299e-01 
6.6544574168e-05 5.4306083782e-01 
2.5519970314e-05 6.0617919796e-01 
4.4264831507e-05 5.1217948506e-01 
1.8612304359e-05 6.1808290629e-01 
1.4101706335e-04 5.6843867392e-01 
1.0476459387e-05 6.4734446089e-01 
5.7989473750e-05 5.6424740539e-01 
2.3847155348e-05 1.0000000000e+00 
7.2567420776e-06 6.4594522269e-01 
7.7894934596e-06 1.0000000000e+00 
8.0069638262e-06 6.5012878439e-01 
7.2007324828e-05 5.8045756500e-01 
4.6015507147e-05 5.0691643364e-01 
2.6106399248e-04 5.1760790825e-01 
9.7112194273e-05 5.6738596899e-01 
3.0699658834e-05 5.0886497028e-01 
2.0043461814e-05 5.9628896628e-01 
2.3916590690e-05 6.0700517832e-01 
6.5280685710e-06 1.0000000000e+00 
2.3026871459e-04 5.6630765335e-01 
6.4281730354e-05 5.2558697521e-01 
4.6261275139e-06 6.8334148360e-01 
1.6989088370e-05 1.0000000000e+00 
9.8330039050e-06 5.5332303390e-01 
5.1698425289e-05 5.8775253039e-01 
4.9335734727e-05 5.7253694386e-01 
2.3865297091e-05 6.0985503201e-01 
1.2397204330e-05 6.5872537556e-01 
2.9209776613e-05 6.9958407878e-01 
5.3514779764e-05 5.2450273966e-01 
3.5334827305e-05 5.3642561512e-01 
2.8234818999e-05 5.1847346550e-01 
9.7495042215e-05 1.0000000000e+00 
4.2136081887e-04 1.0000000000e+00 
3.2142036234e-06 1.0000000000e+00 
6.1031590495e-06 6.5772299530e-01 
1.8688374130e-05 5.2525159666e-01 
9.9423422881e-06 1.0000000000e+00 
8.5718068878e-05 5.6124203472e-01 
6.0490646311e-05 5.8655963320e-01 
2.7005187830e-04 5.2008674152e-01 
2.2953477191e-05 5.2517307395e-01 
2.6346594579e-05 6.0165455831e-01 
5.0700993040e-05 5.7479343335e-01 
2.5791644151e-05 5.4537008006e-01 
1.4120474711e-04 5.0335729607e-01 
2.4741771651e-05 6.1246533668e-01 
2.4260575892e-04 5.6091435745e-01 
9.9566261871e-06 7.1859107467e-01 
6.4777665808e-06 6.4537949477e-01 
3.4394146049e-05 5.9894359645e-01 
5.1558085716e-05 5.5077609493e-01 
1.0820769584e-04 6.1529786874e-01 
6.2424014288e-05 5.7663297066e-01 
1.2977934084e-05 1.0000000000e+00 
8.1568931840e-06 5.3851088085e-01 
3.1233967391e-06 1.0000000000e+00 
4.8201392678e-05 5.6421396522e-01 
1.6138515413e-05 6.2857710367e-01 
1.9134049513e-05 5.6535344404e-01 
4.8503093189e-05 5.1700464203e-01 
9.8112642779e-05 5.6139568259e-01 
1.6777374938e-05 6.2355713721e-01 
2.3054777669e-05 6.1641257803e-01 
3.3682601400e-05 5.1708791817e-01 
1.9118317115e-05 6.0622046930e-01 
3.9084303756e-05 1.0000000000e+00 
1.3826875167e-04 5.6730728111e-01 
3.1429471202e-05 5.3234488302e-01 
5.1386190300e-06 1.0000000000e+00 
5.4725852290e-05 5.7289350207e-01 
7.5454461651e-05 1.0000000000e+00 
5.6895887576e-05 5.1775998287e-01 
5.4107419226e-05 5.6427655301e-01 
6.8535635424e-05 5.6728706978e-01 
8.2059965300e-05 5.6914194167e-01 
3.4326148855e-05 5.9221199801e-01 
3.8741875537e-05 6.0701282475e-01 
1.0478293314e-05 5.9183651482e-01 
9.6827791586e-06 6.4501732084e-01 
1.7074350611e-05 6.5855191202e-01 
4.1545746288e-05 5.9027264503e-01 
7.8154734171e-06 1.0000000000e+00 
7.4911306797e-05 5.8330938935e-01 
2.0685260391e-04 5.6151511732e-01 
5.2926535079e-05 6.0641787152e-01 
2.3238550232e-05 5.2552288522e-01 
3.2761575282e-05 5.9273983565e-01 
1.4890957680e-05 1.0000000000e+00 
4.3357622426e-05 5.2026339299e-01 
1.0723990373e-05 6.3996733736e-01 
3.2324299779e-05 5.0845264357e-01 
1.0010481612e-05 1.0000000000e+00 
1.2444066661e-05 6.4939520890e-01 
1.4793828722e-04 5.6460582241e-01 
8.5700586996e-05 5.6267347067e-01 
6.7879554408e-05 5.1181421433e-01 
2.1554975325e-05 6.1171454735e-01 
1.8877658115e-05 1.0000000000e+00 
4.6204200472e-06 1.0000000000e+00 
1.1809188403e-05 1.0000000000e+00 
1.1853153655e-05 1.0000000000e+00 
9.1483690021e-06 1.0000000000e+00 
3.0958805400e-05 6.2898238148e-01 
1.4244199911e-05 1.0000000000e+00 
5.7746093922e-05 5.8517114464e-01 
5.4440571333e-06 1.0000000000e+00 
9.6902165290e-05 5.6387532690e-01 
5.8388019091e-05 5.0751015737e-01 
6.7359346166e-06 1.0000000000e+00 
9.1068781923e-05 5.6799999879e-01 
1.1258056085e-04 5.6888342232e-01 
6.2159787359e-05 5.1119609868e-01 
4.9260938244e-06 1.0000000000e+00 
1.8495402957e-05 5.1917961511e-01 
4.2708538040e-05 5.1866180221e-01 
3.3135401574e-05 5.4170895169e-01 
3.0985179781e-05 6.5498733072e-01 
2.7356366637e-05 6.1236393030e-01 
5.5755254519e-05 5.7094992175e-01 
1.7984533256e-05 6.1492992486e-01 
1.3102509711e-05 1.0000000000e+00 
6.9478116270e-06 1.0000000000e+00 
8.3658539053e-05 5.6603039754e-01 
8.6040166291e-05 5.7389442925e-01 
1.9496035666e-05 5.8373946547e-01 
2.7280037406e-05 5.1249247827e-01 
2.3045903200e-05 6.5288228685e-01 
4.9816200244e-05 5.2767322395e-01 
1.2902421332e-05 1.0000000000e+00 
1.8013194196e-05 6.5815348747e-01 
5.5304603723e-05 5.8028375149e-01 
4.5601308785e-06 6.5530255811e-01 
6.3336283014e-05 5.8315151439e-01 
2.8486950121e-05 5.7113846096e-01 
1.0477718129e-05 1.0000000000e+00 
7.0962084250e-05 5.6745415729e-01 
2.2033668863e-05 1.0000000000e+00 
1.3643635108e-05 6.3090803883e-01 
6.7508233434e-05 5.8554290608e-01 
3.9026561953e-05 5.0935221163e-01 
1.0379887024e-04 5.8389112770e-01 
6.6885484212e-06 6.2845466056e-01 
3.3235664465e-05 5.2812060997e-01 
2.6539929065e-05 6.0811334339e-01 
1.7435358063e-04 5.1021588829e-01 
2.1604724294e-05 5.6605742524e-01 
4.9404284027e-05 5.1483739406e-01 
3.4365552076e-05 6.1341460566e-01 
5.7072381862e-06 1.0000000000e+00 
2.0261801805e-05 1.0000000000e+00 
3.5738067957e-05 5.7576469362e-01 
3.7847625407e-05 1.0000000000e+00 
9.7361319091e-05 5.6263932548e-01 
8.6873377620e-06 1.0000000000e+00 
5.6213361732e-06 1.0000000000e+00 
4.0602058346e-05 5.8802909294e-01 
1.5920601521e-05 5.3440588854e-01 
4.5097333541e-05 5.2886776080e-01 
1.5054393498e-04 5.6488107695e-01 
3.3685366197e-05 5.0559122150e-01 
7.9914771765e-05 5.6823439356e-01 
1.9907180074e-04 5.8173681146e-01 
1.6852187918e-05 6.3517806486e-01 
1.9535231238e-04 5.3666743079e-01 
4.5918133246e-05 5.8032822248e-01 
6.5810895356e-05 5.8039983016e-01 
1.6154447257e-05 6.1329676367e-01 
9.8447214620e-05 5.5562032134e-01 
5.4092441970e-06 6.4827217713e-01 
4.8590669653e-06 6.5765520768e-01 
5.3011200746e-06 1.0000000000e+00 
4.5199261602e-06 1.0000000000e+00 
1.2890474778e-05 6.3147068880e-01 
9.7962078720e-05 1.0000000000e+00 
1.9710420894e-05 5.7768759677e-01 
6.5052882649e-06 6.4354904925e-01 
8.2525301688e-05 5.6627097125e-01 
4.9582277238e-05 5.6157820365e-01 
2.4601929353e-06 1.0000000000e+00 
5.7191119320e-05 5.8147824564e-01 
8.3226665953e-05 5.2122534463e-01 
5.0756258530e-05 5.6818504270e-01 
1.8183144935e-05 1.0000000000e+00 
1.9397218837e-05 1.0000000000e+00 
7.4736505232e-05 5.0672030471e-01 
5.1771294777e-05 6.1962857643e-01 
5.9962645957e-05 5.7228296030e-01 
3.2993809022e-05 6.1910051784e-01 
3.4612467241e-05 6.6693632656e-01 
1.1938684826e-05 1.0000000000e+00 
6.9166127695e-06 6.4274977132e-01 
3.5718708991e-05 5.9971671343e-01 
