1.9515887135e-04 0.0000000000e+00 
1.5450994816e-04 0.0000000000e+00 
2.0981666392e-05 1.1721174965e-01 
1.9170874205e-04 0.0000000000e+00 
5.3254041111e-05 1.7892184051e-01 
1.7676265605e-05 1.0000000000e+00 
2.0250448587e-05 2.2780256623e-01 
1.1361151886e-04 0.0000000000e+00 
1.9454560449e-04 0.0000000000e+00 
8.7052963816e-04 0.0000000000e+00 
4.9562634017e-04 0.0000000000e+00 
5.3594962194e-05 1.1128125500e-01 
1.6576618783e-05 2.5491196289e-01 
3.4964196165e-05 2.5347962918e-02 
1.4447156720e-05 1.0000000000e+00 
1.2728610247e-05 2.5473880785e-01 
8.9303248202e-04 1.0000000000e+00 
2.2420051224e-05 2.2541757258e-01 
1.2143632019e-04 0.0000000000e+00 
1.5366406149e-04 1.0000000000e+00 
2.2224069501e-05 1.0000000000e+00 
9.7221214454e-05 0.0000000000e+00 
5.5648546687e-06 1.0000000000e+00 
4.0628094538e-05 1.6456427779e-01 
7.4345437545e-05 6.3092244694e-02 
3.9212430710e-05 0.0000000000e+00 
9.1706758371e-05 7.3077306253e-02 
2.8294066723e-04 0.0000000000e+00 
1.5881120570e-05 2.2486096110e-01 
4.1872693740e-05 0.0000000000e+00 
4.6240637985e-05 1.5452711133e-01 
4.2743745402e-05 0.0000000000e+00 
2.1398607998e-05 2.3031650109e-01 
5.7553343432e-05 1.2522158280e-01 
7.3502882356e-05 8.0804468078e-02 
1.9180930587e-04 0.0000000000e+00 
2.4728146448e-05 2.2877745652e-01 
1.3765464153e-05 3.4648152221e-01 
1.4619503187e-05 1.0000000000e+00 
1.0835301001e-05 1.5845550302e-01 
1.1362870327e-04 0.0000000000e+00 
7.6317855438e-05 0.0000000000e+00 
8.7618887029e-05 3.7007909985e-02 
8.9239014460e-05 3.9347838633e-02 
8.8925927275e-05 0.0000000000e+00 
1.9409369992e-05 0.0000000000e+00 
4.3728334396e-05 0.0000000000e+00 
4.7164231086e-05 1.4900268022e-01 
2.4941945332e-04 0.0000000000e+00 
5.6152035767e-05 0.0000000000e+00 
2.3928706954e-05 4.3715465565e-02 
1.0102178191e-04 8.1287265001e-01 
3.1315994486e-05 0.0000000000e+00 
2.4332184452e-05 1.2160840385e-01 
2.0502849145e-05 3.7357978235e-01 
2.0171445903e-05 2.3714167455e-01 
1.3775685132e-04 0.0000000000e+00 
1.6183723634e-05 2.8284973191e-01 
2.6613479123e-05 1.3404256518e-01 
1.7188667476e-04 1.0000000000e+00 
1.7114134232e-05 2.4876691860e-01 
5.1004757115e-05 1.4487461984e-01 
1.3535682079e-04 8.5134655953e-01 
1.2797452044e-04 0.0000000000e+00 
3.6707796631e-05 1.7710775873e-01 
2.6848848136e-04 0.0000000000e+00 
1.7001353245e-04 0.0000000000e+00 
4.0556184899e-05 0.0000000000e+00 
5.5542570574e-04 0.0000000000e+00 
1.7451437890e-05 5.7520425488e-02 
1.7319863719e-05 0.0000000000e+00 
1.3115907955e-05 2.6896729755e-01 
4.5173084757e-05 0.0000000000e+00 
3.4139433874e-05 0.0000000000e+00 
1.7918645085e-05 1.0000000000e+00 
2.7809119702e-05 1.4240967098e-01 
2.0399007485e-05 1.4351028848e-01 
1.7869096055e-04 0.0000000000e+00 
1.6859188540e-04 5.0729325934e-01 
6.4036990788e-05 7.5475091430e-01 
2.0911855215e-04 0.0000000000e+00 
1.1089991531e-04 0.0000000000e+00 
4.1945127870e-05 1.5338668493e-01 
1.2911624865e-04 1.0000000000e+00 
2.1395420744e-04 0.0000000000e+00 
4.6610077836e-04 1.0000000000e+00 
3.5744940794e-04 0.0000000000e+00 
6.4367647043e-05 9.5981244602e-02 
2.4912863394e-05 2.1545851663e-01 
2.3443484046e-04 0.0000000000e+00 
9.0015186475e-05 0.0000000000e+00 
1.5915967258e-04 1.0000000000e+00 
5.1811711476e-05 1.2029293671e-01 
4.4839107563e-05 1.5731131991e-01 
6.0664919680e-05 1.7119251980e-01 
2.0818999769e-05 2.2063195190e-01 
8.2523177241e-05 1.0000000000e+00 
6.0516008580e-04 0.0000000000e+00 
3.2743181978e-05 1.9230590814e-01 
6.5384932594e-06 1.0000000000e+00 
2.9854349222e-04 1.7667073097e-01 
2.4092910008e-05 2.3542235461e-01 
2.6655551932e-04 1.0000000000e+00 
5.7464895070e-04 0.0000000000e+00 
2.6677812994e-04 0.0000000000e+00 
2.6541654051e-04 0.0000000000e+00 
2.5728203897e-05 2.0819212070e-01 
2.7808805188e-04 0.0000000000e+00 
2.1801709686e-05 2.7034571166e-01 
3.4634381201e-05 1.8739974993e-01 
3.2717348531e-04 0.0000000000e+00 
8.4038651653e-04 1.0000000000e+00 
2.6217911219e-05 1.5613134391e-01 
8.1146221590e-05 0.0000000000e+00 
3.1032206033e-05 1.9256261245e-01 
6.8147344592e-05 9.8596149511e-02 
3.9120641398e-04 2.3076391214e-01 
4.0378001963e-05 1.7347022802e-01 
3.9660037340e-05 0.0000000000e+00 
6.7539619870e-05 7.0047965556e-02 
1.3801046883e-04 0.0000000000e+00 
6.2753244078e-05 1.0000000000e+00 
2.4559175416e-05 3.0814569614e-01 
2.0650304493e-04 0.0000000000e+00 
8.2956313788e-05 0.0000000000e+00 
5.5258727489e-06 1.0000000000e+00 
1.4564661266e-04 0.0000000000e+00 
2.4130877164e-04 0.0000000000e+00 
5.4071685645e-04 0.0000000000e+00 
1.7507841940e-04 0.0000000000e+00 
3.9272838111e-05 0.0000000000e+00 
3.7042134767e-05 1.8322371388e-01 
8.3169188027e-05 1.5502659011e-01 
3.5472678551e-05 0.0000000000e+00 
1.7099981789e-04 0.0000000000e+00 
5.6497895657e-06 3.2080099371e-01 
2.8793048400e-05 2.7592864319e-01 
6.6666542549e-05 0.0000000000e+00 
4.9416101483e-05 1.2759496453e-01 
4.1743457030e-05 0.0000000000e+00 
5.3104231237e-05 1.2030361341e-01 
1.5035537382e-05 1.0000000000e+00 
9.9762198874e-05 0.0000000000e+00 
5.5484577908e-06 1.0000000000e+00 
2.0744661550e-05 2.3692490253e-01 
2.0426882230e-04 0.0000000000e+00 
2.9006687661e-04 0.0000000000e+00 
2.0319543192e-04 0.0000000000e+00 
3.5989086743e-05 1.3017409208e-01 
8.8734251694e-06 2.9919974464e-01 
5.7828402582e-06 3.1914244607e-01 
7.7129036784e-05 1.2582639380e-01 
2.0449593517e-04 1.0000000000e+00 
2.6532207971e-04 0.0000000000e+00 
4.3982102826e-05 2.0209782057e-01 
5.8101514107e-05 0.0000000000e+00 
1.7307037389e-04 0.0000000000e+00 
3.5737265736e-05 1.7636012934e-01 
6.7725595186e-05 1.5415140008e-01 
5.2371071696e-05 1.4405394675e-01 
4.9885077356e-05 1.5019579813e-01 
5.2752094193e-05 8.3335499822e-02 
1.0351142412e-04 0.0000000000e+00 
1.4879450035e-04 1.0000000000e+00 
4.2672204138e-05 1.9645908809e-01 
1.8226856446e-05 2.7180403554e-01 
7.2127758053e-04 9.8993426963e-01 
1.2952232562e-04 0.0000000000e+00 
2.1281252857e-05 2.0960438751e-01 
2.5050509307e-04 0.0000000000e+00 
1.4669200420e-04 0.0000000000e+00 
9.2291128852e-06 4.8911381805e-01 
4.2834334539e-05 0.0000000000e+00 
4.2788966591e-05 1.7010812986e-01 
1.5860498753e-05 2.4136828241e-01 
3.4713898626e-05 0.0000000000e+00 
1.8097738626e-05 2.0930763030e-01 
2.3348122297e-05 2.2595229643e-01 
1.9194317918e-04 1.0000000000e+00 
2.6440444406e-05 7.2763829612e-02 
2.8303021774e-05 2.2498957874e-01 
2.0270474253e-05 2.4796459397e-01 
9.5137551760e-05 0.0000000000e+00 
1.4133711635e-04 1.0000000000e+00 
2.3694305927e-04 0.0000000000e+00 
6.1433089540e-05 1.3827432004e-01 
1.5829211597e-05 1.0000000000e+00 
9.2549520992e-06 3.5086219259e-01 
4.8422943410e-04 1.0000000000e+00 
4.6961392354e-04 0.0000000000e+00 
3.6709022928e-05 0.0000000000e+00 
2.4597051904e-05 3.1344175436e-01 
7.2695232458e-05 1.1791475179e-01 
1.2389252163e-04 0.0000000000e+00 
2.1063659637e-04 0.0000000000e+00 
3.6276234310e-04 0.0000000000e+00 
4.3174241918e-05 1.0000000000e+00 
1.0956661790e-05 1.2008348224e-01 
3.1735715178e-05 1.6390060536e-01 
1.1681391627e-05 3.7733871884e-01 
3.7146610771e-05 1.8413484792e-01 
6.3303506687e-05 1.1585674862e-01 
8.0116333520e-05 8.0759330395e-02 
1.2624074077e-04 4.6154226438e-02 
1.5283024472e-04 0.0000000000e+00 
1.0229483236e-05 2.8230255814e-01 
3.4407656773e-05 1.8583315425e-01 
2.3730353975e-04 0.0000000000e+00 
4.8738067271e-04 0.0000000000e+00 
1.7707636162e-04 0.0000000000e+00 
2.9098138536e-05 0.0000000000e+00 
3.5564744444e-05 9.1632909084e-02 
1.3310606630e-04 0.0000000000e+00 
9.9389867448e-05 1.0525858849e-01 
4.2594124663e-05 5.1949097604e-01 
1.9436300238e-05 2.5676968368e-01 
2.0428938844e-04 0.0000000000e+00 
5.2703669318e-05 2.1895793882e-01 
1.5592797002e-04 0.0000000000e+00 
2.0198075396e-05 2.2053574390e-01 
7.6017890961e-04 0.0000000000e+00 
4.9630178366e-05 0.0000000000e+00 
4.1903487372e-05 0.0000000000e+00 
7.1873388712e-05 1.0861843912e-01 
2.7620213618e-05 3.1613401343e-01 
2.2063175082e-05 0.0000000000e+00 
1.1056547062e-04 0.0000000000e+00 
1.1853714532e-05 2.8571218254e-01 
5.8696276415e-04 0.0000000000e+00 
1.4328913552e-04 0.0000000000e+00 
9.6897632814e-05 0.0000000000e+00 
1.9285784160e-04 1.0000000000e+00 
2.3989195878e-04 0.0000000000e+00 
1.7912118501e-04 0.0000000000e+00 
1.1216989536e-04 0.0000000000e+00 
1.7073848058e-04 0.0000000000e+00 
3.7849954188e-05 0.0000000000e+00 
8.7952776735e-05 1.0000000000e+00 
4.3248232527e-05 0.0000000000e+00 
1.2113786249e-05 3.4568948162e-01 
8.9156706682e-06 1.0000000000e+00 
4.4253123823e-05 1.5229783123e-01 
8.1451051439e-05 6.1975030755e-02 
3.1315341997e-05 0.0000000000e+00 
2.7221505644e-05 1.0000000000e+00 
6.1496597653e-05 9.8841273498e-02 
2.1107671317e-04 0.0000000000e+00 
1.2528841175e-05 4.3509196664e-01 
9.7299459465e-06 1.0000000000e+00 
8.3293341042e-05 5.0980423148e-02 
4.4720123243e-05 0.0000000000e+00 
7.1163041979e-06 4.1879281429e-01 
3.9337478937e-05 0.0000000000e+00 
1.7025722976e-05 4.0788269703e-01 
3.7784049937e-05 0.0000000000e+00 
2.9524840826e-04 0.0000000000e+00 
5.4217119369e-05 1.5447533656e-01 
7.5894748038e-05 8.1444902052e-01 
3.4724869090e-05 1.6721462391e-01 
1.7748154382e-04 0.0000000000e+00 
1.4320251963e-05 2.7047871348e-01 
2.2368670088e-05 1.0000000000e+00 
3.3990262520e-05 1.8184127742e-01 
4.0077257758e-05 1.6491041085e-01 
1.0582285885e-04 0.0000000000e+00 
3.5649684289e-05 1.8951791521e-01 
3.0782426095e-05 5.4603682917e-02 
4.9802177375e-04 0.0000000000e+00 
8.7610204635e-06 1.0000000000e+00 
5.3388561005e-04 0.0000000000e+00 
2.9637923676e-04 9.7020278736e-01 
8.0313423182e-05 1.0719552052e-01 
4.3952046329e-05 1.5696164275e-01 
2.5708579971e-04 0.0000000000e+00 
1.6435423325e-04 0.0000000000e+00 
9.0643117193e-05 1.9900967239e-01 
5.8737434069e-05 1.4273059530e-01 
3.4334383364e-04 0.0000000000e+00 
1.2100389170e-04 0.0000000000e+00 
1.9285393649e-05 2.5120262900e-01 
4.7097379345e-05 1.3466571228e-01 
6.9975410415e-06 1.0000000000e+00 
1.1980501980e-04 0.0000000000e+00 
7.0143422914e-06 1.0000000000e+00 
6.4855592709e-06 1.0000000000e+00 
1.8030170596e-05 2.7437276168e-01 
7.8507865879e-04 0.0000000000e+00 
5.5152800829e-04 0.0000000000e+00 
3.3087892109e-05 2.0648011338e-01 
7.9920719988e-05 0.0000000000e+00 
2.9621981732e-05 6.6672913694e-02 
2.4191779788e-05 2.2297462911e-01 
6.0698798110e-05 1.3095379923e-01 
2.9997823324e-05 1.9696834002e-01 
3.4778894929e-05 1.3288143557e-01 
5.8951118475e-05 1.0791850785e-01 
2.0315768101e-05 2.0736194349e-01 
1.2263176319e-05 9.1833043557e-02 
2.2979832496e-05 1.9874843903e-01 
2.2763495190e-05 1.0000000000e+00 
7.3155070856e-04 1.0000000000e+00 
7.1126928880e-05 0.0000000000e+00 
3.0264566645e-05 0.0000000000e+00 
2.1569688899e-05 1.0000000000e+00 
2.6239433965e-05 0.0000000000e+00 
1.4607739432e-04 0.0000000000e+00 
5.5272189573e-05 1.0355906139e-01 
4.3966948467e-05 0.0000000000e+00 
4.3884173203e-05 0.0000000000e+00 
5.3400681754e-05 0.0000000000e+00 
2.6718332347e-05 0.0000000000e+00 
1.5909848254e-04 0.0000000000e+00 
2.1732859687e-05 0.0000000000e+00 
4.4510153394e-05 1.8513256494e-01 
9.7041551608e-05 0.0000000000e+00 
6.1115187299e-05 0.0000000000e+00 
4.3280787482e-05 0.0000000000e+00 
3.5678907705e-05 1.0000000000e+00 
8.9089763674e-05 1.0000000000e+00 
1.6273419768e-05 2.2460853444e-02 
3.1056027404e-05 1.9663674692e-01 
1.8362168493e-05 1.0000000000e+00 
9.1562472519e-05 1.8461928569e-02 
4.4387852235e-05 1.5778885317e-01 
1.8315231809e-04 0.0000000000e+00 
3.5659126860e-05 2.2069054543e-01 
3.9685237497e-05 0.0000000000e+00 
2.1801600054e-05 1.0000000000e+00 
2.0990495590e-04 0.0000000000e+00 
6.4225462031e-06 1.0000000000e+00 
1.9518452144e-05 3.4042892578e-01 
8.6152191484e-05 0.0000000000e+00 
1.8814553127e-05 1.4330042918e-01 
1.3416468095e-05 2.6777034852e-01 
2.8970843294e-05 2.3734346247e-01 
3.0701492494e-05 9.6871081046e-02 
4.4419888109e-05 0.0000000000e+00 
9.4703661188e-06 1.0000000000e+00 
7.8261434187e-05 0.0000000000e+00 
7.6635836233e-05 2.3244422004e-02 
3.4145212796e-04 0.0000000000e+00 
5.4657989145e-05 1.3641444268e-01 
8.2592214281e-06 1.0000000000e+00 
5.9718387452e-05 1.1729378117e-01 
2.9861188147e-04 1.0000000000e+00 
7.6322473459e-05 1.0000000000e+00 
2.0851473558e-04 0.0000000000e+00 
1.1329960387e-04 0.0000000000e+00 
7.0891080077e-05 0.0000000000e+00 
9.2279548747e-04 0.0000000000e+00 
2.3788225349e-04 0.0000000000e+00 
7.5131540172e-05 0.0000000000e+00 
1.8918584414e-04 0.0000000000e+00 
3.1293770224e-05 3.3973696407e-02 
8.4132631224e-05 4.6936770349e-02 
7.3582516218e-05 0.0000000000e+00 
1.0738459216e-04 0.0000000000e+00 
6.6885642146e-05 8.9515073419e-02 
5.4151986206e-04 0.0000000000e+00 
2.3060220024e-04 0.0000000000e+00 
1.6283582153e-05 2.4752560043e-01 
9.1970928363e-04 0.0000000000e+00 
1.5885925615e-04 0.0000000000e+00 
3.9560047761e-04 0.0000000000e+00 
6.5752127898e-06 1.0000000000e+00 
7.0929397723e-05 1.0000000000e+00 
4.6246275549e-05 0.0000000000e+00 
3.2404890633e-04 0.0000000000e+00 
6.3928641058e-05 0.0000000000e+00 
2.8854859016e-05 1.0000000000e+00 
1.2790664872e-04 0.0000000000e+00 
4.1300534454e-05 0.0000000000e+00 
3.7037010122e-04 0.0000000000e+00 
2.7692259440e-05 1.0822212772e-01 
2.8470807500e-05 8.0408985853e-02 
5.5367117533e-05 0.0000000000e+00 
3.9802828237e-05 1.6426283501e-01 
2.3611346825e-05 2.2842794481e-01 
1.3995514178e-04 0.0000000000e+00 
2.5881887255e-05 2.4956416771e-01 
1.4580507317e-04 0.0000000000e+00 
5.1963856419e-05 0.0000000000e+00 
2.6558766039e-05 5.5151658511e-02 
2.3493974739e-05 2.2927115929e-01 
1.0869599313e-04 1.5831167377e-02 
9.4927695695e-05 1.1555476253e-01 
4.7197159794e-05 1.4709765778e-01 
2.4056451105e-05 2.3933827593e-01 
1.2122174358e-04 0.0000000000e+00 
1.2925913024e-05 1.8448503666e-01 
3.8393872817e-04 1.0000000000e+00 
1.5703158153e-04 0.0000000000e+00 
3.8256715195e-04 0.0000000000e+00 
4.6554502981e-05 0.0000000000e+00 
2.0101620507e-04 1.0000000000e+00 
1.7961485776e-05 1.7218597012e-01 
1.6464247035e-04 0.0000000000e+00 
3.1259631516e-05 0.0000000000e+00 
1.0400123986e-04 0.0000000000e+00 
1.6665491638e-05 1.0000000000e+00 
6.8696597853e-05 8.1723931072e-02 
3.8383573762e-05 1.9440474487e-01 
1.9523920281e-04 0.0000000000e+00 
9.8548497075e-05 6.5641700065e-01 
7.5658089526e-05 1.0000000000e+00 
2.7053196363e-04 0.0000000000e+00 
3.2155302948e-04 0.0000000000e+00 
5.0594535439e-05 1.0000000000e+00 
5.4902722804e-05 1.0720684694e-01 
7.2022191889e-05 0.0000000000e+00 
5.5267340725e-05 2.4448761308e-01 
1.0508565578e-04 4.9151057977e-02 
5.5206832863e-04 1.0000000000e+00 
2.0976855361e-04 0.0000000000e+00 
2.8323907599e-04 1.0000000000e+00 
1.9337348638e-05 0.0000000000e+00 
1.6971935517e-04 0.0000000000e+00 
4.8057288078e-04 0.0000000000e+00 
8.1022657404e-05 3.9030810975e-02 
5.6545667400e-05 0.0000000000e+00 
2.0168565425e-05 2.3682997943e-01 
5.0395870129e-05 1.0000000000e+00 
2.0805769418e-04 0.0000000000e+00 
1.4853251628e-04 1.0000000000e+00 
4.2997356847e-05 1.0000000000e+00 
6.4974751149e-05 1.3538337716e-01 
1.8126922554e-04 0.0000000000e+00 
7.5264570845e-06 3.0026431127e-01 
1.4120223775e-04 0.0000000000e+00 
8.7462443928e-05 8.9899391747e-02 
6.5655332834e-05 7.2497145688e-02 
4.0945740407e-05 1.0000000000e+00 
3.8176918730e-05 2.4597322938e-01 
8.3195049003e-05 4.6193903572e-02 
8.1148703406e-06 1.0000000000e+00 
8.6998148733e-06 1.2595069296e-03 
3.5289751351e-04 0.0000000000e+00 
2.0794016359e-04 0.0000000000e+00 
5.7963248022e-05 1.0000000000e+00 
7.5354635011e-05 6.8753761943e-02 
1.0371232613e-05 1.0000000000e+00 
5.2376730765e-05 0.0000000000e+00 
4.9360277149e-05 1.0000000000e+00 
4.6850875694e-05 1.0000000000e+00 
1.6096749219e-04 0.0000000000e+00 
4.7081960853e-04 0.0000000000e+00 
7.5597192679e-05 1.4730443537e-01 
4.3740050530e-05 1.5266309260e-01 
1.4199956186e-05 4.2158029755e-01 
6.6647410810e-05 1.0849302734e-01 
4.8079060036e-05 1.6948035014e-01 
6.9104661026e-06 1.0000000000e+00 
2.4358022486e-05 1.9839232565e-01 
3.8442782771e-05 0.0000000000e+00 
2.0191464365e-04 3.5959655383e-01 
2.9867716216e-04 0.0000000000e+00 
5.8208931959e-06 1.0000000000e+00 
5.4872114892e-05 1.6706149869e-01 
4.6809250816e-05 1.4602257628e-01 
4.1289203046e-05 2.0491698131e-01 
4.7685657870e-04 0.0000000000e+00 
2.1296854979e-04 0.0000000000e+00 
2.7156006561e-04 0.0000000000e+00 
1.1080667306e-04 6.9356424716e-01 
4.8502336963e-04 0.0000000000e+00 
3.0039570200e-04 0.0000000000e+00 
9.2532481538e-05 7.9628240803e-01 
2.3733861580e-05 2.2023378736e-01 
4.4372971917e-05 3.0812872847e-01 
7.9162648531e-04 0.0000000000e+00 
9.4903668223e-05 9.0159208206e-02 
9.0184960005e-05 3.2791809499e-02 
3.7496025331e-04 0.0000000000e+00 
3.0704725155e-05 1.9112622018e-01 
2.6163017301e-05 1.0000000000e+00 
8.1105780587e-06 1.0000000000e+00 
4.5175714339e-05 6.6721559785e-02 
2.8490467246e-05 1.3299126606e-01 
1.1117156951e-04 0.0000000000e+00 
6.2539601095e-05 8.6263316566e-02 
1.7660767461e-05 1.0000000000e+00 
3.6680970083e-04 0.0000000000e+00 
9.3804602962e-06 1.6074639708e-01 
4.4703054543e-05 0.0000000000e+00 
4.3759794311e-05 1.6255174609e-01 
3.6304465405e-04 0.0000000000e+00 
3.3094879649e-04 1.0000000000e+00 
4.4833403424e-05 1.0000000000e+00 
2.7057957432e-04 0.0000000000e+00 
3.1002963135e-05 0.0000000000e+00 
3.0479100588e-05 0.0000000000e+00 
5.9531633825e-05 0.0000000000e+00 
7.0469686714e-05 8.3060342701e-02 
7.4073285145e-05 9.1252138621e-01 
9.4445488943e-05 0.0000000000e+00 
1.0481904665e-05 1.9313096229e-01 
6.2919622959e-06 1.0000000000e+00 
4.9561064793e-05 1.2284289377e-01 
3.4955342423e-05 2.4198271920e-02 
3.3897513820e-05 1.0000000000e+00 
4.1315936391e-04 1.0000000000e+00 
2.6247988779e-04 0.0000000000e+00 
2.0104116204e-04 0.0000000000e+00 
9.6137937860e-05 8.1873271788e-02 
1.0588695894e-04 0.0000000000e+00 
6.8038101786e-05 9.2393443333e-02 
1.7750117974e-05 1.0000000000e+00 
6.2820880302e-05 1.1082199162e-01 
7.3039151932e-06 1.0000000000e+00 
2.5682329973e-05 1.2847434925e-01 
4.1676249843e-05 1.8547915486e-01 
2.1162062487e-05 0.0000000000e+00 
5.4027395783e-05 0.0000000000e+00 
7.7318776219e-05 0.0000000000e+00 
1.5161936432e-05 2.0173580754e-01 
1.6597576302e-05 1.1379868274e-01 
9.0393403764e-05 1.3083373605e-01 
1.9320072252e-04 0.0000000000e+00 
6.8425422673e-06 1.0000000000e+00 
1.3987426816e-04 0.0000000000e+00 
4.6341015335e-05 0.0000000000e+00 
7.2946259537e-05 6.6570303258e-02 
1.4182830733e-05 1.8710987666e-01 
6.1620620005e-05 1.1122737452e-01 
7.7944761539e-05 6.5118212218e-02 
8.7292967814e-05 0.0000000000e+00 
4.6522839448e-05 1.0000000000e+00 
2.2830595536e-05 1.5500719682e-01 
3.8210922777e-05 1.9013668591e-01 
4.7400422372e-05 1.5612911131e-01 
1.7399912414e-04 0.0000000000e+00 
4.9835226180e-05 0.0000000000e+00 
1.0928684124e-05 3.6942583366e-01 
4.5609660471e-05 2.2897381028e-01 
2.0350069675e-05 0.0000000000e+00 
1.0162842282e-05 1.0000000000e+00 
9.1230858095e-05 0.0000000000e+00 
4.5489282783e-05 0.0000000000e+00 
2.2284060392e-05 3.8440524879e-02 
5.6506915326e-04 0.0000000000e+00 
4.2336201829e-05 0.0000000000e+00 
1.3381784959e-05 1.0000000000e+00 
7.5989857356e-04 0.0000000000e+00 
1.0123364733e-04 0.0000000000e+00 
6.6683052556e-05 1.0256776221e-01 
5.8835728694e-05 1.3702101986e-01 
1.8839943512e-04 0.0000000000e+00 
7.2233492903e-06 1.0000000000e+00 
1.6334582871e-05 8.0134105504e-02 
8.1709415033e-05 7.0095354407e-02 
1.5813167111e-04 0.0000000000e+00 
4.0424493170e-05 0.0000000000e+00 
3.0148394908e-04 0.0000000000e+00 
8.9646427697e-06 1.0000000000e+00 
1.5706107799e-04 1.0000000000e+00 
9.8256111675e-05 6.6251053170e-02 
4.8850351428e-05 8.6611245555e-02 
1.0645036200e-04 1.8722561607e-01 
6.7493466322e-05 1.9781483056e-01 
2.4243473146e-05 2.1060535999e-02 
9.9710677416e-05 0.0000000000e+00 
7.4697721052e-05 1.2667565652e-01 
4.8826250035e-05 1.8325118087e-01 
3.3215418711e-04 0.0000000000e+00 
2.7224523555e-05 0.0000000000e+00 
1.7972126859e-04 0.0000000000e+00 
5.7560641114e-05 1.1890432377e-01 
6.1608111760e-04 0.0000000000e+00 
9.4208189801e-06 1.0000000000e+00 
1.2904291482e-04 0.0000000000e+00 
3.4964771205e-05 1.8920379297e-01 
4.1911922251e-05 9.6465679692e-02 
3.2376932998e-04 0.0000000000e+00 
3.3112029498e-05 1.2187832082e-01 
2.1988708497e-04 0.0000000000e+00 
2.2230821360e-05 2.1737048439e-01 
7.9467092001e-04 1.0000000000e+00 
2.8147413213e-04 0.0000000000e+00 
1.9546241916e-04 0.0000000000e+00 
2.6991127217e-04 0.0000000000e+00 
1.6108638054e-04 0.0000000000e+00 
2.2066223241e-05 1.0000000000e+00 
1.3879612181e-04 0.0000000000e+00 
2.6683709054e-05 0.0000000000e+00 
4.0827707261e-04 0.0000000000e+00 
4.1846320193e-05 0.0000000000e+00 
2.2714791108e-04 0.0000000000e+00 
1.4450179104e-05 2.3802623177e-01 
2.2398171977e-05 1.9977501105e-01 
2.1334895991e-04 0.0000000000e+00 
5.1262370572e-04 9.8262713631e-01 
6.2746871296e-05 9.5492055320e-02 
2.8083553062e-05 4.6763883356e-02 
1.0364989949e-04 1.0208003122e-02 
7.4947095980e-05 1.0796459521e-01 
9.2959097468e-05 4.0352380529e-02 
2.0878091256e-04 1.0000000000e+00 
2.2706988169e-05 2.0906850085e-01 
3.3229678825e-05 1.9829238438e-01 
5.7169613334e-05 0.0000000000e+00 
1.0730318844e-05 1.0000000000e+00 
7.2090431232e-04 0.0000000000e+00 
4.3445311161e-05 0.0000000000e+00 
2.2406305296e-05 1.5388686748e-01 
4.0966073049e-05 0.0000000000e+00 
1.4967295539e-04 1.0000000000e+00 
3.6350408152e-05 2.3106923801e-01 
9.5817125011e-05 1.4140757398e-02 
3.1814096079e-05 1.0000000000e+00 
6.0892366603e-05 1.1954211240e-01 
1.9499221396e-04 0.0000000000e+00 
3.9585256268e-04 0.0000000000e+00 
8.4048054695e-04 1.0000000000e+00 
1.6432610616e-04 4.3687417724e-02 
3.9474066513e-05 0.0000000000e+00 
5.5220616451e-05 0.0000000000e+00 
8.6352369510e-05 1.0000000000e+00 
5.6865814091e-05 1.7224611462e-01 
5.3121587817e-04 0.0000000000e+00 
4.8028616226e-05 0.0000000000e+00 
2.9754920656e-04 0.0000000000e+00 
4.1157136730e-05 1.5966293161e-01 
4.6292106315e-05 1.0000000000e+00 
8.1710527597e-06 1.0000000000e+00 
2.2417485018e-04 0.0000000000e+00 
9.0252972760e-06 1.0000000000e+00 
3.2005046835e-05 1.8462294469e-01 
3.8002675289e-05 0.0000000000e+00 
1.0371007507e-04 1.0000000000e+00 
1.6279015870e-05 3.3144481736e-01 
3.7494026094e-05 1.0000000000e+00 
4.2578756947e-04 0.0000000000e+00 
1.2321563581e-05 6.6684567328e-03 
2.4791514896e-04 0.0000000000e+00 
4.6340751931e-05 1.6623108870e-01 
4.5926885315e-05 1.3847913554e-01 
1.7124873737e-04 0.0000000000e+00 
1.1037153954e-05 1.0000000000e+00 
9.2544418198e-05 1.2202504922e-02 
1.1109928975e-04 0.0000000000e+00 
7.9077203624e-05 6.5840948312e-01 
2.7934323199e-05 1.0317114506e-01 
2.2985422500e-04 0.0000000000e+00 
8.7306463939e-05 0.0000000000e+00 
3.3615613973e-04 1.0000000000e+00 
1.7331683046e-04 5.8632622146e-02 
1.2043280687e-04 0.0000000000e+00 
4.1895422960e-05 1.5129819036e-01 
8.5751574656e-05 9.1759608799e-02 
1.5964433478e-04 8.0697044247e-01 
4.4992961319e-05 0.0000000000e+00 
1.8961879239e-05 3.3657100178e-01 
2.8228795867e-05 0.0000000000e+00 
1.2203351304e-04 0.0000000000e+00 
1.9119413065e-04 0.0000000000e+00 
3.6753777879e-04 0.0000000000e+00 
1.5031932489e-04 0.0000000000e+00 
7.2885701873e-05 0.0000000000e+00 
3.3251692866e-05 1.8869583805e-01 
1.8440083245e-05 1.0000000000e+00 
5.4871808727e-05 0.0000000000e+00 
1.5149480332e-04 1.0000000000e+00 
1.0609918706e-05 7.5692955108e-02 
4.8391816993e-05 1.6649985270e-01 
2.5754342934e-04 0.0000000000e+00 
8.1449549399e-05 5.3629647271e-02 
1.0573715333e-04 0.0000000000e+00 
7.9503879144e-05 0.0000000000e+00 
1.0930821499e-05 1.0000000000e+00 
1.2869787370e-05 1.0000000000e+00 
4.1736327597e-05 1.9021174296e-01 
4.4191983513e-05 0.0000000000e+00 
2.3334487341e-05 0.0000000000e+00 
3.5203709263e-05 1.0000000000e+00 
8.8550831756e-05 0.0000000000e+00 
2.3201391268e-04 0.0000000000e+00 
3.8488409983e-05 1.5826690270e-01 
4.1842707312e-05 1.6818579074e-01 
4.8250182488e-05 1.8904560927e-01 
2.2910046735e-04 0.0000000000e+00 
3.2548112241e-05 1.3689931915e-01 
1.8603474018e-05 2.8719451930e-01 
2.6178030999e-04 0.0000000000e+00 
1.8447967093e-05 1.0000000000e+00 
2.6717300739e-05 0.0000000000e+00 
3.8023392051e-05 1.8104861995e-01 
2.1778875971e-04 0.0000000000e+00 
6.4073320513e-06 1.0000000000e+00 
5.4496840261e-04 0.0000000000e+00 
2.9508808777e-05 3.4931831831e-01 
9.1045239396e-05 0.0000000000e+00 
3.7574540859e-05 0.0000000000e+00 
5.2697995620e-05 0.0000000000e+00 
3.5224232499e-04 0.0000000000e+00 
4.8892349867e-04 0.0000000000e+00 
2.0418207126e-05 0.0000000000e+00 
1.8145571897e-05 1.6377776673e-01 
1.0808616905e-04 0.0000000000e+00 
2.4437572325e-05 1.0000000000e+00 
1.2678470277e-04 0.0000000000e+00 
4.0100328316e-05 1.7885714063e-01 
3.1482557444e-05 1.9086518955e-01 
2.1161210507e-05 1.0000000000e+00 
7.1076792958e-06 2.3736449008e-01 
6.0682447609e-05 1.1472446824e-01 
2.0736277039e-05 1.0000000000e+00 
8.3158655791e-04 0.0000000000e+00 
2.9099348503e-05 1.9228259694e-01 
7.8622755310e-05 8.6855404028e-01 
9.1859805647e-05 1.0000000000e+00 
2.5039163800e-05 5.0767398817e-01 
1.6982969835e-05 1.4377795718e-01 
2.8353916837e-04 0.0000000000e+00 
2.4253852373e-05 1.9449846391e-01 
5.8184886510e-05 1.3459762494e-01 
6.3518455683e-05 1.1307936193e-01 
7.2571922805e-05 3.8557767749e-02 
8.3659866341e-05 6.4339329712e-02 
6.3303192867e-04 1.0000000000e+00 
7.0384810386e-05 1.0000000000e+00 
3.0938063997e-05 1.2774055375e-01 
6.3632622942e-05 0.0000000000e+00 
4.6834527090e-04 0.0000000000e+00 
2.4418488829e-05 2.2069888976e-01 
3.8129021427e-05 1.9670161665e-01 
2.8869676696e-05 1.0874747115e-02 
4.5682315938e-05 1.6678784765e-01 
7.6655938437e-05 6.3190645132e-02 
4.4323002595e-05 0.0000000000e+00 
1.2726200193e-05 2.7643999130e-01 
2.5022470403e-05 2.1196527241e-01 
2.8998548382e-05 2.2719354012e-01 
1.0799702634e-04 0.0000000000e+00 
6.3164090225e-05 1.1173877488e-01 
2.4901266022e-04 1.0000000000e+00 
3.7102321221e-05 0.0000000000e+00 
1.2175061503e-04 1.0000000000e+00 
2.0258780745e-05 0.0000000000e+00 
6.6312656129e-04 0.0000000000e+00 
3.6700953454e-05 1.8628282994e-01 
4.4718551045e-04 0.0000000000e+00 
5.3888165447e-05 8.1492798275e-02 
2.4056863948e-05 2.0063509677e-01 
4.9882058736e-05 0.0000000000e+00 
6.9763889820e-05 1.5653982796e-01 
9.2016602883e-04 0.0000000000e+00 
2.7216285421e-05 0.0000000000e+00 
8.1223947531e-05 1.0079766934e-01 
3.3493300151e-05 1.9757827857e-01 
4.5962045874e-05 1.0174491551e-01 
5.7572314304e-05 2.2909584536e-01 
6.2506085112e-04 0.0000000000e+00 
4.7402272317e-05 0.0000000000e+00 
6.1791738911e-05 1.1848323207e-01 
3.5558893954e-05 1.9751622875e-01 
3.2440864016e-05 0.0000000000e+00 
2.4901029749e-05 1.0000000000e+00 
3.1094047342e-05 7.7875431109e-01 
2.0025839372e-04 0.0000000000e+00 
1.0739476130e-05 2.7772647370e-01 
1.0287462967e-05 2.9043966114e-01 
2.2510306587e-04 0.0000000000e+00 
3.2681080262e-04 0.0000000000e+00 
2.9728774784e-05 1.8095212069e-01 
2.2120870635e-05 2.3038859612e-01 
6.3975697192e-05 0.0000000000e+00 
1.7345709961e-04 0.0000000000e+00 
5.1503412924e-04 0.0000000000e+00 
2.7417358864e-04 0.0000000000e+00 
7.3483398751e-05 6.6982607810e-01 
2.3847681853e-05 2.2315452960e-01 
1.2203224911e-04 0.0000000000e+00 
1.1939457248e-04 0.0000000000e+00 
2.0713802745e-04 0.0000000000e+00 
3.6060794410e-05 2.1048542129e-01 
1.1122178545e-04 0.0000000000e+00 
1.7685786133e-05 2.5307024993e-01 
2.5686173411e-05 0.0000000000e+00 
1.1388839259e-05 1.0000000000e+00 
4.0208738525e-05 0.0000000000e+00 
7.3407806852e-05 0.0000000000e+00 
1.9861616459e-04 0.0000000000e+00 
5.9553121192e-04 0.0000000000e+00 
5.3942891375e-05 0.0000000000e+00 
6.4814180258e-05 1.0000000000e+00 
3.5574141428e-05 0.0000000000e+00 
3.9172135471e-05 0.0000000000e+00 
7.9882958550e-05 5.6544401925e-02 
2.4706840753e-05 7.1668361552e-01 
1.4071303949e-05 4.6451805215e-01 
3.7426051596e-05 1.7428043498e-01 
6.5472531765e-05 1.0000000000e+00 
1.7488396578e-05 0.0000000000e+00 
2.9406291241e-05 1.0000000000e+00 
6.1510807260e-04 0.0000000000e+00 
1.5944165625e-05 0.0000000000e+00 
1.1979774138e-05 1.0000000000e+00 
3.1936305251e-05 1.0000000000e+00 
6.8490216624e-05 0.0000000000e+00 
2.3909996498e-05 0.0000000000e+00 
4.5101110163e-05 9.6461066784e-02 
2.9324656972e-05 7.4821076819e-02 
2.8309732179e-05 2.4630129294e-01 
1.3800118068e-05 2.6624419630e-01 
5.5854610024e-05 9.6087384445e-02 
5.1992081103e-05 1.4036266531e-01 
4.5206638062e-05 0.0000000000e+00 
2.1811821696e-05 4.5970199019e-02 
7.5902393350e-05 0.0000000000e+00 
6.8596688450e-05 1.0467926660e-01 
1.9282667026e-05 2.6517660319e-01 
1.5088385099e-05 1.5609458105e-01 
5.4551486738e-06 1.0000000000e+00 
1.3221502575e-04 1.0000000000e+00 
7.6708408373e-05 0.0000000000e+00 
7.3054049068e-05 7.7079471519e-02 
8.6400948599e-05 6.0401320069e-02 
9.6098680771e-05 0.0000000000e+00 
4.4203788268e-05 0.0000000000e+00 
8.1093774761e-05 3.2085060513e-02 
2.2050022724e-04 0.0000000000e+00 
4.1747754762e-05 0.0000000000e+00 
3.9044583506e-05 1.8074225960e-01 
1.7855717774e-05 2.1640422590e-01 
1.1643678069e-04 0.0000000000e+00 
1.0076862766e-04 0.0000000000e+00 
1.6034363515e-04 1.0000000000e+00 
2.4218699003e-05 2.0872878959e-01 
2.7073193220e-05 2.2404946349e-01 
3.1152804516e-04 1.0000000000e+00 
1.3535739750e-04 0.0000000000e+00 
3.8883210932e-05 2.3727621346e-01 
1.7102529544e-04 0.0000000000e+00 
2.9884517472e-05 2.0617716009e-01 
6.3606397619e-05 1.8761585790e-01 
1.0197222019e-04 0.0000000000e+00 
8.6057214593e-05 6.6039165126e-02 
8.1507314933e-05 6.5564597558e-02 
8.1744276133e-05 1.0000000000e+00 
6.3429237334e-05 1.0755401273e-01 
3.5345296650e-05 2.7200779116e-01 
1.8104415291e-04 0.0000000000e+00 
9.2006544269e-06 3.0094949772e-01 
2.3395978097e-05 1.0000000000e+00 
1.4266067891e-04 0.0000000000e+00 
1.3717282529e-04 0.0000000000e+00 
4.2700737147e-05 1.3508600954e-01 
7.3387556739e-05 7.2009278298e-02 
1.0712228110e-05 2.9552713975e-01 
2.1752391742e-04 0.0000000000e+00 
1.4829075780e-04 0.0000000000e+00 
6.2827367763e-05 7.6134926864e-02 
8.6019483494e-05 1.3843116959e-01 
2.3731864802e-04 0.0000000000e+00 
4.3985874150e-05 0.0000000000e+00 
4.2908315431e-05 1.6553096115e-01 
7.8816595669e-05 1.8949875706e-02 
6.2224972349e-05 9.8653410805e-02 
6.8209427294e-05 1.1161470448e-01 
6.8549683050e-05 0.0000000000e+00 
1.5943896075e-05 3.4693840055e-01 
5.9124371103e-05 1.2047203787e-01 
7.3260565258e-06 1.0000000000e+00 
1.6837718510e-04 0.0000000000e+00 
3.4163982433e-05 0.0000000000e+00 
2.0795121475e-04 0.0000000000e+00 
4.6268757291e-05 1.5577935010e-01 
3.1878127610e-05 0.0000000000e+00 
4.3662072577e-04 1.0000000000e+00 
2.0410575518e-05 2.4660146026e-01 
1.9452592429e-04 0.0000000000e+00 
5.1212344932e-05 1.1251333905e-01 
1.9829493806e-04 1.0000000000e+00 
2.8998672359e-05 1.8136363500e-01 
7.6323010032e-05 7.1544810865e-01 
1.0315821003e-05 2.8604131264e-01 
4.4243602717e-04 1.0000000000e+00 
1.9936205864e-05 2.3209431696e-01 
9.5725940809e-05 4.1366882002e-02 
2.8119072294e-05 2.0163082804e-01 
2.5413164734e-05 0.0000000000e+00 
1.9593793543e-05 2.1322965225e-01 
2.4475905265e-05 2.3331712788e-01 
4.8668888414e-05 1.0000000000e+00 
1.1891412993e-04 6.2331358982e-02 
7.3314274866e-05 7.8257759423e-02 
2.9751646051e-05 2.9156052505e-01 
2.8698068337e-05 2.0222737325e-02 
1.1820117944e-04 0.0000000000e+00 
1.0636417693e-04 3.5510727149e-02 
1.2899628738e-04 0.0000000000e+00 
1.6749034197e-04 0.0000000000e+00 
4.9924135948e-05 1.0000000000e+00 
3.8648845399e-04 0.0000000000e+00 
5.2348177890e-05 1.0000000000e+00 
1.0265684588e-04 0.0000000000e+00 
3.3592247015e-04 0.0000000000e+00 
1.1043395840e-04 0.0000000000e+00 
1.7795374349e-05 3.1540502690e-01 
2.1862170833e-05 0.0000000000e+00 
6.0676342890e-06 1.0000000000e+00 
1.5482410414e-04 0.0000000000e+00 
6.7530523986e-05 1.5056465114e-01 
5.5586358430e-06 1.0000000000e+00 
1.7287875069e-05 1.0000000000e+00 
6.8404590269e-05 0.0000000000e+00 
1.4799422579e-04 0.0000000000e+00 
2.6970845452e-05 1.0000000000e+00 
8.0289937451e-04 1.0000000000e+00 
4.6322597242e-05 1.3706589750e-01 
4.7297411890e-05 1.6096926195e-01 
6.4208750084e-05 1.6479430382e-01 
1.0057300149e-03 0.0000000000e+00 
4.7385527543e-05 1.6982781147e-01 
2.3757288231e-05 2.2332117337e-01 
3.3924123653e-05 2.6486307179e-01 
3.3956663752e-04 0.0000000000e+00 
6.6730746244e-05 1.1004644214e-01 
7.3008587224e-06 1.0000000000e+00 
2.3157116202e-04 0.0000000000e+00 
7.9499166703e-04 0.0000000000e+00 
5.4738962559e-05 1.2433429114e-01 
2.8318423146e-04 0.0000000000e+00 
2.9336753599e-04 1.0000000000e+00 
5.9127368451e-05 1.1847749929e-01 
1.5358322920e-04 0.0000000000e+00 
3.1061125758e-04 0.0000000000e+00 
1.5397148748e-04 0.0000000000e+00 
2.7126566940e-05 2.1097017600e-01 
3.1975096525e-05 1.0000000000e+00 
4.6552486988e-05 1.2824319008e-01 
6.9177402935e-05 1.1220731546e-01 
8.1750978473e-05 4.2543966689e-02 
5.8698287273e-05 1.6784717697e-01 
3.1475298444e-05 0.0000000000e+00 
7.0181534224e-05 0.0000000000e+00 
1.3404927006e-04 1.0000000000e+00 
1.0083862026e-04 1.0000000000e+00 
3.8197228504e-04 0.0000000000e+00 
3.9252762855e-04 0.0000000000e+00 
2.9570550912e-05 8.7921299512e-02 
4.8884016912e-04 1.0000000000e+00 
1.2123583961e-04 0.0000000000e+00 
2.7297146988e-04 0.0000000000e+00 
4.0701478231e-05 1.5304968073e-01 
3.1841166021e-04 0.0000000000e+00 
3.5688540369e-04 1.0000000000e+00 
5.2289349805e-05 0.0000000000e+00 
1.0087938838e-04 7.6829829212e-02 
2.5478631978e-05 1.5820675176e-02 
3.6695838513e-04 0.0000000000e+00 
2.9225338322e-04 0.0000000000e+00 
2.1292929898e-04 0.0000000000e+00 
8.4435010988e-05 0.0000000000e+00 
4.6866003226e-04 0.0000000000e+00 
6.1415990791e-05 1.2964374407e-01 
1.8737150958e-05 1.0000000000e+00 
8.0048291264e-06 1.0000000000e+00 
1.2695760973e-04 0.0000000000e+00 
8.4365761298e-05 4.8923395083e-02 
8.0862859633e-05 1.0000000000e+00 
5.9474164294e-05 0.0000000000e+00 
2.0137803634e-04 0.0000000000e+00 
3.1903190426e-05 0.0000000000e+00 
1.3081018814e-04 0.0000000000e+00 
7.5751762857e-06 1.0000000000e+00 
1.0727912627e-04 0.0000000000e+00 
2.8750037477e-04 0.0000000000e+00 
1.2294847726e-04 0.0000000000e+00 
1.4681644171e-05 3.2641196709e-01 
1.4946287608e-05 2.5033041519e-01 
3.8256902143e-05 7.4949756118e-01 
4.1314748054e-05 0.0000000000e+00 
3.5431173397e-04 0.0000000000e+00 
1.6931409317e-04 0.0000000000e+00 
7.6962893932e-05 0.0000000000e+00 
6.2014237521e-05 1.2583266736e-01 
1.1252984810e-04 1.0000000000e+00 
5.5105765318e-06 1.0000000000e+00 
1.2073914797e-04 0.0000000000e+00 
3.5178063285e-05 2.7385707163e-02 
7.8451561782e-04 0.0000000000e+00 
9.6949350717e-05 4.1718165713e-02 
1.5433415105e-05 1.7709845089e-01 
9.0079049336e-05 3.6311432529e-02 
1.9803093417e-05 0.0000000000e+00 
4.0603776329e-05 1.4909315736e-01 
4.3602799453e-05 1.6716663926e-01 
1.5027952093e-05 0.0000000000e+00 
8.0389275410e-04 0.0000000000e+00 
6.2030181299e-05 1.1685371026e-01 
1.0375271334e-05 4.6962865855e-01 
5.0988908774e-04 0.0000000000e+00 
1.1489231130e-04 0.0000000000e+00 
4.3761571237e-05 0.0000000000e+00 
9.5832716534e-06 3.0577442336e-01 
2.1113209720e-04 0.0000000000e+00 
1.4906092567e-04 0.0000000000e+00 
6.3619344262e-05 2.3041212635e-01 
7.6185543031e-05 6.1553983323e-02 
