3.0818984340e-04 1.2198888014e+04 4.0013006296e-01 
1.7113855817e-04 1.4094051611e+04 8.3689494502e-01 
3.0144722577e-05 1.1412519284e+04 9.8023121227e-01 
2.8975095473e-04 1.1327926600e+04 8.8526516110e-01 
1.9475554795e-05 1.3206613260e+04 5.6038539244e-01 
2.2253339799e-04 1.1384069255e+04 1.3024822000e-01 
8.4718452156e-05 1.4478674819e+04 7.5279740386e-01 
3.7722714691e-05 1.1929817528e+04 1.9007060255e-01 
7.0426037955e-05 1.1957430030e+04 6.2724120922e-01 
2.8722888745e-04 1.1623451179e+04 7.1205794380e-01 
1.6261593633e-05 1.2019932025e+04 1.2958627743e+00 
2.5831439442e-05 1.3323916741e+04 1.2821125148e+00 
2.1624360074e-05 1.2306310412e+04 7.6036836095e-01 
1.9342824049e-05 1.1894135039e+04 4.2030274957e-01 
1.3456866752e-04 1.3357878344e+04 3.2312952283e-01 
2.2845659615e-05 2.0429397495e+04 7.2610168729e-01 
2.7250161233e-05 2.5000000000e+04 4.5920980178e-01 
6.7837673130e-04 1.1536628975e+04 1.3687628152e+00 
3.3258661490e-05 1.2131310623e+04 3.3189256843e-01 
8.5169054839e-04 1.1726941212e+04 7.6461015039e-01 
8.8222012437e-04 1.2364689350e+04 9.4742696652e-01 
2.9424257403e-04 1.2219179422e+04 2.3346141241e-01 
1.6517952913e-05 1.4426247504e+04 7.6359655095e-02 
1.2393655599e-04 1.2564049776e+04 1.0296258762e+00 
5.8868720260e-05 1.2072202867e+04 1.0270800271e+00 
5.1576138660e-06 1.1227097453e+04 8.4296497872e-01 
1.1130656808e-04 1.2009111421e+04 9.4072297156e-01 
2.6026814208e-05 1.3227872749e+04 5.5874819135e-01 
7.3667574434e-05 1.4961389939e+04 6.8695115647e-01 
5.8652245399e-05 1.2670588015e+04 1.5123472149e+00 
1.7060368027e-05 2.5000000000e+04 1.6110126045e-01 
1.1176991815e-05 1.2193721550e+04 6.6706225139e-01 
3.1628402418e-04 1.2097660156e+04 8.8651909465e-01 
3.6811582483e-04 1.5448060330e+04 1.0351822789e+00 
4.5662296584e-04 1.4356279117e+04 4.6647672789e-01 
2.2058826100e-04 1.4928634389e+04 5.8239475925e-01 
9.8383266249e-05 1.1250172781e+04 7.5083707487e-01 
1.5620138394e-05 1.4542510238e+04 5.6423381760e-01 
9.3451081666e-06 1.3168611665e+04 6.6575709052e-01 
1.1788237128e-04 1.8675013527e+04 5.5480670798e-01 
2.5341083084e-05 1.1957734390e+04 1.0815805184e+00 
5.8467736558e-05 1.3192716923e+04 6.1179299853e-01 
6.8026863269e-05 1.5360693141e+04 5.2527960408e-01 
1.1730169203e-05 1.9904377743e+04 1.3558183983e-01 
1.2136165192e-04 1.3014682704e+04 1.0877417687e+00 
5.2872129373e-04 2.0230959047e+04 1.5965011552e-01 
8.3787340257e-05 1.1498728085e+04 1.2448400389e+00 
8.5632797843e-05 1.3033706320e+04 1.4713883441e+00 
3.5585209513e-05 1.2509067204e+04 1.0851457929e+00 
9.3603970031e-05 1.2095157100e+04 4.0025638126e-01 
6.7653788768e-04 1.9081256806e+04 5.4799930296e-01 
2.0482271839e-04 1.6668943945e+04 4.8016242714e-01 
9.1389139484e-05 1.6183932725e+04 9.4539086901e-01 
8.7124768329e-05 1.3812493882e+04 1.1475306774e+00 
4.3179812565e-05 1.3000028617e+04 8.2393296958e-01 
3.1710384278e-05 1.4925941216e+04 6.6384979346e-01 
1.4812718973e-05 1.2330495060e+04 9.1104556057e-01 
2.4819982833e-05 1.6191177780e+04 8.7288107783e-01 
4.3706859973e-05 1.6148962688e+04 1.3115959839e+00 
8.0810981758e-05 1.3757165515e+04 8.4827792096e-01 
6.1943445168e-05 1.6778559909e+04 1.0184940845e+00 
1.9166924654e-05 1.3125607539e+04 9.5155496207e-01 
3.7797674509e-04 1.1576695824e+04 8.1206272858e-01 
2.2377683953e-05 1.5868601986e+04 8.7483370330e-01 
3.4190914336e-05 1.1266014647e+04 5.9774942278e-01 
2.7065831349e-05 1.1570340204e+04 2.0963239462e-01 
2.7219793908e-05 1.2353481888e+04 8.6509926692e-01 
1.3794287251e-04 1.1665128832e+04 8.9367399138e-01 
7.1310212138e-05 1.2973602044e+04 9.5818542016e-01 
6.0243279139e-05 1.3650569259e+04 1.1500904705e+00 
4.6323822385e-05 1.1649121634e+04 9.3743214549e-01 
6.2492128529e-05 1.3668699652e+04 2.6053687109e-01 
1.4708177118e-05 1.7296743095e+04 5.2534813809e-01 
1.9309972591e-05 1.1364814948e+04 2.5944556565e-01 
7.5669049096e-05 1.2910065690e+04 3.9937179173e-01 
1.1978339558e-04 1.1615482119e+04 8.6927260832e-01 
9.1161373639e-05 1.1214204236e+04 8.6036092272e-01 
2.0578386111e-04 1.2602039015e+04 5.7342849150e-01 
5.9777444071e-05 1.5879808432e+04 7.0275797829e-01 
1.5455726661e-05 1.3161159263e+04 1.0444081813e+00 
1.7006613385e-05 1.5547322524e+04 5.7652234652e-01 
1.0035193833e-04 1.1573451320e+04 6.3354418899e-01 
7.5458139071e-05 1.1973161289e+04 1.3488385164e+00 
2.5845373874e-05 1.3069183883e+04 7.5825166275e-01 
7.3362386956e-06 1.1607182964e+04 7.5462409982e-01 
1.1610843274e-05 1.3787289080e+04 8.7577913499e-01 
7.3051624060e-05 1.7299328117e+04 5.8619875377e-01 
2.3101960379e-04 1.2450970827e+04 5.5778397922e-01 
2.6183868409e-05 2.5000000000e+04 7.5196325536e-01 
4.4232407031e-04 1.4367740117e+04 4.2514761768e-01 
1.6494058212e-05 1.2492375565e+04 1.2816322220e+00 
3.4450805989e-05 1.1886485951e+04 1.1158760732e+00 
2.8931894095e-05 1.3591132926e+04 9.2937501628e-01 
8.8284626017e-05 1.1230378818e+04 3.0717044681e-01 
2.6509079973e-05 1.2229337197e+04 5.8284657100e-01 
2.1509767361e-04 1.2611216479e+04 1.4185299575e+00 
1.3431075293e-05 1.8441383206e+04 9.4112960538e-01 
5.3596610521e-05 2.1689968803e+04 7.5911439418e-01 
3.8534270407e-05 1.1638042207e+04 9.5710779549e-01 
4.5995470012e-05 1.6692446691e+04 8.8514797317e-01 
1.8375832653e-04 1.1909173278e+04 8.1874650301e-01 
5.4903875535e-05 1.5812621501e+04 7.3568232358e-01 
2.2422281106e-04 1.8689107970e+04 7.2328877837e-01 
2.1572221775e-04 1.3937794495e+04 7.9378350216e-01 
1.9889146551e-05 1.2150795015e+04 8.7039497478e-01 
4.3289851480e-05 1.2494862520e+04 8.2857915098e-01 
3.6872309786e-05 1.1694703114e+04 1.0402605258e+00 
2.3122933685e-04 1.2325527440e+04 4.2088667922e-01 
5.3074851120e-05 1.1923775739e+04 5.9672741930e-01 
1.7652269816e-05 1.2619827154e+04 1.1073611745e+00 
2.6407413175e-04 1.3967058489e+04 1.4522296584e+00 
5.4238830816e-05 1.8209334726e+04 1.2838357293e+00 
1.1866330482e-05 1.2380817594e+04 8.6063150880e-01 
4.5742880746e-05 1.4295105877e+04 1.0865461087e+00 
8.2382892169e-05 1.1386744844e+04 1.1880798402e+00 
1.7532182318e-04 1.1380219025e+04 2.7377712095e-01 
1.3734058436e-04 2.5000000000e+04 8.5120562909e-01 
3.3856251568e-05 1.1784034252e+04 6.7124619480e-01 
2.0284761822e-05 1.2380827168e+04 7.9662980216e-01 
7.0287956711e-05 1.5933288093e+04 1.2417288420e+00 
1.9759443414e-04 1.5095572150e+04 6.7292300093e-01 
1.7892286188e-05 1.1413115559e+04 2.7735071141e-01 
4.2338607534e-04 1.5836546377e+04 5.0021741967e-01 
1.1205234880e-05 1.4048957069e+04 7.2449257590e-01 
4.8987448714e-05 1.3492190795e+04 1.2403506956e+00 
8.0802991574e-05 1.7867845837e+04 6.0712892028e-01 
3.6818949070e-04 1.1603046615e+04 5.8362886940e-01 
5.5790071948e-05 1.5462922001e+04 1.1997305501e+00 
8.0095269610e-05 1.1484729723e+04 8.2083796102e-02 
2.2944874761e-04 1.2511381590e+04 6.9715336925e-01 
5.8987150695e-05 1.3040507996e+04 9.7296525609e-01 
2.1732785097e-05 1.1502006298e+04 1.1281127269e+00 
6.2062676587e-05 1.6310204346e+04 5.6417089847e-01 
7.0791595745e-05 1.6172147384e+04 5.8878434757e-01 
7.7004920415e-05 1.1794826266e+04 5.7115776461e-01 
5.6608986687e-05 2.0798841193e+04 5.6479743602e-01 
1.7261530337e-05 1.2890030444e+04 4.1494053377e-01 
1.5497180502e-04 1.5157544549e+04 3.1410194100e-01 
3.0362651478e-05 1.5597316167e+04 9.4728671487e-01 
6.2256339396e-06 1.1319102722e+04 1.8102273031e-01 
1.2804015791e-04 1.2634276873e+04 9.5240765055e-01 
1.1673717289e-04 2.5000000000e+04 1.9147862369e-01 
3.1065612939e-05 1.8338755333e+04 9.4349064304e-01 
8.6613195913e-05 1.4000362350e+04 1.3213071769e+00 
1.3753510702e-04 1.1263318763e+04 6.6370442473e-02 
2.2842174749e-05 1.1231405358e+04 9.7105171063e-01 
4.7097577934e-05 1.1943344214e+04 5.8515006628e-01 
2.0059978131e-05 1.7645807184e+04 9.1873569114e-01 
1.8144607836e-04 1.4142653318e+04 1.0507042426e+00 
3.5087229727e-05 1.4300634468e+04 7.0115570740e-01 
5.7870142283e-05 1.3083193711e+04 5.7800688732e-01 
5.1723093916e-05 1.7722599130e+04 1.2889929771e+00 
8.0336860774e-04 1.6584603172e+04 9.9293069637e-01 
3.4198351871e-05 1.3364265877e+04 2.8753168642e-01 
5.0701963293e-05 1.2972921384e+04 1.2407514120e+00 
9.2519943631e-05 1.5387804150e+04 9.6836569044e-01 
3.4928380210e-05 1.1435749562e+04 1.1148379538e+00 
2.8038507970e-05 1.5585019524e+04 6.3709760489e-01 
1.7394071884e-04 2.3320827560e+04 1.3833672575e+00 
5.8209143972e-05 1.2413571612e+04 7.8208143331e-01 
4.2988872612e-05 2.1812421196e+04 5.2132230002e-01 
1.6559924392e-05 1.2026645196e+04 9.0566569337e-01 
1.5953486868e-05 1.5649353531e+04 2.0352239107e-01 
1.8160516149e-04 2.4039798788e+04 5.7396580477e-01 
3.9035472750e-05 1.7812169998e+04 7.5718502020e-01 
1.6102544588e-04 1.2708192109e+04 3.1361049008e-01 
4.2540871284e-05 1.4016064385e+04 3.6995348363e-01 
1.2002622445e-04 1.6225514104e+04 8.7496274958e-01 
5.1063841618e-05 1.5620464034e+04 1.6807177230e-01 
1.7285458923e-04 1.3039974030e+04 5.0904892056e-01 
2.8052042250e-05 1.1800705195e+04 9.3747974841e-01 
3.7798257179e-05 1.1953125299e+04 3.3230836066e-01 
3.0540767863e-05 1.9602338092e+04 8.4903771766e-01 
7.8023294369e-05 1.7171333766e+04 7.6449915181e-01 
6.5397924950e-05 1.1881203058e+04 9.0360904478e-01 
2.2473005087e-04 1.4357888696e+04 4.4189447779e-01 
1.5482293384e-04 1.4920638550e+04 8.3521182868e-01 
3.1376130189e-05 1.2076303383e+04 1.2897508459e+00 
1.5173979127e-04 1.2442064396e+04 1.0875498316e+00 
1.2447437066e-04 1.4306069346e+04 6.2313465147e-01 
3.0452431830e-04 1.6566474129e+04 1.0735016176e+00 
3.6258425485e-04 1.2304393081e+04 1.1887434000e+00 
9.3358254872e-06 1.6275868534e+04 8.1487106310e-01 
7.4731581024e-05 1.2845585868e+04 6.1253299477e-01 
1.5572076876e-04 1.1587894470e+04 3.7915080097e-01 
1.1535088023e-05 1.2185704458e+04 9.2294456996e-01 
3.1606923939e-05 1.3344921359e+04 8.7687986338e-01 
2.7120349786e-04 1.1458426912e+04 8.5423655300e-01 
3.5691880447e-05 1.2394310183e+04 8.8007570407e-01 
6.7021418034e-05 2.2703750880e+04 9.8913936299e-01 
3.5948489995e-05 1.1916620411e+04 5.2454179229e-01 
1.4732320282e-04 1.1800629458e+04 5.9759284897e-01 
1.1100674554e-05 1.2195570929e+04 7.0760300371e-01 
5.0051699860e-04 1.6145872318e+04 2.3585955582e-01 
4.5081041420e-04 1.1467638695e+04 1.0871120069e+00 
1.1079407831e-05 2.1772940465e+04 1.0620749269e+00 
2.8057607105e-05 1.5752628101e+04 1.0840683430e+00 
6.1859238355e-06 1.5408489902e+04 1.2864664325e+00 
3.2710211388e-04 1.9336694358e+04 2.9782659525e-01 
2.7327915672e-05 1.4253800324e+04 1.0819523325e+00 
6.7653138591e-04 1.2432734000e+04 1.1398278528e+00 
2.4366700465e-04 1.3375835648e+04 9.7717696152e-01 
7.9746985071e-05 1.1875986657e+04 8.4150718880e-01 
8.2646236758e-06 1.1710511338e+04 1.0480099630e+00 
2.0526525742e-05 2.5000000000e+04 6.2334732466e-01 
1.3392348775e-04 1.4265996551e+04 1.3868854944e+00 
1.7959616552e-04 1.2381342076e+04 3.8887917121e-01 
1.3713341439e-04 1.3875379907e+04 8.5720451774e-01 
1.8076632738e-05 1.1797710718e+04 8.9584105199e-01 
2.2236504230e-05 1.6148693209e+04 4.1991018163e-01 
4.4107021598e-05 1.2423471957e+04 5.4520004916e-01 
2.1577162956e-05 1.1265301006e+04 1.0397075718e+00 
8.2231475265e-05 1.2927487380e+04 6.7880787565e-01 
1.9389598416e-05 1.4898296000e+04 8.1589017827e-01 
6.4878420076e-05 1.1770282968e+04 1.0093081130e+00 
4.5532214548e-04 1.7360311638e+04 1.3707346187e+00 
1.1533604641e-05 1.5881201982e+04 1.1018294947e+00 
8.0320449318e-04 1.3332236246e+04 1.3892065729e+00 
7.9285358373e-04 1.1856943866e+04 1.1327914002e+00 
2.9635649869e-05 1.2741752230e+04 6.1601223766e-01 
3.3030081618e-05 1.1443988714e+04 6.6208205008e-01 
1.0847915365e-04 1.5496373937e+04 6.7089178524e-01 
1.5491782189e-05 1.1670036365e+04 8.8995000143e-01 
2.3924394927e-05 1.2471986132e+04 6.0978753817e-01 
8.7411989800e-05 1.7413007818e+04 6.5407208875e-01 
8.8765578068e-05 1.1802469696e+04 1.0532212288e+00 
2.0453661770e-04 1.6776043276e+04 1.3939772098e+00 
9.3087912713e-05 1.1919762671e+04 9.6380444440e-01 
1.0477686587e-04 1.2484082943e+04 5.2757390866e-01 
6.7908599349e-05 1.1233722663e+04 1.1736908165e+00 
3.7243212072e-05 1.2840342815e+04 8.5210600843e-01 
1.5290750282e-04 1.3387094680e+04 8.1745145552e-01 
2.2237088586e-05 1.1245228919e+04 1.1859470096e+00 
5.1793777505e-05 1.1361407263e+04 2.9297301404e-01 
2.9973203881e-04 1.1959661199e+04 1.4591720023e+00 
8.8933463900e-05 1.4404302496e+04 1.3893925731e+00 
4.1932248007e-04 1.6756371428e+04 7.9250032535e-01 
9.7751050054e-06 1.2824866345e+04 6.5912096629e-01 
2.3874066353e-04 1.7796237360e+04 8.4324838488e-01 
3.6410914097e-05 1.7773272406e+04 5.1804762961e-01 
3.3644460869e-05 1.2053622948e+04 7.2405633061e-01 
1.3408520245e-04 1.2558266423e+04 7.2359251153e-01 
4.1481764111e-05 1.3096778927e+04 1.2757157679e+00 
1.0663937408e-04 1.6018061944e+04 2.4944972899e-01 
1.3108333872e-04 1.1618778913e+04 8.8456462917e-01 
3.5945604576e-05 1.3704397380e+04 3.0712406448e-01 
1.2476944971e-04 1.1421144171e+04 1.4585570930e+00 
5.8531072013e-05 1.2284557988e+04 1.1172587445e+00 
1.6044280299e-05 1.7713838061e+04 5.8331624390e-01 
6.3981717324e-05 1.2216880272e+04 9.6611996741e-01 
5.0129336734e-04 1.1423932082e+04 7.7583690114e-01 
6.2098035483e-06 1.3683980972e+04 7.2405093571e-01 
3.7108074775e-04 2.5000000000e+04 8.3334392300e-01 
3.2284193028e-04 1.4507316510e+04 9.0910638427e-01 
2.6980608088e-05 1.3248850301e+04 5.1508186080e-01 
7.4288674208e-05 1.5070226558e+04 4.6760811266e-01 
4.8805779414e-05 2.0425581562e+04 2.6732659838e-01 
1.4489091664e-05 1.8275845504e+04 3.3094438653e-01 
1.0255507389e-04 1.1203190256e+04 9.2417154001e-01 
3.1168303341e-04 1.2358327976e+04 4.9540983756e-01 
2.5115586727e-05 1.2361954646e+04 2.5492202027e-01 
4.7062511424e-04 1.2049655794e+04 1.2983953993e+00 
2.2475580166e-05 1.1660266860e+04 4.6295367545e-01 
5.0133854450e-05 1.1207866873e+04 1.0141092017e+00 
9.0427625400e-06 1.2645394458e+04 7.8808658665e-01 
7.9258230364e-05 1.2985501284e+04 6.3875802585e-01 
2.1484147324e-04 1.1726174870e+04 6.2584533230e-01 
1.9471262050e-05 1.2590034441e+04 1.2557617457e+00 
2.5610986634e-05 1.1258194915e+04 9.3286645903e-01 
2.5799705977e-05 1.2284876898e+04 1.2364946331e+00 
6.5657037155e-05 1.5959538288e+04 1.3442889052e+00 
5.1898834320e-05 1.2220147115e+04 1.3379264289e+00 
7.4705320338e-04 1.2441822946e+04 1.0928697982e+00 
2.4790155525e-04 1.6516694615e+04 1.2704580743e+00 
5.4979074927e-04 1.3770240675e+04 1.2113917303e+00 
7.8639937926e-05 1.7169907171e+04 1.3021423647e+00 
3.0605325054e-05 1.1696042410e+04 4.1057396818e-01 
1.0455981898e-04 1.6588083825e+04 1.0012655504e+00 
2.3585997033e-05 2.5000000000e+04 1.1598940580e+00 
1.5544753354e-04 1.2679818587e+04 8.6562631266e-01 
1.5520840267e-05 1.3132677170e+04 8.5675994404e-01 
4.1952222307e-05 1.1851166597e+04 1.4477535452e+00 
4.6394086092e-04 1.1343528170e+04 1.0452552579e+00 
2.3577479117e-05 1.9272269008e+04 9.8359787470e-01 
1.2688191206e-04 1.1611996170e+04 1.1336198165e+00 
3.1839263843e-05 1.1211493196e+04 7.2115370969e-01 
2.2986322978e-04 2.3546770060e+04 6.4029954493e-01 
1.0346535366e-04 1.1917542650e+04 1.0273068917e+00 
9.8781976560e-05 1.1348470868e+04 7.3559363622e-01 
4.8560304522e-05 1.1271902528e+04 1.0341993596e+00 
2.8388490073e-05 1.3203287042e+04 7.4479925103e-01 
8.9200511812e-05 1.3959143947e+04 1.2350343457e+00 
1.0693721437e-04 1.3179873580e+04 1.0742247840e+00 
1.6268104317e-05 1.3861981968e+04 1.0695446452e+00 
2.1882569416e-05 1.2678437295e+04 5.3294616216e-01 
9.6126439279e-06 1.1485504817e+04 3.0503569653e-01 
9.2978920792e-05 1.1756197695e+04 9.3869841618e-01 
2.7842398749e-05 1.3661241905e+04 1.5141901970e+00 
1.4513054054e-04 2.0193125255e+04 9.7441698843e-01 
1.8676404331e-04 1.1289790158e+04 1.1171102496e+00 
5.1213411126e-06 1.2243399129e+04 8.4990259767e-01 
4.9436264087e-05 1.2821063792e+04 5.2891934893e-01 
1.2452357848e-04 1.5127536501e+04 1.3843981609e+00 
2.7612708895e-05 1.1611505879e+04 9.8208694392e-01 
4.5054004081e-05 1.2016205348e+04 1.3235951250e+00 
6.0867190157e-05 1.4296304587e+04 7.4415602756e-01 
2.7066823506e-05 1.2138431874e+04 9.4376306489e-01 
9.5632202977e-05 1.2477014723e+04 5.9725542943e-01 
3.3870809487e-05 2.0751830147e+04 8.5137791410e-01 
1.9444187008e-05 1.6840420887e+04 6.5849139658e-02 
3.6829949279e-05 1.2965042073e+04 1.0054500687e+00 
1.1737532735e-05 1.1764831819e+04 3.7939177584e-01 
4.5598220524e-04 1.5007767525e+04 4.7071322155e-01 
8.6621037220e-05 1.1407985953e+04 5.1959686463e-01 
4.2329481508e-05 1.9257864166e+04 7.3265265280e-01 
5.2451119484e-05 1.1879416362e+04 1.2363953142e-01 
7.9390005786e-06 1.3790374647e+04 1.3509288422e+00 
1.7099367025e-05 2.2955857097e+04 1.0081185629e+00 
1.2469226093e-04 1.1380049641e+04 1.1724398861e+00 
9.7921351216e-06 1.5530923934e+04 1.4163636344e-01 
5.9527060040e-05 1.4338450530e+04 6.5571633314e-01 
4.7569390219e-04 1.2229457546e+04 7.5702969274e-01 
9.1795462214e-05 1.4854662007e+04 6.5537905290e-01 
7.9505104585e-05 1.2458109100e+04 7.6888901345e-01 
7.9284376731e-04 1.5123035928e+04 8.0920009325e-01 
2.6372328296e-05 1.5663301121e+04 2.2131117870e-01 
5.0311188968e-05 1.1225278400e+04 5.7692880370e-01 
5.4537062387e-05 1.3054580232e+04 2.3874076874e-01 
4.2843200790e-05 1.9680235610e+04 3.8791403652e-01 
1.2458928020e-04 1.2677145480e+04 6.7235955616e-01 
8.1019650012e-05 2.0542017451e+04 1.2876057537e+00 
3.4025064243e-04 1.2117682718e+04 8.4102218621e-01 
1.1831856583e-04 1.1688054173e+04 1.3718459361e+00 
5.9769903450e-05 2.5000000000e+04 2.7129124485e-01 
1.2754605104e-04 1.1778466594e+04 4.7394394862e-01 
1.3280944453e-04 1.2099092990e+04 1.3956511889e+00 
1.2333862888e-05 1.1837235950e+04 8.6804079382e-01 
1.7485222042e-05 1.7205425515e+04 8.7001766227e-01 
2.4663433177e-04 1.2032652899e+04 6.5889014898e-01 
2.4360813566e-05 1.3120763002e+04 1.0457284816e+00 
1.2486560971e-04 1.1282519771e+04 7.0194588242e-01 
3.6906824615e-05 1.8886910001e+04 5.5725117164e-01 
2.8949742069e-05 1.2470131916e+04 6.5038744837e-01 
2.5135577540e-04 1.1521419460e+04 1.0494533601e+00 
3.9958339678e-05 1.5205878532e+04 6.7208188105e-01 
9.0808993949e-04 1.2437611699e+04 1.1052204538e+00 
9.2633884042e-06 1.8573540224e+04 1.2521058867e+00 
1.5483125366e-05 1.2855869030e+04 2.6679288618e-01 
1.5530416324e-05 2.1914413254e+04 1.1493745579e+00 
3.7781719278e-05 1.3680816077e+04 1.3578313374e+00 
4.1231077458e-05 1.5947664604e+04 6.9281944342e-01 
5.5453706518e-05 1.1672616775e+04 1.0600700069e+00 
4.1440879844e-05 1.3551342089e+04 8.1203712469e-01 
2.4111077221e-05 1.1592439062e+04 6.8091754697e-01 
5.8083011387e-05 1.4340441061e+04 6.2137716845e-01 
1.5625458166e-05 1.2770024901e+04 1.2040396446e+00 
4.1970407045e-05 2.0477974253e+04 1.0671213068e+00 
6.8549884126e-05 2.1040258879e+04 4.5041634616e-01 
6.0309579768e-05 1.1229814208e+04 9.4019989971e-01 
3.9985144553e-05 1.2183929971e+04 6.7934367031e-01 
5.4829685034e-04 1.2370184842e+04 5.8841853536e-01 
4.7977848454e-05 1.8077729688e+04 3.7142575468e-01 
8.0093246840e-06 1.3767760737e+04 1.2105674301e+00 
2.7146840691e-05 1.3247186457e+04 1.4040765227e+00 
1.0048842722e-05 1.1422113161e+04 9.5895258942e-01 
1.7775192272e-04 1.1971606976e+04 7.4553517659e-01 
3.8715675374e-04 1.1865055043e+04 4.3423354928e-01 
6.7297024991e-05 1.1590196086e+04 5.3887563262e-01 
4.6833385563e-05 1.3585470073e+04 5.6152565446e-01 
3.9828201805e-05 1.1449315524e+04 1.2890022862e+00 
1.3634561477e-04 1.6069229398e+04 6.9484379226e-01 
7.9395904447e-05 1.6823621109e+04 3.6712773382e-01 
2.1509436551e-04 1.2848042930e+04 1.0356487729e+00 
1.4982568390e-04 1.1886919104e+04 7.2561924642e-01 
1.8119919982e-05 1.6684133727e+04 9.9917850515e-01 
6.3586500727e-05 1.3073060955e+04 1.4025313984e+00 
5.1590660725e-05 1.8381903281e+04 1.1993914366e+00 
4.4169853644e-04 1.2614496848e+04 1.2350352220e+00 
1.7446459717e-05 2.5000000000e+04 3.6177971398e-01 
3.4436975128e-04 2.1126401209e+04 8.9824487628e-01 
9.9855987810e-06 1.2349957372e+04 6.2077058830e-01 
3.3764958413e-04 1.1934438693e+04 4.8670063297e-01 
7.9607727577e-05 1.5703917156e+04 3.3995462326e-01 
4.6369580454e-05 1.5704038835e+04 1.8411314573e-01 
4.9883170576e-04 2.1443758347e+04 1.4460250832e+00 
7.4922618070e-04 1.3112244812e+04 9.0633123141e-01 
8.4337783591e-05 1.1605073539e+04 1.3025026657e+00 
2.4634305301e-05 1.5056384054e+04 8.5748472910e-01 
2.4103695242e-05 1.6970936558e+04 4.7116262649e-01 
1.2802812628e-05 1.1538569862e+04 5.6144626006e-01 
2.6347099885e-05 1.1890066609e+04 7.1082623917e-01 
3.5020664867e-05 1.4718614497e+04 1.0208263879e+00 
2.0038551235e-05 2.5000000000e+04 1.0631373134e+00 
2.2296792186e-04 1.7031472102e+04 1.4418146919e+00 
2.3599651005e-05 1.3086745072e+04 8.0569268686e-01 
7.6570598415e-05 1.6629945755e+04 1.1334965512e+00 
8.1376959198e-05 1.1981261728e+04 2.4276570995e-01 
6.6720500851e-05 1.2798856589e+04 6.1081867252e-01 
1.1271389289e-04 1.1977775906e+04 1.0588794724e+00 
2.6607939595e-05 1.2586691984e+04 8.4371633051e-01 
5.5484801856e-05 1.2016604082e+04 7.7805910446e-01 
9.7305371867e-04 2.0056574373e+04 5.4098012469e-01 
1.2916148861e-04 1.4955748377e+04 5.8131722571e-01 
9.1592781464e-05 1.1918549038e+04 7.5476742280e-01 
2.3644219681e-04 1.1391834048e+04 1.1394730354e+00 
1.6997249500e-04 1.1442189680e+04 5.7178464400e-01 
1.6026439356e-05 1.9476817022e+04 1.2526518832e-02 
1.2348059985e-04 2.0834773594e+04 8.5298103465e-01 
5.5489339341e-04 1.1228807734e+04 4.2320893143e-01 
7.5280946816e-04 1.2548836507e+04 1.3309827984e+00 
7.2407160848e-05 1.1389058135e+04 1.3802747060e+00 
1.9379707539e-05 1.2502614227e+04 1.1522701577e+00 
2.4474979935e-04 1.1742353074e+04 9.7167328359e-01 
9.9203618044e-05 1.8363905093e+04 1.3367628015e+00 
2.0687683960e-04 1.2838810586e+04 3.7825468862e-01 
6.3434611036e-05 1.4418198893e+04 2.5345326470e-01 
9.4683637646e-06 1.3734597604e+04 3.3335741368e-01 
1.7739696264e-05 1.3250822922e+04 9.4993243509e-01 
4.6770865576e-04 1.4031877006e+04 9.3526723271e-01 
2.9495200466e-05 1.1906766946e+04 1.0354604283e+00 
2.4223064522e-05 1.4260769646e+04 6.3244994122e-01 
1.8811532806e-04 1.2719764641e+04 1.2441368371e+00 
6.8052366834e-04 1.4366436745e+04 1.4525793445e+00 
7.9052595855e-05 1.2837222277e+04 1.1405841053e-01 
7.0028507555e-05 2.2986040043e+04 8.7779492066e-01 
2.1107548123e-05 1.6191352741e+04 7.8134741000e-01 
1.2484095275e-04 1.1957254243e+04 2.6685240346e-01 
3.1971402804e-05 1.7861517713e+04 8.9399176772e-01 
5.3085804438e-05 1.1323734208e+04 9.3507193168e-01 
5.5189746649e-05 1.2009365668e+04 8.0865699290e-01 
3.0642802095e-04 2.0806115988e+04 3.7697962817e-01 
3.7011632492e-04 1.1468555837e+04 9.4021464626e-01 
2.6570876348e-05 1.3166178910e+04 6.7598014328e-01 
8.7587305902e-06 1.1758969888e+04 4.9990286577e-01 
5.3414442003e-05 1.5972807265e+04 9.1809531292e-01 
2.7535190274e-05 1.4837254375e+04 7.7571865589e-01 
5.1563507609e-05 1.1328630068e+04 8.8561405241e-01 
6.0526082855e-05 1.2860938885e+04 1.3755835549e+00 
4.3303347857e-04 1.4396168769e+04 8.8477371891e-01 
8.2077925129e-04 1.6900126346e+04 1.0896648092e+00 
4.5604525320e-05 1.1943996642e+04 7.4274009803e-01 
8.6173687807e-05 1.1945368614e+04 2.3764900334e-01 
2.9248294890e-04 1.6263263461e+04 9.3821773048e-01 
9.2070322245e-05 1.3583769120e+04 3.4583049385e-01 
1.0342603361e-04 1.3815244715e+04 8.6763327088e-01 
1.0329507697e-04 1.1961951908e+04 8.3487568959e-01 
1.9124354845e-04 1.1400516213e+04 6.8420163427e-01 
2.0802940207e-05 1.2977105410e+04 5.8069609647e-01 
3.1987579742e-05 1.1223867199e+04 1.2246676829e+00 
2.1070908553e-04 1.7563144527e+04 1.3003869857e+00 
4.7179062857e-04 1.3493362049e+04 1.1355058948e+00 
2.8606198291e-05 1.3649732071e+04 4.8590540777e-01 
3.7859134342e-05 1.2804727730e+04 1.2100585577e+00 
9.6576989560e-05 2.3811846690e+04 9.7231551242e-01 
1.5234462369e-04 1.1223482903e+04 1.1880179485e+00 
7.7714701951e-05 1.1568178109e+04 1.4819632546e+00 
2.1405204268e-04 1.1586549863e+04 9.6076283891e-01 
3.7338955848e-05 1.1225456000e+04 2.5571568166e-01 
1.2716631322e-04 1.4286979770e+04 1.1359298449e+00 
3.0298257337e-04 2.5000000000e+04 9.3422240849e-01 
9.2833684518e-05 1.2879401645e+04 9.7451824677e-01 
3.2253133731e-05 1.1860304983e+04 4.1346226571e-01 
3.1551906577e-04 1.2156609178e+04 1.0269236733e+00 
1.1176456606e-04 1.9768572250e+04 8.3500867685e-01 
3.4551055387e-05 1.5335857904e+04 2.7652720967e-01 
7.0871102213e-05 1.6922877206e+04 1.1094246638e+00 
7.7117319832e-04 1.7172683534e+04 1.9719445589e-01 
4.5669414592e-05 1.4215238421e+04 9.0851523549e-01 
2.2751865771e-04 2.4609130569e+04 6.8959663644e-01 
4.4886590950e-05 1.7080777289e+04 1.0442429852e+00 
5.9554149591e-04 1.3325856455e+04 1.2019189401e+00 
1.8711296659e-04 1.2338436376e+04 6.2990441298e-01 
1.1925465139e-04 1.5668915083e+04 9.4963806902e-01 
5.2991190672e-06 2.4743346166e+04 1.1826386864e+00 
1.0094409236e-04 2.1357485932e+04 1.3560989692e+00 
4.6792500489e-05 1.1427900439e+04 4.6309273426e-01 
6.2946872858e-05 1.3229350347e+04 7.3141930648e-01 
2.4054328617e-04 1.5747856041e+04 8.7763055229e-01 
5.9565933558e-06 1.1226153797e+04 1.2401756122e+00 
4.6176188850e-05 1.2753954683e+04 8.9340213380e-01 
5.7541183672e-06 1.3141954531e+04 6.1400684270e-01 
1.6243012598e-05 1.1749344413e+04 6.3954709988e-01 
7.2959989673e-05 1.3380665637e+04 3.6957850339e-01 
9.9712560245e-05 1.1383405981e+04 9.9272070366e-01 
5.1857753463e-06 1.5234686761e+04 4.8880163349e-01 
1.9577720708e-04 1.2836730540e+04 1.0285241571e-01 
2.9698151387e-05 1.5058621423e+04 1.3914975870e+00 
7.8187729102e-05 1.1595434157e+04 6.8834472142e-01 
4.1347577890e-05 1.6193175006e+04 1.7869871266e-01 
1.1747459539e-04 1.5483775602e+04 1.0372439574e+00 
1.0275753914e-04 1.2441391492e+04 7.3275452454e-01 
1.4838794616e-04 1.3686401320e+04 1.1407064689e+00 
3.0973619151e-05 1.4124561882e+04 1.6407551230e-01 
2.7259059764e-04 1.1763709795e+04 6.2417407102e-01 
2.6518400144e-05 1.4574773287e+04 5.9220980983e-01 
7.0858308265e-06 1.4342301495e+04 6.4447826923e-01 
1.9591789586e-05 1.1664443291e+04 5.2117069771e-01 
1.3286684967e-05 1.2114448456e+04 7.6121904690e-01 
4.6067428880e-04 1.3497811664e+04 3.1233749962e-01 
1.6543446853e-04 1.2265975790e+04 1.0061604811e+00 
