1.3836119988e-04 2.4127692982e-08 3.3652500584e-08 2.6015694920e+03 1.0000000000e+00 
7.3818692486e-05 4.8189268297e-09 4.3847511496e-09 2.4889564535e+03 1.0000000000e+00 
2.9822524235e-05 7.7771387985e-10 0.0000000000e+00 1.7490873640e+03 1.0000000000e+00 
1.9692639896e-04 7.0578710212e-08 9.6387762646e-08 2.5441844240e+03 1.0000000000e+00 
2.1531893103e-05 1.3377133608e-10 9.9902496083e-11 1.9433986040e+03 1.0000000000e+00 
1.3683238029e-04 2.2946987431e-08 3.2794216678e-08 2.5685418239e+03 1.0000000000e+00 
5.0205857326e-05 1.5977402969e-09 1.3281137027e-09 2.4216702908e+03 1.0000000000e+00 
4.3131775590e-05 5.7745265774e-10 1.1159109872e-09 2.1810833377e+03 1.0000000000e+00 
7.4472796139e-05 3.2400072367e-09 5.5760460278e-09 2.3641437352e+03 1.0000000000e+00 
1.6810268680e-04 4.3653541009e-08 6.0112465849e-08 2.5659173292e+03 1.0000000000e+00 
1.6261545206e-05 1.2608751389e-10 0.0000000000e+00 1.2776960608e+03 1.0000000000e+00 
2.5804223067e-05 5.0380098461e-10 0.0000000000e+00 1.5635322531e+03 1.0000000000e+00 
2.2099599968e-05 2.5884506635e-10 3.6224748725e-11 1.8273164422e+03 1.0000000000e+00 
2.0119334132e-05 1.7636059508e-10 3.9245253806e-11 1.8376207699e+03 1.0000000000e+00 
6.5935208636e-05 3.2361354267e-09 3.2490137972e-09 2.5123010354e+03 1.0000000000e+00 
9.5586541157e-06 1.4343588282e-11 7.0805328950e-12 2.2975848637e+03 1.0000000000e+00 
1.6540952050e-06 8.7387249855e-14 2.8481768946e-14 2.3436069400e+03 1.0000000000e+00 
5.7844347078e-04 1.9250210540e-06 2.3571588095e-06 2.4736379024e+03 1.0000000000e+00 
3.8094120253e-05 4.3800706160e-10 7.4354272693e-10 2.1282284556e+03 1.0000000000e+00 
3.3255965955e-04 2.4803725758e-07 5.2196644272e-07 2.7094992446e+03 1.0000000000e+00 
3.0486831167e-04 2.2180125645e-07 3.8283169965e-07 2.6828323544e+03 1.0000000000e+00 
1.3083801285e-04 2.0421813421e-08 2.8443756225e-08 2.6028956611e+03 1.0000000000e+00 
1.8649324081e-05 6.3215661153e-11 7.9809209663e-11 2.0647707273e+03 1.0000000000e+00 
1.1321700913e-04 1.5890856650e-08 1.6758538011e-08 2.4264897747e+03 1.0000000000e+00 
6.7373489811e-05 2.5874116527e-09 4.0101127496e-09 2.0971921803e+03 1.0000000000e+00 
5.1576131798e-06 4.0228417653e-12 0.0000000000e+00 1.1679480270e+03 1.0000000000e+00 
1.1109032334e-04 1.3766752896e-08 1.6614560688e-08 2.4167338634e+03 1.0000000000e+00 
2.9600924199e-05 2.3469162078e-10 3.3051169401e-10 2.0809859535e+03 1.0000000000e+00 
4.0938192297e-05 8.9338627125e-10 7.0296748104e-10 2.4159387631e+03 1.0000000000e+00 
5.8652245399e-05 5.9161690924e-09 0.0000000000e+00 2.8794985529e+02 1.0000000000e+00 
1.8195131468e-06 1.1591664129e-13 3.8159557189e-14 2.3060489017e+03 1.0000000000e+00 
1.1165733706e-05 4.0817692296e-11 0.0000000000e+00 1.5721719021e+03 1.0000000000e+00 
1.7135463768e-04 4.8840559438e-08 6.2032059274e-08 2.5546022180e+03 1.0000000000e+00 
7.8968436992e-05 6.1253515315e-09 5.2259342111e-09 2.5489418168e+03 1.0000000000e+00 
9.2674205500e-05 7.9803960991e-09 9.6533384679e-09 2.6571133048e+03 1.0000000000e+00 
5.5388341273e-05 2.0415634290e-09 1.8485484642e-09 2.5494525025e+03 1.0000000000e+00 
1.0452355764e-04 8.3356013821e-09 1.5807170646e-08 2.3835115524e+03 1.0000000000e+00 
1.7364668413e-05 6.5021123163e-11 5.5632569785e-11 1.9712385565e+03 1.0000000000e+00 
9.3304242526e-06 2.3817206591e-11 0.0000000000e+00 1.5910554413e+03 1.0000000000e+00 
1.3062374625e-05 3.4185442401e-11 1.9589856326e-11 2.4834280019e+03 1.0000000000e+00 
2.5247899756e-05 4.7191352129e-10 0.0000000000e+00 1.6616059056e+03 1.0000000000e+00 
5.5517112202e-05 1.9467750148e-09 1.9300238168e-09 2.4041855923e+03 1.0000000000e+00 
3.3017099578e-05 4.7897116900e-10 3.6230579473e-10 2.4170496388e+03 1.0000000000e+00 
8.9068872670e-06 1.0853176279e-11 6.2012467320e-12 2.2811945402e+03 1.0000000000e+00 
1.0985567572e-04 1.5014032828e-08 1.4997407738e-08 2.4143911793e+03 1.0000000000e+00 
9.5376272070e-06 1.1753415209e-11 8.6026490308e-12 2.7219234032e+03 1.0000000000e+00 
9.3110132958e-05 1.0485339682e-08 8.2867893010e-09 1.9480349455e+03 1.0000000000e+00 
8.5632797843e-05 1.8412257951e-08 0.0000000000e+00 3.6377537998e+02 1.0000000000e+00 
3.7870746516e-05 1.0036062923e-09 3.7020510723e-10 1.8631885719e+03 1.0000000000e+00 
7.8073766235e-05 5.0250871357e-09 5.6125265795e-09 2.4563562685e+03 1.0000000000e+00 
1.9461212413e-05 9.3342313892e-11 7.7174973779e-11 2.7311853562e+03 1.0000000000e+00 
2.9231698082e-05 3.3252084249e-10 2.5135308715e-10 2.5525217040e+03 1.0000000000e+00 
3.8889439848e-05 8.2092981328e-10 5.6800461347e-10 2.4051179575e+03 1.0000000000e+00 
9.0124428755e-05 6.9815113020e-09 9.1033893493e-09 2.3301559229e+03 1.0000000000e+00 
4.8917454581e-05 8.7667440888e-10 1.6063582581e-09 2.1860051380e+03 1.0000000000e+00 
3.3021309274e-05 3.5214608339e-10 4.4227819356e-10 2.2951938133e+03 1.0000000000e+00 
1.4790867658e-05 9.4878454759e-11 0.0000000000e+00 1.5952048536e+03 1.0000000000e+00 
2.7041720322e-05 1.7780080318e-10 2.5269476656e-10 2.2017037958e+03 1.0000000000e+00 
4.8252919316e-05 1.4632586763e-09 1.1509130038e-09 1.9567122572e+03 1.0000000000e+00 
6.3480162249e-05 3.0719194152e-09 2.7837934094e-09 2.4064947694e+03 1.0000000000e+00 
3.5377252670e-05 6.3172648024e-10 4.1895882148e-10 2.3543607400e+03 1.0000000000e+00 
1.8899093089e-05 1.9792905076e-10 0.0000000000e+00 1.7487808943e+03 1.0000000000e+00 
2.0766668909e-04 7.8947244068e-08 1.1543600338e-07 2.5882229841e+03 1.0000000000e+00 
2.5051286229e-05 1.4094265558e-10 2.0116276337e-10 2.1260483201e+03 1.0000000000e+00 
3.8335042806e-05 6.6848189874e-10 6.1812641456e-10 1.9763099082e+03 1.0000000000e+00 
3.0403591317e-05 3.2547143323e-10 3.1340147819e-10 1.9831543774e+03 1.0000000000e+00 
2.9329789573e-05 4.2591729554e-10 1.9729680454e-10 1.8822978625e+03 1.0000000000e+00 
1.2637592190e-04 2.0482689481e-08 2.4324426218e-08 2.4537413533e+03 1.0000000000e+00 
7.5865810993e-05 3.5845680254e-09 5.7946878920e-09 2.3236711462e+03 1.0000000000e+00 
6.8280737398e-05 2.5236527541e-09 4.2809715466e-09 2.1533991039e+03 1.0000000000e+00 
5.2311507968e-05 1.5548828208e-09 1.6609987064e-09 2.0030103823e+03 1.0000000000e+00 
4.5628251787e-05 1.1375780597e-09 1.0357760741e-09 2.4210257791e+03 1.0000000000e+00 
1.5898796424e-05 3.8188951793e-11 5.0064098147e-11 2.1923764973e+03 1.0000000000e+00 
1.8968584395e-05 2.0012042329e-10 0.0000000000e+00 1.7913344736e+03 1.0000000000e+00 
5.9875364368e-05 2.4282309706e-09 2.4299522135e-09 2.4352504694e+03 1.0000000000e+00 
1.1737897392e-04 1.6237011030e-08 1.9600463180e-08 2.4433429425e+03 1.0000000000e+00 
1.0191666156e-04 6.5652529518e-09 1.5384149374e-08 2.3038502118e+03 1.0000000000e+00 
1.0451921065e-04 1.1792775303e-08 1.3631464097e-08 2.5382956671e+03 1.0000000000e+00 
3.1247847972e-05 4.1831584089e-10 2.9940204334e-10 2.4088404244e+03 1.0000000000e+00 
1.5425833659e-05 1.0762981186e-10 0.0000000000e+00 1.6045196171e+03 1.0000000000e+00 
1.9123441618e-05 6.4656145537e-11 8.8254996770e-11 2.0993064072e+03 1.0000000000e+00 
9.6429240022e-05 8.9992822026e-09 1.0869299555e-08 2.4513388959e+03 1.0000000000e+00 
7.4762212383e-05 1.2252736199e-08 0.0000000000e+00 1.7294655185e+03 1.0000000000e+00 
2.8969012724e-05 2.8165296187e-10 2.7102738662e-10 1.9868748360e+03 1.0000000000e+00 
7.3361545277e-06 1.1576894120e-11 0.0000000000e+00 1.3385917240e+03 1.0000000000e+00 
1.1565127625e-05 4.5356333346e-11 0.0000000000e+00 1.6468854659e+03 1.0000000000e+00 
1.9725576915e-05 1.1301602301e-10 7.0420306108e-11 2.4223548524e+03 1.0000000000e+00 
1.1470440856e-04 1.5098568056e-08 1.8324634911e-08 2.5537682029e+03 1.0000000000e+00 
2.3377618533e-06 2.4636785004e-13 8.0613735564e-14 2.3176313512e+03 1.0000000000e+00 
8.9864794912e-05 7.3020607050e-09 8.7856339675e-09 2.6554806666e+03 1.0000000000e+00 
1.6493843244e-05 1.3156859519e-10 0.0000000000e+00 1.3375322883e+03 1.0000000000e+00 
3.4053612316e-05 1.1579137518e-09 0.0000000000e+00 1.7486841416e+03 1.0000000000e+00 
3.2474847610e-05 3.8568433390e-10 3.8879260921e-10 1.9991756019e+03 1.0000000000e+00 
8.8698622381e-05 6.4755122805e-09 8.7911865151e-09 2.4399865963e+03 1.0000000000e+00 
2.9658352589e-05 3.1319501068e-10 2.8395438031e-10 1.9744961707e+03 1.0000000000e+00 
2.2678262633e-04 2.3020936217e-07 7.0263394009e-08 1.8533254939e+03 1.0000000000e+00 
1.4931242688e-05 3.4983686077e-11 3.9362314400e-11 2.0527280210e+03 1.0000000000e+00 
5.5573291913e-06 3.0211865668e-12 1.2642631563e-12 2.3827893060e+03 1.0000000000e+00 
4.2041646335e-05 1.1403508258e-09 6.5276605287e-10 1.9044028136e+03 1.0000000000e+00 
2.9375868843e-05 3.5785821865e-10 2.4227196573e-10 2.3455484349e+03 1.0000000000e+00 
1.3104718238e-04 2.2890185649e-08 2.7090508077e-08 2.4998818374e+03 1.0000000000e+00 
3.2220877637e-05 4.5620877161e-10 3.2976902053e-10 2.3838381548e+03 1.0000000000e+00 
1.6338968912e-05 6.4409408253e-11 3.9906529009e-11 2.5482230701e+03 1.0000000000e+00 
8.2063263221e-05 6.3847953977e-09 6.1723238769e-09 2.5221194222e+03 1.0000000000e+00 
1.9730169684e-05 2.2520556095e-10 0.0000000000e+00 1.7168999889e+03 1.0000000000e+00 
4.9515190206e-05 9.5787769517e-10 1.6353724595e-09 2.1315030974e+03 1.0000000000e+00 
3.8054681147e-05 1.2546910364e-09 2.2703728645e-10 1.8316351868e+03 1.0000000000e+00 
1.1445617407e-04 1.4659833985e-08 1.8420214805e-08 2.5632204420e+03 1.0000000000e+00 
5.9799400166e-05 1.4213943282e-09 3.0477820366e-09 2.2545283884e+03 1.0000000000e+00 
1.7636723022e-05 1.6085713635e-10 0.0000000000e+00 1.5592258091e+03 1.0000000000e+00 
2.6407413175e-04 5.3996328515e-07 0.0000000000e+00 6.3356333150e+02 1.0000000000e+00 
5.3173396677e-05 2.0347744375e-09 1.4919221743e-09 2.2760838643e+03 1.0000000000e+00 
1.1859166725e-05 4.8904539474e-11 0.0000000000e+00 1.5385126247e+03 1.0000000000e+00 
5.1550163804e-05 1.1193663136e-09 1.8212242058e-09 2.1559036946e+03 1.0000000000e+00 
9.3201116811e-05 8.6222601173e-09 9.5015239974e-09 2.0091452209e+03 1.0000000000e+00 
1.2159275268e-04 1.6875500311e-08 2.2525817033e-08 2.5357736765e+03 1.0000000000e+00 
1.3200692885e-06 4.2376577581e-14 1.5759936849e-14 2.4919398776e+03 1.0000000000e+00 
3.8249481738e-05 6.0226169730e-10 6.5281371254e-10 2.0072355239e+03 1.0000000000e+00 
1.9914629903e-05 2.3158123667e-10 0.0000000000e+00 1.7798854145e+03 1.0000000000e+00 
7.1345277059e-05 4.0406211885e-09 4.1534298200e-09 2.2954955163e+03 1.0000000000e+00 
5.2431572630e-05 1.7855116682e-09 1.5342402700e-09 2.5272197652e+03 1.0000000000e+00 
1.7661881536e-05 1.6154649946e-10 0.0000000000e+00 1.7644411197e+03 1.0000000000e+00 
5.4168874180e-05 1.8136984514e-09 1.7894421671e-09 2.6485868017e+03 1.0000000000e+00 
1.1081804938e-05 3.9904158210e-11 0.0000000000e+00 1.7198914936e+03 1.0000000000e+00 
5.3627506800e-05 2.2580391111e-09 1.4231849039e-09 1.9177539127e+03 1.0000000000e+00 
1.6916036420e-05 7.3032089932e-11 4.3308958875e-11 2.4329997165e+03 1.0000000000e+00 
1.8746687929e-04 5.5829161080e-08 8.6334292191e-08 2.6110716456e+03 1.0000000000e+00 
6.0799879017e-05 1.9438256346e-09 2.9205419252e-09 2.2200212148e+03 1.0000000000e+00 
7.8619325365e-05 4.8204446079e-09 5.9263184537e-09 2.4472297339e+03 1.0000000000e+00 
1.1846152890e-04 1.6996743856e-08 1.9955240690e-08 2.5400188290e+03 1.0000000000e+00 
6.5760967827e-05 2.0844560316e-09 3.9311532380e-09 2.2410569779e+03 1.0000000000e+00 
2.1724676516e-05 3.0063989057e-10 0.0000000000e+00 1.5182278320e+03 1.0000000000e+00 
2.5495959624e-05 2.3267079218e-10 1.5921050976e-10 2.4052400667e+03 1.0000000000e+00 
2.7445428686e-05 2.8776862405e-10 2.0013999616e-10 2.4173264049e+03 1.0000000000e+00 
7.9240833357e-05 4.3520188248e-09 6.4348476154e-09 2.3972759231e+03 1.0000000000e+00 
6.2144024237e-06 4.0916159675e-12 1.8513559158e-12 2.4037409825e+03 1.0000000000e+00 
1.8686972980e-05 1.0562510616e-10 5.3877310901e-11 1.8921237588e+03 1.0000000000e+00 
4.1380841292e-05 8.8483277963e-10 7.4980753649e-10 2.5223067152e+03 1.0000000000e+00 
3.3409161327e-05 3.1946404987e-10 4.8648083174e-10 2.1972597007e+03 1.0000000000e+00 
6.2255229154e-06 7.0747998420e-12 0.0000000000e+00 1.3611319724e+03 1.0000000000e+00 
1.0475701773e-04 1.2717258060e-08 1.3194329094e-08 2.4390602558e+03 1.0000000000e+00 
8.1364283096e-07 9.7474749629e-15 3.8005796666e-15 2.5245586133e+03 1.0000000000e+00 
2.1228818326e-05 1.4250700897e-10 8.6751136734e-11 2.3070736792e+03 1.0000000000e+00 
9.8040683803e-05 9.0714426166e-09 1.1666369082e-08 2.0596912366e+03 1.0000000000e+00 
1.0786814004e-04 1.1985322550e-08 1.5598777382e-08 2.5100392316e+03 1.0000000000e+00 
2.2798441542e-05 3.4745785220e-10 0.0000000000e+00 1.6247479108e+03 1.0000000000e+00 
5.3641159150e-05 1.0723841136e-09 2.1706252390e-09 2.2077080491e+03 1.0000000000e+00 
2.1563893640e-05 9.7996570439e-11 1.2321103316e-10 2.1930670358e+03 1.0000000000e+00 
9.1594495629e-05 9.4012803199e-09 8.2534332581e-09 2.4592265120e+03 1.0000000000e+00 
3.7746975469e-05 4.5692593966e-10 7.0404982218e-10 2.2715085466e+03 1.0000000000e+00 
5.5693216808e-05 1.9451472588e-09 1.9611537280e-09 2.4039154870e+03 1.0000000000e+00 
5.4849563184e-05 1.6770718494e-09 1.9871513613e-09 2.2106341784e+03 1.0000000000e+00 
7.3401749213e-05 4.6161052293e-09 4.3873233447e-09 2.6719006797e+03 1.0000000000e+00 
3.7345683898e-05 4.0522755633e-10 7.0526631284e-10 2.2742235846e+03 1.0000000000e+00 
5.4591032715e-05 2.7461446789e-09 1.2723599446e-09 1.8824617360e+03 1.0000000000e+00 
4.9765985010e-05 1.6458375368e-09 1.2371114126e-09 2.4026811938e+03 1.0000000000e+00 
3.4699828562e-05 1.2250918105e-09 0.0000000000e+00 1.7104545699e+03 1.0000000000e+00 
2.8401689111e-05 2.5470544745e-10 2.6215345370e-10 2.3057955353e+03 1.0000000000e+00 
3.1121292840e-05 5.5889509176e-10 2.0423303212e-10 2.3003448155e+03 1.0000000000e+00 
6.4524463244e-05 1.8808585720e-09 3.7689918433e-09 2.2771369376e+03 1.0000000000e+00 
4.4572202494e-06 1.5649222070e-12 6.4838502839e-13 2.3794231740e+03 1.0000000000e+00 
1.6529374365e-05 1.3242070539e-10 0.0000000000e+00 1.6132479044e+03 1.0000000000e+00 
1.7781761450e-05 4.9567089302e-11 7.2468801883e-11 2.1519942844e+03 1.0000000000e+00 
1.4538783738e-06 5.3468797161e-14 2.3031337929e-14 2.5578262427e+03 1.0000000000e+00 
1.8937288432e-05 1.0167751268e-10 6.1256811023e-11 2.3436065757e+03 1.0000000000e+00 
8.4570869428e-05 6.3959051462e-09 7.1278890543e-09 2.5241029938e+03 1.0000000000e+00 
3.8687804300e-05 6.9654885225e-10 6.2941282815e-10 2.3882608201e+03 1.0000000000e+00 
3.7227058004e-05 7.1539217641e-10 5.0118679064e-10 2.4453095579e+03 1.0000000000e+00 
2.6134681215e-05 2.4128077009e-10 1.7733553580e-10 2.4012639129e+03 1.0000000000e+00 
8.3950755819e-05 6.4210558721e-09 6.8686427674e-09 2.5221928916e+03 1.0000000000e+00 
2.7560190291e-05 6.1380904646e-10 0.0000000000e+00 1.7841994546e+03 1.0000000000e+00 
4.3297382013e-05 5.9233920296e-10 1.1236539155e-09 2.1670237976e+03 1.0000000000e+00 
1.3249364357e-05 3.7219343479e-11 1.9472312280e-11 2.3117662457e+03 1.0000000000e+00 
2.3590057392e-05 1.9240918458e-10 1.2100856131e-10 2.4130080896e+03 1.0000000000e+00 
7.4587745240e-05 2.8058131208e-09 5.8842728311e-09 2.2104199156e+03 1.0000000000e+00 
6.3610492223e-05 2.9392940728e-09 2.8962566543e-09 2.5612019380e+03 1.0000000000e+00 
5.6384487816e-05 2.2774068535e-09 1.8723362351e-09 2.4816348804e+03 1.0000000000e+00 
3.1362924682e-05 9.0455778272e-10 0.0000000000e+00 1.5194958482e+03 1.0000000000e+00 
1.3468094037e-04 2.6553637374e-08 2.8334762662e-08 2.4316263628e+03 1.0000000000e+00 
5.4623028649e-05 1.9977105910e-09 1.7480796170e-09 2.4871393934e+03 1.0000000000e+00 
5.3814902945e-05 2.1196779146e-09 1.5400578238e-09 2.5328401182e+03 1.0000000000e+00 
2.3309642179e-04 1.3250809228e-07 1.5013459622e-07 2.5016245925e+03 1.0000000000e+00 
9.0350384256e-06 2.1626023029e-11 0.0000000000e+00 1.7831744114e+03 1.0000000000e+00 
6.5214506779e-05 3.1118129589e-09 3.1558041569e-09 2.4209689160e+03 1.0000000000e+00 
1.1080923467e-04 1.3277160694e-08 1.6730984965e-08 2.5174037666e+03 1.0000000000e+00 
1.1532618494e-05 4.4974922737e-11 0.0000000000e+00 1.4800980774e+03 1.0000000000e+00 
3.5793363046e-05 4.5262089863e-10 5.6067463830e-10 2.0480296125e+03 1.0000000000e+00 
1.8108839249e-04 5.5719178631e-08 7.4425851089e-08 2.5408051457e+03 1.0000000000e+00 
4.0200008495e-05 7.1763907624e-10 7.4625872594e-10 2.0017386029e+03 1.0000000000e+00 
5.3604911710e-06 2.7968305114e-12 1.0809245820e-12 2.3775560977e+03 1.0000000000e+00 
4.1174779614e-05 5.8660992417e-10 9.1784884354e-10 2.0983759281e+03 1.0000000000e+00 
1.0903626953e-04 1.3102809991e-08 1.5656043357e-08 2.4969512832e+03 1.0000000000e+00 
1.1091964218e-05 4.0014005642e-11 0.0000000000e+00 1.5564724363e+03 1.0000000000e+00 
5.0619390828e-05 1.4292974714e-09 1.4921025060e-09 2.6907398128e+03 1.0000000000e+00 
2.8184969072e-04 2.0508977224e-07 2.8374794890e-07 2.5578090328e+03 1.0000000000e+00 
1.1974193202e-05 1.8710521011e-11 1.9882277259e-11 2.0994441874e+03 1.0000000000e+00 
3.1560341105e-05 3.0800456608e-10 3.8578093419e-10 2.0635679906e+03 1.0000000000e+00 
6.1859187814e-06 6.9406363447e-12 0.0000000000e+00 1.2094158254e+03 1.0000000000e+00 
1.1864049409e-05 2.3586249258e-11 1.5952338513e-11 2.6386549438e+03 1.0000000000e+00 
2.9873129587e-05 3.9210080161e-10 2.4487814679e-10 1.9179158431e+03 1.0000000000e+00 
2.9167298884e-04 2.3322203665e-07 3.1073353394e-07 2.5943812544e+03 1.0000000000e+00 
1.1588797065e-04 1.7519901424e-08 1.7672589949e-08 2.5075610433e+03 1.0000000000e+00 
8.6903858022e-05 4.5959934372e-09 9.2075543835e-09 2.3265320902e+03 1.0000000000e+00 
8.2646094131e-06 1.6552120906e-11 0.0000000000e+00 1.2580984810e+03 1.0000000000e+00 
2.2466794443e-06 2.1809542232e-13 7.1920272591e-14 2.3043729924e+03 1.0000000000e+00 
1.5057923890e-04 3.6649355272e-08 3.9890197381e-08 2.0226758402e+03 1.0000000000e+00 
9.8399646417e-05 9.7248067264e-09 1.1447158724e-08 2.5337530624e+03 1.0000000000e+00 
7.3502015921e-05 4.7702803825e-09 4.3203238555e-09 2.4611213527e+03 1.0000000000e+00 
1.8034983147e-05 1.7200214851e-10 0.0000000000e+00 1.6308750604e+03 1.0000000000e+00 
2.2146823838e-05 1.3116663162e-10 1.1775773479e-10 2.3072890482e+03 1.0000000000e+00 
4.9549022259e-05 8.5514101713e-10 1.7045392909e-09 2.2412171788e+03 1.0000000000e+00 
2.1561512790e-05 2.9391674844e-10 0.0000000000e+00 1.5610497960e+03 1.0000000000e+00 
6.8591167375e-05 3.6503953618e-09 3.6531221403e-09 2.4244790352e+03 1.0000000000e+00 
2.1713615810e-05 1.1506671236e-10 1.1635750766e-10 2.0045594322e+03 1.0000000000e+00 
7.4448505077e-05 3.2694482319e-09 5.5500935795e-09 2.1223981276e+03 1.0000000000e+00 
1.2936321336e-04 3.2338560305e-08 1.9572976115e-08 2.4112996988e+03 1.0000000000e+00 
1.1459699982e-05 4.4127202210e-11 0.0000000000e+00 1.6615227462e+03 1.0000000000e+00 
4.9935081918e-04 1.4528342449e-06 1.3816625304e-06 2.4634373061e+03 1.0000000000e+00 
3.7084072208e-04 4.3613025774e-07 6.6580835704e-07 2.6175484293e+03 1.0000000000e+00 
3.3746198028e-05 3.5136768410e-10 4.8743802315e-10 2.0720312603e+03 1.0000000000e+00 
3.6853038784e-05 6.2508677295e-10 5.2957731882e-10 1.9594729973e+03 1.0000000000e+00 
3.8357215631e-05 7.4865196787e-10 5.6953651286e-10 2.4567715756e+03 1.0000000000e+00 
1.5479858230e-05 1.0876460479e-10 0.0000000000e+00 1.5605419474e+03 1.0000000000e+00 
2.6494538071e-05 2.4748388878e-10 1.8721464752e-10 1.9452768682e+03 1.0000000000e+00 
2.0347566906e-05 1.2431150634e-10 7.7128188535e-11 2.4369118100e+03 1.0000000000e+00 
1.0082175459e-04 6.7705353426e-09 1.4633020620e-08 2.2324665049e+03 1.0000000000e+00 
1.9377555255e-04 1.0082455475e-07 7.0727486571e-08 2.3130633068e+03 1.0000000000e+00 
1.0124439867e-04 7.3407966861e-09 1.4513112775e-08 2.3277712395e+03 1.0000000000e+00 
7.8060297664e-05 5.1730236112e-09 5.5149993641e-09 2.4639336479e+03 1.0000000000e+00 
7.4713710796e-05 5.9711338623e-09 3.9334561274e-09 1.9208207369e+03 1.0000000000e+00 
4.2458026400e-05 6.7518186206e-10 9.8625458753e-10 2.0860149438e+03 1.0000000000e+00 
8.4284457192e-05 6.8928874018e-09 6.7026183721e-09 2.4785200327e+03 1.0000000000e+00 
2.2234776320e-05 3.2231828517e-10 0.0000000000e+00 1.4491626716e+03 1.0000000000e+00 
5.8931686966e-05 1.2956735706e-09 2.9577175058e-09 2.2467978058e+03 1.0000000000e+00 
2.9973203881e-04 7.8956184419e-07 0.0000000000e+00 6.5764181228e+02 1.0000000000e+00 
9.2495509417e-05 1.6769422962e-08 4.0441123240e-09 1.8413988328e+03 1.0000000000e+00 
4.3669124794e-05 1.0481161309e-09 8.7602994493e-10 2.6171254816e+03 1.0000000000e+00 
9.7627710548e-06 2.7283869517e-11 0.0000000000e+00 1.5802364213e+03 1.0000000000e+00 
2.5358015562e-05 2.3288986020e-10 1.5414156645e-10 2.5368009806e+03 1.0000000000e+00 
1.5879643254e-05 6.0105753134e-11 3.6020455642e-11 2.3549060191e+03 1.0000000000e+00 
3.8016519525e-05 5.8589703763e-10 6.4436948527e-10 2.0140652873e+03 1.0000000000e+00 
9.2667892888e-05 8.6623024273e-09 9.2217141284e-09 2.4751257337e+03 1.0000000000e+00 
4.0947255658e-05 2.0130800711e-09 0.0000000000e+00 1.7422432509e+03 1.0000000000e+00 
2.7765819981e-05 2.8888229784e-10 2.1294026802e-10 2.4810199034e+03 1.0000000000e+00 
1.2369954607e-04 1.9094719716e-08 2.2883157095e-08 2.4526545205e+03 1.0000000000e+00 
3.7541520790e-05 4.8964370813e-10 6.6738618287e-10 2.3229569959e+03 1.0000000000e+00 
1.2476944971e-04 5.6952321070e-08 0.0000000000e+00 7.9434193665e+02 1.0000000000e+00 
6.6400235413e-05 2.9320100626e-09 3.5527514197e-09 2.0342833887e+03 1.0000000000e+00 
1.6524549163e-05 5.0419646310e-11 5.1470650278e-11 2.2460605009e+03 1.0000000000e+00 
7.2877527925e-05 2.7276647506e-09 5.4192884678e-09 2.1972881753e+03 1.0000000000e+00 
2.5288171625e-04 1.2907915250e-07 2.1691758705e-07 2.6308037263e+03 1.0000000000e+00 
6.2086562302e-06 7.0174526501e-12 0.0000000000e+00 1.4596447259e+03 1.0000000000e+00 
1.1093687411e-06 2.3086005786e-14 1.0652181190e-14 2.6301333124e+03 1.0000000000e+00 
8.9350608626e-05 8.2826794805e-09 7.9409613250e-09 2.5560164798e+03 1.0000000000e+00 
3.0731117118e-05 2.4408119092e-10 3.8148213261e-10 2.1123509996e+03 1.0000000000e+00 
3.5543925012e-05 5.8641271240e-10 4.5903003547e-10 2.4297472999e+03 1.0000000000e+00 
6.1640753956e-06 3.9425534965e-12 1.8384563740e-12 2.4015003158e+03 1.0000000000e+00 
1.3385314808e-05 3.4067810990e-11 2.2786434444e-11 2.2976585315e+03 1.0000000000e+00 
1.1394731144e-04 9.2791396099e-09 2.1435413538e-08 2.3171488232e+03 1.0000000000e+00 
1.3605214715e-04 2.3460728954e-08 3.1668163248e-08 2.5970300720e+03 1.0000000000e+00 
2.8492823329e-05 2.3173816081e-10 2.8066782665e-10 2.0338235555e+03 1.0000000000e+00 
3.4650162735e-04 4.3170712050e-07 4.9539713009e-07 2.4850832437e+03 1.0000000000e+00 
2.4028708725e-05 2.4987396777e-10 9.8637456250e-11 1.8685499621e+03 1.0000000000e+00 
5.5425932574e-05 2.3330049308e-09 1.6717375542e-09 1.9329300824e+03 1.0000000000e+00 
9.0402887778e-06 2.1663746244e-11 0.0000000000e+00 1.4898491317e+03 1.0000000000e+00 
6.5478675882e-05 3.1916168961e-09 3.1680138774e-09 2.4242823578e+03 1.0000000000e+00 
1.3559809873e-04 2.3975515107e-08 3.0881429484e-08 2.5389281256e+03 1.0000000000e+00 
1.9469227934e-05 2.1638783320e-10 0.0000000000e+00 1.4376366246e+03 1.0000000000e+00 
2.5477252995e-05 4.8489136312e-10 0.0000000000e+00 1.6959179275e+03 1.0000000000e+00 
2.5783599212e-05 5.0259397097e-10 0.0000000000e+00 1.5411644828e+03 1.0000000000e+00 
7.3554597156e-05 4.2495753469e-09 4.6633423512e-09 2.0301594085e+03 1.0000000000e+00 
5.1770279670e-05 4.0684425019e-09 0.0000000000e+00 1.6305421485e+03 1.0000000000e+00 
2.9479937823e-04 2.2963470594e-07 3.2785274047e-07 2.6223053918e+03 1.0000000000e+00 
8.1665304419e-05 7.7290165415e-09 5.1799193666e-09 2.4251441852e+03 1.0000000000e+00 
1.9945768764e-04 8.8830910998e-08 9.0412669885e-08 2.5424215986e+03 1.0000000000e+00 
7.2788212301e-05 5.3069261825e-09 3.7718418278e-09 2.3163209643e+03 1.0000000000e+00 
3.4710993641e-05 4.2813716334e-10 5.0168648571e-10 2.0246961189e+03 1.0000000000e+00 
3.8154759134e-05 7.9165238767e-10 5.2612465227e-10 2.4102010818e+03 1.0000000000e+00 
6.9124486472e-06 6.1489003512e-12 2.2224498047e-12 2.2436776950e+03 1.0000000000e+00 
1.0458507088e-04 1.2570324462e-08 1.3182525198e-08 2.4745751055e+03 1.0000000000e+00 
1.5379142275e-05 1.0665543551e-10 0.0000000000e+00 1.7154804333e+03 1.0000000000e+00 
4.1952222302e-05 2.1649684074e-09 0.0000000000e+00 9.7325329119e+02 1.0000000000e+00 
2.8482491177e-04 2.0488870594e-07 2.9708100189e-07 2.5716728985e+03 1.0000000000e+00 
1.8770868893e-05 9.9324730184e-11 5.9464704689e-11 2.2901396791e+03 1.0000000000e+00 
1.4153550588e-04 1.8344800164e-08 4.0725142459e-08 2.2925354438e+03 1.0000000000e+00 
3.4556853203e-05 6.6381636221e-10 3.4332216033e-10 1.8929953372e+03 1.0000000000e+00 
1.9209056853e-06 1.2010141840e-13 5.5142638345e-14 2.5814265959e+03 1.0000000000e+00 
1.1248746933e-04 1.0085864170e-08 1.9893662228e-08 2.3282508965e+03 1.0000000000e+00 
1.0307266869e-04 8.7001219136e-09 1.4713707257e-08 2.3997506983e+03 1.0000000000e+00 
5.3174832026e-05 2.2432942604e-09 1.3610769703e-09 1.9102415645e+03 1.0000000000e+00 
3.2193875918e-05 3.2443113858e-10 4.1105198492e-10 2.0506985955e+03 1.0000000000e+00 
9.8034983805e-05 7.4291557558e-09 1.2695634503e-08 2.2445585068e+03 1.0000000000e+00 
9.9733196464e-05 1.1305414503e-08 1.1177288504e-08 2.4072491449e+03 1.0000000000e+00 
1.6182715673e-05 1.2426272137e-10 0.0000000000e+00 1.6663761201e+03 1.0000000000e+00 
2.4248388155e-05 1.8782318384e-10 1.4471826302e-10 1.9496236266e+03 1.0000000000e+00 
9.6088445568e-06 2.6013581717e-11 0.0000000000e+00 1.5221612699e+03 1.0000000000e+00 
1.0156876947e-04 7.2551871940e-09 1.4751356753e-08 2.3259911238e+03 1.0000000000e+00 
2.7842398749e-05 6.3285846905e-10 0.0000000000e+00 2.8790661037e+02 1.0000000000e+00 
1.1534318244e-05 2.5220583612e-11 1.2429514819e-11 2.4602529106e+03 1.0000000000e+00 
1.9043501792e-04 5.9991529712e-08 8.9577355078e-08 2.4243955690e+03 1.0000000000e+00 
5.1213350823e-06 3.9385487517e-12 0.0000000000e+00 1.2399908134e+03 1.0000000000e+00 
5.2478001328e-05 1.1848326461e-09 1.9188734309e-09 2.3316117528e+03 1.0000000000e+00 
1.4021693920e-04 2.6871390815e-08 3.3918655573e-08 2.0705499501e+03 1.0000000000e+00 
2.7363733628e-05 6.0077618912e-10 0.0000000000e+00 1.7329956280e+03 1.0000000000e+00 
4.4995468225e-05 2.6711173958e-09 0.0000000000e+00 1.5897408155e+03 1.0000000000e+00 
4.7877433225e-05 1.3622792291e-09 1.1664213256e-09 2.3891035202e+03 1.0000000000e+00 
2.6471459080e-05 5.4390154044e-10 0.0000000000e+00 1.7986985820e+03 1.0000000000e+00 
7.7275789280e-05 5.0413768057e-09 5.3360820274e-09 2.4478271432e+03 1.0000000000e+00 
9.3892665764e-06 1.3979239528e-11 6.4688953822e-12 2.3229232240e+03 1.0000000000e+00 
1.7344767851e-05 7.1213565478e-11 5.1408769420e-11 2.3281607533e+03 1.0000000000e+00 
4.1353795909e-05 8.0317140512e-10 7.9857854240e-10 1.9928255472e+03 1.0000000000e+00 
1.1715675314e-05 4.7150752802e-11 0.0000000000e+00 1.6170065665e+03 1.0000000000e+00 
7.4635263228e-05 4.3896552425e-09 4.9033411492e-09 2.6587858069e+03 1.0000000000e+00 
8.8723638572e-05 6.0375825700e-09 9.0773419075e-09 2.4160143274e+03 1.0000000000e+00 
1.2190214046e-05 2.9104904561e-11 1.5092325800e-11 2.3554012487e+03 1.0000000000e+00 
5.7309477653e-05 1.3154153978e-09 2.6422979553e-09 2.3220025892e+03 1.0000000000e+00 
7.9390004451e-06 1.4671824660e-11 0.0000000000e+00 1.0904032345e+03 1.0000000000e+00 
8.6214884615e-06 1.1035997235e-11 4.8741247154e-12 2.2413198394e+03 1.0000000000e+00 
1.4272450828e-04 1.8790333285e-08 4.1773158154e-08 2.2186691106e+03 1.0000000000e+00 
1.0682998504e-05 1.7981058684e-11 1.1168536890e-11 1.9197851583e+03 1.0000000000e+00 
4.4506453282e-05 1.0996835209e-09 9.3360902679e-10 2.3950065465e+03 1.0000000000e+00 
1.9616352360e-04 6.5736630902e-08 9.7801907359e-08 2.6273282647e+03 1.0000000000e+00 
4.3608501890e-05 1.0674180195e-09 8.5751402991e-10 2.4506679224e+03 1.0000000000e+00 
7.8584767910e-05 5.2439893206e-09 5.6482851852e-09 2.4088262977e+03 1.0000000000e+00 
1.1101003116e-04 1.3605631576e-08 1.6661088178e-08 2.7022994057e+03 1.0000000000e+00 
2.3656199302e-05 1.7280565306e-10 1.3537164658e-10 2.3515734272e+03 1.0000000000e+00 
5.7923983702e-05 1.4036878593e-09 2.6996074584e-09 2.1577804590e+03 1.0000000000e+00 
4.9739891341e-05 1.3954447433e-09 1.3909297959e-09 2.4129718655e+03 1.0000000000e+00 
8.3458175240e-06 9.5282052799e-12 4.7247510794e-12 2.3810753830e+03 1.0000000000e+00 
8.5144671140e-05 6.7858143791e-09 7.1112627745e-09 2.4718587878e+03 1.0000000000e+00 
2.8592666459e-05 3.8974981134e-10 1.8584373299e-10 2.3076053584e+03 1.0000000000e+00 
1.7283215532e-04 4.9047272251e-08 6.4321629228e-08 2.5708277817e+03 1.0000000000e+00 
1.2122736939e-04 4.2322416836e-08 6.2328149564e-09 1.8276234871e+03 1.0000000000e+00 
1.0321600529e-06 2.0753619909e-14 7.2215388982e-15 2.4389986183e+03 1.0000000000e+00 
9.8305901480e-05 9.6454890946e-09 1.1446875604e-08 2.4886090823e+03 1.0000000000e+00 
1.3004861667e-04 6.4491705218e-08 0.0000000000e+00 1.7932007853e+03 1.0000000000e+00 
1.2330322667e-05 5.4968004894e-11 0.0000000000e+00 1.4999038015e+03 1.0000000000e+00 
1.9402189047e-05 6.8358255992e-11 9.1646961383e-11 2.1251215221e+03 1.0000000000e+00 
1.3685274608e-04 2.4852978002e-08 3.1617252044e-08 2.5526674677e+03 1.0000000000e+00 
2.3853104883e-05 3.9794348841e-10 0.0000000000e+00 1.7813695271e+03 1.0000000000e+00 
1.1681065466e-04 1.5576272620e-08 1.9584929505e-08 2.4648309728e+03 1.0000000000e+00 
1.1848414236e-05 2.6294089633e-11 1.4128744373e-11 2.3549641702e+03 1.0000000000e+00 
3.2731615874e-05 3.6762076772e-10 4.1523817790e-10 2.0193625751e+03 1.0000000000e+00 
1.9752385810e-04 7.6023611132e-08 9.4250231143e-08 2.4962388460e+03 1.0000000000e+00 
3.3844277299e-05 5.0014730977e-10 4.0011311442e-10 2.3643020800e+03 1.0000000000e+00 
3.3624142093e-04 3.2546934335e-07 4.9605926152e-07 2.6457090996e+03 1.0000000000e+00 
9.2365533548e-06 2.3105558954e-11 0.0000000000e+00 1.5863691959e+03 1.0000000000e+00 
1.6467868539e-05 8.2611587976e-11 3.0382878815e-11 1.8642221402e+03 1.0000000000e+00 
1.6032462578e-05 5.0298282844e-11 4.4336422000e-11 2.1706211073e+03 1.0000000000e+00 
3.7733729477e-05 1.5753455989e-09 0.0000000000e+00 1.5717684526e+03 1.0000000000e+00 
2.9025758754e-05 3.3203893414e-10 2.4199445345e-10 2.3553142906e+03 1.0000000000e+00 
6.2490306376e-05 2.7170016589e-09 2.7897540159e-09 1.9954271767e+03 1.0000000000e+00 
4.6126252088e-05 7.4723085957e-10 1.3390922102e-09 2.2280349099e+03 1.0000000000e+00 
2.4794253162e-05 3.5486754871e-10 5.7867978916e-11 1.8295981039e+03 1.0000000000e+00 
4.3347047753e-05 1.0163648085e-09 8.6227749200e-10 2.3952021009e+03 1.0000000000e+00 
1.5623868230e-05 1.1182846196e-10 0.0000000000e+00 1.4348691269e+03 1.0000000000e+00 
1.4650696737e-05 5.2232991489e-11 2.5126198451e-11 2.3104237233e+03 1.0000000000e+00 
5.1922958356e-06 2.3896079789e-12 1.0779599044e-12 2.4335268749e+03 1.0000000000e+00 
6.9094252523e-05 2.9046672441e-09 4.2536978457e-09 2.0745514818e+03 1.0000000000e+00 
4.5803272416e-05 7.5967617199e-10 1.2935392037e-09 2.1275451686e+03 1.0000000000e+00 
1.9603374166e-04 6.1198338628e-08 1.0037860104e-07 2.6674941721e+03 1.0000000000e+00 
1.3575202162e-05 3.8315265708e-11 2.2024534749e-11 2.3907892850e+03 1.0000000000e+00 
8.0092952867e-06 1.5065014912e-11 0.0000000000e+00 1.2754713664e+03 1.0000000000e+00 
2.7146773133e-05 5.8659896163e-10 0.0000000000e+00 1.2623571411e+03 1.0000000000e+00 
1.0048710187e-05 2.9752099129e-11 0.0000000000e+00 1.3462309737e+03 1.0000000000e+00 
1.2223054094e-04 1.8590276394e-08 2.1972077436e-08 2.5047887913e+03 1.0000000000e+00 
1.7472446950e-04 4.4659241946e-08 7.0239558834e-08 2.6298884759e+03 1.0000000000e+00 
7.3439813178e-05 2.7177530088e-09 5.5919185751e-09 2.3338998719e+03 1.0000000000e+00 
4.6678446093e-05 1.1166175934e-09 1.1726477145e-09 2.3693571975e+03 1.0000000000e+00 
3.9801000404e-05 1.8487092496e-09 0.0000000000e+00 1.5550623175e+03 1.0000000000e+00 
3.4801678737e-05 5.7021471941e-10 4.1843772034e-10 2.4817325653e+03 1.0000000000e+00 
2.0894031619e-05 1.3049651090e-10 8.6089226993e-11 2.4439240771e+03 1.0000000000e+00 
1.3344868381e-04 2.6295230372e-08 2.7272584031e-08 2.4819357120e+03 1.0000000000e+00 
1.1375309880e-04 1.5085809022e-08 1.7646317139e-08 2.4868923783e+03 1.0000000000e+00 
2.0216723606e-05 9.2574880896e-11 9.4100853352e-11 2.0122173309e+03 1.0000000000e+00 
6.3540780621e-05 7.5221897986e-09 0.0000000000e+00 1.5415177019e+03 1.0000000000e+00 
3.6304151551e-05 7.1179938356e-10 4.3446459872e-10 2.3057303034e+03 1.0000000000e+00 
2.5642458138e-04 1.7979127525e-07 1.9774486268e-07 2.5067410152e+03 1.0000000000e+00 
1.9578463914e-06 1.4424311928e-13 4.7650396413e-14 2.3027733674e+03 1.0000000000e+00 
7.7322480286e-06 7.2839647832e-12 3.9418810049e-12 2.5896296724e+03 1.0000000000e+00 
9.9775477831e-06 2.9124474518e-11 0.0000000000e+00 1.5566655054e+03 1.0000000000e+00 
1.5940387534e-04 3.5657918968e-08 5.2237843288e-08 2.6077851260e+03 1.0000000000e+00 
2.8975004915e-05 3.2805030996e-10 2.4214144206e-10 2.4438087176e+03 1.0000000000e+00 
2.5209021377e-05 2.1735491908e-10 1.5864005578e-10 2.3911815991e+03 1.0000000000e+00 
4.9883170576e-04 3.6395592821e-06 0.0000000000e+00 6.3751977332e+02 1.0000000000e+00 
2.1548923521e-04 8.7527238899e-08 1.2940712809e-07 2.6691558754e+03 1.0000000000e+00 
8.9574721498e-05 1.3572100963e-08 4.7153596243e-09 1.8585706950e+03 1.0000000000e+00 
2.7773788184e-05 1.9156898713e-10 2.7444839188e-10 2.1086138999e+03 1.0000000000e+00 
1.8984581655e-05 9.5838873552e-11 6.5866928180e-11 2.3303722303e+03 1.0000000000e+00 
1.2787160599e-05 6.1306850861e-11 0.0000000000e+00 1.5915971254e+03 1.0000000000e+00 
2.8526819668e-05 3.7877466008e-10 1.8977274489e-10 1.8893217988e+03 1.0000000000e+00 
3.9499290532e-05 5.2615967684e-10 8.0509016957e-10 2.1303633578e+03 1.0000000000e+00 
5.3292197333e-06 2.8312615544e-12 1.0098871475e-12 2.2494992039e+03 1.0000000000e+00 
2.2296792186e-04 3.2502278521e-07 0.0000000000e+00 7.9911885820e+02 1.0000000000e+00 
2.5916021487e-05 2.4888960514e-10 1.6436391058e-10 1.9246207012e+03 1.0000000000e+00 
4.6618712857e-05 1.4311289653e-09 9.6776772231e-10 2.3516800982e+03 1.0000000000e+00 
7.2911516288e-05 4.0564711903e-09 4.5940244993e-09 2.4451513797e+03 1.0000000000e+00 
6.3019116894e-05 2.7767695327e-09 2.8673340284e-09 2.4162672753e+03 1.0000000000e+00 
1.2096726635e-04 1.3113212174e-08 2.4381986165e-08 2.3449241379e+03 1.0000000000e+00 
2.9029662137e-05 3.7204995688e-10 2.1702652443e-10 1.9080092915e+03 1.0000000000e+00 
6.3072779086e-05 1.7169048032e-09 3.5453282868e-09 2.2169291205e+03 1.0000000000e+00 
1.5149415053e-05 4.2814429555e-11 3.7169013558e-11 2.7978499300e+03 1.0000000000e+00 
4.5040657820e-05 1.1583066077e-09 9.5597341592e-10 2.4839573180e+03 1.0000000000e+00 
9.1682626635e-05 7.5909874996e-09 9.4322527518e-09 2.4179033558e+03 1.0000000000e+00 
2.1655590805e-04 1.0025460860e-07 1.2415934909e-07 2.4625127574e+03 1.0000000000e+00 
1.2587653034e-04 1.9257454767e-08 2.4655320378e-08 2.5153967967e+03 1.0000000000e+00 
9.2310114184e-06 1.2296611668e-11 6.7680688086e-12 2.2921251379e+03 1.0000000000e+00 
7.6632738585e-06 7.5527490622e-12 3.5469452850e-12 2.4633724288e+03 1.0000000000e+00 
2.6180428563e-04 1.2377902713e-07 2.5292447850e-07 2.6804838019e+03 1.0000000000e+00 
4.2391401708e-04 8.0015017055e-07 9.0107274093e-07 2.5161173428e+03 1.0000000000e+00 
7.2345344845e-05 1.1102439689e-08 0.0000000000e+00 1.5692892585e+03 1.0000000000e+00 
1.9366513316e-05 2.1298105093e-10 0.0000000000e+00 1.5444401712e+03 1.0000000000e+00 
1.7362820702e-04 5.2068941514e-08 6.3743138795e-08 2.5096762728e+03 1.0000000000e+00 
6.9076196074e-05 4.9303979010e-09 2.9756164073e-09 2.3046961823e+03 1.0000000000e+00 
9.3385086394e-05 8.4259827210e-09 9.7134318884e-09 2.5552816613e+03 1.0000000000e+00 
3.8112579326e-05 6.9623640368e-10 5.8270897174e-10 2.4371405210e+03 1.0000000000e+00 
9.3677816545e-06 2.4104433438e-11 0.0000000000e+00 1.7206920742e+03 1.0000000000e+00 
1.7540669142e-05 1.5824322300e-10 0.0000000000e+00 1.7299864656e+03 1.0000000000e+00 
1.2602989837e-04 2.1341544517e-08 2.3479850113e-08 2.5991506072e+03 1.0000000000e+00 
2.9136747478e-05 7.2528694355e-10 0.0000000000e+00 1.7527137961e+03 1.0000000000e+00 
2.7392533170e-05 1.7542316697e-10 2.6855834860e-10 2.1269632346e+03 1.0000000000e+00 
1.7941078366e-04 6.3582907801e-08 6.6469201454e-08 2.4162396799e+03 1.0000000000e+00 
6.8052366834e-04 9.2409442991e-06 0.0000000000e+00 5.4814589433e+02 1.0000000000e+00 
5.9006965696e-05 2.3102115334e-09 2.3344818841e-09 2.4488687590e+03 1.0000000000e+00 
3.8727701844e-06 1.0588768129e-12 4.0496907697e-13 2.4011050409e+03 1.0000000000e+00 
2.3266971999e-05 1.1169117249e-10 1.6193995038e-10 2.1754687151e+03 1.0000000000e+00 
8.9513481493e-05 7.3517800504e-09 8.5981255077e-09 2.4963217413e+03 1.0000000000e+00 
2.2148782126e-05 1.5911176089e-10 1.0024533790e-10 2.3149068150e+03 1.0000000000e+00 
6.0317881811e-05 2.2051935476e-09 2.6585151670e-09 2.0296585970e+03 1.0000000000e+00 
6.2944967001e-05 1.7384975066e-09 3.5036989369e-09 2.1994586523e+03 1.0000000000e+00 
6.2631049200e-06 3.7057504305e-12 2.1987121212e-12 2.6317513435e+03 1.0000000000e+00 
2.2565949721e-04 1.0418593308e-07 1.4630008208e-07 2.5649558688e+03 1.0000000000e+00 
3.0109993214e-05 2.6992194496e-10 3.3345672017e-10 2.0443125449e+03 1.0000000000e+00 
8.7569403041e-06 1.9689913885e-11 0.0000000000e+00 1.4815852790e+03 1.0000000000e+00 
3.7035656912e-05 6.9165054951e-10 5.0151894746e-10 2.3560946576e+03 1.0000000000e+00 
3.0692915996e-05 2.3933536377e-10 3.8247292097e-10 2.1817597368e+03 1.0000000000e+00 
5.8824681462e-05 1.9292292669e-09 2.5389719330e-09 2.0475575483e+03 1.0000000000e+00 
6.0356961070e-05 6.4471644050e-09 0.0000000000e+00 1.6316762996e+03 1.0000000000e+00 
1.0458623333e-04 1.2547003347e-08 1.3197887226e-08 2.5989591073e+03 1.0000000000e+00 
7.2239484607e-05 4.6232555910e-09 4.0420399007e-09 2.6487738131e+03 1.0000000000e+00 
5.2317301406e-05 1.1028485293e-09 1.9460112276e-09 2.1355095454e+03 1.0000000000e+00 
7.5322345258e-05 4.4564512245e-09 5.0749304843e-09 2.4511790703e+03 1.0000000000e+00 
5.0150833122e-05 1.6553088934e-09 1.2842673705e-09 2.5421277020e+03 1.0000000000e+00 
5.3981660326e-05 1.8552883893e-09 1.7330309041e-09 2.4642827921e+03 1.0000000000e+00 
6.8644437567e-05 3.9094643976e-09 3.5041469572e-09 2.4298034591e+03 1.0000000000e+00 
1.0040599114e-04 1.0482345695e-08 1.2067167242e-08 2.4350601048e+03 1.0000000000e+00 
1.4065829167e-04 2.6649280302e-08 3.4539567328e-08 2.5194158925e+03 1.0000000000e+00 
2.3018528551e-05 1.6248989356e-10 1.2265192861e-10 1.9439325236e+03 1.0000000000e+00 
3.1971161292e-05 9.5821261426e-10 0.0000000000e+00 1.5400466115e+03 1.0000000000e+00 
6.7325040370e-05 4.5789530299e-09 2.7461356003e-09 2.3926591327e+03 1.0000000000e+00 
1.7924538749e-04 6.2636010379e-08 6.6770301158e-08 2.5500272086e+03 1.0000000000e+00 
3.2197983070e-05 2.5983389758e-10 4.5189136433e-10 2.1871192596e+03 1.0000000000e+00 
3.7173688986e-05 1.5062381132e-09 0.0000000000e+00 1.7734154941e+03 1.0000000000e+00 
3.0535157919e-06 5.2672029389e-13 1.9365580400e-13 2.4248089620e+03 1.0000000000e+00 
1.7252436380e-04 3.1521420578e-08 7.4830427260e-08 2.2698616276e+03 1.0000000000e+00 
7.7714701951e-05 1.3762464337e-08 0.0000000000e+00 3.0830760646e+02 1.0000000000e+00 
1.6680118037e-04 4.6076226390e-08 5.6571773441e-08 2.4951792324e+03 1.0000000000e+00 
4.2795518816e-05 6.7769682100e-10 1.0185810970e-09 2.0868528682e+03 1.0000000000e+00 
9.0700496506e-05 9.2978118884e-09 7.9078009154e-09 2.4027677875e+03 1.0000000000e+00 
1.2869087972e-06 3.7241350160e-14 1.5872337610e-14 2.5820275184e+03 1.0000000000e+00 
8.9821439875e-05 8.0418966285e-09 8.3012446555e-09 2.4078755494e+03 1.0000000000e+00 
3.6819855811e-05 4.5528133525e-10 6.3382254377e-10 2.0678429971e+03 1.0000000000e+00 
1.8697181465e-04 6.5867859380e-08 7.9064794864e-08 2.5283476323e+03 1.0000000000e+00 
1.1088174602e-05 2.2137012773e-11 1.1211196239e-11 2.4507713554e+03 1.0000000000e+00 
2.6869798118e-05 2.5439487665e-10 1.9764276672e-10 2.3637460798e+03 1.0000000000e+00 
4.0806828747e-05 9.7487521679e-10 6.3961195790e-10 2.3496239831e+03 1.0000000000e+00 
4.3970140475e-05 9.0569242453e-10 9.9751224465e-10 2.7659855963e+03 1.0000000000e+00 
4.8888876653e-05 1.0079777910e-09 1.5200457876e-09 2.2799520740e+03 1.0000000000e+00 
1.1883623929e-06 2.9153095667e-14 1.2605771364e-14 2.5791272068e+03 1.0000000000e+00 
3.3909309109e-05 5.5048088995e-10 3.7260147090e-10 2.3285234132e+03 1.0000000000e+00 
2.3112604920e-04 1.3171554903e-07 1.4476320240e-07 2.5560497525e+03 1.0000000000e+00 
1.0896380019e-04 1.3318446413e-08 1.5472893538e-08 2.5219961632e+03 1.0000000000e+00 
4.7447888418e-05 1.4437796355e-09 1.0612376449e-09 2.4325216076e+03 1.0000000000e+00 
4.8776943719e-06 3.4027528259e-12 0.0000000000e+00 1.7912953153e+03 1.0000000000e+00 
3.9067450466e-05 1.0164420416e-09 4.6006524206e-10 2.2834416049e+03 1.0000000000e+00 
5.3756706058e-05 1.0852525202e-09 2.1809591865e-09 2.1788148551e+03 1.0000000000e+00 
6.0300051401e-05 2.4940967607e-09 2.4733330485e-09 2.4011101991e+03 1.0000000000e+00 
5.2505491820e-05 1.8664858548e-09 1.4945938969e-09 2.5265934527e+03 1.0000000000e+00 
5.9565933536e-06 6.1969858863e-12 0.0000000000e+00 9.9890335055e+02 1.0000000000e+00 
5.2639394410e-05 1.1276736214e-09 1.9794530997e-09 2.1528379994e+03 1.0000000000e+00 
5.7536451047e-06 5.5849059020e-12 0.0000000000e+00 1.4213333998e+03 1.0000000000e+00 
1.6162305203e-05 1.2379313462e-10 0.0000000000e+00 1.6862332429e+03 1.0000000000e+00 
5.2637007892e-05 1.7099664536e-09 1.6130748429e-09 2.4334959432e+03 1.0000000000e+00 
1.1213116549e-04 8.8423608905e-09 2.0426799391e-08 2.2825455816e+03 1.0000000000e+00 
5.1773739850e-06 4.0692583265e-12 0.0000000000e+00 1.5747337432e+03 1.0000000000e+00 
8.7793344421e-05 6.9841403883e-09 8.0816806893e-09 2.5648452054e+03 1.0000000000e+00 
2.9692470525e-05 7.6758353683e-10 0.0000000000e+00 1.4504469094e+03 1.0000000000e+00 
8.4366498512e-05 4.2517618546e-09 8.3950106029e-09 2.3510606994e+03 1.0000000000e+00 
2.1779133429e-05 1.4379505598e-10 1.0001283895e-10 2.3797457161e+03 1.0000000000e+00 
5.5884518851e-05 2.3428165869e-09 1.7441115029e-09 2.4151560585e+03 1.0000000000e+00 
8.5572663209e-05 6.8247500777e-09 7.2592115992e-09 2.4428562100e+03 1.0000000000e+00 
1.1001855668e-04 1.5943109007e-08 1.4522265285e-08 2.4176850885e+03 1.0000000000e+00 
3.2332516674e-05 3.1784490249e-10 4.2317128031e-10 2.3128980679e+03 1.0000000000e+00 
1.5277711631e-04 3.3023740096e-08 4.4965043737e-08 2.5684019816e+03 1.0000000000e+00 
2.9341243828e-05 2.0640351595e-10 3.3582192014e-10 2.2107426706e+03 1.0000000000e+00 
7.0733388377e-06 1.0376718557e-11 0.0000000000e+00 1.5876787738e+03 1.0000000000e+00 
1.9257629452e-05 2.0940889594e-10 0.0000000000e+00 1.7840319905e+03 1.0000000000e+00 
1.3266427312e-05 6.8461844347e-11 0.0000000000e+00 1.5997305852e+03 1.0000000000e+00 
1.1925138992e-04 1.5498206790e-08 2.1514143091e-08 2.6653237940e+03 1.0000000000e+00 
1.3268017073e-04 2.5010759195e-08 2.7327582950e-08 2.4578541152e+03 1.0000000000e+00 
