1.0026520966e-07 1.4175192893e+04 1.2666756991e+00 5.7000000000e-01 
2.9127353109e-08 1.6749662702e+04 5.6146041214e-01 5.7000000000e-01 
3.4504304164e-11 1.5799204796e+04 4.7954823795e-01 5.7000000000e-01 
2.9448131986e-08 1.1225684176e+04 5.3323556459e-01 5.7000000000e-01 
1.6748366653e-09 1.2743754287e+04 1.1891931135e+00 5.7000000000e-01 
5.0058019283e-11 1.1254076325e+04 5.9982828974e-01 5.7000000000e-01 
6.5080691466e-09 1.1503253563e+04 7.3534415653e-01 5.7000000000e-01 
4.6631461914e-08 1.1541851923e+04 1.0238697373e+00 5.7000000000e-01 
1.3862263506e-09 1.2339101473e+04 1.3162281953e+00 5.7000000000e-01 
1.6921115442e-08 1.5082574996e+04 6.3550454185e-01 5.7000000000e-01 
2.0706013986e-09 1.2210433401e+04 1.1010996826e+00 5.7000000000e-01 
2.3329152098e-09 1.1417600696e+04 8.4634360869e-01 5.7000000000e-01 
1.2587797846e-06 1.2088606716e+04 6.7891104095e-01 5.7000000000e-01 
3.2696052942e-11 1.1822068625e+04 7.3696606814e-01 5.7000000000e-01 
6.9644614123e-09 1.2025725461e+04 1.1022656711e+00 5.7000000000e-01 
4.8050511331e-07 1.6025731421e+04 9.0425304551e-01 5.7000000000e-01 
9.5212195792e-09 1.1783560220e+04 8.5736189016e-01 5.7000000000e-01 
2.6634073859e-08 2.1211363790e+04 3.5245431073e-01 5.7000000000e-01 
7.3092164226e-10 1.1500416901e+04 1.3494999424e+00 5.7000000000e-01 
6.4660530572e-10 1.8052134423e+04 6.9572444545e-01 5.7000000000e-01 
3.7355709864e-08 1.3545889704e+04 8.5527309030e-01 5.7000000000e-01 
6.1971560511e-09 1.4929739564e+04 1.2716531315e+00 5.7000000000e-01 
1.1939417160e-10 1.1645534170e+04 7.3145756322e-01 5.7000000000e-01 
1.7782593713e-09 1.1915594705e+04 1.0140968593e+00 5.7000000000e-01 
3.4509825152e-09 1.2083512756e+04 3.5693677429e-01 5.7000000000e-01 
7.1876124946e-08 1.2516574371e+04 9.9862356065e-01 5.7000000000e-01 
8.6519811822e-08 2.5000000000e+04 4.7329273060e-01 5.7000000000e-01 
4.4095468931e-12 1.1646327465e+04 7.3793882540e-01 5.7000000000e-01 
2.1314297113e-09 1.3304578170e+04 8.1046412531e-01 5.7000000000e-01 
2.8880103631e-08 1.8165708559e+04 1.1806916907e-01 5.7000000000e-01 
2.8666559335e-09 1.2062369561e+04 1.6373661779e-01 5.7000000000e-01 
5.3918008745e-09 1.7130721242e+04 5.2882049809e-01 5.7000000000e-01 
5.4473972302e-09 1.2392249824e+04 6.6263041831e-01 5.7000000000e-01 
1.5330147576e-09 1.8485796104e+04 8.1416634940e-01 5.7000000000e-01 
1.7544803248e-09 1.3166056222e+04 5.2169109152e-01 5.7000000000e-01 
2.7957609163e-11 1.5537853408e+04 3.0008479929e-01 5.7000000000e-01 
2.7685569981e-08 1.2304226057e+04 7.6692894520e-01 5.7000000000e-01 
6.4636545842e-07 1.4357375417e+04 1.4828661811e-01 5.7000000000e-01 
3.9650345218e-09 1.2584271170e+04 1.4227428732e+00 5.7000000000e-01 
4.8687002943e-09 1.1484528873e+04 1.0040818149e+00 5.7000000000e-01 
1.7265723732e-08 1.5018606920e+04 6.0287061715e-01 5.7000000000e-01 
2.1094062660e-08 1.4998952323e+04 1.6320186625e-01 5.7000000000e-01 
6.8072163029e-06 1.1266108918e+04 1.0212180916e+00 5.7000000000e-01 
2.6596423478e-09 2.1557639284e+04 9.4578929807e-01 5.7000000000e-01 
2.6923427974e-10 1.3093561878e+04 2.6985154124e-01 5.7000000000e-01 
3.2634818425e-08 1.1649670490e+04 3.6239118148e-01 5.7000000000e-01 
8.9113975040e-08 1.1963683274e+04 3.3631121324e-01 5.7000000000e-01 
8.7695063201e-11 1.2762983065e+04 1.4640370612e+00 5.7000000000e-01 
1.2404767961e-07 1.2614879738e+04 1.0275432192e-01 5.7000000000e-01 
2.2529698352e-08 1.6010557111e+04 1.1975551347e+00 5.7000000000e-01 
2.7879700688e-08 1.1882955201e+04 1.1043134169e+00 5.7000000000e-01 
1.9555004070e-06 1.1451080659e+04 1.4196211955e+00 5.7000000000e-01 
1.0790680649e-08 1.2534451924e+04 1.0055370083e+00 5.7000000000e-01 
2.7533759558e-11 1.1892385411e+04 1.0204118995e+00 5.7000000000e-01 
2.7766094823e-06 1.4914702124e+04 5.9956588249e-01 5.7000000000e-01 
3.0529133445e-11 1.2805000402e+04 6.1222105169e-01 5.7000000000e-01 
1.8933364250e-10 1.8763737942e+04 1.1901953609e+00 5.7000000000e-01 
3.3538709714e-11 2.0482043386e+04 7.6303805750e-01 5.7000000000e-01 
2.4455194363e-08 1.6364578399e+04 5.7578114781e-01 5.7000000000e-01 
1.8035204285e-10 1.3765536057e+04 1.1917368362e+00 5.7000000000e-01 
3.8208334368e-08 1.1703325736e+04 1.3608435971e+00 5.7000000000e-01 
1.1892638034e-08 1.1792388571e+04 5.3007141661e-01 5.7000000000e-01 
1.3264178692e-08 1.5061544169e+04 1.0723962519e+00 5.7000000000e-01 
1.1494831046e-10 1.1201688333e+04 8.4293305509e-01 5.7000000000e-01 
1.7027277497e-08 1.3698048136e+04 1.1689001028e+00 5.7000000000e-01 
7.1345308672e-08 1.2825899185e+04 5.9316040944e-01 5.7000000000e-01 
3.5359141007e-10 1.9897272434e+04 4.4470758274e-01 5.7000000000e-01 
6.0053913137e-06 1.3135383739e+04 6.9676973105e-01 5.7000000000e-01 
2.6952476171e-09 1.2771523005e+04 9.6943008176e-01 5.7000000000e-01 
1.2149351901e-09 1.4787075480e+04 8.4209907986e-01 5.7000000000e-01 
9.7048122736e-10 1.1979631697e+04 4.6993181047e-01 5.7000000000e-01 
3.9409045667e-09 1.1764739485e+04 1.3802288917e+00 5.7000000000e-01 
9.6959643051e-07 1.5596023574e+04 9.9735863531e-01 5.7000000000e-01 
7.8279829279e-10 1.8689541994e+04 1.3234108591e+00 5.7000000000e-01 
3.7751401657e-07 1.3816536525e+04 1.0025044055e+00 5.7000000000e-01 
5.5079259823e-09 1.5392347695e+04 1.1153433182e+00 5.7000000000e-01 
1.4959568204e-08 1.3714612254e+04 8.2538913941e-01 5.7000000000e-01 
4.6044335886e-06 1.4292430495e+04 4.9740571970e-01 5.7000000000e-01 
6.3776671459e-09 1.1361862331e+04 8.8440357293e-01 5.7000000000e-01 
4.2899586892e-10 1.4161107162e+04 9.7186746054e-01 5.7000000000e-01 
9.2978754711e-10 1.4193732379e+04 3.7286909705e-01 5.7000000000e-01 
4.7736654403e-09 1.1622360429e+04 2.7380265933e-01 5.7000000000e-01 
1.0315649734e-07 1.1751334573e+04 8.3780848714e-01 5.7000000000e-01 
1.0721831278e-08 1.1650406123e+04 1.1989499110e+00 5.7000000000e-01 
1.8378667349e-08 1.6964208199e+04 1.2132571382e+00 5.7000000000e-01 
7.4238599271e-06 2.3339025496e+04 1.0657384134e+00 5.7000000000e-01 
2.0412752217e-10 1.3690055985e+04 7.1771366483e-01 5.7000000000e-01 
1.1626365484e-10 1.6324586666e+04 1.2231714003e+00 5.7000000000e-01 
4.2928618993e-07 2.5000000000e+04 4.7531313716e-01 5.7000000000e-01 
9.9060329575e-09 1.2559731867e+04 9.6073362957e-01 5.7000000000e-01 
5.6304015709e-08 1.9751360664e+04 2.6228234254e-01 5.7000000000e-01 
3.8102177185e-09 1.1430616579e+04 1.2279405511e+00 5.7000000000e-01 
3.1033569043e-11 1.2246181568e+04 6.8516920775e-01 5.7000000000e-01 
1.9557662906e-09 2.5000000000e+04 9.7699100423e-01 5.7000000000e-01 
3.1889796840e-10 1.9175170062e+04 1.4105602304e-01 5.7000000000e-01 
2.5170173126e-06 2.5000000000e+04 1.4079489636e+00 5.7000000000e-01 
3.5894599252e-10 2.5000000000e+04 1.1122712698e+00 5.7000000000e-01 
1.1376579993e-08 1.1849097541e+04 7.6508409343e-01 5.7000000000e-01 
1.0518551402e-07 1.4988531491e+04 1.0568143795e+00 5.7000000000e-01 
6.1905746573e-10 1.1279618722e+04 6.1647368610e-01 5.7000000000e-01 
1.6794796049e-10 1.2844186126e+04 9.8295042550e-01 5.7000000000e-01 
1.2635716412e-09 1.3081031696e+04 1.0401880750e+00 5.7000000000e-01 
4.7607329270e-06 1.3413934378e+04 4.1324857473e-01 5.7000000000e-01 
4.4567927103e-09 1.1741988510e+04 7.8920881712e-01 5.7000000000e-01 
9.7640584494e-09 1.9893839175e+04 2.6869529908e-01 5.7000000000e-01 
1.3264774844e-09 1.6156672937e+04 1.2150661112e+00 5.7000000000e-01 
5.3687333718e-06 1.4543420577e+04 6.0106412558e-01 5.7000000000e-01 
9.9667910389e-10 1.3421483562e+04 1.2512896684e+00 5.7000000000e-01 
7.4686048872e-11 1.1632264440e+04 3.8604714231e-01 5.7000000000e-01 
7.1873819058e-07 1.1761191509e+04 2.5282272134e-01 5.7000000000e-01 
6.1667762726e-11 1.3167006914e+04 8.3583425119e-01 5.7000000000e-01 
1.0894047763e-11 1.2087392821e+04 1.2432559295e+00 5.7000000000e-01 
5.0399803151e-09 1.3162245612e+04 3.3523436932e-01 5.7000000000e-01 
2.9244901388e-05 1.4838812656e+04 1.1886731423e+00 5.7000000000e-01 
1.1595946212e-09 1.1365117903e+04 4.1458678567e-01 5.7000000000e-01 
7.7315769769e-11 1.2305025141e+04 1.0207270807e+00 5.7000000000e-01 
2.3142569600e-09 1.9080181754e+04 1.4129617295e-01 5.7000000000e-01 
1.1677895286e-08 1.6158987114e+04 1.0674407354e+00 5.7000000000e-01 
3.3186258028e-10 1.8245386609e+04 1.0145727575e+00 5.7000000000e-01 
1.3646228222e-08 1.2615315516e+04 2.9276959209e-01 5.7000000000e-01 
1.1449797547e-07 1.2686209783e+04 1.1509813021e+00 5.7000000000e-01 
1.0927549660e-08 1.8521274441e+04 3.9720169679e-01 5.7000000000e-01 
6.5099069382e-10 1.2344743043e+04 8.7968399952e-01 5.7000000000e-01 
1.1332004023e-06 2.2159632700e+04 4.2220612283e-01 5.7000000000e-01 
7.1170567285e-08 1.3726366845e+04 6.8208179194e-01 5.7000000000e-01 
6.0544565903e-10 1.5823627539e+04 8.9121002908e-01 5.7000000000e-01 
6.1908121287e-09 1.5132954395e+04 6.9546224509e-01 5.7000000000e-01 
2.2470585044e-10 1.2793914787e+04 7.7372259150e-01 5.7000000000e-01 
2.9949936855e-10 2.3527579057e+04 2.6832318803e-01 5.7000000000e-01 
5.9096699290e-09 1.1937665586e+04 5.0974032492e-01 5.7000000000e-01 
2.9173960536e-09 1.2275946582e+04 2.2277351395e-01 5.7000000000e-01 
1.3013296942e-05 1.1269066556e+04 4.7244063006e-01 5.7000000000e-01 
1.2865297541e-05 1.4457479842e+04 1.0695567292e+00 5.7000000000e-01 
1.0376211018e-09 1.1813468213e+04 1.1630763735e+00 5.7000000000e-01 
2.0122365553e-07 1.3781747590e+04 7.7618719994e-01 5.7000000000e-01 
1.3919875488e-08 1.3283350933e+04 1.0496430291e+00 5.7000000000e-01 
2.6274298027e-10 1.1528334886e+04 6.7255929873e-01 5.7000000000e-01 
5.1916750120e-09 1.1827174109e+04 1.0017464622e+00 5.7000000000e-01 
3.5330943215e-11 1.5446320262e+04 8.9419625290e-01 5.7000000000e-01 
2.6292865300e-08 1.1638830221e+04 5.6089136508e-01 5.7000000000e-01 
9.5234816129e-10 1.3085856274e+04 8.2975447814e-01 5.7000000000e-01 
2.4361084283e-11 1.1395385188e+04 1.1980612276e+00 5.7000000000e-01 
7.0494891039e-07 1.1822385040e+04 3.9730888652e-01 5.7000000000e-01 
2.4385603624e-11 1.4586600685e+04 6.8950112788e-01 5.7000000000e-01 
2.0029959225e-07 1.2491758572e+04 6.8530240350e-01 5.7000000000e-01 
5.2985779026e-10 1.7320052457e+04 1.1269425142e+00 5.7000000000e-01 
3.2621887339e-09 1.1371116988e+04 6.2288332149e-01 5.7000000000e-01 
4.1826280264e-10 1.1233643788e+04 8.9757504320e-01 5.7000000000e-01 
4.7319596955e-08 1.1568438334e+04 5.5711493839e-01 5.7000000000e-01 
5.6739949436e-06 1.4128515658e+04 5.8142110182e-01 5.7000000000e-01 
2.4457967898e-09 1.1265914515e+04 2.9041838634e-01 5.7000000000e-01 
1.9856693441e-09 1.1714427053e+04 1.0063470130e+00 5.7000000000e-01 
1.3582170330e-07 1.3165806071e+04 7.9739624565e-01 5.7000000000e-01 
1.0585877953e-08 1.2296873921e+04 8.5206272670e-01 5.7000000000e-01 
2.9441880712e-08 1.1954839916e+04 1.3727184324e+00 5.7000000000e-01 
9.4412895012e-09 1.1857975358e+04 3.8618339700e-01 5.7000000000e-01 
7.4533484710e-11 1.3520931729e+04 2.9809298476e-01 5.7000000000e-01 
9.8751859621e-08 1.1997912424e+04 6.0160817951e-01 5.7000000000e-01 
9.1979370986e-12 1.3527376139e+04 9.2531246758e-01 5.7000000000e-01 
2.2412407472e-08 1.2629290075e+04 1.3411030020e+00 5.7000000000e-01 
1.6320646828e-06 1.1290033944e+04 1.1423424136e+00 5.7000000000e-01 
1.8261112979e-05 1.1294945660e+04 1.0497579482e+00 5.7000000000e-01 
6.8865112055e-10 1.2879071517e+04 4.0392666968e-01 5.7000000000e-01 
1.4868502602e-08 2.0141991338e+04 5.2952698674e-01 5.7000000000e-01 
6.7962909809e-08 1.5179252677e+04 1.1356261741e+00 5.7000000000e-01 
2.0767251915e-08 1.2790879124e+04 1.0825904823e+00 5.7000000000e-01 
9.3083300995e-09 1.3986418835e+04 1.2475669428e-02 5.7000000000e-01 
2.9050558043e-09 1.1291100807e+04 1.4076165486e-01 5.7000000000e-01 
6.0319048389e-07 1.8372607846e+04 1.3915452842e+00 5.7000000000e-01 
4.1630435637e-10 1.5668951660e+04 6.3338414772e-01 5.7000000000e-01 
8.7743496568e-09 1.1672421394e+04 1.0519791347e+00 5.7000000000e-01 
2.6540974062e-11 1.1859335472e+04 8.8439816757e-01 5.7000000000e-01 
4.5074137666e-07 1.3984936977e+04 9.4888768656e-01 5.7000000000e-01 
1.7646959530e-11 1.1349598647e+04 5.0804467759e-01 5.7000000000e-01 
7.7401099427e-07 1.4089557938e+04 3.4183596396e-01 5.7000000000e-01 
9.6332820462e-06 1.1680547913e+04 3.2577020333e-01 5.7000000000e-01 
6.8528926494e-07 1.4603683949e+04 5.9047863911e-01 5.7000000000e-01 
2.3177992771e-10 1.2021577669e+04 8.5739416487e-01 5.7000000000e-01 
8.5573769705e-10 1.2954118526e+04 6.9669011130e-01 5.7000000000e-01 
3.4207451823e-06 1.1519627947e+04 5.7661998223e-01 5.7000000000e-01 
2.2918377854e-08 1.2273826707e+04 7.3548291028e-01 5.7000000000e-01 
4.2684898122e-11 1.5549560535e+04 1.0653987110e+00 5.7000000000e-01 
4.8616195225e-10 1.3635288403e+04 3.8755866641e-01 5.7000000000e-01 
4.2523173053e-06 1.4901633358e+04 1.1632857098e+00 5.7000000000e-01 
1.3130660848e-05 1.1501907898e+04 6.4391535931e-01 5.7000000000e-01 
1.5880078872e-11 1.4364333450e+04 1.1154269143e+00 5.7000000000e-01 
9.9512738578e-10 1.2444038842e+04 1.0088250856e+00 5.7000000000e-01 
2.0696407766e-07 1.5627843617e+04 1.3570452955e+00 5.7000000000e-01 
1.2377891298e-09 1.1397322436e+04 8.4710898561e-01 5.7000000000e-01 
1.0488224918e-10 1.2392370857e+04 8.5896932209e-01 5.7000000000e-01 
3.6955217053e-08 1.3507227626e+04 7.5478674442e-01 5.7000000000e-01 
3.9656180012e-10 1.7523014168e+04 1.8911597452e-01 5.7000000000e-01 
7.7817845664e-10 1.1364400091e+04 1.0863695044e+00 5.7000000000e-01 
4.9854344064e-12 1.3592260125e+04 7.2976847782e-01 5.7000000000e-01 
5.1359667554e-11 1.5348191564e+04 4.8079255989e-01 5.7000000000e-01 
2.6272395112e-07 1.7725725604e+04 6.0202538237e-02 5.7000000000e-01 
3.0024036074e-10 1.4911253677e+04 9.4805640211e-01 5.7000000000e-01 
9.6985081580e-09 1.3391261080e+04 1.3588463062e+00 5.7000000000e-01 
2.2161511902e-08 1.1864044535e+04 1.2802393685e+00 5.7000000000e-01 
4.5525794657e-09 2.2971528958e+04 1.1329703912e+00 5.7000000000e-01 
