1.4776041537e-04 9.9194899316e-01 
9.9356848364e-05 9.9124461296e-01 
1.1925212211e-05 2.6310965356e-01 
9.7753613885e-05 9.8840659924e-01 
4.5782154048e-05 2.2516023473e-01 
1.1951681303e-05 1.0000000000e+00 
6.0445393428e-05 3.0005516068e-01 
1.1293807787e-04 9.8908676843e-01 
4.0693428772e-05 4.3968151980e-01 
8.1497598640e-05 1.0000000000e+00 
4.8982524094e-05 1.8989652086e-01 
4.9780426380e-05 1.6698292434e-01 
3.4405315587e-04 1.0000000000e+00 
1.0369780402e-05 1.0000000000e+00 
6.8986847107e-05 1.9853385033e-01 
2.5294364479e-04 1.0000000000e+00 
6.7572707111e-05 3.0061197109e-01 
9.6654880121e-05 1.0000000000e+00 
2.9212006639e-05 1.0000000000e+00 
2.7303184459e-05 1.0000000000e+00 
1.0721051220e-04 9.9208047607e-01 
5.6790064608e-05 9.8982551877e-01 
1.8441380991e-05 3.6473011051e-01 
4.6506522917e-05 1.7804065610e-01 
4.9162422716e-05 3.3762058897e-01 
1.3260392859e-04 9.9034411897e-01 
1.4072331731e-04 1.0000000000e+00 
5.3178461915e-06 1.0000000000e+00 
4.0289078428e-05 3.3470594798e-01 
9.8799019365e-05 1.0000000000e+00 
4.6711553163e-05 3.8896445142e-01 
5.5932690062e-05 1.0000000000e+00 
5.4917898177e-05 3.1796971915e-01 
3.6569674534e-05 1.0000000000e+00 
3.8001205736e-05 3.4140758990e-01 
1.1322683395e-05 3.0118990701e-01 
9.6412892218e-05 9.9174018434e-01 
2.7792378845e-04 1.0000000000e+00 
5.7168312943e-05 4.6958877244e-01 
6.3094292557e-05 1.6748857615e-01 
8.1887362014e-05 1.0000000000e+00 
8.9104231114e-05 9.9216568959e-01 
6.0876935997e-04 1.0000000000e+00 
4.4382027169e-05 1.0000000000e+00 
2.3922820347e-05 2.8205803797e-01 
1.0190729112e-04 9.8897941980e-01 
1.4338294555e-04 9.8815972506e-01 
1.4407750042e-05 1.0000000000e+00 
1.6060903202e-04 9.9229135548e-01 
9.0336357061e-05 9.9148743441e-01 
9.3602058703e-05 9.8567709318e-01 
4.0271621336e-04 2.7478625027e-01 
6.9737783546e-05 3.0704624441e-01 
9.7924859119e-06 1.0000000000e+00 
4.5307507471e-04 1.0000000000e+00 
1.1466482413e-05 4.2413644106e-01 
1.8151146721e-05 3.8309295580e-01 
9.8922145141e-06 1.0000000000e+00 
9.2951404873e-05 1.0000000000e+00 
2.0884970674e-05 4.0170659971e-01 
1.2862481255e-04 2.1137688074e-01 
7.2123329253e-05 9.8716658859e-01 
7.5634911819e-05 9.9042857345e-01 
1.7395731076e-05 4.9838023745e-01 
8.1166757995e-05 9.9159301720e-01 
1.3327656111e-04 9.9086653435e-01 
2.2509175393e-05 1.0000000000e+00 
5.8357095808e-04 1.0000000000e+00 
4.6304987305e-05 2.8804183618e-01 
3.2310458535e-05 3.5374303777e-01 
3.6365663128e-05 2.2291399845e-01 
5.7085148523e-05 4.6838636880e-01 
3.1971449078e-04 1.0000000000e+00 
2.9329586462e-05 3.8895059331e-01 
2.3207113409e-04 1.0000000000e+00 
5.6191664286e-05 9.9339736025e-01 
7.8826814388e-05 9.9433088192e-01 
5.3632884879e-04 1.0000000000e+00 
6.4535812040e-05 2.1999720542e-01 
2.7210703165e-05 2.2513650511e-01 
3.0574200227e-05 3.6866093365e-01 
5.5469865840e-05 3.4583571227e-01 
1.4976383680e-04 9.9179664471e-01 
8.3776466925e-05 1.7598697048e-01 
8.4562550660e-05 9.9293077582e-01 
6.1113388292e-04 1.0000000000e+00 
2.1847101332e-05 2.0981971946e-01 
1.8555147597e-05 2.9467241743e-01 
2.4370140855e-04 1.0000000000e+00 
6.7255391538e-05 3.0906039548e-01 
1.2373420538e-04 1.0000000000e+00 
6.0067853307e-05 2.7275110996e-01 
1.0994226704e-05 5.6676298920e-01 
4.0218327755e-05 1.0000000000e+00 
2.1658694534e-05 1.0000000000e+00 
4.3843815267e-04 1.0000000000e+00 
2.2569585155e-05 1.0000000000e+00 
7.0366617819e-05 3.0298698981e-01 
1.5152334785e-04 1.0000000000e+00 
3.2964127353e-05 2.1474875862e-01 
2.1049572074e-05 3.0187520670e-01 
3.9950473755e-05 1.9838844356e-01 
5.4394706501e-04 1.0000000000e+00 
5.3549239417e-05 3.0505567951e-01 
6.7703503500e-05 1.0000000000e+00 
3.5014347972e-05 3.6057773796e-01 
5.6442511229e-04 1.0000000000e+00 
3.8191633209e-05 2.8436695508e-01 
1.5321149071e-05 4.4874744444e-01 
2.8470822454e-04 1.0000000000e+00 
1.4974990238e-05 3.2467329902e-01 
7.1889844117e-06 1.0000000000e+00 
5.3130945942e-05 3.4503581542e-01 
9.5782119199e-04 1.0000000000e+00 
3.9688346453e-05 2.1899551676e-01 
1.3815305032e-05 1.0000000000e+00 
4.2389136005e-05 1.0000000000e+00 
7.2738075621e-05 9.9168329107e-01 
2.0375877017e-05 9.9240893933e-01 
7.3750355353e-05 3.3574691601e-01 
1.4710048310e-04 2.8374441388e-01 
7.1734167658e-05 9.9198338231e-01 
3.3178627842e-05 1.8592320306e-01 
3.3756395476e-04 1.0000000000e+00 
1.3314696025e-04 1.0000000000e+00 
2.5517465299e-05 3.6563097744e-01 
5.8976397788e-05 9.8947625276e-01 
2.3419294875e-05 2.1092720452e-01 
2.1465377730e-05 1.0000000000e+00 
5.7539418187e-05 3.1752148867e-01 
4.6679470788e-05 3.7070816348e-01 
7.5914448807e-04 1.0000000000e+00 
7.5289741199e-04 1.0000000000e+00 
3.8464527046e-05 3.1895400254e-01 
1.8867654650e-04 1.0000000000e+00 
7.6090011635e-05 9.9200825730e-01 
2.4647889633e-05 2.6942063566e-01 
6.1827506578e-05 2.0336977927e-01 
1.2563424922e-05 2.4914886307e-01 
9.4497837188e-05 9.9003133395e-01 
3.3621360048e-05 2.6688305245e-01 
9.4009120211e-06 1.0000000000e+00 
2.8663679757e-04 1.0000000000e+00 
1.1054409695e-05 2.9185859005e-01 
1.8784237694e-04 1.0000000000e+00 
2.4904380779e-05 3.7282344700e-01 
5.2011879096e-05 2.2899156308e-01 
2.8591231961e-05 2.9974502611e-01 
1.1545840785e-04 9.8963083863e-01 
5.7495844375e-04 1.0000000000e+00 
4.9190292791e-05 2.5463158585e-01 
4.8347488913e-05 1.7712537254e-01 
1.6507805955e-04 1.0000000000e+00 
6.8158555292e-05 3.0713642051e-01 
1.1810218260e-04 2.2675498552e-01 
6.6721667582e-05 9.9197617999e-01 
1.5872187825e-05 3.1273003220e-01 
1.4827415816e-04 9.8853082431e-01 
6.7946631107e-06 1.0000000000e+00 
1.0469269844e-04 2.1883782084e-01 
3.7482553793e-04 1.0000000000e+00 
8.4679994667e-04 1.0000000000e+00 
3.0695425733e-05 2.8687385395e-01 
7.9507178037e-05 1.0000000000e+00 
1.3079478922e-04 1.0000000000e+00 
8.6626802101e-05 9.9138764817e-01 
6.5888325216e-05 1.0000000000e+00 
5.1281977845e-05 3.0991631547e-01 
2.7163469672e-04 1.0000000000e+00 
2.2571692533e-05 3.7117030739e-01 
7.3162749002e-05 2.0597264686e-01 
9.6733463122e-06 1.0000000000e+00 
2.4421416304e-04 1.0000000000e+00 
8.4429538128e-06 1.0000000000e+00 
2.9675229052e-04 1.0000000000e+00 
6.8253306555e-04 1.0000000000e+00 
2.8283888657e-04 1.0000000000e+00 
2.3588141770e-05 2.7868097400e-01 
3.2042123957e-05 2.8532245462e-01 
4.8528143699e-04 1.0000000000e+00 
9.0505041084e-05 9.8842330217e-01 
1.3265341290e-05 3.1217711467e-01 
2.5870551951e-05 3.5236633302e-01 
5.1935993047e-04 1.0000000000e+00 
7.6095695503e-04 1.0000000000e+00 
8.1512084968e-06 1.0000000000e+00 
3.8304165859e-05 1.8857034846e-01 
1.8843746572e-04 1.0000000000e+00 
4.1454820719e-05 1.7897805706e-01 
1.7792699190e-05 3.4118561585e-01 
1.0695384804e-04 9.8949139218e-01 
2.3049936376e-05 1.0000000000e+00 
3.4846724417e-05 3.2987797292e-01 
5.5399449912e-06 1.0000000000e+00 
1.3543469849e-05 2.6163368276e-01 
2.0730109149e-04 1.0000000000e+00 
2.2970527100e-05 2.7574291561e-01 
8.0460734537e-05 2.3613201021e-01 
1.0542240673e-04 1.8958076604e-01 
5.3064390063e-05 1.0000000000e+00 
