8.9296495027e-05 6.7865835054e-01 
2.0199665351e-05 7.0119160542e-01 
5.3169369917e-05 6.8545500288e-01 
1.0648497844e-04 6.7802389249e-01 
6.6216321050e-05 6.8986340234e-01 
2.9317531432e-05 7.4183175736e-01 
1.1423053262e-04 6.8435303927e-01 
7.2181827330e-05 6.9335285893e-01 
3.9564667066e-06 7.5231953552e-01 
1.1574262737e-05 1.0000000000e+00 
2.5230852147e-05 6.3736894798e-01 
2.9116388937e-05 1.0000000000e+00 
6.0185636696e-06 7.4888396439e-01 
6.4247075259e-05 6.7671860517e-01 
2.6950055383e-05 7.1179761141e-01 
4.1863424946e-05 6.8892101205e-01 
1.0008345590e-05 1.0000000000e+00 
8.7344197997e-05 6.8758937036e-01 
6.5925482455e-05 6.6164895140e-01 
1.0274894192e-04 6.7285621242e-01 
1.2755649675e-05 7.2924512240e-01 
2.5515267950e-05 7.1810255037e-01 
1.4735782643e-05 7.2590624300e-01 
1.7721794166e-05 7.2326399928e-01 
1.2881147155e-05 7.2486990039e-01 
1.0453367259e-05 1.0000000000e+00 
5.9231282958e-06 7.5306276353e-01 
1.2901344455e-04 7.0644497619e-01 
3.7899584163e-06 1.0000000000e+00 
2.5522210797e-05 7.0456876201e-01 
1.4905017381e-04 6.7047873087e-01 
7.9301214725e-05 6.8997700316e-01 
6.8172065664e-06 1.0000000000e+00 
6.5047666868e-06 7.4687997765e-01 
1.1856550836e-04 6.8932498261e-01 
5.4187039559e-06 1.0000000000e+00 
1.4296099749e-04 6.7844901500e-01 
1.0528844117e-04 6.8098653265e-01 
2.0482774285e-04 6.4932445735e-01 
2.2235937362e-05 1.0000000000e+00 
8.1237808817e-06 7.3977903714e-01 
6.3955453309e-06 1.0000000000e+00 
9.7334896457e-06 7.5194127874e-01 
3.9239175404e-06 7.5199085148e-01 
4.5592378359e-05 1.0000000000e+00 
4.3147763484e-05 7.1544906055e-01 
6.0943897114e-05 6.7857594471e-01 
9.0253135043e-06 1.0000000000e+00 
5.0131099755e-06 7.4758489070e-01 
2.7282195219e-05 7.1202347303e-01 
1.0600138373e-04 6.7095360008e-01 
1.0717588582e-05 7.2096687748e-01 
8.0690988273e-06 1.0000000000e+00 
3.7992988120e-05 7.0626732856e-01 
1.1379608564e-04 6.6531559065e-01 
1.8247420699e-05 6.4108566880e-01 
2.5120056724e-05 6.9873996442e-01 
8.2584037008e-05 6.8052001263e-01 
5.5561850318e-05 6.8869758197e-01 
8.0975275964e-05 6.7747898376e-01 
6.2502013980e-06 1.0000000000e+00 
2.5079442385e-05 7.1162076097e-01 
1.1451798320e-04 6.7601450043e-01 
2.0356239241e-05 7.1984092700e-01 
2.8823792068e-05 6.3551669001e-01 
9.0911604049e-06 7.5339949170e-01 
7.4313113192e-06 7.3658668230e-01 
1.4427481717e-05 6.5679394737e-01 
4.7539114831e-06 7.4987414705e-01 
2.4340755897e-05 7.1438128938e-01 
7.6969156077e-06 1.0000000000e+00 
4.4877516349e-06 7.5155985922e-01 
7.4499561647e-05 6.8300347646e-01 
1.3664178987e-05 7.0271841314e-01 
2.5037099024e-05 7.0883384837e-01 
6.2710353061e-05 6.8781050600e-01 
3.4540796282e-05 7.1359408824e-01 
3.0866167307e-05 6.8807314758e-01 
1.2205380952e-04 6.6693127383e-01 
1.4149639007e-05 7.0338010660e-01 
1.4932689606e-05 7.1624426632e-01 
4.6214309651e-06 7.4467787533e-01 
7.8231378773e-05 6.8779095683e-01 
3.2880974971e-05 7.0307601571e-01 
1.1512000721e-04 6.7801850727e-01 
1.2611716845e-05 1.0000000000e+00 
1.1421301319e-05 6.5540800824e-01 
1.1334497867e-04 6.7352214456e-01 
3.3949753646e-05 6.7730970363e-01 
8.2405514690e-05 6.7773801208e-01 
5.1180994665e-05 6.3115910837e-01 
5.2197765968e-05 6.2605109397e-01 
8.0366759978e-05 6.7857879556e-01 
3.0845709349e-05 6.9520098197e-01 
1.2263824916e-05 7.2901940182e-01 
2.8967443890e-05 7.0194539161e-01 
5.4072245095e-05 6.9708146106e-01 
4.6531439984e-05 6.9922964610e-01 
8.3496657407e-05 6.7685053166e-01 
4.6287507913e-05 6.9093229868e-01 
1.0812681013e-05 1.0000000000e+00 
4.8626329872e-05 7.1368282976e-01 
3.3991597815e-05 1.0000000000e+00 
4.6887431262e-05 6.8188418850e-01 
1.8119419640e-05 6.4845509288e-01 
1.2383926403e-04 6.8465212358e-01 
7.2831206057e-05 7.0309912480e-01 
1.5045297057e-05 1.0000000000e+00 
1.2767526532e-04 6.6977319685e-01 
4.8623137950e-05 6.9405613903e-01 
4.4422215953e-05 6.9482932866e-01 
7.6371292132e-05 6.8379876560e-01 
1.2359540974e-05 7.3042352862e-01 
2.0690280633e-05 1.0000000000e+00 
2.3962849593e-06 1.0000000000e+00 
1.8130925867e-04 6.7929801282e-01 
4.8358923134e-05 7.0920429074e-01 
1.0479538766e-05 6.7855741496e-01 
1.1832837131e-04 6.9786696926e-01 
3.9841382258e-05 6.3896311716e-01 
1.3732826591e-05 7.2890279065e-01 
1.2324550497e-05 7.1358797125e-01 
2.4821763576e-05 6.6578314562e-01 
9.6142510144e-06 1.0000000000e+00 
3.5243971241e-05 7.0249877766e-01 
2.7834551605e-05 6.3483249976e-01 
1.7812165571e-05 7.5280123556e-01 
3.4100101189e-05 7.0984789176e-01 
9.9977445693e-05 6.7694049430e-01 
4.7105167472e-05 6.7721842879e-01 
2.6348122547e-05 6.4035078530e-01 
4.2243606632e-06 7.5157534633e-01 
4.1239082010e-06 7.5103932184e-01 
6.8334017319e-05 6.4215885576e-01 
6.7244006770e-05 6.8318321730e-01 
1.2123025349e-05 1.0000000000e+00 
3.1038545227e-05 6.6353352897e-01 
2.9538734980e-05 7.0862768960e-01 
1.7901522525e-05 1.0000000000e+00 
3.9239563945e-05 6.9606603663e-01 
3.9164505879e-05 6.2577489538e-01 
1.3207080772e-05 7.2756638837e-01 
1.4686335306e-05 7.0957607248e-01 
1.5178662683e-05 7.1621821679e-01 
2.0578640372e-05 7.1416113016e-01 
1.4734800543e-05 7.1849198263e-01 
9.6337004901e-05 6.7901875470e-01 
2.9119359913e-06 1.0000000000e+00 
3.9637246563e-05 6.4807628826e-01 
9.2067649579e-06 7.3762476359e-01 
2.1034727423e-05 6.3243363331e-01 
1.4162658402e-05 6.4644634837e-01 
3.7161514085e-05 6.9926444769e-01 
4.3444401262e-06 7.5174219659e-01 
4.5444661358e-05 6.9487555140e-01 
3.0114780423e-05 7.1498615080e-01 
2.4330275005e-05 7.0056399697e-01 
1.1044048703e-04 6.2534800697e-01 
4.3406084308e-05 6.8700869220e-01 
6.3526926783e-06 7.4399602224e-01 
2.0977347390e-04 6.7770855043e-01 
4.2221462362e-05 6.3245914484e-01 
2.0453165945e-04 6.5974843059e-01 
3.9635756221e-06 7.5236703921e-01 
1.4854022978e-05 6.7949121235e-01 
3.3566334880e-05 7.0174468024e-01 
1.9635577465e-05 7.2511726826e-01 
2.3299307114e-05 6.7351140139e-01 
1.1308085539e-04 6.7007991733e-01 
2.7555237387e-05 6.3846882714e-01 
1.1695245778e-05 1.0000000000e+00 
3.7486461372e-05 7.1512994815e-01 
6.3005075195e-05 6.9432334136e-01 
1.5952672987e-05 6.7932790497e-01 
7.8598357551e-05 6.4508129973e-01 
1.2078478571e-04 6.7222868305e-01 
1.2544882445e-04 6.7426570827e-01 
1.6707301296e-05 1.0000000000e+00 
2.8524024395e-06 1.0000000000e+00 
1.5804653584e-05 6.9462880145e-01 
5.8580075239e-05 6.9249955131e-01 
3.5878431830e-05 6.9935776275e-01 
2.1317953925e-05 6.8049587232e-01 
7.4795586436e-05 6.7919445900e-01 
7.9611017986e-05 6.8106710430e-01 
8.1354223423e-06 7.4500121963e-01 
9.3671907709e-06 1.0000000000e+00 
1.9140124906e-05 6.6134204785e-01 
5.7106941274e-05 6.8174091357e-01 
5.5479344278e-06 1.0000000000e+00 
4.1064811766e-05 6.9639933055e-01 
1.3570824383e-05 6.6622225389e-01 
6.4833604162e-05 6.8640252844e-01 
2.4844556991e-05 7.1303748983e-01 
5.7164700805e-05 6.7828190200e-01 
1.6828269151e-05 7.2655184637e-01 
2.9364567609e-05 6.4256036692e-01 
1.0346368402e-04 6.7663128444e-01 
6.8560105267e-05 6.8428808981e-01 
7.6035899806e-06 7.2446285249e-01 
7.1708513361e-05 6.7794583118e-01 
3.3209369137e-05 6.8139494877e-01 
2.1208917971e-05 6.4290431825e-01 
6.5982733327e-05 6.9047343792e-01 
6.1830164050e-05 6.8789327950e-01 
2.3270908376e-05 7.2205775953e-01 
2.4237561939e-05 7.1057647712e-01 
2.5809770045e-05 6.9944676262e-01 
4.5071308048e-05 6.3294981610e-01 
1.7459700529e-05 7.2093078823e-01 
3.0222529572e-06 1.0000000000e+00 
2.1225745395e-04 1.0000000000e+00 
2.2783908329e-05 6.3586878040e-01 
2.5319575077e-05 7.0336738847e-01 
5.1308200869e-06 6.7577607945e-01 
1.2637983930e-04 1.0000000000e+00 
1.7232633226e-05 7.0428511267e-01 
4.1309630324e-06 7.5324620288e-01 
7.3474610363e-05 7.0418823005e-01 
7.9109279078e-05 6.8456156400e-01 
2.2527963020e-04 6.5206986750e-01 
6.2332384976e-05 6.8898893416e-01 
7.8047235910e-05 6.9678672540e-01 
7.0341270043e-06 7.4546848755e-01 
1.2901061224e-05 1.0000000000e+00 
2.1830981368e-05 6.9501520281e-01 
7.3900817833e-05 6.4939726303e-01 
4.4834939139e-05 6.8603324216e-01 
9.9326928839e-05 6.8018694617e-01 
1.1404952514e-05 7.3070315997e-01 
2.9011059739e-05 7.0592404005e-01 
4.1217171088e-06 7.4956011863e-01 
5.1281407182e-05 6.9508639919e-01 
4.1561231052e-05 6.3243237735e-01 
2.5218578316e-05 7.3318823446e-01 
8.6457791455e-06 7.3816105861e-01 
8.6467834727e-06 1.0000000000e+00 
3.1112490150e-06 1.0000000000e+00 
4.0928913586e-06 7.5275310438e-01 
1.9615238777e-04 6.8945475747e-01 
2.2842830679e-05 6.7928139628e-01 
9.2200969257e-06 1.0000000000e+00 
4.6075669170e-06 1.0000000000e+00 
6.4465233819e-06 7.4531249130e-01 
2.4269139381e-05 7.1841745228e-01 
5.9666136744e-05 7.0096040900e-01 
2.2023937971e-05 6.3976708921e-01 
6.6007742227e-05 6.9015182956e-01 
1.4304550691e-05 7.2316263471e-01 
1.0930405573e-04 7.1175868594e-01 
3.7789405458e-05 7.0941302620e-01 
1.4247130922e-05 6.9639434509e-01 
3.1350065251e-05 7.0555991200e-01 
5.7381768131e-06 7.5260073411e-01 
7.2947516351e-05 6.7861868586e-01 
6.1024398012e-06 1.0000000000e+00 
1.0331960620e-04 6.8833282637e-01 
1.0214069538e-04 6.7895735513e-01 
1.0918789675e-05 7.4295137486e-01 
1.6541801610e-05 7.2008104291e-01 
3.1712101069e-05 7.0719219219e-01 
4.2385012544e-05 6.9755807365e-01 
6.3143542189e-05 6.9145636726e-01 
4.9619510584e-06 1.0000000000e+00 
2.7949282391e-05 6.6879621723e-01 
1.7111581970e-05 1.0000000000e+00 
6.4112458838e-06 7.4828019742e-01 
6.5930763329e-05 6.7894101286e-01 
1.6233521769e-05 1.0000000000e+00 
9.9901428089e-05 6.8309693637e-01 
9.0048583207e-05 6.8023357745e-01 
1.6980208367e-04 6.3176522395e-01 
1.0183077059e-04 6.7424330948e-01 
5.6105214011e-05 7.0392382619e-01 
1.3074372784e-04 6.6385441886e-01 
3.8550470261e-04 1.0000000000e+00 
1.4051916984e-05 1.0000000000e+00 
3.3655759683e-05 7.0983133205e-01 
8.7036555662e-06 7.4913820949e-01 
5.3226743650e-05 6.9218495035e-01 
4.4054544069e-05 6.2869212512e-01 
3.8858410029e-06 7.4742917771e-01 
8.4677262367e-06 1.0000000000e+00 
1.1474703948e-05 7.2902920506e-01 
4.7110576619e-05 1.0000000000e+00 
3.9673200368e-06 1.0000000000e+00 
7.3354851997e-05 6.7806104774e-01 
7.4685408395e-06 7.5282705114e-01 
6.3236677116e-05 6.8694422272e-01 
5.3896549114e-05 6.9491076939e-01 
2.9790229115e-06 1.0000000000e+00 
1.0776830953e-05 7.3294054677e-01 
2.1981775123e-05 6.7219181946e-01 
3.4115854824e-05 6.3203781093e-01 
5.2349677064e-06 7.4840241334e-01 
9.7487305353e-05 6.7890727432e-01 
3.6565650756e-05 6.9945686972e-01 
4.2852875568e-05 6.8335629511e-01 
1.5529393137e-04 6.8774908127e-01 
1.3824475480e-05 1.0000000000e+00 
1.5720069261e-04 6.6492270152e-01 
1.3003447673e-05 1.0000000000e+00 
2.5743228383e-05 7.1693664246e-01 
3.8802956942e-05 6.8419419639e-01 
1.8683507326e-05 7.2097906518e-01 
3.1511538658e-05 6.3279559469e-01 
1.0114527925e-05 1.0000000000e+00 
9.9131805813e-06 7.5008661515e-01 
6.0819970590e-05 6.9880175173e-01 
2.1554218349e-05 6.3737419288e-01 
1.3630622292e-05 6.5111324896e-01 
3.1436366446e-05 6.3742407798e-01 
6.4353349267e-05 6.7914829998e-01 
6.8608981764e-06 1.0000000000e+00 
1.7750363153e-04 6.8430041577e-01 
9.7182070365e-06 7.4555149160e-01 
4.2685937524e-06 6.6786300132e-01 
6.7593165407e-05 6.8140136058e-01 
6.4817044041e-06 7.5045614605e-01 
1.0048005649e-05 6.6504473144e-01 
5.9434381161e-06 7.4393596749e-01 
7.2486450976e-05 6.8526202300e-01 
4.1576928424e-05 7.0099858603e-01 
2.5766431032e-05 6.4819576578e-01 
1.0478248408e-05 7.2777921333e-01 
2.7355357138e-05 1.0000000000e+00 
1.7432906269e-05 7.0334875191e-01 
1.2316651279e-04 6.8302108323e-01 
1.0435528994e-04 6.6977632874e-01 
1.0404972902e-04 6.7991538371e-01 
5.2468558821e-05 6.7827873959e-01 
2.0764181369e-05 1.0000000000e+00 
2.5474231083e-05 6.3043549518e-01 
9.7815619778e-06 6.6933984126e-01 
4.7612975723e-05 6.3849246000e-01 
1.0410207854e-05 7.2943654938e-01 
5.5155787655e-05 6.9938432011e-01 
2.9052419937e-05 7.1329017416e-01 
5.0733039141e-05 7.1793679286e-01 
4.0138282565e-05 7.0465075496e-01 
5.0790213901e-06 7.5396088614e-01 
1.7094803837e-05 6.9687955086e-01 
7.2437917544e-05 1.0000000000e+00 
6.5713267428e-05 6.9676353590e-01 
8.1678974337e-06 1.0000000000e+00 
1.9397460876e-05 6.7483763210e-01 
2.1849384461e-05 7.2002401421e-01 
3.2648508075e-05 6.2779625699e-01 
8.2881855987e-05 1.0000000000e+00 
1.9727495617e-05 6.6063941408e-01 
5.3891696558e-05 7.1432150019e-01 
3.3095779233e-05 7.0805790261e-01 
2.5395186344e-05 7.0153600345e-01 
4.0375795341e-05 6.8551033176e-01 
1.7789286500e-05 7.3122079242e-01 
4.7322405042e-05 6.8669251671e-01 
4.1360031083e-05 6.9701395660e-01 
2.5824152166e-05 7.1771364195e-01 
4.4208129514e-05 6.8170164228e-01 
4.7231191341e-05 6.9847494885e-01 
1.1523958234e-04 7.1918138143e-01 
2.9226284577e-05 7.0322317361e-01 
5.6806995340e-05 6.9214306543e-01 
4.3687978870e-05 7.0777261516e-01 
2.3552530153e-05 6.5389098082e-01 
8.2311466000e-05 7.0117276794e-01 
5.5515456574e-05 7.0071340424e-01 
6.3238999315e-05 6.9095702938e-01 
1.3789010404e-04 6.6330370673e-01 
2.2269399170e-05 7.1135471977e-01 
2.2021920527e-05 7.1642647492e-01 
2.8171177308e-05 7.0239976516e-01 
3.7924039904e-05 7.0043853649e-01 
5.0623772369e-05 7.0140716880e-01 
4.2189959063e-05 6.6388720378e-01 
2.3281570215e-05 7.1329840669e-01 
4.4500964451e-05 6.6751809924e-01 
3.5205630802e-05 6.3058007703e-01 
2.6489836373e-05 1.0000000000e+00 
1.8162692274e-04 6.5263852947e-01 
1.0338525377e-04 6.8670037250e-01 
6.8406113220e-05 7.0070313681e-01 
5.6700616615e-05 6.9716671644e-01 
7.8850821477e-06 7.5196780220e-01 
3.5427787342e-05 1.0000000000e+00 
1.5340210368e-04 6.7567483178e-01 
1.0297004081e-05 7.1589382533e-01 
1.4661703249e-04 6.7342342057e-01 
1.0704876221e-05 7.1971184724e-01 
4.5224170412e-06 7.4947500425e-01 
2.0906263795e-05 7.1296353653e-01 
2.0182210810e-04 6.4925675642e-01 
2.0856102129e-05 1.0000000000e+00 
1.9551722294e-05 7.4263066802e-01 
1.4302991804e-05 7.2280545665e-01 
8.8311452687e-06 7.3582238560e-01 
1.5791264948e-05 7.0169161652e-01 
2.6053578907e-04 6.7742097172e-01 
1.7247689518e-04 6.6433945858e-01 
7.1880168737e-05 6.9463355736e-01 
5.7854296273e-05 6.5045178083e-01 
6.3437736499e-06 7.3649376147e-01 
2.7089137004e-05 6.6690873659e-01 
2.6511223602e-05 1.0000000000e+00 
3.5135202545e-05 7.2236532972e-01 
3.7650769057e-05 7.0196633470e-01 
3.9988225981e-05 6.2890588635e-01 
6.9949806154e-05 6.4131360115e-01 
3.0217294171e-05 7.0896138683e-01 
1.1795526262e-05 7.2461169695e-01 
5.0632282852e-05 6.8337804283e-01 
3.8206122373e-05 6.9323230383e-01 
4.6219513678e-05 7.4098340574e-01 
5.4299524593e-05 6.8842176897e-01 
4.9398328591e-05 6.9300753336e-01 
3.5412375698e-05 7.5554496640e-01 
3.4308302683e-05 6.5779250220e-01 
1.8791122172e-05 6.8825392174e-01 
2.9918812213e-05 7.0953820299e-01 
5.9807872468e-05 6.4032038569e-01 
1.5694464065e-04 6.6931929924e-01 
4.1813448493e-05 7.0422387806e-01 
2.9158072584e-05 7.1591208291e-01 
3.8438795078e-05 6.3433242000e-01 
7.4764630899e-05 7.0198328687e-01 
2.9480019198e-05 1.0000000000e+00 
2.7398831479e-05 7.1142971153e-01 
1.2882332208e-05 1.0000000000e+00 
1.5789963104e-05 1.0000000000e+00 
1.0430571868e-04 6.8003460120e-01 
4.8941584816e-05 6.2700850853e-01 
5.7002643380e-05 6.2937661685e-01 
1.0786630928e-05 7.3842589815e-01 
1.0225415618e-04 6.9162536398e-01 
5.4728861005e-05 6.9129592340e-01 
5.1385101135e-05 6.8908871367e-01 
5.5204462545e-05 7.0176896782e-01 
2.5730657695e-05 6.9169977925e-01 
6.9773551159e-05 6.8427740199e-01 
1.3123787410e-05 1.0000000000e+00 
2.3593373928e-04 6.7761264514e-01 
2.0068502309e-06 1.0000000000e+00 
1.4466275550e-05 7.2430715726e-01 
2.7738505317e-04 6.8610685855e-01 
5.5259089873e-05 6.8332439662e-01 
1.7423485160e-04 6.5348711389e-01 
8.2110922776e-06 7.4308057016e-01 
4.5224601285e-06 7.4344678393e-01 
7.4223256975e-05 6.8178255174e-01 
5.9460037729e-06 1.0000000000e+00 
1.3801797113e-04 6.7868852100e-01 
6.7627916606e-05 6.9875168113e-01 
3.4292401924e-05 6.9611595116e-01 
5.0316417642e-05 6.9016698144e-01 
2.2693688071e-05 7.0321868448e-01 
1.7434412011e-04 6.6420275118e-01 
1.2779827536e-04 6.7490777106e-01 
4.3696828013e-06 7.5108149187e-01 
1.3528847406e-05 7.2470228604e-01 
2.9297326800e-05 7.2488032956e-01 
1.0723760886e-04 6.8308186935e-01 
4.4625915350e-05 6.9337241686e-01 
1.4338618689e-05 6.4203719992e-01 
3.5984165640e-06 1.0000000000e+00 
4.0672543593e-05 6.9665559542e-01 
3.8193441873e-05 6.9839609015e-01 
2.0885825747e-05 6.5839959126e-01 
7.9415858495e-06 7.4384345477e-01 
8.5491178414e-05 6.8068631769e-01 
5.2547982823e-05 6.9852441518e-01 
1.0907174085e-04 6.7930252163e-01 
4.6242437411e-05 7.1185751198e-01 
1.7204533215e-05 1.0000000000e+00 
5.1875043565e-05 6.4300491376e-01 
1.3334464362e-04 6.7990899501e-01 
9.8086821555e-06 7.1904949594e-01 
1.4030969625e-05 1.0000000000e+00 
3.3648782873e-05 7.0806308734e-01 
1.6386395787e-05 7.0234582174e-01 
6.4555301671e-05 6.8461945853e-01 
1.0823977149e-05 7.4067697842e-01 
1.4951547541e-04 6.7935910324e-01 
3.7917968272e-05 6.8289043526e-01 
9.5145851384e-05 6.7889054424e-01 
2.1108556340e-05 1.0000000000e+00 
4.6584313855e-05 6.3369270679e-01 
1.9061720821e-05 6.6474013297e-01 
5.3739189456e-05 7.0324336212e-01 
4.1039102000e-05 6.7271190135e-01 
1.0119810277e-05 7.2606852046e-01 
2.0520171444e-05 1.0000000000e+00 
1.6954041030e-04 6.8097779377e-01 
1.6094235098e-05 1.0000000000e+00 
1.0279271929e-05 7.2405535368e-01 
3.8565574896e-05 6.7743115709e-01 
3.8013972830e-05 6.8529141656e-01 
5.4118417882e-06 1.0000000000e+00 
7.6546938859e-05 6.8618056726e-01 
1.4468713127e-05 7.3693545423e-01 
3.2740095152e-05 1.0000000000e+00 
