1.3156945337e-04 6.7995925006e-01 
4.9956206093e-06 9.9714660419e-01 
1.3361377546e-05 6.8075079426e-01 
1.6939005077e-05 1.0000000000e+00 
3.7576594282e-05 6.7456575137e-01 
9.7008053265e-06 1.0000000000e+00 
1.2549756489e-05 6.6180351862e-01 
1.4849814280e-05 7.0462141417e-01 
9.9667895161e-06 7.2971882418e-01 
1.5891581672e-05 6.5233322984e-01 
1.1672200509e-04 7.1137265495e-01 
1.1398141018e-04 6.7100913445e-01 
1.2017704163e-05 1.0000000000e+00 
4.3004781590e-05 6.9969254513e-01 
1.6918432234e-05 7.1819163063e-01 
2.5692808483e-05 1.0000000000e+00 
3.6076153086e-05 7.1243898756e-01 
1.2816844072e-05 7.3320695960e-01 
1.1589833690e-04 6.6688786876e-01 
3.1567509689e-05 6.2695085428e-01 
4.9952600719e-06 9.9677751488e-01 
1.6901942333e-05 7.2647640213e-01 
9.4235895162e-06 7.4376383058e-01 
3.4604341721e-05 6.6381215638e-01 
2.0200220157e-04 6.6026759545e-01 
2.7541009135e-05 6.3205597933e-01 
3.0516994728e-05 6.8808970655e-01 
4.4058582690e-05 6.9322644132e-01 
2.1599514273e-05 6.9901998549e-01 
1.1479072362e-04 6.7553770488e-01 
3.4568505294e-05 6.5662578898e-01 
3.1639681747e-05 7.0565610727e-01 
9.6392413335e-05 6.8117788140e-01 
5.0684214889e-05 6.2764452468e-01 
2.5947450887e-05 7.0383714162e-01 
9.8863779150e-06 1.0000000000e+00 
8.6692721822e-05 6.7784979604e-01 
1.5546247987e-05 1.0000000000e+00 
1.2068423638e-05 1.0000000000e+00 
2.6883646318e-05 6.5505267756e-01 
3.6864897412e-05 6.9757372412e-01 
2.1972026273e-05 7.1320589143e-01 
2.3941329014e-04 6.9395488902e-01 
7.4460169846e-06 7.4114591757e-01 
6.9672428232e-06 1.0000000000e+00 
3.4716645151e-05 7.0619616449e-01 
5.3693733120e-05 7.0657585637e-01 
2.1261232184e-05 6.3332449010e-01 
1.1025559334e-05 7.2048202099e-01 
2.4714685826e-05 7.1978760785e-01 
5.4020882004e-05 7.2213775540e-01 
9.1721816391e-05 6.8706441503e-01 
1.6359517614e-05 1.0000000000e+00 
4.8643069270e-05 1.0000000000e+00 
3.6440275961e-05 6.8945561393e-01 
2.8601190969e-05 6.5582085816e-01 
2.9789140360e-05 6.7463345203e-01 
1.9259857686e-05 7.2313228664e-01 
3.8407018520e-05 6.4550024242e-01 
1.1000485286e-04 6.7851979455e-01 
8.0672795446e-05 6.9054638956e-01 
2.6242934943e-05 7.1173336179e-01 
7.0409256376e-05 6.7749366211e-01 
4.5809581897e-05 6.3563873269e-01 
1.1731003613e-04 6.4309277231e-01 
5.3971854640e-05 6.9377448103e-01 
6.0115968686e-05 6.7889709162e-01 
2.9200666178e-05 7.0426753516e-01 
1.2794221540e-04 6.7031436601e-01 
6.8088524110e-05 6.8390375274e-01 
1.0929977723e-04 6.7694230490e-01 
8.9511230065e-05 6.6771884934e-01 
4.9999207412e-06 9.9875099161e-01 
2.2991394389e-05 6.4369447088e-01 
3.4350417443e-05 6.2848564671e-01 
2.2084888966e-04 1.0000000000e+00 
2.0144513792e-05 6.6641970430e-01 
1.2531152259e-04 6.6521776505e-01 
6.9854729878e-06 1.0000000000e+00 
4.6274328475e-05 6.9397243721e-01 
5.6993289678e-05 6.8565906932e-01 
5.2084149984e-05 6.8983535564e-01 
1.1187364738e-05 7.5098388219e-01 
6.1463850709e-05 6.8235906217e-01 
2.7752404582e-05 7.2176615104e-01 
1.5642262303e-05 1.0000000000e+00 
1.1533238863e-05 7.2087190722e-01 
9.3971940363e-05 6.7753532366e-01 
8.5134120426e-05 6.8433936479e-01 
6.4775640493e-05 1.0000000000e+00 
7.4942511840e-05 6.7966905947e-01 
2.8440940898e-05 6.3522626089e-01 
4.9916430559e-06 9.9377393482e-01 
1.5053670881e-05 6.6353981196e-01 
1.2941925509e-04 6.9653288519e-01 
5.1976461371e-06 1.0000000000e+00 
3.0245846673e-05 1.0000000000e+00 
4.9977349149e-06 9.9547695929e-01 
1.0693122529e-04 6.7047932187e-01 
4.9985263200e-06 9.9875091084e-01 
4.2223975666e-05 6.4298629441e-01 
2.9534519628e-05 6.9304253632e-01 
5.4963488025e-05 6.8552346582e-01 
8.8570197678e-06 7.1454860017e-01 
1.0503337756e-05 1.0000000000e+00 
2.1980280125e-05 1.0000000000e+00 
1.7019302343e-04 6.8457706861e-01 
1.0089374311e-04 6.5447441444e-01 
3.1508530894e-05 6.8952849029e-01 
1.2947594190e-04 6.8243753614e-01 
4.4066807848e-05 6.9508128660e-01 
1.3531419707e-05 7.2635967857e-01 
2.0526178183e-05 6.3350128065e-01 
2.4792799967e-05 7.3220941238e-01 
1.7395204209e-05 7.0474158994e-01 
1.0463826572e-04 6.7179651801e-01 
1.5394284654e-05 7.3949614632e-01 
2.7521584240e-05 7.0678287850e-01 
2.0577589898e-05 6.4470489783e-01 
4.7631765671e-05 6.9504866557e-01 
2.3357244032e-05 7.1539969014e-01 
2.3538465800e-05 6.6484211899e-01 
1.8844254617e-05 1.0000000000e+00 
2.0083426175e-05 6.6168257796e-01 
5.5767472852e-05 6.8896597438e-01 
3.1787106900e-05 6.6032224245e-01 
3.9451513981e-05 6.2807463297e-01 
6.8218112177e-05 6.8463614162e-01 
9.0333703607e-04 1.0000000000e+00 
3.7760278573e-05 6.9951242595e-01 
4.9991011384e-06 9.9897369527e-01 
2.6636945874e-05 1.0000000000e+00 
3.1000459665e-05 7.0896490486e-01 
3.2771993484e-05 7.0772170711e-01 
1.1146711426e-04 6.8048789412e-01 
2.1952821649e-05 6.9803066853e-01 
4.2437339978e-05 7.0041814881e-01 
6.6816275312e-05 6.8798337400e-01 
7.6405335385e-05 6.8082031577e-01 
5.1269992412e-05 6.9239016912e-01 
6.4198821342e-05 6.7105838933e-01 
1.4802997819e-04 1.0000000000e+00 
8.4150782840e-05 6.7903314767e-01 
4.9890250235e-06 9.9500002943e-01 
2.6944637292e-05 6.2847746873e-01 
5.6769114144e-05 1.0000000000e+00 
3.8015981981e-05 6.9390740108e-01 
5.7935508627e-05 7.0165270018e-01 
5.7993128796e-05 6.9764423939e-01 
3.4586516061e-05 7.0584139568e-01 
2.0961258594e-05 7.1422708077e-01 
5.3651178658e-05 6.2932651759e-01 
8.7150701072e-06 1.0000000000e+00 
1.4124576795e-04 6.7926510590e-01 
4.9965051460e-06 9.9290050956e-01 
8.3826049102e-05 6.8535148425e-01 
3.7105743002e-05 6.5391654963e-01 
4.9995381515e-06 9.9662447197e-01 
2.5339292534e-05 1.0000000000e+00 
1.7251929460e-05 7.0519609599e-01 
2.4890661174e-05 6.4033265499e-01 
3.6591597884e-05 6.7097432305e-01 
9.0226079776e-06 1.0000000000e+00 
5.1238672864e-05 7.0249837320e-01 
8.9149612894e-05 6.8821929223e-01 
4.3237132856e-05 7.2019534113e-01 
2.5915549532e-05 6.5798684973e-01 
5.3273976042e-04 1.0000000000e+00 
2.1214383873e-05 7.2074121377e-01 
6.4346092463e-05 6.9523880020e-01 
3.6328872586e-05 7.0319530780e-01 
2.7607287466e-05 7.0939454826e-01 
8.5855320120e-05 6.7832745766e-01 
5.9148700772e-05 6.8801012051e-01 
1.8268538572e-05 1.0000000000e+00 
1.6119529216e-05 7.2642789711e-01 
6.5971517122e-05 6.8765920512e-01 
3.9789856737e-05 6.3306375462e-01 
6.4705589303e-05 6.8938219233e-01 
2.1727139507e-05 7.1990341881e-01 
2.2105803597e-05 7.1413996713e-01 
2.3083717718e-05 6.7840212411e-01 
7.7175156180e-05 6.6181832829e-01 
3.5922900017e-05 6.4152365178e-01 
8.7330344190e-05 6.9949820312e-01 
2.9443731966e-05 7.0047625534e-01 
2.3154490640e-05 6.3945121463e-01 
8.9659259613e-05 6.8933850751e-01 
1.8828686364e-05 1.0000000000e+00 
1.9549166001e-05 6.8344986812e-01 
8.1221509449e-06 7.4202550897e-01 
1.3538390434e-04 6.7515692624e-01 
1.1082272505e-04 6.8414041811e-01 
9.3576191841e-06 6.6474983011e-01 
3.4002106660e-05 6.7428645320e-01 
3.9038507205e-05 7.1629629645e-01 
4.9993753504e-06 9.9822167941e-01 
7.9117138911e-05 6.8883551686e-01 
2.0372792477e-05 7.2830098602e-01 
8.6879387634e-05 6.7675490381e-01 
1.5204265638e-05 1.0000000000e+00 
1.4091956045e-05 1.0000000000e+00 
1.8637686125e-05 1.0000000000e+00 
4.3246887926e-05 6.9944586184e-01 
1.9152758997e-05 6.5259648105e-01 
2.1373281763e-04 6.7455864921e-01 
4.9993076160e-06 9.9870935649e-01 
1.3312438627e-04 6.6037457367e-01 
6.4413262007e-05 6.8480103856e-01 
1.3408672981e-05 7.2436830285e-01 
5.4171194976e-05 6.8073238163e-01 
1.1447183543e-05 1.0000000000e+00 
4.5760394226e-05 6.8187017883e-01 
7.0786085924e-05 1.0000000000e+00 
6.9357466997e-06 1.0000000000e+00 
2.1415093307e-04 6.7880173048e-01 
5.7366224091e-05 6.3094380479e-01 
7.8932328092e-06 6.5324496793e-01 
3.8003305240e-05 6.8200944707e-01 
3.1807677235e-05 7.1043725404e-01 
1.2083739368e-04 6.8530815180e-01 
4.9995377957e-06 9.9871197002e-01 
1.4532194791e-04 6.6335270946e-01 
2.4132065026e-05 1.0000000000e+00 
3.5032450721e-05 6.9280326423e-01 
1.3071034380e-05 6.6426258869e-01 
5.1462609188e-05 6.5133888417e-01 
2.3878159350e-05 7.1318773039e-01 
1.5104473526e-04 6.8639374968e-01 
1.4959415274e-05 7.1556430354e-01 
8.3630208780e-05 7.1462313891e-01 
1.6466378066e-05 7.0636227280e-01 
1.2550190847e-05 6.4700428877e-01 
1.4672092035e-05 7.1122605205e-01 
4.0053287618e-05 6.9760637737e-01 
3.1406033148e-05 7.1322119710e-01 
6.8505723544e-05 6.8713453826e-01 
2.3686892940e-05 7.0423490400e-01 
4.8639884821e-05 6.8755628285e-01 
3.1931506991e-05 7.0113241880e-01 
4.9749045125e-05 6.8459202659e-01 
7.2457504172e-05 6.2699374468e-01 
3.6877233261e-05 6.9604231830e-01 
4.3815027130e-05 6.9484829242e-01 
1.8595332109e-05 6.9804873039e-01 
1.1614857032e-05 7.2782481269e-01 
4.0980056668e-05 1.0000000000e+00 
2.3121852927e-05 1.0000000000e+00 
5.5421708864e-06 7.4522661528e-01 
7.2466940073e-05 6.7986327584e-01 
1.1554077141e-04 6.7678052609e-01 
4.1916758954e-05 6.9738157159e-01 
4.9995941249e-06 9.9886617262e-01 
4.9262095505e-05 7.3933913215e-01 
3.3441331379e-05 6.8948011869e-01 
1.6131245835e-05 1.0000000000e+00 
1.6277308003e-05 6.4445039581e-01 
3.6624642908e-05 6.8929681574e-01 
6.6826891691e-06 1.0000000000e+00 
3.8797178013e-05 6.8361980710e-01 
3.1111935366e-05 1.0000000000e+00 
1.7971035096e-05 6.5370737042e-01 
9.4031930325e-06 7.3867185627e-01 
1.1792407257e-05 7.0129013544e-01 
1.1896625786e-04 6.8243560162e-01 
7.3480125790e-05 6.8044089131e-01 
2.5728679928e-04 6.6828139859e-01 
1.1544363527e-05 1.0000000000e+00 
2.0163756057e-05 7.1699657967e-01 
1.0615086102e-05 7.3078140991e-01 
1.1300407791e-04 6.8036836642e-01 
5.7244874256e-05 6.8551463028e-01 
2.9402398925e-05 6.4707121649e-01 
2.6067323694e-05 7.2660773642e-01 
1.4983065597e-05 7.4496502413e-01 
7.5885033602e-05 6.8172742827e-01 
1.1587217408e-05 7.4842427457e-01 
1.1000519891e-04 6.7762110791e-01 
2.1723722424e-05 6.3612056101e-01 
1.4922718827e-05 7.2429710358e-01 
4.2973053519e-05 6.9580258470e-01 
8.3967599787e-05 6.9135172856e-01 
1.4208099479e-04 6.7832695108e-01 
2.5893142670e-05 6.8414451475e-01 
9.1575365235e-05 6.7203598810e-01 
5.7256027395e-05 6.7752288670e-01 
4.5067972182e-05 7.0868914520e-01 
7.2199469454e-05 1.0000000000e+00 
1.0469396018e-05 7.0734073156e-01 
5.4725028803e-05 6.8892570198e-01 
3.1070270143e-05 7.0595499258e-01 
6.1636795775e-06 7.4222392769e-01 
1.5945779388e-04 6.3420890933e-01 
4.0891654695e-05 6.9107767366e-01 
1.0929189143e-05 1.0000000000e+00 
4.4450986683e-05 6.9907765660e-01 
5.2718384061e-05 6.8071594509e-01 
1.1243710675e-05 7.3531981696e-01 
2.2682843141e-05 7.1353252282e-01 
8.4371334806e-06 1.0000000000e+00 
1.0437696426e-05 7.4109361912e-01 
3.5322109370e-05 7.0360853966e-01 
1.1938963688e-05 1.0000000000e+00 
4.6758187763e-05 6.8503865397e-01 
6.2302546932e-06 1.0000000000e+00 
4.3226266968e-05 6.9779438332e-01 
4.5869660320e-05 6.3677600231e-01 
6.0789227031e-06 1.0000000000e+00 
4.4075902505e-05 6.9759742510e-01 
1.1226431961e-05 6.4762509661e-01 
8.4724922983e-05 6.7835209491e-01 
6.3645581022e-05 6.7866142863e-01 
2.4854177530e-05 6.3546994010e-01 
2.3440347823e-05 6.3152429770e-01 
7.9284428799e-05 6.7988243427e-01 
5.2115733791e-05 6.8615100312e-01 
1.1588991560e-04 6.6039549282e-01 
4.9868430679e-06 9.9426712954e-01 
9.3969204371e-05 6.3640398458e-01 
5.0708829445e-05 6.9115253838e-01 
5.2472138143e-05 7.0123114579e-01 
6.1479038839e-05 1.0000000000e+00 
1.9989304826e-05 1.0000000000e+00 
6.5841395065e-05 1.0000000000e+00 
3.8874318142e-04 1.0000000000e+00 
2.2798080865e-05 7.2468599860e-01 
2.5449855967e-05 7.0882673383e-01 
6.0711825136e-05 6.9762053781e-01 
8.5591524202e-05 7.0025962434e-01 
1.9155884658e-05 7.0816381934e-01 
9.0200843391e-06 1.0000000000e+00 
4.8920034202e-05 6.7706104333e-01 
8.4986139669e-05 6.8514783393e-01 
6.6677728670e-05 6.9127208481e-01 
4.9913056465e-06 9.9704570852e-01 
4.2987638379e-05 6.8158532059e-01 
6.7462269922e-05 6.8404783057e-01 
9.3418786236e-06 1.0000000000e+00 
5.8679481146e-05 6.9644196505e-01 
6.2565695488e-05 6.8934930625e-01 
5.1972102035e-05 6.9970317843e-01 
8.4774994794e-05 6.4967360446e-01 
2.9745745417e-05 1.0000000000e+00 
1.7406856471e-04 6.8194203827e-01 
3.5855143924e-05 7.1118139435e-01 
4.8111733277e-05 6.9222025012e-01 
2.9906859159e-04 6.4339415384e-01 
2.9973303389e-05 6.8130197446e-01 
2.2689436144e-04 6.6274037260e-01 
1.6303397135e-05 1.0000000000e+00 
9.2387563807e-05 6.2836434682e-01 
9.3355377818e-06 7.2599177233e-01 
7.7305852369e-06 7.5794950022e-01 
9.1377984943e-05 6.5423639547e-01 
1.5812714261e-05 1.0000000000e+00 
1.8233191502e-04 6.5276160747e-01 
4.9864749536e-06 9.9570322759e-01 
1.6079649376e-05 7.1362677491e-01 
1.9240271589e-05 7.1120500286e-01 
1.9351757119e-04 6.5735215255e-01 
1.5886691430e-05 7.1672689278e-01 
1.7721750347e-05 1.0000000000e+00 
1.4208558865e-05 7.2897366310e-01 
3.0791752557e-05 6.3869979950e-01 
1.9158669159e-05 1.0000000000e+00 
1.0461786311e-05 7.4203403442e-01 
1.9572117591e-05 7.4065040480e-01 
1.1322682728e-05 7.2810937809e-01 
4.9997532487e-06 9.9874275046e-01 
5.1856436248e-05 6.9007166276e-01 
1.6163826879e-05 7.1986043186e-01 
4.8447885782e-05 6.9154420246e-01 
1.2648160447e-04 6.8313368824e-01 
2.4585737158e-05 7.1877890360e-01 
1.0635948559e-04 6.8166215182e-01 
4.6541543156e-05 6.5348290114e-01 
9.4698108154e-05 6.7987199706e-01 
4.3890157816e-05 6.9817702305e-01 
2.2810821546e-05 6.4124258155e-01 
4.2694343426e-05 6.9830099215e-01 
4.9901199900e-06 9.9648421954e-01 
8.7345489907e-05 6.8030876501e-01 
1.9591311833e-05 7.2172558396e-01 
2.9175002914e-05 7.2440305300e-01 
7.0703768074e-05 6.5561781948e-01 
3.4667872621e-05 6.8847913512e-01 
4.7048351908e-05 6.9280674214e-01 
1.2338364246e-04 6.7013547971e-01 
5.8581178005e-06 1.0000000000e+00 
5.6855891572e-05 6.8244872632e-01 
1.5010142337e-05 7.3016755264e-01 
1.0114564597e-04 6.9744632096e-01 
2.5235263311e-05 6.4262439143e-01 
2.3438527465e-04 6.5618828217e-01 
4.8995495300e-05 6.9334582768e-01 
4.5834835116e-05 6.8050190012e-01 
6.7557279066e-05 6.8226009927e-01 
3.2386562771e-05 1.0000000000e+00 
9.9489141932e-05 6.7380445180e-01 
5.0080769827e-06 1.0000000000e+00 
1.4274566862e-04 6.6911849139e-01 
8.5689392448e-06 1.0000000000e+00 
7.5070367391e-06 1.0000000000e+00 
6.7690003208e-05 7.1128991342e-01 
9.6898726232e-06 1.0000000000e+00 
5.2101956815e-05 6.3151135563e-01 
1.7563777060e-04 6.7945597434e-01 
1.4139473740e-05 6.4913755743e-01 
4.0162354812e-05 7.0024224608e-01 
4.1929374900e-05 6.7919974574e-01 
3.0939915633e-05 6.8775694504e-01 
2.9216672893e-05 7.1682238255e-01 
3.1628349330e-05 6.2715150700e-01 
4.2042692264e-05 6.4715995696e-01 
2.0545282526e-05 7.2233259109e-01 
5.1203491780e-06 1.0000000000e+00 
4.9992063701e-06 9.9863419937e-01 
8.7566991448e-05 6.7860169121e-01 
1.2791409223e-05 1.0000000000e+00 
1.8866485801e-05 6.5398570488e-01 
4.3475278251e-05 6.6417004513e-01 
7.7588110861e-05 6.8993310838e-01 
5.3741130762e-06 1.0000000000e+00 
4.7832589506e-05 6.9079097134e-01 
7.8181157718e-06 7.8334318972e-01 
8.5722228786e-06 7.0503380165e-01 
6.7628415882e-05 6.9058139274e-01 
1.4193586602e-05 7.0847819772e-01 
4.9995309953e-06 9.9885814858e-01 
1.0194733303e-04 6.7689921625e-01 
9.7116964447e-05 7.0390229501e-01 
2.9375976966e-05 1.0000000000e+00 
7.2997207607e-06 7.4406026910e-01 
5.3259024576e-05 7.2319856408e-01 
2.6717866365e-05 7.1761147943e-01 
2.2083315560e-04 1.0000000000e+00 
1.8963742615e-05 7.1130755406e-01 
1.3581063808e-04 6.7434179366e-01 
1.3902657098e-05 1.0000000000e+00 
9.1245034228e-06 7.2762690837e-01 
2.2018166833e-04 6.5204321558e-01 
4.9981258172e-06 9.9392022385e-01 
8.7932402620e-06 7.3517817153e-01 
3.9984621292e-05 6.9432531631e-01 
4.9991333816e-06 9.9868799519e-01 
1.6259912501e-04 6.9974196435e-01 
1.4198798824e-05 7.1822200458e-01 
1.2420666673e-05 1.0000000000e+00 
5.5671567025e-05 1.0000000000e+00 
2.0709994698e-04 6.5032342817e-01 
2.6542839589e-05 7.0803541104e-01 
2.0432540677e-04 6.4847765501e-01 
2.0409845616e-05 6.5522792824e-01 
1.6539119388e-05 7.2952053459e-01 
8.4918397036e-06 1.0000000000e+00 
3.7354617483e-05 6.9975263869e-01 
2.2236529949e-04 6.5334415282e-01 
1.0181932615e-05 7.5020068995e-01 
1.5415496889e-05 7.3657659586e-01 
4.4058650986e-05 6.7515047611e-01 
5.6379824120e-05 6.8885149752e-01 
1.3220555732e-05 7.2539199525e-01 
1.0897236574e-04 6.8173354110e-01 
1.0243208788e-05 1.0000000000e+00 
3.4315857405e-05 6.9205596712e-01 
2.7149653631e-05 7.0820980128e-01 
2.7026034331e-05 7.0971402436e-01 
7.9579772640e-05 6.8667338311e-01 
1.4546680269e-05 1.0000000000e+00 
5.6267697019e-05 6.8877519538e-01 
3.1582572880e-05 6.2690572873e-01 
3.4821088050e-05 7.1149222575e-01 
1.9813322088e-04 6.5942748127e-01 
1.0564568692e-05 7.4023615666e-01 
8.7578104867e-05 6.8780979689e-01 
1.9530749098e-05 1.0000000000e+00 
4.9991684563e-06 9.9893298322e-01 
2.5618795400e-05 6.4755617979e-01 
3.2414971109e-05 7.1216276105e-01 
1.2444156972e-05 6.5056310765e-01 
8.1600094654e-05 6.7935476345e-01 
5.2484965422e-05 6.8427996160e-01 
6.8886103172e-06 1.0000000000e+00 
8.4470019926e-06 7.4146743022e-01 
1.3637157615e-04 6.6421107356e-01 
4.0136099445e-04 1.0000000000e+00 
2.9663177907e-05 6.8738782690e-01 
6.0119510701e-05 6.5093976386e-01 
3.2208579699e-05 6.9864876799e-01 
4.9986062039e-06 9.9311650049e-01 
4.9834903064e-06 9.9352429601e-01 
2.1276045057e-04 6.5635539918e-01 
6.3096795504e-05 6.8693140196e-01 
1.9967832968e-04 6.7795389428e-01 
1.9797232442e-04 6.8795747430e-01 
1.1407484827e-04 6.8267308385e-01 
1.6391005524e-05 7.3221401936e-01 
7.0912552608e-06 7.3928029375e-01 
9.7645467357e-06 1.0000000000e+00 
3.9921216665e-05 1.0000000000e+00 
