1.3492254344e-05 1.1217678281e+04 5.8112263701e-01 
1.5908504545e-04 2.5000000000e+04 8.2875735062e-01 
1.8504586337e-04 1.1995756742e+04 1.1196284971e+00 
2.8619655213e-04 1.8649719872e+04 1.1072707247e+00 
2.1531890291e-05 1.1342326337e+04 2.7164219835e-01 
2.1600702447e-04 2.5000000000e+04 1.4686680609e+00 
3.3471935467e-05 1.3479102572e+04 8.5236479963e-01 
2.8979118738e-05 1.7895651457e+04 6.7349052822e-01 
3.2430439166e-05 1.2908484077e+04 4.6994226349e-01 
5.9021898714e-04 1.8750604923e+04 4.2861318265e-01 
4.0230946291e-05 1.2363462109e+04 7.3727345028e-01 
1.8542762007e-05 2.5000000000e+04 1.0053459249e+00 
2.4299687698e-05 1.1263259522e+04 5.7775420516e-01 
5.2034333687e-04 1.2155780414e+04 1.3057594516e+00 
9.3247468127e-05 1.2812998933e+04 8.2627648402e-01 
3.6705353732e-05 2.0337069184e+04 8.7871540267e-01 
7.7379774559e-05 1.4612605660e+04 1.0884892543e+00 
1.9904408471e-04 2.1032919606e+04 7.3523741797e-01 
1.3565927615e-04 1.2753956046e+04 1.2801657325e+00 
1.9087278426e-05 1.3845839353e+04 7.3658421374e-01 
5.8610145713e-05 1.2278877862e+04 8.8593195714e-01 
3.6241138401e-05 1.2448952408e+04 1.4188470899e+00 
1.6191310969e-04 1.9672972148e+04 5.3156426315e-01 
1.6958422854e-04 1.2886317055e+04 8.2529611448e-01 
6.4907209199e-05 1.2139189308e+04 1.0753455063e+00 
1.5978621083e-05 1.5174373967e+04 5.4546413856e-01 
6.5014593350e-05 1.7422648517e+04 1.1965652526e+00 
1.5513974654e-04 1.3182244468e+04 8.8161361280e-01 
4.5030292208e-05 1.4064077905e+04 5.2132410769e-01 
2.2515024583e-04 1.5107934332e+04 1.0936634458e+00 
1.8399199315e-05 1.5324040125e+04 6.2581123164e-01 
5.6915293785e-05 1.4772155588e+04 1.2177927500e+00 
1.0242686265e-04 1.2394355109e+04 1.1048214861e+00 
1.7540516704e-04 1.2601520130e+04 6.6167909761e-01 
3.2699693019e-05 1.7077018207e+04 8.0334834637e-01 
5.0608113464e-05 1.1468695351e+04 1.2637736599e+00 
6.2835568337e-06 1.4262599619e+04 6.5006406759e-01 
3.1737478428e-05 2.2368348394e+04 1.3926970838e-01 
2.8249740653e-04 1.3162079211e+04 9.5224948583e-01 
5.4337576707e-05 1.1689882192e+04 7.1682155892e-01 
3.1119416681e-05 1.2885960114e+04 1.1065190179e+00 
5.2271768220e-06 1.2649988820e+04 1.4363204646e+00 
1.2277419868e-04 1.3437548191e+04 5.0254415404e-01 
9.5676629748e-05 1.2425861831e+04 6.3797402145e-01 
1.1226669779e-04 1.1790958085e+04 9.9735770836e-01 
4.9161371227e-05 1.2199008858e+04 1.1076182261e+00 
1.9625765952e-04 1.1664429481e+04 8.5573933396e-01 
1.4618531277e-05 1.1318560571e+04 6.5340357858e-01 
2.8830042482e-05 1.1716778393e+04 1.2124010948e+00 
6.0970284320e-05 1.1840933024e+04 6.0228266512e-01 
1.1629193317e-05 1.7362131235e+04 1.2943472259e+00 
8.3378589040e-05 1.1334874086e+04 1.1668369810e+00 
4.5198074626e-05 1.5932830621e+04 9.1933618061e-01 
2.0183587565e-04 1.2101147922e+04 5.1135842917e-01 
3.7029955396e-05 1.8830585611e+04 6.0752460963e-01 
1.4002260688e-04 1.8323815672e+04 7.5056874697e-01 
2.3246148868e-05 1.2033592254e+04 5.9719143885e-01 
1.4247338446e-05 1.1960472108e+04 2.9381030275e-01 
6.7369522336e-05 1.1480778922e+04 1.2177853953e+00 
6.5564811538e-05 1.1711253268e+04 9.5486602466e-01 
7.5314705411e-06 1.1838239635e+04 6.0983217421e-01 
5.7348781202e-05 1.1286901035e+04 1.2818901337e-01 
1.6671326682e-04 1.3638270032e+04 1.3419977399e+00 
1.9098155293e-04 1.1316183724e+04 5.7049035337e-01 
7.2790745631e-04 1.1439773030e+04 3.0421951366e-01 
5.1910614690e-05 1.2044282278e+04 9.2052164113e-01 
2.0403454915e-04 1.1275693098e+04 1.1289406137e+00 
4.1572597932e-05 1.4800738936e+04 3.1014783814e-01 
4.5672891440e-05 1.3419126714e+04 7.3614043704e-01 
4.0263794965e-04 1.7825345150e+04 5.9600407362e-01 
1.6305042007e-04 1.5478602464e+04 1.4555902655e+00 
1.6622136195e-04 1.5117837882e+04 9.2160928176e-02 
6.0981118174e-06 1.1540240476e+04 1.1510730524e+00 
3.7574340984e-05 1.4546145981e+04 9.7707167692e-02 
1.9165496910e-05 1.2236724784e+04 1.3130807954e+00 
5.9102394108e-04 1.4164186180e+04 3.5335215346e-01 
3.0760470236e-04 1.3393165386e+04 6.7016420905e-01 
5.7119130957e-06 1.1554995646e+04 2.7305108014e-01 
3.5474192929e-05 1.1397162630e+04 5.4235871890e-01 
2.2501221838e-05 1.2011047462e+04 7.8887989382e-01 
7.2427963184e-04 1.1809998109e+04 1.4049262409e+00 
2.1708431817e-05 2.5000000000e+04 9.1065249995e-02 
4.7771477138e-05 1.3979610925e+04 1.9029997345e-01 
3.4845494866e-05 1.1923369370e+04 6.7551598535e-01 
1.3699095547e-05 1.1993894696e+04 9.7601302188e-01 
7.6589895881e-05 1.3763953476e+04 1.0649152567e+00 
3.3841345605e-05 1.5778796124e+04 9.4926512832e-01 
8.8221584324e-05 1.1260699420e+04 7.0756047095e-01 
1.5023848142e-05 1.1573241346e+04 1.3974276995e+00 
1.7297504554e-04 1.1458204482e+04 1.0654912848e+00 
1.9313284684e-05 1.7215668251e+04 9.6548330103e-01 
5.9792348435e-05 1.9994020291e+04 1.3036719302e+00 
3.6767543514e-04 1.3605419503e+04 6.7812696813e-01 
7.9657708656e-05 1.1306262438e+04 1.1571000901e+00 
1.3968273116e-04 1.9107459433e+04 7.3984144264e-01 
3.8678486792e-05 2.5000000000e+04 8.8119834746e-01 
1.1561847149e-05 1.2050811099e+04 8.3015040643e-01 
8.4657907256e-05 2.0394489782e+04 1.3734446935e+00 
1.1898630557e-05 1.1841339296e+04 1.2896095977e+00 
2.1442594808e-05 2.5000000000e+04 1.2256760605e+00 
2.8030238189e-05 1.9057793099e+04 2.8288821627e-01 
3.6793752448e-05 1.2058679135e+04 7.8206007488e-01 
9.4472431258e-06 1.7805188137e+04 4.7300115850e-01 
2.5424012608e-04 1.5543744557e+04 6.1930436201e-01 
1.2879556588e-04 1.5016214352e+04 6.9851958389e-01 
1.2295207394e-04 1.4785392811e+04 1.2897141565e+00 
5.4779693283e-05 2.5000000000e+04 5.9175436692e-01 
6.0096647965e-05 1.1944423269e+04 7.3198206325e-01 
6.0769445591e-05 1.2078574065e+04 8.2068169876e-01 
3.6450438775e-05 1.2586045083e+04 1.2071064097e+00 
5.7553925013e-06 2.0386239838e+04 5.5732173022e-01 
1.9629044410e-04 2.5000000000e+04 7.5587267468e-01 
1.7262485491e-05 1.2932290697e+04 1.0013778123e+00 
4.6382347146e-05 1.3248472780e+04 1.3666714505e+00 
1.6687762443e-04 1.2962639570e+04 1.3690434076e+00 
2.0346588804e-05 1.3899413413e+04 3.1493295382e-01 
3.0053950260e-05 2.0393753058e+04 1.2621242309e-01 
4.0675434647e-05 1.2379226876e+04 8.1773098373e-01 
4.2600596052e-05 1.2704498582e+04 1.3002660441e+00 
1.2895668077e-04 1.1264602560e+04 2.2297264530e-01 
2.5069381636e-04 1.4266271461e+04 6.1609647610e-01 
2.2484919300e-04 1.2426381754e+04 9.5686752195e-01 
1.6921240647e-04 1.8197271292e+04 1.1081045969e+00 
6.1896699035e-05 1.5291601137e+04 4.3416524779e-01 
2.5911576690e-05 1.2961146420e+04 7.1101917338e-01 
2.5577654659e-05 1.2679418410e+04 4.0071183096e-01 
7.9439747432e-06 1.9128301553e+04 5.4311571959e-01 
3.1431445364e-04 2.0986003920e+04 6.3463848468e-01 
9.2360412632e-05 1.2571154900e+04 6.3501607348e-01 
1.0099580904e-05 1.2646511951e+04 9.7904730974e-01 
2.2213475811e-04 1.3915864530e+04 1.1038034421e+00 
7.8749427413e-06 1.2636911748e+04 4.7589738537e-01 
2.2699888434e-04 1.1215120691e+04 1.4809833863e-01 
2.2453748515e-05 1.1985861767e+04 1.0514649766e+00 
2.4939217431e-04 1.2245078115e+04 1.3391811063e+00 
3.3696053100e-04 1.2949920935e+04 7.0835620155e-01 
8.0647385890e-06 1.5021373324e+04 7.3579125888e-01 
9.9816188415e-05 1.2346615850e+04 1.1260199763e+00 
2.2493745392e-04 1.2449141952e+04 4.6551954528e-01 
8.4038781777e-05 1.5371713975e+04 3.3537125955e-01 
2.2848646123e-05 1.3909831346e+04 9.0677745848e-01 
6.2417422151e-05 1.3000742998e+04 8.2062087843e-01 
1.1584192684e-05 1.2478417880e+04 3.6314771719e-01 
2.5861794558e-04 2.0411730460e+04 4.7647429779e-01 
1.1459552690e-04 1.3631770243e+04 9.9320163451e-01 
8.4943898997e-05 2.3076946130e+04 5.0346671040e-01 
4.3155609309e-04 1.1652803171e+04 1.0341698325e+00 
3.0767374186e-05 2.0900759458e+04 7.3639380904e-01 
3.7176005332e-04 1.4321537449e+04 4.2410249475e-01 
8.1166384487e-05 2.0163323748e+04 1.0583076195e-01 
2.1259452668e-04 1.2213109078e+04 9.6905837650e-01 
4.1867400465e-05 1.5769790978e+04 1.0976690813e+00 
1.5338025428e-05 1.1651776132e+04 9.0637659049e-01 
6.9453037030e-05 1.1646038290e+04 1.1351643669e+00 
1.7062429181e-04 1.1381492626e+04 6.7079443250e-01 
1.7393887915e-05 1.3918347614e+04 6.8593390897e-01 
4.4050302072e-05 1.2970481009e+04 3.1197798225e-01 
1.7260714538e-04 1.2562862813e+04 3.4071539192e-01 
3.8348937085e-05 2.5000000000e+04 6.8679060409e-01 
7.5825051357e-05 1.4920582503e+04 1.1031587495e+00 
6.2772547287e-05 1.1488574421e+04 1.1116083881e+00 
1.8672998901e-04 1.3515808596e+04 6.0510057870e-01 
2.9324235216e-05 1.2020642093e+04 1.1676770535e+00 
1.0408255569e-04 1.3709932111e+04 3.8656109766e-01 
9.1530266763e-05 2.0533361307e+04 2.4665589061e-01 
1.0851416036e-05 1.1621726977e+04 1.3521092189e+00 
7.2428298850e-05 1.2201424983e+04 2.9509232448e-01 
7.9468351573e-05 1.4967125826e+04 1.1082083114e+00 
6.7092298246e-05 1.3764637388e+04 8.0465282818e-01 
8.4343234578e-05 1.7393962591e+04 3.8828028747e-01 
8.7119913324e-05 1.5026015621e+04 1.1855392073e+00 
1.3588641384e-04 1.3337436526e+04 7.3482990464e-01 
4.0156576791e-05 2.0341830226e+04 1.3091983768e+00 
7.5150155876e-06 1.1275543284e+04 1.1737764857e+00 
1.4881469257e-04 1.1488163088e+04 1.5643106333e-01 
3.2083850628e-04 1.1478034675e+04 1.1183528300e+00 
5.1539747564e-05 1.2073268893e+04 2.8306027697e-01 
1.3191459379e-04 1.5977286004e+04 1.3297597316e+00 
5.1457517124e-05 1.1465933570e+04 4.7960438534e-01 
1.3890055478e-04 1.1828522178e+04 1.0719968801e+00 
2.1067819672e-04 1.2203425234e+04 7.2230963046e-01 
1.3390256088e-04 1.1201891685e+04 1.3849426272e+00 
2.2546332779e-05 1.1585462038e+04 8.7504672941e-01 
3.1305628846e-05 1.1814081738e+04 1.2925049134e+00 
2.7339777657e-05 1.2384721632e+04 9.7030700593e-01 
4.7727509547e-04 1.4892033803e+04 8.7400015765e-01 
6.3517384386e-05 1.9109611507e+04 1.0020971067e+00 
1.4389324431e-04 1.6034701353e+04 5.4630322841e-01 
3.4405862181e-04 1.4419882813e+04 1.1354120512e+00 
6.0522622117e-05 1.4881251664e+04 1.1931625179e+00 
2.7896630750e-05 1.4494284574e+04 1.4232760047e+00 
6.1704863594e-05 2.5000000000e+04 5.2197485305e-01 
4.5306866137e-05 1.5946207645e+04 3.8100576547e-01 
2.4808858782e-04 1.2565290545e+04 6.8504907285e-01 
1.5559025056e-05 1.7956213030e+04 9.7104339415e-01 
8.1579061226e-05 1.7058078997e+04 7.3427838951e-01 
1.6448771382e-04 1.1474030894e+04 7.7603171148e-01 
4.8163160351e-04 1.1370104082e+04 3.5390382417e-01 
5.2345425110e-05 1.3531700984e+04 1.2836020507e+00 
6.6570516422e-06 1.2367664651e+04 8.5928034358e-01 
3.2987791988e-05 1.4052301152e+04 9.4435374103e-01 
3.0321209255e-05 1.1497994837e+04 4.8942844200e-01 
1.2865293360e-04 2.0929836404e+04 9.0666903915e-01 
8.7117776258e-06 1.3881263178e+04 8.1406782506e-01 
8.6910825879e-05 1.9372604896e+04 5.2199858754e-01 
2.6718799957e-05 1.2145865449e+04 5.1215071628e-01 
9.3820754197e-04 1.1626783081e+04 1.1543813889e+00 
3.1001145134e-05 1.5208040279e+04 7.8941275768e-01 
4.1503512054e-05 1.1764535113e+04 6.3603823146e-01 
7.0185062459e-04 1.1485158586e+04 9.4256395050e-01 
5.6088427093e-05 1.2183123226e+04 4.3273824214e-01 
6.4399582850e-04 1.2414609093e+04 9.0266532029e-01 
7.2632919048e-05 1.1806537825e+04 2.0546662980e-01 
2.3904959025e-05 2.5000000000e+04 8.8408042645e-01 
5.4437097359e-05 2.3659258919e+04 1.0846104419e+00 
1.7847476241e-05 1.7552634868e+04 7.5706140287e-01 
1.2487155770e-04 1.3422581438e+04 1.2208094764e-01 
9.8893259564e-06 1.2118321289e+04 8.0214546004e-01 
8.1766986425e-06 1.2513289041e+04 1.2215534802e+00 
1.1839938912e-05 1.7705389909e+04 1.7651124960e-01 
1.0294527564e-04 1.1928428491e+04 9.0215357817e-01 
3.9870307410e-04 1.2809640386e+04 7.7327682645e-01 
3.3358962388e-05 1.4744977192e+04 1.3163880536e+00 
3.0563224456e-04 1.7615608364e+04 1.0959979211e+00 
9.7642680325e-06 1.2031222000e+04 1.1201405061e+00 
4.3479457430e-05 2.0179302450e+04 1.1148988988e+00 
1.1287831981e-04 1.1632417397e+04 1.3807562105e+00 
9.8880621768e-05 1.1987558148e+04 1.4225935714e+00 
9.7474315807e-04 1.2600509956e+04 8.1586205975e-02 
6.1632168740e-05 2.2891165829e+04 1.2198719677e+00 
1.7418580832e-05 1.4800624811e+04 9.0883947643e-01 
2.9191464327e-04 1.2121205298e+04 1.2486788692e+00 
2.1866495781e-04 1.5232935692e+04 6.0286020538e-01 
1.8614343789e-04 1.4054726900e+04 8.6680952304e-01 
1.1704143977e-05 1.2266314850e+04 3.2397281072e-01 
7.0927104485e-04 1.1352325995e+04 3.1607512694e-01 
3.8748401001e-05 1.7877563373e+04 4.7668252059e-01 
8.4867630458e-06 1.3262021232e+04 9.7199950111e-01 
2.0752429283e-05 1.5902654250e+04 5.8805001663e-01 
8.5451822890e-05 1.6745379602e+04 6.7379590527e-01 
1.0505842648e-04 1.2178932248e+04 1.3346722007e+00 
1.3437775679e-04 1.2940434898e+04 6.0334197322e-01 
1.2558368978e-05 1.2065544814e+04 7.8616436870e-01 
1.1047955548e-05 1.2133994688e+04 7.9293068746e-01 
4.9359968694e-05 1.3832255733e+04 1.8247896156e-01 
6.9528271659e-05 1.1834211989e+04 6.4819488989e-01 
4.8056008876e-05 1.3296736537e+04 1.2018775284e+00 
5.9919636353e-05 1.2101731852e+04 3.1239011966e-01 
2.2783820022e-05 2.1360061551e+04 9.6220942391e-01 
3.0719234273e-05 2.2817623092e+04 1.0956037917e+00 
3.6154750601e-05 1.9621365423e+04 7.4128618086e-01 
1.2108205198e-05 1.8765135387e+04 1.4501086747e+00 
8.8976500528e-06 1.5365570983e+04 7.3817291610e-01 
7.0410814804e-04 1.3916263383e+04 6.7671225194e-01 
2.1544425295e-05 1.1479792397e+04 1.1064277659e+00 
1.8424459440e-05 1.1289424526e+04 1.3628694981e+00 
5.4878560788e-05 1.5678814095e+04 1.0719209709e+00 
9.3314472392e-05 1.3134537386e+04 5.1248715552e-01 
3.4164013476e-04 1.2085933664e+04 5.3691148341e-01 
7.2368181328e-05 2.0167799468e+04 7.6775872210e-01 
5.0121268112e-05 1.3331875392e+04 1.0345111393e+00 
1.9852554546e-04 1.6372048659e+04 7.5635795597e-01 
4.3454586848e-05 1.3005499097e+04 8.9274349782e-01 
4.4454053448e-05 1.6470160273e+04 7.7420792617e-01 
2.3347447915e-04 1.1720165743e+04 1.0195995394e+00 
1.7612804843e-05 1.4732360035e+04 1.1121602142e+00 
6.8450202183e-04 1.1911841078e+04 4.0576249661e-01 
1.1936833607e-04 1.3047545935e+04 9.0949919924e-01 
2.0318466920e-05 1.3335319580e+04 8.3413615694e-01 
5.1629981147e-04 1.4744019664e+04 5.4360459185e-01 
2.0388865524e-05 1.4032323441e+04 1.0810340801e+00 
1.7010683228e-05 1.2603759468e+04 1.3252556926e+00 
5.1732876085e-06 1.2764969400e+04 5.0852621771e-01 
5.3430298546e-05 1.3260559696e+04 4.4421956194e-01 
7.0136695330e-05 1.6404547928e+04 7.9756963379e-01 
2.9044969424e-05 1.2283124365e+04 6.8429781872e-01 
1.1644018385e-04 1.1815857674e+04 3.1704995875e-01 
2.7346641135e-04 1.7744538586e+04 8.2340110061e-01 
3.3330212543e-05 1.2250248648e+04 9.0838266682e-01 
2.7209855138e-05 1.3685910304e+04 9.5342364099e-01 
2.0509804101e-05 1.7294899175e+04 2.9076596162e-01 
1.3314280567e-04 1.9874187929e+04 1.6803268952e-01 
5.0744417384e-05 1.5620041787e+04 9.7159557583e-01 
5.4862124220e-05 1.2019066556e+04 1.4296191920e+00 
1.1554103647e-04 1.2643319432e+04 1.2208417775e+00 
1.6266147176e-05 1.1851108057e+04 1.0125022141e+00 
2.3186629881e-04 1.1539996068e+04 1.0667226295e+00 
1.7529962597e-04 1.2576963647e+04 7.0922634330e-01 
2.7606055407e-04 1.2111758833e+04 8.3493740355e-01 
2.1067495908e-04 1.4596424324e+04 1.0455880709e+00 
1.9118429544e-05 1.5727663692e+04 6.2873166804e-01 
1.1457424789e-05 1.1448364882e+04 7.0589368264e-01 
3.8288773187e-05 1.2686631403e+04 1.9421408595e-01 
8.0081400489e-05 1.1592864955e+04 6.3457184745e-01 
4.2311098248e-05 1.8802404856e+04 8.5855905755e-01 
2.3421074526e-05 1.1676673375e+04 5.6940928586e-01 
2.9006553065e-04 1.1541361063e+04 1.4346994641e+00 
7.1374695199e-05 1.6319034267e+04 7.2463338484e-01 
1.0383690510e-04 1.2657544482e+04 8.8670037824e-01 
1.8135336246e-05 1.1940967238e+04 1.1082692749e+00 
1.6444321136e-05 1.4913198119e+04 1.0472758168e+00 
2.2970951754e-05 1.1559097300e+04 5.2521043798e-01 
3.1681892040e-05 1.2341503899e+04 4.3721279693e-01 
1.6860496290e-04 1.1796992741e+04 8.8336922782e-01 
2.5394144550e-05 1.3572862782e+04 1.2425627945e+00 
2.6909797401e-05 1.3758883143e+04 7.7766763089e-01 
1.2940385486e-04 1.2419546774e+04 1.4232910613e-01 
1.8754263871e-04 1.2383026914e+04 1.2369390927e+00 
2.3087316087e-05 1.1253869576e+04 1.0105914080e+00 
6.7176615593e-04 1.1603176825e+04 6.7383381037e-01 
2.6986758844e-05 1.1554366441e+04 8.7743513602e-01 
7.2333163158e-05 1.4303270898e+04 9.6232496022e-01 
1.9853299309e-05 1.1372075600e+04 1.3985944647e+00 
3.8007948720e-05 1.9552957967e+04 7.1395420843e-01 
2.2796662799e-05 1.1558293852e+04 8.9472140714e-01 
6.7085612600e-05 1.2719115086e+04 2.9448086507e-01 
6.1485601624e-04 1.1285825350e+04 5.9508861535e-01 
5.8229385408e-05 1.2196341107e+04 6.1526352144e-01 
1.1233702636e-04 2.3253591572e+04 1.0141248749e+00 
3.1126299395e-04 1.2682699481e+04 5.0487134061e-01 
1.7511211978e-05 1.7085318075e+04 6.0749065489e-01 
1.1025663785e-04 1.3110514514e+04 7.8359645045e-01 
1.1005482898e-05 2.5000000000e+04 5.8145378611e-01 
3.4194224089e-05 1.4771183693e+04 7.2194059446e-01 
8.0562524654e-06 1.5052912818e+04 8.7116590333e-01 
3.3874938434e-04 1.4593634573e+04 1.1377260746e+00 
1.9430896200e-04 1.4971470811e+04 1.2838020436e+00 
1.6813907010e-04 1.3751477158e+04 7.0076359280e-01 
8.3073413994e-05 1.4931985749e+04 4.8126783878e-01 
6.0455121362e-05 1.2385938311e+04 5.9660719358e-01 
2.8874532790e-05 1.4804799080e+04 1.3082145600e+00 
2.0247406604e-04 2.1395105631e+04 2.8209292426e-01 
1.1602279327e-05 1.1474119943e+04 1.0534360190e+00 
6.4410698817e-06 1.4744031812e+04 7.5080545628e-01 
5.2439926880e-06 1.1891935043e+04 1.1405679106e+00 
2.7433083652e-04 1.1360390541e+04 1.0594137952e+00 
5.6413421034e-05 1.2339117498e+04 2.3931233804e-01 
2.8972071392e-05 1.3907640585e+04 3.0529736021e-01 
6.0305427299e-05 1.2814647520e+04 9.2060235517e-01 
1.7881765510e-05 2.1037497385e+04 1.3968580483e+00 
9.9270004124e-06 1.8953474369e+04 1.1450622431e+00 
3.7142079807e-05 1.4988946689e+04 1.3811899348e+00 
5.1138266421e-05 2.5000000000e+04 4.6850293654e-01 
1.6214256140e-04 1.3679467814e+04 1.4510440331e+00 
5.1267233947e-04 1.5140091919e+04 1.1661286971e+00 
8.2610274823e-06 1.8685335293e+04 6.6149473533e-01 
1.8726549406e-04 1.1401631599e+04 7.3747015058e-01 
1.6316403517e-04 1.3488781745e+04 9.5993241140e-01 
1.6072527762e-05 2.5000000000e+04 1.0139808897e+00 
1.4997662873e-04 1.1329965114e+04 8.2122826690e-01 
2.4389573521e-05 1.2488419606e+04 2.8079108979e-01 
4.9424289375e-05 1.7223070681e+04 6.7260677406e-01 
4.6881254761e-05 1.1224841258e+04 1.0576516831e+00 
2.4475812839e-05 1.3475998623e+04 4.2301237078e-01 
1.9323936851e-05 1.1947216505e+04 6.9044683759e-01 
1.5345509591e-05 1.7854419406e+04 1.3459583805e+00 
3.8819460764e-05 2.2029644603e+04 5.8774785365e-01 
1.2799921067e-05 1.2009630717e+04 1.4863329224e+00 
5.7997366433e-05 1.2006872005e+04 8.6834875620e-01 
1.0464484575e-05 1.6265186523e+04 1.1602299042e+00 
3.2652268575e-05 1.1473097802e+04 4.8162928778e-01 
6.8918688820e-05 1.3762184609e+04 8.4720476966e-01 
2.7249290015e-05 1.2068209417e+04 4.2026479418e-01 
1.8756212437e-05 1.3716164654e+04 7.6515879026e-01 
1.1193455054e-04 2.0839780433e+04 1.4771299443e+00 
1.0649711249e-04 1.6420220175e+04 4.1447408237e-01 
7.4688610074e-06 1.4317189117e+04 5.2580428377e-01 
9.0962099504e-05 1.2674972125e+04 4.3024761554e-01 
7.1442690229e-04 1.2853319833e+04 9.7512925239e-01 
3.0274402268e-05 1.2143618316e+04 3.3955766874e-01 
4.1590529498e-05 1.2688341733e+04 6.9824171862e-01 
6.0214925830e-05 1.3732219470e+04 1.2403425819e+00 
3.7216743005e-05 1.3218803762e+04 5.2112637622e-01 
2.4187174509e-05 1.1702124861e+04 1.1105084039e+00 
2.3619455320e-05 1.3043101607e+04 1.1433506073e+00 
1.9024548729e-05 1.2466659648e+04 3.4160141574e-01 
5.4418223351e-04 1.3844417856e+04 7.7734707542e-01 
2.0709349401e-05 1.1464627950e+04 7.3129163970e-01 
4.0650414688e-04 1.6671784206e+04 7.7390204046e-01 
3.2966787611e-05 1.4925638614e+04 1.3911653765e+00 
1.7387036688e-05 2.0635846339e+04 8.3239698397e-01 
6.4403103531e-05 1.2027705900e+04 1.3331619338e+00 
3.8501487981e-04 1.2705646937e+04 1.2535798721e+00 
8.0342362087e-05 1.1543971237e+04 2.7936201031e-01 
9.2546792847e-06 1.1511261847e+04 4.8771885164e-01 
1.4449044625e-04 1.4563722556e+04 7.3487575378e-01 
1.8966689380e-05 1.8746992201e+04 5.7189089218e-01 
7.1791825331e-06 1.2393024719e+04 9.0371885900e-01 
2.2227303122e-05 1.3750461557e+04 3.5258476523e-01 
4.9110225017e-05 1.4117672212e+04 1.0375508033e-02 
3.7390289251e-05 1.3434409119e+04 5.4587579967e-01 
1.7806539845e-05 1.2762543713e+04 3.1875870081e-01 
8.5715211742e-05 1.3563610235e+04 1.1435633089e+00 
1.8967322674e-05 1.4578333645e+04 4.7424612712e-01 
1.7408507616e-04 1.1245486468e+04 8.2458893285e-01 
2.2080171661e-04 1.2196422717e+04 7.9920817351e-01 
2.1126463536e-05 1.2446882219e+04 9.2649231387e-01 
6.5747698863e-04 1.4491421858e+04 1.4394057755e+00 
2.1490915796e-04 1.2546090688e+04 6.4064134676e-01 
6.4765318070e-05 1.1285624009e+04 1.0704298955e+00 
8.2678033921e-05 1.6794806846e+04 8.4374146575e-01 
2.4383095299e-05 1.1629053990e+04 1.3533276849e+00 
3.0750006413e-04 1.2176670810e+04 5.3506216944e-01 
8.3784696009e-06 1.5790067202e+04 9.7866913292e-01 
4.5608105183e-05 2.5000000000e+04 3.2713260468e-01 
2.8261303417e-05 1.8326558681e+04 1.6723294420e-01 
3.7098281250e-04 1.2136509427e+04 6.7332232954e-01 
3.0151932102e-05 1.2053342405e+04 1.2599211038e+00 
2.7519619019e-05 1.4716994688e+04 7.5780369093e-01 
5.3622406204e-05 1.5837434886e+04 8.5455183157e-01 
9.1490709259e-04 1.9394764805e+04 1.3037245370e+00 
3.2242091835e-05 1.2832617230e+04 5.2584092835e-01 
1.4691142144e-04 1.2196009467e+04 3.3390948484e-01 
6.7376382677e-06 1.3058222977e+04 1.7731508275e-01 
2.3761375153e-05 1.5746503056e+04 1.5004202345e+00 
6.6800401117e-05 2.0198854770e+04 6.3981887492e-01 
1.3123904162e-04 1.4779371792e+04 6.2426141508e-01 
7.9775673785e-05 1.7040751557e+04 4.0337398488e-01 
1.0253639652e-04 1.1252169360e+04 9.1902664448e-01 
5.2265921554e-05 1.2578103319e+04 9.7551985453e-01 
9.5774906126e-05 1.1601624629e+04 9.0564470824e-01 
7.4812251347e-05 1.2892381095e+04 6.4208654458e-01 
1.5272915351e-05 1.2440028064e+04 4.0203032887e-01 
2.6302712690e-05 1.5500089558e+04 4.9473209828e-01 
2.9137798690e-04 2.5000000000e+04 1.4472291414e+00 
7.1719404657e-06 1.3278032257e+04 1.1313804316e-01 
3.1864798356e-05 1.3632979210e+04 4.3765083475e-01 
1.9523483122e-05 1.1883490537e+04 1.9852539700e-01 
2.1098435441e-05 1.5790144718e+04 5.7778281605e-01 
1.3288894639e-05 1.1856779206e+04 1.2755558285e+00 
2.1269501235e-05 1.3983609263e+04 6.1946477061e-01 
5.6745488959e-04 2.0982385771e+04 9.5981394122e-01 
2.6170099784e-04 1.3921615876e+04 7.2728825289e-01 
2.0508057523e-05 1.4527836170e+04 8.6099297155e-01 
3.2609755892e-05 1.2007583655e+04 1.0370950908e+00 
1.4777191586e-04 1.1968599307e+04 1.1559213870e+00 
1.2900296232e-04 1.3863199155e+04 1.3237138593e-01 
6.3743639569e-05 1.5642621463e+04 8.4560110560e-01 
6.1983004977e-06 1.3401960895e+04 7.3120355336e-01 
4.5226860170e-05 1.1417410110e+04 3.0186152727e-01 
4.8185088110e-05 1.2432537759e+04 9.6700460792e-01 
1.3183903706e-04 1.3017261942e+04 8.1059246575e-01 
1.9350827976e-05 1.1635924198e+04 1.1160084112e+00 
6.5383774165e-05 2.0051906256e+04 2.5808765755e-01 
3.2343165499e-05 1.1658192499e+04 5.1089862492e-02 
3.7055229105e-05 1.7491160761e+04 7.9217037275e-01 
4.3535358538e-04 1.2410967801e+04 1.2982438621e+00 
4.8157034284e-05 1.1426694099e+04 1.0821855555e+00 
2.4050814043e-04 1.3965957740e+04 1.2547733983e+00 
2.4207664468e-05 1.1273014793e+04 2.5946843081e-01 
6.2533725064e-05 1.3706313126e+04 7.0232537009e-01 
2.8868767083e-04 1.2706336207e+04 8.8571457213e-01 
3.1229790167e-05 1.1619151411e+04 7.7526434356e-01 
9.7840367849e-06 1.1538732661e+04 5.1492753505e-01 
7.7769028671e-05 1.4110981461e+04 8.8864763491e-01 
1.4899795369e-04 1.7709966520e+04 5.0121943627e-01 
1.6345731049e-05 1.2535748254e+04 9.3013585555e-01 
6.1138339953e-04 1.1927602973e+04 8.3342798784e-01 
4.4979292395e-05 2.5000000000e+04 8.2993148934e-01 
3.2840698407e-04 1.1503198954e+04 8.3459691409e-01 
4.2775752757e-04 1.3195506162e+04 2.3600699886e-01 
4.9004197837e-04 1.3075754631e+04 4.1424311635e-01 
4.0776952492e-05 1.1573735316e+04 7.6370028833e-01 
3.9821709308e-05 1.3250608470e+04 1.3209577724e+00 
7.2141845738e-04 1.2712838289e+04 8.5574616329e-01 
2.8073260425e-05 1.2876171762e+04 1.0293597541e+00 
4.0530157313e-05 1.4058968636e+04 2.0079017528e-01 
2.3665472521e-04 1.4542356109e+04 6.5851259088e-01 
2.0825470201e-05 1.3212128364e+04 1.8938188844e-01 
2.7087146579e-04 1.6440217082e+04 7.4320080439e-01 
8.7613180089e-05 1.5862383018e+04 4.9969694952e-01 
1.3963098919e-04 1.6541420487e+04 3.8475299409e-01 
1.8186307346e-04 1.1896498586e+04 3.9854805034e-01 
1.5701197374e-05 1.1299024008e+04 6.0326674049e-01 
7.7954974524e-05 1.3728409836e+04 1.7472461903e-01 
7.4678914264e-05 1.7814717562e+04 3.7380974686e-01 
9.5108465009e-05 2.0448003794e+04 8.9759856121e-01 
6.6799894730e-04 1.4342819435e+04 1.2254502681e+00 
3.9237644710e-04 1.5135641931e+04 1.9750257622e-01 
6.1558654058e-04 1.2649335998e+04 6.7058786461e-01 
4.5823755168e-04 1.7513524723e+04 7.4480146012e-01 
3.8604724214e-04 1.2070135953e+04 2.6241024489e-01 
1.4325202114e-04 1.7480119685e+04 8.5658796590e-01 
5.8131784654e-04 2.0835163480e+04 8.7608216105e-01 
2.0330686677e-04 1.2957875245e+04 6.0326464992e-01 
4.9437430862e-04 1.7758305875e+04 7.2937488001e-01 
2.7182006383e-05 1.1673948117e+04 3.9383284003e-02 
7.4426720251e-05 1.5786256723e+04 7.2843074125e-01 
2.0745821696e-04 1.9461484612e+04 1.2368856421e+00 
8.8410746196e-05 1.5505214966e+04 9.7102634951e-01 
2.1714444781e-04 1.3329361908e+04 8.0942127115e-01 
1.3857882264e-04 1.2028251871e+04 1.3400595120e+00 
1.1618169450e-05 1.1632057300e+04 2.6512392829e-01 
8.4227590548e-04 1.3990574843e+04 5.3102604658e-01 
4.9990567198e-05 1.1485253851e+04 1.0540870304e+00 
3.0956655145e-04 1.4889528964e+04 7.4672322286e-01 
2.9137228130e-05 1.1454433921e+04 6.8913483176e-01 
1.6940767971e-04 1.2053883291e+04 4.5674466692e-01 
2.3351370919e-05 1.1522755573e+04 6.2525409202e-01 
5.7701590233e-05 1.2159349162e+04 9.9856474154e-01 
