1.1880700877e-09 2.5000000000e+04 2.2398866157e-01 
1.2807166551e-07 1.7169079361e+04 1.3348709238e+00 
6.2134292102e-11 1.2745745093e+04 9.3518864601e-01 
1.1078984754e-11 2.0028128120e+04 6.2278922495e-01 
5.4282352360e-08 2.5000000000e+04 7.2637140563e-01 
1.2403064476e-07 1.1929813888e+04 4.8734990584e-01 
1.2120481511e-10 1.3166989110e+04 9.6245005911e-01 
7.8714107484e-10 1.2485089244e+04 1.4461047019e+00 
7.1044941021e-09 1.7124176297e+04 8.1091421569e-01 
2.0649521288e-11 1.3862416319e+04 1.0016160955e+00 
1.9737310682e-06 1.1317792526e+04 2.4724199234e-01 
5.7940063021e-08 1.4830548666e+04 8.0604992684e-01 
5.2129252590e-11 1.1887701477e+04 1.1169173748e+00 
7.1434591928e-06 1.7656789372e+04 1.1087810478e+00 
4.1929270912e-07 1.4175901343e+04 7.3873935710e-01 
7.3057330725e-09 1.1302970846e+04 9.4668901985e-01 
5.3539197211e-12 1.4920768830e+04 3.6468201756e-01 
8.9988696726e-08 1.1544789942e+04 2.9001253624e-01 
1.0440346913e-08 1.2895200903e+04 1.1244349398e+00 
4.8644440166e-11 1.7293386469e+04 3.5191837637e-01 
2.3969261597e-11 1.1794637890e+04 8.7820416290e-01 
1.6778670719e-09 1.9528050410e+04 1.1312351520e+00 
2.5242620146e-09 2.5000000000e+04 6.9702413317e-01 
1.1759174251e-09 1.5749476257e+04 2.2110246656e-01 
3.9669530571e-08 1.2165006332e+04 5.7079699233e-01 
1.2488109901e-10 1.2385205098e+04 3.6063603794e-01 
2.9341788014e-07 1.1999323617e+04 1.1812321557e+00 
1.1340825300e-08 1.4433194140e+04 1.2515926105e+00 
3.0609319976e-11 1.1651271490e+04 9.2798832820e-01 
1.9301989575e-08 1.1291443556e+04 6.3136853491e-01 
9.2231665655e-08 1.1440467261e+04 6.7654415665e-01 
4.2633183690e-09 1.2910917606e+04 1.0081430552e-01 
5.3798344170e-11 1.2357462725e+04 1.4470286201e+00 
3.0943608417e-09 1.2122262542e+04 4.5199176953e-01 
7.9712664869e-06 1.3685978632e+04 5.3366020588e-01 
1.3699754782e-10 1.4728257339e+04 1.1329540852e+00 
9.3363844905e-08 1.1541927269e+04 1.2011136418e+00 
4.9123991414e-08 1.1216945821e+04 4.2396216385e-01 
3.4478182437e-11 1.1293104964e+04 1.3808865259e+00 
8.4875552900e-06 1.3055099427e+04 9.6593685535e-01 
1.6027413796e-08 1.3943647570e+04 9.5015422550e-01 
1.1200592168e-07 1.7151029061e+04 1.2532231955e+00 
2.5354595406e-07 1.1332370945e+04 3.3437672663e-01 
2.4045626703e-08 1.6074604532e+04 8.7499644503e-01 
5.1452866742e-11 1.2398942539e+04 5.0578705155e-01 
1.0281571933e-08 1.1480953170e+04 4.8532784407e-01 
2.4883506987e-10 1.2971256010e+04 1.2022182035e+00 
1.7451549352e-10 1.2216985843e+04 1.1681982222e-01 
2.5515566553e-09 1.1366509994e+04 1.0811828027e+00 
1.2523451802e-10 1.6001263335e+04 2.3385155499e-01 
6.4282044013e-10 1.1538647739e+04 1.0612560226e+00 
7.9056554875e-07 1.6094631047e+04 6.5944680235e-01 
1.1920695364e-09 1.8666024439e+04 5.3199507884e-01 
8.2364366295e-10 1.2493653312e+04 4.5539930863e-01 
1.1035150831e-05 1.4836959673e+04 8.4218697612e-01 
2.8415566008e-08 1.4046117681e+04 1.1272358736e+00 
2.9618652130e-10 1.1632122037e+04 3.9649053066e-01 
3.1446305995e-08 1.3963234668e+04 1.0600905625e+00 
1.4139574059e-09 1.1298144703e+04 3.2039883994e-01 
2.1528634718e-10 2.5000000000e+04 1.0849690421e+00 
1.2333602548e-06 1.2344794572e+04 3.8783528753e-01 
2.4605631088e-11 1.8498981549e+04 8.4841956579e-01 
1.8079036374e-10 1.1999765715e+04 3.0612683496e-01 
3.2541555873e-09 1.5821049753e+04 1.2794276909e+00 
2.0590731502e-09 1.2561211041e+04 3.4473869683e-01 
3.1343893364e-08 1.1705525108e+04 8.1773679171e-01 
5.9765954179e-07 1.2186018508e+04 1.1737162483e+00 
3.8592808422e-09 1.2559458962e+04 5.2687353090e-01 
1.2584545157e-09 1.7130431049e+04 9.0990463478e-01 
8.2490740807e-07 1.1648786794e+04 9.4376993786e-01 
6.5622285413e-09 1.2300544361e+04 6.2589697674e-01 
1.5221286853e-11 1.1690350143e+04 9.8966118798e-01 
4.6025352247e-11 1.2002702445e+04 5.2211326414e-01 
2.1000711083e-10 1.5942499157e+04 5.4140818218e-01 
1.8174358536e-08 1.3829038793e+04 5.3632424672e-01 
4.2935352048e-11 1.2993978690e+04 3.7153984449e-01 
1.6754069647e-06 1.3283048115e+04 9.3983405388e-01 
3.7329829395e-10 2.4462498433e+04 5.7812639032e-01 
1.8092780930e-08 1.2150503459e+04 1.0767820414e+00 
9.3605212425e-08 1.1426109297e+04 5.2871149647e-01 
9.6674515721e-06 1.4599815065e+04 1.1020676292e+00 
9.0822904505e-10 1.2634772947e+04 8.9058289717e-01 
8.5741873651e-07 1.4935908195e+04 1.2165178762e+00 
7.2973305243e-09 1.1856649763e+04 7.0107066350e-01 
2.2678976928e-07 1.5660746525e+04 9.1131101816e-01 
8.8294161229e-08 1.3186626448e+04 5.5282209933e-01 
1.8214553551e-08 1.9533062824e+04 8.7723888022e-01 
6.0341547646e-10 1.3596528773e+04 9.7772680026e-02 
1.2964545952e-10 1.3367344973e+04 1.1356750237e+00 
2.8638592084e-10 1.2138199961e+04 1.0369624609e+00 
2.6205960043e-09 1.1723204290e+04 7.6468744912e-01 
2.6030009735e-08 1.3016777311e+04 1.2082056555e+00 
1.0568081070e-08 1.3053199518e+04 1.4568726371e+00 
6.2712044364e-11 1.4512010983e+04 1.0441308816e+00 
2.2061587277e-07 2.0126874718e+04 1.0735148661e+00 
5.5514560686e-09 1.1677920179e+04 8.2455753592e-01 
1.1062092751e-07 1.7252694459e+04 2.8877344877e-01 
1.7471754189e-08 1.2190615317e+04 6.9136336281e-01 
2.1973633897e-09 2.5000000000e+04 8.4615974610e-01 
2.2030108359e-11 1.1888084612e+04 7.3567335900e-01 
5.6085996932e-10 1.4424792252e+04 1.1948679856e+00 
1.1418322051e-08 2.0057902703e+04 1.1328866701e+00 
6.5030365434e-11 1.2219457049e+04 3.1028813350e-01 
2.8959503301e-08 1.1937470755e+04 5.0578973605e-01 
1.4284997357e-10 1.2188077376e+04 9.6145537404e-01 
5.6458372966e-06 1.2869671482e+04 6.3569709309e-01 
2.3099818782e-11 1.5014566607e+04 4.9791338189e-01 
5.9400942163e-09 1.4272733717e+04 8.1707926858e-01 
1.9593465780e-10 1.2557411773e+04 6.0361591265e-01 
2.0735674119e-09 1.2050126345e+04 1.4184053571e+00 
7.3703442615e-10 1.2679613279e+04 9.5888573134e-01 
5.4305907662e-11 1.1489714546e+04 2.9241060219e-01 
2.7049867782e-07 1.4423373796e+04 1.3714861480e-01 
8.7574376036e-10 2.5000000000e+04 5.0834286339e-01 
4.2642312550e-09 1.3980774799e+04 1.1538401057e+00 
1.4183988687e-09 1.4266690008e+04 3.7189244609e-01 
4.3619216910e-09 1.1394143136e+04 5.6923016984e-01 
1.1379203140e-07 1.4273717850e+04 2.6668235147e-01 
4.8384525005e-11 1.1306660701e+04 1.1651051158e+00 
1.5551919923e-09 1.1392759263e+04 9.5463077508e-01 
1.7251574408e-06 1.3186840614e+04 7.3622348116e-01 
2.3637401304e-11 1.7434469408e+04 1.3701350256e+00 
7.1873212089e-12 1.1646886697e+04 8.9609655030e-01 
9.3776144068e-09 1.1396862550e+04 5.2698252583e-01 
2.5847051070e-06 1.2546544022e+04 8.7216849252e-01 
1.0881896579e-08 2.3960082963e+04 1.1476896565e+00 
9.3043613235e-10 1.2592088306e+04 6.7797804110e-01 
6.0375854512e-10 1.2826877342e+04 6.6879159353e-01 
3.3840926429e-10 1.1666613662e+04 1.2705732414e+00 
8.9664048235e-11 1.2842311335e+04 3.2755391508e-01 
5.1320159087e-09 1.2361857402e+04 8.8516896251e-01 
1.7481056700e-08 1.1605965157e+04 7.1191345954e-01 
6.2944445833e-06 1.1410675391e+04 8.0167208354e-01 
2.6970787026e-11 1.5879759937e+04 5.3920259336e-01 
5.3439459285e-10 1.1788999764e+04 1.5121180012e+00 
5.3390894539e-09 2.1841790584e+04 1.0791217509e+00 
1.3201138175e-10 1.1303427847e+04 8.5152308748e-01 
6.5269590325e-09 1.5463143314e+04 7.0217098926e-01 
4.3410085826e-08 1.1686484620e+04 1.4610567454e+00 
2.4298280983e-08 1.2414068709e+04 8.2850362614e-01 
8.2819802781e-10 1.1358691004e+04 5.1832937919e-01 
2.6233093519e-11 1.3761063887e+04 6.3784682358e-01 
5.8175660730e-08 1.5099565060e+04 5.0821923717e-01 
2.9041498237e-10 1.6311886066e+04 7.5832858871e-01 
8.5250633049e-10 2.3607201327e+04 2.7408339826e-01 
4.1319225686e-12 1.1903322659e+04 4.8486763196e-01 
2.6521631294e-08 2.0361935530e+04 6.1638302520e-01 
9.6759038497e-11 1.3120757654e+04 7.2270918089e-01 
2.9062835181e-10 1.6035168798e+04 6.1607963026e-01 
1.7306405593e-11 2.1197110370e+04 6.9397359932e-01 
5.9777043666e-08 1.2673582755e+04 9.4740290150e-01 
8.2978695219e-10 1.6551510029e+04 9.8570133602e-01 
7.9515148975e-11 1.2860074810e+04 5.4119204086e-01 
7.0574776159e-09 1.2837650800e+04 1.0091155661e+00 
5.1021622606e-08 2.4325563930e+04 1.3389153487e+00 
7.7971311457e-11 1.5500685253e+04 1.3147917648e+00 
1.4194022822e-09 1.2140332197e+04 1.1518675921e+00 
8.3561157649e-11 1.2598864644e+04 4.3963743038e-01 
1.3626901488e-08 1.1243517408e+04 1.2184864398e+00 
4.8989899706e-07 1.1995093042e+04 1.1448846063e+00 
4.8181063100e-10 1.1294667292e+04 3.0837276475e-01 
5.0093380404e-08 1.4836765705e+04 2.5049668161e-01 
3.4571996278e-08 1.3303446670e+04 9.0479714446e-01 
8.1279298063e-10 1.1878225238e+04 1.2004551018e+00 
1.0855835000e-10 1.4519971004e+04 1.0604340929e+00 
8.1906322784e-10 1.1524197776e+04 6.6034473527e-01 
6.8519467011e-07 1.9999235240e+04 1.1261830136e+00 
1.4673187307e-07 1.6610103024e+04 3.6680706212e-01 
1.0626243698e-09 1.3769064055e+04 1.2739258404e+00 
2.2110527943e-08 1.9898079540e+04 3.5485916651e-01 
1.0612988319e-08 1.3643131368e+04 1.1506028650e+00 
1.5042357413e-09 1.2157741792e+04 5.9023736443e-01 
8.6104336545e-09 1.1710110470e+04 1.3182492271e+00 
7.8505416700e-10 1.2250050039e+04 4.4203721689e-01 
3.1350944379e-06 1.1296641573e+04 8.8273121597e-01 
2.4806109654e-09 1.7066766569e+04 1.3029400269e+00 
4.2808270635e-07 1.2505884309e+04 7.3507177467e-01 
9.4560782708e-08 1.1553966182e+04 2.2205354863e-01 
8.3071882292e-08 1.1677493797e+04 8.4968892805e-01 
7.2286789833e-11 1.1315744904e+04 1.0072632715e+00 
3.3126006416e-08 1.2221994366e+04 1.2261515476e+00 
6.5935233314e-06 1.5258998996e+04 4.3451799928e-01 
2.9134467912e-07 1.6684030111e+04 5.0911683570e-01 
3.9176873022e-11 1.4497027708e+04 8.4447814929e-01 
1.7921142997e-10 1.3807170241e+04 9.3520806122e-01 
1.5680790494e-07 1.3684961794e+04 5.4387872279e-01 
1.1287376776e-08 1.7398465498e+04 1.2173611981e+00 
7.7616597577e-07 1.2901626014e+04 9.9897900205e-01 
1.4194863240e-05 1.1707008840e+04 7.6995735219e-01 
4.8901105644e-10 1.1372465554e+04 9.8706131342e-01 
4.6076929788e-08 1.1812276277e+04 7.3874656939e-01 
6.0309617875e-11 1.5830324722e+04 3.7541287331e-01 
7.1312226352e-10 1.9640488456e+04 1.4605841551e+00 
2.6143200872e-08 1.6652219351e+04 4.6642507516e-01 
4.5004013273e-10 1.3736884788e+04 1.1841060887e+00 
1.1606811157e-08 1.4597803108e+04 4.1888789557e-01 
1.0569954857e-10 1.2465071232e+04 9.6582948087e-01 
1.4787663722e-10 1.2009215636e+04 7.1172915513e-01 
2.9642768961e-10 1.2117517862e+04 8.4338079566e-01 
5.1944008361e-09 1.1678609550e+04 5.1895069950e-01 
1.6637972702e-06 1.2412552775e+04 4.5800217066e-01 
2.9332642430e-10 1.2739440141e+04 1.3638454831e+00 
5.4251458921e-10 1.5353218739e+04 1.0489321929e+00 
1.1829017009e-07 1.8328775582e+04 8.6636662049e-01 
6.8105412985e-07 1.3807101534e+04 5.2973885181e-01 
9.8428035252e-09 1.2583194177e+04 8.5931152272e-01 
1.3653678651e-10 1.3859455781e+04 1.3110965849e+00 
5.5696550642e-08 1.2103762395e+04 4.0683996099e-01 
1.6633585181e-10 1.2884170259e+04 2.5035307325e-01 
4.8126045090e-09 1.2713816975e+04 1.0873145715e+00 
1.1344079482e-10 1.9225942263e+04 9.6906944213e-01 
1.7643041666e-10 1.3061975024e+04 8.8979370160e-01 
2.2419585234e-10 1.2677673164e+04 1.2904258080e+00 
1.3542958204e-05 1.1984925524e+04 3.5684967249e-01 
2.2799891368e-11 1.1655192585e+04 8.2258635433e-01 
5.1226399013e-07 1.3597810236e+04 3.9130673160e-01 
2.0099230901e-07 1.3643717301e+04 1.3200455651e+00 
3.2371177768e-08 1.1516632083e+04 5.2923811901e-01 
1.8275994300e-05 1.4217327914e+04 1.1609448248e+00 
1.7721726358e-07 1.7057021082e+04 1.9965685681e-01 
3.2343740948e-08 1.2855359484e+04 5.2304545439e-01 
4.9756058387e-08 1.3304547990e+04 7.5665725514e-01 
1.4320369595e-08 1.7592213104e+04 1.2723582111e-01 
1.9912246658e-08 2.5000000000e+04 2.2070130101e-01 
3.5785297079e-09 1.2025578681e+04 5.1953987502e-01 
7.7107857506e-08 1.2059037158e+04 7.0689835739e-01 
1.0442517280e-07 1.1518903314e+04 8.3659562966e-01 
1.6689619632e-11 2.2506571453e+04 1.0185158353e+00 
1.9926419756e-11 1.4825457771e+04 1.1823022639e+00 
6.6835433739e-09 1.3313259392e+04 3.7376360131e-01 
1.9228746399e-09 1.3897054388e+04 8.0608180178e-01 
5.8695671758e-10 1.1319634942e+04 1.3437864945e+00 
1.3798516872e-07 1.2665722616e+04 6.5317214736e-01 
1.1297704906e-06 1.3904301003e+04 3.6488040084e-01 
2.7541736709e-06 1.1741028973e+04 9.4004967191e-01 
6.8957013310e-09 1.1680555045e+04 9.4798530549e-01 
9.5952084850e-12 1.2120693181e+04 1.3118963026e+00 
5.9326942418e-09 1.3581945553e+04 1.0518690641e+00 
2.2352602482e-08 2.5000000000e+04 8.5655728096e-01 
7.9437061929e-07 1.1665258870e+04 4.6272279866e-01 
3.7805406121e-07 2.0752166938e+04 1.2703439002e+00 
5.5138936398e-11 1.2984712477e+04 9.1975256282e-01 
1.9931439380e-08 1.2416816734e+04 6.9050864217e-01 
6.0348982976e-11 1.1348145485e+04 3.7224330487e-01 
1.6992288682e-07 1.1640014079e+04 5.5016869096e-01 
1.4279357187e-10 1.2319961851e+04 1.2069022694e+00 
3.4028751074e-11 1.6765151013e+04 1.4435735499e+00 
1.1922883499e-10 1.3144669610e+04 1.1361019923e+00 
2.2151582440e-11 1.6549421870e+04 6.3725944969e-01 
1.7542386195e-10 2.0947619799e+04 4.0204677918e-01 
7.0630088501e-07 1.1424894269e+04 9.8057385487e-01 
7.9229482740e-09 1.2376571218e+04 4.2004950860e-01 
7.8825284610e-11 1.7571230349e+04 1.1062474036e+00 
1.9956413751e-10 1.1968801478e+04 9.9513430846e-01 
4.3045064067e-11 1.1723849736e+04 1.1715841574e+00 
6.4477516433e-08 1.4462950926e+04 6.1731240858e-01 
1.3539625373e-07 1.5661549091e+04 6.2192287998e-01 
2.0672041889e-08 1.4125955625e+04 6.8043563484e-01 
1.9589035166e-08 1.8658845746e+04 3.5667049866e-01 
1.9230584001e-08 1.1968320205e+04 9.4498360871e-01 
6.8830118194e-08 1.2161470957e+04 1.0861220911e+00 
3.8938433013e-08 1.2987617336e+04 1.4986664352e+00 
1.7018510243e-10 1.2965882537e+04 1.0343998351e+00 
3.8800075167e-09 2.1915399378e+04 9.2634484027e-01 
9.5352764083e-09 1.8546533214e+04 4.6816622146e-01 
1.1561426507e-11 1.1489213080e+04 4.2389593654e-01 
2.1382946580e-09 1.2266920474e+04 4.2260723548e-01 
1.4389728761e-05 1.4435103149e+04 8.7062633017e-01 
9.2984890832e-09 1.2095514823e+04 1.1237570991e+00 
2.5718514409e-08 1.8479426102e+04 9.0433138035e-01 
3.6886497772e-11 1.2128693640e+04 1.0881142584e+00 
4.8353809950e-07 1.3970774644e+04 2.1156186622e-01 
2.0941416623e-10 1.1378438847e+04 1.1480560559e+00 
1.3587923573e-09 1.5449729037e+04 5.7083462259e-01 
1.4601758289e-07 1.2667395056e+04 1.3867469286e+00 
6.7930344518e-10 1.2302018528e+04 1.4511479268e+00 
4.8465169833e-11 2.3580754251e+04 5.6783086068e-01 
3.9765367769e-10 1.9159054350e+04 5.2151663826e-01 
4.1157976550e-08 1.3695559638e+04 6.6432562747e-01 
3.4123679623e-09 1.2305778251e+04 2.5807249125e-01 
1.0939525946e-08 1.1306162218e+04 6.2709591057e-01 
1.0167875550e-10 1.1251804297e+04 9.0074210216e-01 
3.5512192545e-09 1.1639719940e+04 5.6649574116e-01 
1.7838407018e-09 1.2479336397e+04 1.5058314505e+00 
2.4857042399e-10 2.0565593342e+04 7.6988239271e-01 
1.3439770343e-09 1.1565218344e+04 5.6929136812e-01 
4.6695611277e-09 1.1561294296e+04 2.6763281616e-01 
7.3648216850e-10 2.1039120297e+04 8.4675603846e-01 
1.2746543648e-07 1.1395079160e+04 7.9578146044e-01 
1.0885158151e-09 1.8477323009e+04 1.4468821318e+00 
4.4223841495e-07 1.2551807862e+04 4.5908993919e-01 
2.2409428038e-07 1.3494903083e+04 3.1267225303e-01 
3.2124684029e-09 1.4193457572e+04 2.4128670873e-02 
1.3419275606e-09 1.2629172923e+04 1.0008998120e+00 
5.1496746776e-11 1.1735487467e+04 7.1808324654e-01 
8.2079505297e-09 2.5000000000e+04 5.4378378840e-01 
3.2571949106e-07 1.3328839508e+04 8.0012001533e-01 
8.0267226145e-09 1.5831692808e+04 1.1360793098e+00 
4.5948288414e-09 1.1655469395e+04 1.2668762533e+00 
4.2142514186e-09 1.3713135315e+04 6.4057892007e-01 
1.0444553568e-07 1.2228489778e+04 3.1213516533e-01 
2.0871971213e-11 1.2695008957e+04 1.0501114503e+00 
9.7611307752e-08 1.6539598762e+04 8.2550746667e-01 
4.3546340194e-12 1.7000414152e+04 1.4840908965e+00 
1.5007303961e-06 1.2259968774e+04 4.9031815950e-01 
1.4038603036e-09 1.2882506174e+04 9.4577107940e-01 
3.9368558158e-06 1.2932514700e+04 5.1115827894e-01 
4.7551814691e-10 1.3019886123e+04 1.1361735048e+00 
2.1416631037e-06 1.7723603809e+04 6.3720118473e-01 
6.9851245307e-07 1.1481767257e+04 4.0795972680e-01 
1.2597279184e-10 1.2329467069e+04 3.2351500892e-01 
1.4512711223e-10 1.2007640488e+04 1.3774169811e+00 
1.3564100414e-11 1.4046685388e+04 1.3290131290e+00 
1.2635203048e-07 2.1434315247e+04 8.7591255276e-01 
8.6419216473e-09 1.9882356439e+04 1.3458133238e+00 
5.2823424492e-10 1.1740913882e+04 3.8347733404e-01 
8.8594434779e-10 1.3779979589e+04 6.5869489491e-01 
4.3198644026e-09 1.1222803048e+04 1.1377124765e+00 
4.5182972521e-08 1.1301055928e+04 1.4593700097e+00 
8.9751036888e-07 1.3403928401e+04 1.0073045208e+00 
7.5867184528e-09 1.2383360822e+04 6.4571094600e-01 
7.7238414184e-09 1.1544777083e+04 9.0910609106e-01 
1.4753096171e-08 1.2016044002e+04 9.6101604539e-01 
5.2352402780e-11 1.2382109993e+04 1.3627544250e+00 
1.6542912389e-09 1.5328434885e+04 8.4859495473e-01 
8.6188706552e-10 1.1344505523e+04 9.3972407856e-01 
5.6792865359e-07 1.4324166275e+04 4.9772610931e-01 
2.4615765006e-10 1.1588760113e+04 4.3410964888e-01 
5.2048029555e-07 1.5412705636e+04 3.5362685890e-01 
2.3211931669e-10 1.2690802146e+04 1.1301274627e+00 
1.0335033027e-09 1.5558113042e+04 9.3389379235e-01 
5.5492517944e-07 1.3704217477e+04 7.1978944250e-01 
8.1670374608e-11 1.8713428378e+04 1.1612483445e+00 
3.0240007066e-08 1.1953470517e+04 1.0590798874e+00 
1.5519557516e-09 1.2831648710e+04 9.3677352793e-01 
1.0395784832e-08 1.3274249732e+04 5.5872515539e-01 
4.4862225513e-08 1.1850405383e+04 1.2269269785e+00 
2.0335515192e-05 1.1263408337e+04 9.7203276911e-01 
1.8348320242e-06 2.5000000000e+04 1.2850676844e+00 
7.4413428025e-09 1.1214054748e+04 1.2246811407e+00 
2.5948234107e-06 1.9752125661e+04 2.0200457795e-01 
2.7453638294e-09 2.4341982631e+04 1.4130589549e+00 
1.1960794728e-10 1.1723677983e+04 6.0946581484e-01 
2.7306432892e-09 1.2784897053e+04 1.1594739464e+00 
2.0020430961e-08 1.1608362356e+04 5.1801433928e-01 
2.2197093394e-09 2.0799750691e+04 1.2184623168e+00 
6.9856836686e-11 1.2150341716e+04 5.7244758739e-01 
5.4290499124e-10 1.8425131835e+04 9.1651144760e-01 
1.2718419244e-09 1.4438109432e+04 1.0132856436e+00 
5.4012455121e-09 1.2598476515e+04 5.7691171619e-01 
3.5033793199e-07 1.6519424292e+04 5.9201895455e-01 
6.1602963980e-12 2.1492471794e+04 8.4895734548e-01 
1.1368581537e-09 1.5979166392e+04 9.4465745164e-01 
1.9217674986e-07 1.5060790271e+04 6.5764781007e-01 
1.3352344891e-05 1.1518614905e+04 9.1107468662e-01 
3.2616654251e-09 1.3894995223e+04 5.6584892065e-01 
1.0464981033e-07 1.2058222469e+04 7.7720299318e-01 
5.2654885091e-10 1.5517652188e+04 1.1481495661e+00 
3.7511348045e-10 1.3129044113e+04 3.7252860681e-01 
8.8387886176e-11 1.4061421478e+04 3.4589872490e-01 
1.4853674541e-06 1.1431038982e+04 4.8819350678e-01 
1.6716990023e-08 1.2151867793e+04 7.7357910283e-01 
1.7008132221e-09 1.5634987039e+04 4.7859589096e-01 
1.8402789599e-07 1.5247481199e+04 4.2976247369e-01 
2.0250182635e-09 2.0831326110e+04 9.0860092293e-01 
5.8604601901e-09 1.1842968761e+04 1.0689816783e+00 
2.9088594893e-10 1.9030855181e+04 8.9042286880e-01 
2.2690061831e-06 1.4535412922e+04 5.1411755168e-01 
1.2382979489e-09 1.2275904967e+04 9.4485781809e-01 
3.9345125626e-09 1.4457366948e+04 1.3545817355e+00 
8.9051178759e-11 1.2006378002e+04 6.6769947626e-02 
1.3066657949e-10 1.2047635988e+04 8.7617903931e-01 
4.1121920378e-10 1.1741858024e+04 3.7779112705e-01 
2.0822154007e-09 1.1626087931e+04 1.3771600495e+00 
2.2118934155e-07 1.6911711321e+04 1.3086684806e+00 
1.8075236953e-05 1.5934593637e+04 8.3645348578e-01 
8.0308874059e-09 1.4806059689e+04 7.0082978131e-01 
1.1308509955e-08 1.1825938670e+04 8.1829622451e-01 
2.2570244942e-07 1.1807338036e+04 6.6606358771e-01 
3.8151081257e-08 1.1590161800e+04 5.0417972617e-01 
5.9195025659e-06 1.2113135717e+04 1.1672111182e+00 
2.8243979607e-09 1.3871697325e+04 3.4188358853e-02 
1.5713811902e-09 1.1285160693e+04 3.8314095630e-01 
2.1274764375e-07 1.7885620647e+04 1.1009453900e+00 
1.1878141882e-09 1.2093284189e+04 1.3435562913e+00 
1.1328860291e-09 2.4600650762e+04 7.0126818224e-01 
9.8156033376e-11 1.1928644043e+04 2.0341290160e-01 
2.1680219557e-11 1.2753516104e+04 9.8270097525e-01 
9.4511453129e-11 1.2061226581e+04 5.0890268236e-01 
1.9407874502e-09 1.5240393580e+04 9.1010048634e-01 
3.0397324594e-11 1.4296548855e+04 1.0715900910e+00 
1.3997721678e-07 1.3553695474e+04 6.4637053688e-01 
2.5461708354e-11 1.3083882335e+04 9.8231009436e-01 
1.3403286244e-10 1.3264046644e+04 1.1221138381e+00 
1.5635918616e-09 1.4225042009e+04 1.4670191937e+00 
2.8922110673e-09 1.1691941858e+04 1.8978437356e-01 
5.6862389041e-09 1.1388746652e+04 7.7613942110e-01 
3.5669405803e-11 1.3163837868e+04 1.3382520837e+00 
2.3295689104e-05 1.2582411207e+04 1.7447901909e-01 
7.5871467950e-10 2.2955792567e+04 4.4791289917e-01 
2.0612876554e-10 1.8838529608e+04 1.1044144530e+00 
4.1686215913e-11 1.3845857206e+04 5.4949689817e-01 
1.4651763665e-10 1.4158598037e+04 6.0386002611e-02 
1.8320818788e-11 2.1611291849e+04 5.6201334815e-01 
1.0310017205e-08 1.1221156240e+04 1.1620192881e+00 
3.3152875731e-07 1.5133847726e+04 7.8763417645e-01 
3.5461779088e-07 1.2059357227e+04 1.2703147443e+00 
1.0345054612e-05 1.2357352515e+04 2.2278764047e-01 
2.8474528865e-07 1.1895279864e+04 2.8932422792e-01 
1.1689771901e-08 1.3629979456e+04 9.1082443739e-01 
8.8426280672e-09 1.2641397078e+04 6.1822795821e-01 
4.2210931257e-11 1.1224624471e+04 1.4632109617e+00 
4.3461879164e-08 1.3089104351e+04 1.1341246646e+00 
3.3510856223e-09 1.2810114438e+04 1.1622660165e-01 
2.4928685934e-10 1.2172534641e+04 9.5841344441e-03 
3.0349111953e-07 1.2406160134e+04 7.3274661011e-01 
1.2801594125e-08 1.6562072830e+04 5.9785292811e-01 
1.5452449164e-09 1.5835595006e+04 4.9744444044e-01 
7.7890461271e-10 1.1362748842e+04 6.1798789502e-01 
3.6187988770e-08 1.2308130035e+04 7.3684107656e-01 
4.6470841171e-08 1.5229817981e+04 1.4318380279e+00 
3.7429612608e-08 1.9778939403e+04 3.9353371575e-01 
6.0470684907e-08 1.2765269982e+04 1.0544435236e+00 
2.3974476596e-10 1.5144714144e+04 8.0327433274e-01 
1.6341720918e-07 1.1236506865e+04 1.3733525013e+00 
1.5921158285e-08 1.6146046377e+04 3.7738911864e-01 
3.3385516128e-11 1.2133649373e+04 1.0422054205e+00 
9.8246754193e-09 1.8319085186e+04 6.8792463589e-01 
2.2740220373e-05 1.1664787542e+04 1.0898291049e+00 
9.6553312198e-10 1.5366839015e+04 4.5876266882e-01 
4.4046554931e-09 1.1688090569e+04 9.7823467543e-01 
1.2826148116e-09 1.1364491981e+04 5.4673246579e-01 
4.2699866698e-10 1.6432103886e+04 8.7031666751e-01 
3.1343209087e-11 1.2013128011e+04 1.3214911391e+00 
7.5623215881e-10 1.3903300854e+04 9.7185876683e-01 
1.2860266637e-07 1.1936449977e+04 1.7992502046e-01 
3.4741956815e-10 1.2103729114e+04 1.1972272084e+00 
1.5317120664e-06 1.1306716910e+04 9.2905004058e-01 
4.4917016754e-09 1.1574895411e+04 4.3381865080e-01 
1.0496540070e-08 1.2880487179e+04 1.4063923603e+00 
1.0493085949e-08 1.2459857542e+04 6.2199161995e-01 
1.0369442053e-08 1.6970766031e+04 6.1380555199e-01 
1.6008316488e-09 1.4888943259e+04 8.1162400331e-01 
1.1518489555e-06 1.2066345542e+04 1.0263834544e+00 
1.8785274972e-08 1.1977441282e+04 4.2259138921e-01 
9.1152456806e-07 1.4737624381e+04 8.8420101311e-01 
1.7503704098e-06 1.4398169918e+04 1.1825071330e+00 
1.4843632267e-08 1.1894076415e+04 1.3669824660e+00 
5.0737706393e-09 1.1280846870e+04 2.7283873356e-01 
7.7899976540e-06 1.1347723922e+04 1.3108471392e+00 
2.2441020629e-10 1.1230443416e+04 8.4353366714e-01 
7.2886145917e-12 1.2763530940e+04 3.9361865421e-01 
6.9906069130e-07 1.4034993477e+04 7.9569279728e-01 
6.0569048003e-10 2.3194589454e+04 6.8284489430e-01 
3.5041022274e-08 1.7340128628e+04 7.8130362638e-01 
8.0178352427e-07 1.2351472958e+04 8.6842364224e-01 
2.8010574536e-10 1.2078993668e+04 1.2255103241e+00 
3.1748459223e-08 1.2676796073e+04 1.3120636869e+00 
2.9856700936e-09 1.1824136072e+04 1.2301905537e+00 
1.0455842848e-08 1.1264504928e+04 9.1579697320e-01 
5.5918063833e-08 1.2673448917e+04 6.4154782389e-01 
2.2412050848e-07 1.7209497528e+04 2.7496811044e-01 
1.2851463939e-10 1.1242896219e+04 8.3222214440e-01 
2.2080190126e-11 1.1885393611e+04 8.2157585561e-01 
6.2397510035e-06 1.1258778159e+04 5.3690744753e-02 
5.6231863965e-08 1.1388904332e+04 1.0706340104e+00 
7.0993479771e-08 1.3940282184e+04 5.3441047334e-01 
2.2201529689e-06 1.5274847686e+04 1.4011077994e+00 
2.0446795276e-07 1.2524455720e+04 1.3634331066e+00 
1.0642120465e-08 2.0843569681e+04 6.9095005869e-01 
2.7796546080e-09 2.5000000000e+04 3.6372675588e-01 
1.2349003868e-09 1.2275727074e+04 1.2747399980e+00 
1.6333775679e-06 1.4925363897e+04 1.1647499467e+00 
3.2920040515e-08 1.4552257309e+04 8.7053139042e-01 
5.0229086133e-09 1.1487064160e+04 1.3381091600e+00 
4.8531274934e-10 1.8602677758e+04 9.9777730075e-02 
1.3642806257e-10 2.2247986393e+04 7.3361876502e-01 
5.7106405525e-07 1.2023432598e+04 1.0275819386e+00 
4.0275736532e-10 1.5754420516e+04 1.2410630758e+00 
3.1631051771e-07 1.2072541295e+04 1.1740338750e+00 
4.8280148003e-09 1.5795155559e+04 1.3269783997e+00 
4.1084738817e-07 1.3255797648e+04 1.0012441507e+00 
1.0493391383e-07 1.1798171737e+04 3.1173334239e-01 
1.9117109631e-06 1.2462794012e+04 8.7443794568e-01 
7.2515827399e-12 1.4795800423e+04 1.2462581567e+00 
4.9929189413e-09 1.9472880186e+04 4.6126645285e-01 
7.2016368503e-11 1.5712794301e+04 1.3731473969e+00 
6.2721936715e-06 1.4305131298e+04 6.5901501820e-01 
4.6641852746e-11 1.4959126843e+04 9.9773529657e-02 
7.2632019018e-09 1.5594646681e+04 3.5735097840e-01 
1.3491052946e-06 1.4026997865e+04 2.5522720377e-01 
2.5342394204e-11 1.6088032172e+04 4.0355466019e-01 
5.8525747146e-12 1.6044928671e+04 5.8647892217e-01 
9.7991394639e-06 1.2577255992e+04 1.0434928649e+00 
5.6263507065e-10 2.2404260467e+04 6.3051102735e-01 
1.5194759187e-10 1.3829740375e+04 4.6085095698e-01 
1.7693834840e-08 2.0722892756e+04 5.0891927409e-01 
1.1200179103e-10 1.1549952971e+04 3.1621895289e-01 
1.2304544872e-09 1.6810438724e+04 7.6106374388e-01 
8.9294457315e-11 1.1321191946e+04 8.3692545068e-01 
1.2034184727e-09 1.1408297755e+04 2.7002232147e-01 
2.8741766943e-09 1.4636772919e+04 1.0137810838e+00 
1.3235315424e-09 1.3270784437e+04 6.1454149310e-01 
8.6722386316e-10 1.2959921800e+04 7.9655102244e-01 
3.6495737652e-09 1.3418395483e+04 1.3647003763e-01 
1.4626116515e-06 1.1229046723e+04 9.8077245219e-01 
6.6474728621e-10 2.5000000000e+04 5.1289441127e-01 
1.9044338502e-06 1.2392569063e+04 9.9743605805e-01 
2.4075148367e-09 2.5000000000e+04 7.4573095333e-01 
6.0224812210e-07 1.2153906559e+04 5.7669700363e-01 
2.2398126911e-08 1.3845605489e+04 6.7278554572e-01 
1.0833763399e-07 1.1853966808e+04 8.9217182738e-01 
8.4423495056e-10 2.1940798158e+04 7.9894437017e-01 
2.5438147536e-07 1.1955555786e+04 9.4006276775e-01 
1.5683650700e-09 1.2900545634e+04 8.5137937803e-01 
1.0961534843e-10 1.2825522673e+04 7.8947505231e-01 
1.0075623060e-09 1.5360402291e+04 6.7666942021e-01 
1.0506277273e-10 1.3075080378e+04 1.1702369130e+00 
3.1714053260e-09 1.2260290381e+04 8.1707028889e-01 
1.1420202872e-08 1.1963689183e+04 9.2323201485e-01 
3.2516108968e-07 1.1601066701e+04 8.8827048538e-01 
4.5820310846e-10 1.7946008186e+04 1.2718801645e+00 
3.3237336659e-11 1.1661856232e+04 4.6888043994e-01 
2.8593743038e-08 1.4244781931e+04 3.6090669630e-01 
7.1259289350e-06 1.3146799539e+04 2.1461655222e-01 
5.5494642752e-07 1.2665793437e+04 6.2063246865e-01 
9.8415936299e-11 1.1880025364e+04 1.9978852580e-01 
5.9534233736e-10 1.6637133736e+04 2.8608647112e-01 
4.0274507917e-10 1.2241724734e+04 4.6268320489e-01 
2.0466564355e-11 1.3285505436e+04 3.6339725999e-01 
2.9191386333e-07 1.3376908107e+04 5.6070040980e-01 
3.7510640402e-06 1.2805911203e+04 8.4918469732e-01 
1.4192570062e-10 1.4402097406e+04 3.0065760599e-01 
8.1441740038e-08 1.6421876227e+04 6.9092989338e-01 
4.1947837425e-10 1.2829659460e+04 6.9607428764e-01 
8.8697715269e-07 1.6204034316e+04 9.2920671710e-01 
2.2747034674e-11 1.2499358115e+04 7.6467364928e-01 
1.1609779843e-09 1.2412955741e+04 6.8620203648e-01 
1.4882326206e-10 1.5330530359e+04 1.2699289484e+00 
1.3270315322e-10 1.3991704759e+04 1.0545382576e+00 
3.7192926118e-08 1.1497258922e+04 9.6938229301e-01 
2.6169563351e-08 1.3641709858e+04 7.9586900847e-01 
4.1067530556e-10 1.4377591555e+04 1.3542216408e+00 
2.8615935362e-08 1.2603218145e+04 5.6704982728e-01 
1.5610267674e-11 1.2492594001e+04 4.3028839462e-01 
1.8267183228e-09 1.3240044460e+04 7.9319636250e-01 
1.8135626177e-10 1.4590979700e+04 8.3550724304e-01 
2.9701901321e-08 1.3308455717e+04 1.3290443366e+00 
2.7468400418e-09 1.2771601009e+04 1.4566450601e+00 
5.5223858746e-11 1.1477917931e+04 7.9208121768e-01 
1.7795188279e-10 1.3581850467e+04 4.8340786137e-01 
2.8864734035e-09 1.1253880832e+04 8.1112856166e-01 
5.5785395378e-10 1.1394019038e+04 4.7475327999e-01 
1.1503657302e-09 1.2366032870e+04 8.9100590321e-01 
7.0512755819e-09 2.3173714272e+04 4.3310045017e-01 
1.6193463742e-09 2.5000000000e+04 5.2763986781e-01 
4.8461209506e-10 1.6149278086e+04 3.5506326605e-01 
2.7081533754e-10 1.1916826198e+04 1.0696021013e+00 
3.3103690633e-08 1.2166141761e+04 1.3001348543e+00 
7.8155878202e-09 1.2480498903e+04 8.8393669478e-01 
7.7790403257e-11 1.5703544950e+04 2.0794404183e-01 
4.9913794496e-08 1.9059064191e+04 3.8602345442e-01 
1.4122206570e-08 1.6125388049e+04 2.8242753234e-01 
8.4404673199e-09 1.1597099091e+04 1.2762642702e+00 
5.9123573384e-06 1.2455653066e+04 1.0901739073e+00 
1.7995606414e-08 1.1703682190e+04 1.0586142264e+00 
1.1512927962e-08 1.6492018673e+04 7.8344591706e-01 
2.0827604640e-11 1.3713016330e+04 9.2105766298e-01 
2.4644624594e-10 1.1870218993e+04 1.2092769998e+00 
2.1584922418e-09 1.2443460520e+04 9.9678320221e-01 
1.7388063835e-11 1.1401337100e+04 1.4118646520e+00 
1.5151489239e-08 1.1666257419e+04 7.0615727670e-01 
1.8909563715e-10 1.1868404716e+04 4.2970971622e-01 
1.7260334496e-10 1.5165266297e+04 1.2591891760e+00 
1.3188230325e-07 1.5199304858e+04 4.5320315100e-01 
2.7050644167e-09 1.3363210678e+04 3.1284515758e-01 
7.0889402896e-08 2.0405165063e+04 3.3387669701e-01 
7.5909407135e-10 1.6114761734e+04 2.7665838941e-01 
5.1206589981e-09 1.3186705020e+04 9.5370569350e-01 
7.5036943677e-09 1.2729287554e+04 2.6697431443e-01 
3.2196201431e-09 1.1617116155e+04 6.0110039982e-01 
7.0316289621e-10 1.2416330754e+04 5.0241938145e-01 
2.8478305186e-06 1.5418497454e+04 7.3521551718e-01 
1.1082874715e-08 1.1503074573e+04 5.7382519069e-01 
3.3982350507e-08 1.2772223132e+04 2.1867101884e-01 
5.4143706555e-11 1.1750966814e+04 5.7858693890e-01 
5.6737658538e-10 1.3037897439e+04 8.1945738436e-01 
1.0292799794e-10 1.5267544049e+04 5.0823329676e-01 
8.2040329843e-09 1.5659232598e+04 1.0411516652e+00 
1.0596938184e-09 1.3267350047e+04 9.1362817350e-01 
1.8205550465e-08 1.7557712298e+04 8.1159316962e-01 
3.3622865545e-08 1.2635821401e+04 3.5913571483e-01 
2.6394711204e-07 1.6573972331e+04 4.2510741408e-01 
5.9572813374e-12 1.6537790929e+04 7.4602833413e-01 
1.9912913590e-08 1.7874525536e+04 1.2565815214e+00 
9.9742302535e-07 1.1929665872e+04 1.1535184206e-01 
6.0246303259e-06 1.1811202436e+04 3.9058096703e-01 
5.5740852085e-10 1.2050231507e+04 1.1444826036e+00 
9.7188429675e-09 1.3006209356e+04 6.2747249467e-01 
6.1530517302e-10 1.3859878709e+04 9.1627692076e-01 
9.7499950122e-08 1.3863121089e+04 9.6456305047e-01 
6.4336128118e-08 1.2386501434e+04 5.1418678455e-01 
1.5478712824e-08 1.1649719203e+04 5.3349457945e-01 
6.3340041227e-10 1.4125152114e+04 1.3392340020e+00 
8.8215333717e-10 1.1259166074e+04 1.1660171174e+00 
7.0605360317e-07 1.3365276967e+04 1.0494414718e+00 
4.0027551227e-08 1.2737311227e+04 5.1684987215e-02 
4.6028534913e-10 1.1260224958e+04 4.0007990638e-01 
5.6488365845e-09 1.3858074654e+04 1.0674426980e+00 
3.5445774436e-09 1.5925560919e+04 5.1304021840e-01 
3.3799529629e-09 1.1264092206e+04 1.1666754729e+00 
5.0361169323e-10 1.3703545883e+04 1.4663630489e+00 
2.0747706200e-10 1.1917752837e+04 7.3583699483e-01 
2.6154045083e-08 1.6025377177e+04 1.9494698762e-01 
5.8079252608e-06 1.3513902841e+04 1.0130997066e+00 
1.7472973932e-10 1.2625912723e+04 7.2487251852e-01 
1.0226757715e-07 2.5000000000e+04 1.2269783886e+00 
2.2193052687e-10 1.7807429203e+04 6.5243898204e-01 
6.1978425968e-07 1.2898132591e+04 5.2566550760e-01 
3.7670376342e-10 1.2302751954e+04 1.0149826142e+00 
4.0606272526e-07 1.1720098278e+04 1.1170243043e+00 
4.0810279111e-10 2.5000000000e+04 1.2246365968e-01 
7.4021734089e-10 2.1226502109e+04 9.4756588583e-01 
1.9054087650e-09 1.7943957642e+04 8.7018393808e-01 
1.2644806294e-10 1.6006974794e+04 8.2766154575e-01 
1.0479671120e-08 1.2745970778e+04 1.2757556005e+00 
2.2954754607e-09 1.5565154288e+04 1.2300916996e+00 
7.2244702560e-10 1.3001411604e+04 1.2430512022e+00 
2.6179002133e-07 1.8498106721e+04 2.5136504685e-01 
6.2838498536e-06 1.2635264260e+04 3.5407908113e-01 
1.4141799411e-08 1.2483309899e+04 2.5551553902e-01 
5.2682438531e-07 1.9123705554e+04 5.6752268844e-01 
2.4039222366e-10 1.1211119194e+04 1.3308769139e+00 
8.8964274572e-11 2.5000000000e+04 9.2745884050e-01 
2.7237759364e-07 1.1911742084e+04 1.2261127055e+00 
1.1165010012e-07 1.4251424255e+04 1.1524224056e+00 
3.8921681140e-06 1.4483486575e+04 4.4684951564e-01 
6.5022583460e-11 1.1983906687e+04 7.5930451822e-01 
3.1283105563e-10 1.4401572173e+04 8.5250019928e-01 
2.8384498344e-10 1.1308322124e+04 8.3071815036e-01 
1.2623629648e-07 1.2802391940e+04 8.2013482797e-01 
3.2827123350e-06 1.5790144653e+04 1.1282085049e+00 
1.6411892365e-07 1.7752350678e+04 8.2868478277e-01 
2.5493342123e-08 1.4214199862e+04 1.3113151955e+00 
9.4016674283e-08 1.5608683327e+04 1.2333975379e+00 
4.5133728390e-10 1.3307186596e+04 8.2582166700e-01 
3.5840300040e-06 1.2129512255e+04 6.6044654849e-01 
1.2024276037e-09 1.3053875140e+04 4.8097761295e-01 
5.7557841449e-10 2.2088011011e+04 6.4125441556e-01 
4.6967099146e-09 1.1852561117e+04 7.0695862068e-01 
1.8261607173e-08 1.1340752645e+04 4.2456833332e-01 
4.1049412741e-07 1.4841873083e+04 8.3102552664e-01 
3.5501968174e-09 1.2786917894e+04 9.8454447705e-01 
4.8740117694e-09 1.8768547788e+04 3.0300761480e-01 
7.7636609481e-12 1.1993136007e+04 1.0250024975e+00 
8.6470579798e-12 1.1879970185e+04 4.3404482557e-01 
6.4425932875e-12 1.7855484570e+04 1.1116530350e+00 
1.2479978167e-06 1.2818049202e+04 1.0149168299e+00 
4.9370949959e-09 1.6889406559e+04 9.8709188528e-01 
4.9336393898e-06 1.2984241428e+04 8.2686317095e-01 
5.9529719246e-11 1.4780445003e+04 4.4201491798e-02 
6.7440269670e-07 1.2833578241e+04 7.1908512182e-01 
1.4372956600e-09 1.4776978920e+04 1.0466896288e+00 
1.6447902569e-10 1.8770958715e+04 3.1427655194e-01 
9.3212900809e-08 1.2665700561e+04 1.2030911399e+00 
1.2105401851e-09 1.1477986500e+04 9.2451547106e-01 
4.0146016509e-09 1.4281619687e+04 9.5229858607e-01 
5.0505545613e-11 1.1497167160e+04 9.0436136405e-01 
8.2023458704e-09 1.3906740818e+04 1.3820522575e-01 
3.8328472539e-07 2.3649474289e+04 6.1394244239e-01 
6.4659474588e-12 2.1910005982e+04 1.2791383134e+00 
2.1464366343e-09 1.4330180826e+04 7.2129846114e-01 
1.5703101210e-11 1.1482156924e+04 8.4279186074e-01 
3.3511375806e-09 1.2480200364e+04 6.2960088163e-01 
7.4935921797e-10 1.3147881995e+04 9.3710483215e-01 
1.2653868127e-09 1.4970774977e+04 1.1232857327e+00 
2.5620862141e-09 1.1318433090e+04 3.0913380698e-01 
3.2496184215e-09 1.5738812818e+04 1.2147740435e+00 
6.8441876782e-10 1.5046241063e+04 6.8063457164e-01 
2.0374923414e-10 1.1360662370e+04 5.1471725925e-01 
4.7526768675e-10 1.1982984955e+04 6.8023680466e-01 
6.3019909255e-11 1.2271712374e+04 1.0016388689e+00 
1.0759549720e-06 1.1302590160e+04 7.3995388260e-02 
3.0405763697e-09 1.1736745564e+04 1.0647702864e+00 
3.4385679483e-07 1.3875908668e+04 1.1389082009e+00 
1.2672322082e-08 1.6275514036e+04 8.6997020769e-01 
1.9545769860e-09 1.6316470263e+04 4.0912446644e-01 
1.1171997793e-08 1.1912051865e+04 7.6987922033e-01 
1.4485663773e-06 1.1372074717e+04 7.1938084331e-01 
4.0858896949e-12 1.6671403779e+04 1.1952959417e+00 
1.2821824772e-05 1.1365369146e+04 8.7159440386e-01 
3.0874791708e-09 1.3031724976e+04 1.3186487684e+00 
1.0208354247e-06 1.1472590010e+04 7.8027679595e-01 
3.8814150389e-08 1.1710127381e+04 7.3226455046e-01 
8.1463526942e-08 1.5031056412e+04 5.1054910319e-01 
3.4622066664e-07 1.1552644428e+04 1.3111601789e+00 
9.5679694372e-11 2.5000000000e+04 1.1994803219e+00 
1.8396211884e-07 1.5339911504e+04 1.1591374803e+00 
2.1194671056e-09 1.1247726743e+04 7.4727148385e-01 
6.8152244748e-09 1.3495705825e+04 8.3718744125e-01 
6.4571826813e-07 2.5000000000e+04 1.1550020538e+00 
1.4063774323e-09 2.3659886549e+04 1.2401051383e+00 
7.3109742301e-10 1.1593036606e+04 1.1650321679e+00 
3.1704424131e-08 1.3486753245e+04 6.6777302828e-01 
2.1093867780e-08 1.1900427738e+04 9.2362063746e-01 
3.8637953535e-06 1.2408904982e+04 6.4948620077e-01 
3.3753489183e-08 1.1739107315e+04 1.2579939603e+00 
3.0153332705e-07 1.4820301368e+04 8.8336045125e-01 
1.2697789931e-08 1.3631037971e+04 5.1884456960e-01 
5.5986402887e-11 2.5000000000e+04 1.3052699338e+00 
1.3361776495e-09 1.2373718012e+04 1.1807378464e+00 
1.1668037948e-07 1.4481759218e+04 1.1046824580e+00 
1.8562000400e-08 1.5093357511e+04 6.4773474312e-01 
1.4399028942e-10 1.2115830947e+04 7.5415896931e-01 
5.1337125957e-10 1.1356076944e+04 8.6344764607e-01 
4.8139675040e-09 1.1281113831e+04 8.5441147059e-01 
1.2282154538e-11 2.5000000000e+04 5.8264137712e-01 
4.7413604700e-10 1.1610986497e+04 7.7470853713e-01 
2.7749451509e-06 1.1923531192e+04 9.3599998830e-01 
2.0733139315e-09 1.3203302987e+04 9.1664304057e-01 
5.4166579906e-10 1.5090638451e+04 4.1879486390e-01 
8.8288017369e-09 1.3946253442e+04 3.2489313183e-01 
1.9984960722e-09 1.2850295996e+04 8.3984578348e-01 
1.1088392162e-08 1.1259039347e+04 1.1020870829e+00 
7.7416795951e-11 1.1312437035e+04 1.2478609393e+00 
4.1083572790e-07 1.5517313039e+04 6.3222562063e-01 
3.0191021212e-08 2.0474107507e+04 8.3950884563e-01 
1.0620217792e-06 1.1783204325e+04 1.1860540116e+00 
1.9502883206e-10 1.1395543988e+04 9.0506567366e-01 
1.6220284162e-09 1.6919241717e+04 1.3327968171e+00 
2.2402968348e-06 1.3349053128e+04 1.0163071756e+00 
2.4441641581e-10 1.1827422683e+04 7.4621407871e-01 
9.4381825328e-08 1.7715316073e+04 7.8450426996e-01 
5.9933274178e-11 1.1559517345e+04 7.8941219131e-01 
2.7722837262e-09 1.1647900943e+04 1.7517625281e-01 
2.9096711416e-10 1.8053040674e+04 4.8052370279e-01 
5.6824679376e-10 2.5000000000e+04 8.5079714380e-01 
1.9628683714e-06 1.4619878129e+04 5.4822784511e-01 
1.3330561059e-07 1.2036413026e+04 9.2463497952e-01 
1.3789822513e-08 1.9783346062e+04 2.6917991370e-01 
2.0273827497e-10 1.8452402140e+04 1.3666404649e+00 
2.4561071671e-09 1.1897868379e+04 9.3759277799e-01 
1.1919095264e-08 1.2757049607e+04 2.4900245443e-01 
1.3326706460e-06 1.3459125777e+04 1.3740138563e+00 
1.6340980130e-06 1.7054142410e+04 4.5760814304e-01 
1.1588013647e-08 1.4336088283e+04 1.2800507080e+00 
5.3085101030e-07 1.2417659823e+04 8.6274526645e-01 
1.1742559871e-11 1.4016287391e+04 9.3605508812e-01 
5.6526144834e-10 2.0910603224e+04 3.0182425426e-01 
1.6403598568e-05 1.4807794317e+04 9.0621813073e-01 
5.5289822397e-11 1.2723652472e+04 6.5920103196e-01 
1.4640635253e-06 1.1273336002e+04 1.3210033048e+00 
1.6092543070e-08 1.4866794485e+04 5.7214663318e-01 
2.1588580098e-09 2.5000000000e+04 9.3891753480e-01 
4.8448820698e-07 1.2190181549e+04 1.2152849127e+00 
9.2284980313e-09 1.9454855005e+04 4.2140413285e-01 
1.9939330733e-11 1.2675662360e+04 6.5064345084e-01 
1.6880346010e-10 1.1641479496e+04 6.8035002816e-01 
2.7630157812e-10 1.2596175159e+04 2.3477181103e-01 
1.1975388736e-08 1.1475813399e+04 2.5622337003e-01 
1.6257430008e-10 1.4610289841e+04 9.5394903090e-01 
6.5668085488e-07 1.2973035610e+04 5.8460383720e-01 
2.8028361783e-07 1.2019357330e+04 9.7933421001e-01 
5.8398936401e-09 1.3818427649e+04 2.5720847732e-01 
4.9787755024e-07 1.2135432893e+04 3.8958178627e-01 
1.5156288678e-08 1.4757323035e+04 1.0553927279e+00 
3.3330712668e-10 1.1953456052e+04 9.8342020017e-01 
3.9746373738e-08 1.2408563799e+04 1.2002190158e+00 
5.8378062854e-08 1.9529987064e+04 3.6190929673e-01 
5.4634972865e-10 1.4846367593e+04 1.5553313582e+00 
3.2908973040e-09 1.3636683403e+04 7.7291983389e-01 
5.8778033902e-10 1.9083604366e+04 9.7505192598e-01 
5.4884171858e-08 1.1430936022e+04 1.9633094178e-01 
1.5516941837e-07 1.5719609683e+04 7.5175893131e-01 
6.0214594337e-09 1.2371877030e+04 4.2145350399e-01 
2.4229938957e-10 1.2600006935e+04 7.0896834650e-01 
5.3688522106e-08 1.1806353098e+04 1.0879851502e+00 
7.7797289821e-07 1.1381455666e+04 6.8690637193e-01 
1.2857074435e-08 1.5770403561e+04 1.0064705712e+00 
3.2271035757e-08 1.1289491720e+04 1.3141658995e+00 
6.5380665999e-07 1.1834863928e+04 1.3568395711e+00 
6.7602797903e-11 1.8512159898e+04 1.0740744527e+00 
2.4378796876e-09 1.3697509896e+04 1.0807687450e+00 
1.8374112521e-09 1.4026598213e+04 8.4544089699e-01 
1.3068126957e-10 1.7533878532e+04 8.6832578729e-01 
5.8208389143e-08 1.4396888025e+04 1.3530224369e+00 
2.1599650494e-08 1.6375706218e+04 7.7849688365e-01 
3.0182080490e-07 1.3986874751e+04 2.1262236762e-01 
6.1258309650e-10 1.1817096016e+04 2.3719762412e-01 
1.7809609224e-08 1.3159530508e+04 8.3276498489e-01 
1.2453998379e-08 1.3118779600e+04 3.0384512220e-01 
2.6204110542e-10 1.1516130384e+04 3.1357476781e-01 
4.4317632175e-08 1.3017682291e+04 5.6600390177e-01 
1.6672671412e-09 1.6309708932e+04 5.8533393747e-01 
1.0965813385e-10 1.1279178413e+04 1.1221754943e+00 
8.4810010165e-12 1.1214891685e+04 1.3842603456e+00 
3.1951952357e-06 1.3993572209e+04 3.0067220156e-01 
9.2564886749e-09 1.2069028658e+04 7.4002478464e-01 
5.4659682426e-10 1.8662224296e+04 9.4036733587e-01 
2.0702827628e-06 1.1554642698e+04 5.3985330846e-01 
2.3693725863e-07 1.2519054925e+04 5.8720760852e-01 
5.6255985505e-10 2.3831881948e+04 9.6660294326e-01 
7.7490935158e-10 1.2678346541e+04 4.3287826386e-01 
2.5514637186e-08 1.2825058377e+04 9.4918728767e-01 
7.3284375593e-06 1.1503742386e+04 4.1748068838e-01 
7.3988528823e-09 1.1327529008e+04 9.1181754535e-01 
3.7938920971e-08 1.2380096607e+04 9.9489522610e-01 
1.4815886066e-09 1.2299208510e+04 1.0520478051e+00 
2.0460528774e-08 1.1228213008e+04 8.3122294644e-01 
5.0785896177e-12 1.2175203970e+04 6.6848065544e-01 
1.0913743794e-11 1.1241291758e+04 9.7658647316e-01 
1.7327240823e-11 1.3888099553e+04 3.0893412600e-01 
2.2808387092e-08 1.3307322241e+04 5.2926671158e-01 
7.1670041699e-08 2.1292063914e+04 1.0912956597e+00 
2.9930439757e-10 1.2059614983e+04 1.0378767407e+00 
8.9644399669e-08 1.3598669236e+04 1.3148640347e+00 
1.4797271502e-10 1.3063863360e+04 1.0097728752e+00 
3.1636238287e-10 1.1533730364e+04 8.2468664322e-01 
2.7426292537e-09 1.4756284273e+04 2.7184729592e-01 
7.2495493744e-10 1.6095771836e+04 9.1107229441e-01 
2.1233138051e-09 1.2505234577e+04 3.4133898529e-01 
2.3685609105e-09 1.1811563982e+04 3.2580836416e-01 
2.3061602498e-10 1.2549515277e+04 3.3341459447e-01 
5.5424832091e-09 1.2387601523e+04 5.5142493037e-01 
4.4240236791e-07 1.3760110102e+04 1.2192163714e+00 
1.2494873136e-08 1.6035336063e+04 3.2890787593e-01 
1.3147040943e-06 1.3324745869e+04 1.0316866743e+00 
1.3386702080e-09 1.5719422390e+04 7.9345840581e-01 
1.0727691457e-07 1.1594592828e+04 5.1339284018e-01 
1.1153116739e-08 1.3046253454e+04 1.2835783485e+00 
1.4615396502e-07 1.3046728237e+04 1.1456502117e+00 
4.9669735239e-10 1.1686116503e+04 8.1732597053e-01 
2.4953042642e-05 1.2023794030e+04 1.3116208296e+00 
3.0836496403e-07 1.8695017034e+04 1.0636511170e+00 
9.3103267232e-07 1.2829416763e+04 4.1711326189e-01 
3.6828008666e-07 1.1932802337e+04 1.2494276892e+00 
2.8081021619e-05 2.2842934979e+04 8.5870462422e-01 
9.5851586411e-09 1.2034414984e+04 2.9576662315e-01 
3.3822623534e-08 2.5000000000e+04 1.2108527611e+00 
3.7205269883e-10 1.1496642093e+04 1.0171424797e+00 
3.2934249054e-06 1.2699001171e+04 7.5328374081e-01 
6.5139445890e-10 1.5855379420e+04 5.0774958233e-01 
9.3310041942e-09 1.4022188749e+04 3.0713435967e-01 
4.2821049816e-08 1.4952791178e+04 1.1112679059e+00 
5.1225717560e-09 1.4160852398e+04 3.9035534085e-01 
4.4137982644e-08 1.7995284453e+04 5.3802801656e-01 
1.4579562094e-07 1.4198400482e+04 1.1012758717e+00 
1.4273210588e-09 1.5702526644e+04 8.6889607321e-01 
2.0800162838e-09 1.1587048519e+04 7.7066000251e-01 
6.2553615744e-10 2.0455218502e+04 2.9367758241e-01 
6.4952282740e-09 1.6181597267e+04 6.8781589797e-01 
1.6650637415e-09 1.2306294605e+04 7.8971774268e-01 
8.2080375115e-08 1.3593157634e+04 1.1801770490e+00 
1.9651886218e-07 1.1539954130e+04 6.2347187310e-01 
1.7391594175e-10 1.9141722429e+04 5.7611919228e-01 
1.9413227422e-09 1.9409707521e+04 4.4383695206e-01 
3.5256219396e-09 1.5249367615e+04 2.8810808065e-01 
8.9267360570e-10 1.8784195092e+04 9.9140425674e-01 
1.7851944498e-11 1.2913817761e+04 1.1126199028e+00 
1.8911947170e-08 1.8970813570e+04 1.4565062657e+00 
5.4093099808e-10 1.7720962743e+04 5.3160470984e-01 
6.9561160977e-07 1.4414700336e+04 1.1743784807e+00 
7.7400566882e-11 1.2392591790e+04 2.9444335155e-01 
1.6875166995e-08 1.2069136860e+04 6.9434621085e-01 
1.0031748109e-05 1.1590770236e+04 1.4003782058e+00 
6.7116753529e-12 1.6367503879e+04 2.7094361971e-01 
7.0957720712e-08 1.2269822281e+04 9.9810499613e-01 
1.4287181783e-08 1.6890586017e+04 7.5411696495e-01 
9.9924679620e-09 1.5193149792e+04 4.6413048688e-01 
2.0859683575e-08 1.1409253498e+04 9.7445244106e-01 
4.7527200548e-09 1.6077933779e+04 2.7115480355e-01 
9.1368736954e-09 1.1261411329e+04 5.4064180253e-01 
2.6598782150e-09 1.2907981246e+04 3.3569499645e-01 
1.9089434454e-08 1.1447646247e+04 8.3281997099e-01 
1.3875430465e-06 1.1637908954e+04 1.4402181910e+00 
2.2019610418e-11 1.5950453637e+04 8.2924270265e-01 
5.2884144199e-06 1.1380247023e+04 8.9145291395e-01 
2.0309077068e-08 1.1586044292e+04 6.6119279815e-01 
2.6669432334e-09 1.1320031289e+04 8.3256329925e-01 
8.1670716390e-10 1.2213890571e+04 2.3262050003e-01 
3.2060488923e-09 1.1447158684e+04 6.7860935625e-01 
5.5036401085e-07 1.2608697101e+04 4.2779536659e-01 
1.2388620096e-07 1.1388715814e+04 9.3516657626e-01 
4.0849845908e-08 1.1719670605e+04 2.1189819270e-01 
4.2866868321e-12 1.3072792214e+04 1.0528355570e+00 
2.7348238350e-09 1.2559332142e+04 3.0462611896e-01 
2.8818656133e-11 1.1614168249e+04 4.5935157115e-01 
4.1659802474e-09 1.2897785444e+04 2.0254476423e-01 
3.5055579136e-11 1.4431736053e+04 9.2317328076e-01 
5.6857233027e-11 1.2497302360e+04 7.9232870351e-01 
9.6407810605e-10 1.1594120394e+04 7.8030999326e-01 
8.3931269222e-08 2.2662844992e+04 1.1315092353e+00 
1.0445082132e-08 1.2269583340e+04 8.5056979901e-01 
2.4286471063e-11 2.5000000000e+04 2.3098701082e-01 
4.8492853058e-11 2.2711691235e+04 1.2469407880e+00 
9.9958362027e-12 1.4527374228e+04 5.4627421970e-01 
7.5011153206e-08 1.1461568385e+04 9.9601077983e-01 
3.1842497166e-09 1.3155253694e+04 1.1247779957e+00 
7.2312454025e-10 2.5000000000e+04 6.2033565023e-01 
1.2593719496e-09 1.4000784007e+04 3.5790190330e-01 
2.0251537248e-07 1.2288615794e+04 7.1625000921e-01 
8.4303085880e-08 1.4809213598e+04 1.2546799352e+00 
1.5208447953e-06 2.4716334236e+04 3.8052761885e-01 
7.2108368752e-07 1.2879822962e+04 3.9053725506e-01 
1.6324864266e-10 1.2365487230e+04 8.4171117351e-02 
2.1369135492e-10 1.2599438724e+04 1.1381996290e+00 
2.5406738875e-10 1.2032639721e+04 5.9812691212e-01 
2.5865912542e-05 1.3177574605e+04 4.5395144230e-01 
1.5522510278e-07 2.5000000000e+04 7.9478559928e-01 
9.8664029388e-09 1.2117591566e+04 4.0322139655e-01 
2.7285064900e-10 1.3172408868e+04 6.7738547440e-01 
1.2160264338e-09 1.1978488470e+04 1.2854774553e+00 
1.7714358920e-09 1.8433082614e+04 9.6160618222e-01 
1.5490097743e-10 1.4650083572e+04 4.4592606136e-01 
8.1453647429e-11 1.1590186684e+04 2.9385264738e-01 
5.9240051453e-08 1.3262182148e+04 6.0262997422e-01 
3.8171389064e-10 1.3448668754e+04 6.7553150560e-01 
3.0217806149e-08 2.5000000000e+04 1.2346777965e+00 
7.1026330663e-11 1.4125639230e+04 6.0355889299e-01 
1.0020472681e-09 1.1662357240e+04 7.0230023424e-02 
2.2780959888e-10 1.1775292505e+04 1.6522128443e-01 
6.1966234590e-09 2.5000000000e+04 3.7049796428e-01 
8.2192845160e-08 1.4159558711e+04 6.9216793012e-01 
1.4070071530e-06 2.3748081328e+04 1.3712910266e+00 
1.0532323509e-05 1.4272168633e+04 9.4612930714e-01 
3.1805054594e-09 1.1374835419e+04 6.0664991128e-01 
1.3050041580e-07 1.6208824079e+04 9.6783821400e-01 
1.6365366925e-07 1.9686207433e+04 9.5652827492e-01 
1.5947188734e-06 1.1424444755e+04 8.3387892408e-01 
1.0594563852e-08 1.1267145951e+04 8.1559314849e-01 
1.1723902848e-09 1.4613645743e+04 7.5840877844e-01 
2.7269709473e-07 2.0705482164e+04 1.3894926370e+00 
5.0925169771e-08 1.2217430509e+04 7.9095681515e-01 
3.9102192256e-09 1.7705098163e+04 7.4681978816e-01 
1.0332176551e-10 2.5000000000e+04 1.2464537457e+00 
3.8539226456e-08 1.8994306838e+04 1.2335842351e+00 
9.6899850941e-08 1.4867241340e+04 5.8578860416e-01 
7.2923104405e-08 1.4800910799e+04 6.5865448072e-01 
1.2093300536e-07 1.1739141802e+04 1.0348557069e+00 
1.7047533363e-07 1.2749053242e+04 9.3884985901e-01 
4.1933108340e-08 1.8954085601e+04 5.1753362238e-01 
2.1739087531e-09 1.6585278175e+04 5.9726784671e-01 
2.6753621763e-11 1.2864149662e+04 1.0470587801e+00 
3.7511780212e-08 1.3413324746e+04 1.3314312998e+00 
3.8460873197e-11 1.1566142917e+04 1.0583212996e+00 
5.1445822845e-09 1.2552299349e+04 1.1585529452e+00 
2.3533983901e-09 1.2032622236e+04 1.2721148596e+00 
5.5105871393e-12 1.1569416821e+04 5.7125360778e-01 
1.1586540657e-08 1.2013653516e+04 5.1530712182e-01 
1.4628454032e-09 2.5000000000e+04 1.2884164173e+00 
7.4149257166e-11 1.4506971798e+04 8.7177778462e-01 
2.8568756298e-10 1.3607385967e+04 8.9678603531e-01 
6.1381988210e-09 1.4781025512e+04 4.5761636055e-01 
8.5751967651e-11 1.1246336744e+04 6.3884043068e-01 
1.7369752578e-10 1.1610191479e+04 1.0289391607e+00 
5.6202993249e-10 1.4417956007e+04 6.6885219419e-01 
8.2852889198e-10 1.4345595896e+04 7.3600694079e-01 
2.5769165531e-08 1.3025268752e+04 1.5145667270e+00 
3.0364486110e-08 1.3898762877e+04 5.9073201004e-01 
1.2084434167e-10 1.1715398406e+04 1.1981950555e+00 
2.0472411865e-11 1.1242827200e+04 6.3424816114e-01 
2.0146866933e-05 1.4643553383e+04 6.2975005693e-01 
1.5128394619e-08 1.2565458028e+04 4.7121867675e-01 
1.4056536912e-08 2.4906959543e+04 4.9156025679e-01 
7.5441578411e-07 1.3161900885e+04 1.3655453337e+00 
9.7574945130e-10 1.3540292303e+04 6.1020238969e-01 
1.3958989046e-09 1.4484170051e+04 8.0970137469e-01 
6.3209241220e-09 1.5441434708e+04 7.8938337931e-01 
3.0228213630e-08 1.6319125128e+04 7.4059172135e-01 
1.1276899284e-09 2.5000000000e+04 1.0178462660e+00 
2.4870729373e-08 1.2698745018e+04 5.1156868539e-01 
2.8163399729e-08 1.1847569646e+04 5.4335755728e-01 
5.6263004272e-08 1.1746242108e+04 5.3945600091e-01 
4.5396801772e-08 1.2400078621e+04 8.3243155645e-01 
7.8891903315e-09 1.3323597347e+04 1.1482770912e+00 
2.9726742666e-07 1.9010326978e+04 6.1363112194e-01 
2.9913334471e-11 1.3346476044e+04 1.1450861109e+00 
2.3206486224e-08 1.1884106467e+04 4.3812449088e-01 
6.5606217310e-09 1.2438693750e+04 9.0842500262e-01 
6.4064691549e-07 2.2256746634e+04 4.3697340145e-01 
6.6909907761e-08 1.4047390605e+04 5.6761957729e-01 
1.1371145153e-09 1.1613288872e+04 9.5708074118e-01 
4.0118329912e-09 1.4987251139e+04 8.1986122529e-01 
9.0973818418e-08 1.5276568890e+04 5.1430569978e-01 
3.3671091320e-09 1.2093374865e+04 4.3586702326e-01 
7.9920467214e-08 1.1266695377e+04 4.0799831086e-01 
1.2244123881e-08 1.2578038620e+04 9.1378602504e-01 
1.8246878010e-10 1.5792646817e+04 9.0113449167e-01 
8.7930851682e-11 1.4824594538e+04 8.6987773097e-01 
2.1798274132e-08 1.2493519748e+04 7.1727576523e-01 
3.3662857999e-10 1.1230674077e+04 1.3255305272e+00 
1.9500087478e-10 1.1777153653e+04 7.9886775377e-01 
2.9413345403e-07 1.2587224212e+04 1.0740388505e+00 
3.8355959732e-07 1.6266123249e+04 4.9358778743e-01 
1.4586948263e-09 1.3911716546e+04 9.7499805650e-01 
6.7693540731e-10 1.2972807585e+04 9.1983973730e-01 
1.9353201924e-08 1.5632646515e+04 1.2022521606e+00 
1.0059267432e-07 1.8137410321e+04 8.4457128569e-01 
2.2804265899e-09 1.3455491695e+04 5.5407515363e-01 
9.4878823083e-09 1.1829405153e+04 6.7762439448e-01 
