Radius [m]       Fe Area [frac]    Max Temp [k]    
4.0726688421e-05 7.8993590795e-01 2.2828711502e+03 
9.7028741582e-06 1.0000000000e+00 1.7379003277e+03 
3.9890053996e-05 7.9710624807e-01 2.3657633169e+03 
4.4352958704e-05 7.8993601013e-01 2.2155357927e+03 
2.3258719873e-05 7.9930760912e-01 2.1373123425e+03 
1.0910387973e-04 7.5071469515e-01 2.1301007070e+03 
3.4963648734e-05 8.0004512420e-01 2.2429944565e+03 
2.8645869164e-05 7.9911333384e-01 2.2130871687e+03 
1.6828333629e-05 7.5687968585e-01 1.9349209735e+03 
6.1901576143e-05 7.8748379340e-01 2.2851805118e+03 
4.9794758739e-05 7.6907608104e-01 2.0957855073e+03 
8.9766780110e-06 8.2497314511e-01 2.3632482171e+03 
1.0298175490e-05 7.6525588078e-01 2.0643812702e+03 
5.9999628049e-06 7.7667623568e-01 1.8960902685e+03 
1.0677017736e-05 1.0000000000e+00 1.7790475159e+03 
7.0819004868e-05 7.9195500967e-01 2.3035881997e+03 
7.0545767756e-06 8.3370365088e-01 2.2258128150e+03 
1.3995114738e-05 8.2071509446e-01 2.4070743616e+03 
2.3564310632e-05 7.9507099764e-01 2.1691793957e+03 
1.6270790393e-05 7.9879146137e-01 2.1557816876e+03 
4.0726277499e-05 7.9947758215e-01 2.1999801161e+03 
1.5267133261e-05 1.0000000000e+00 1.6994201840e+03 
8.2705205814e-06 8.1754338748e-01 2.4615234940e+03 
3.3712363587e-05 8.0352443226e-01 2.2647484398e+03 
6.9302699609e-05 7.9287989066e-01 2.5820231280e+03 
6.8138157364e-05 7.8025639255e-01 2.2977389473e+03 
3.9499419242e-05 7.3779804288e-01 2.0338181077e+03 
1.1619483792e-05 8.1519235511e-01 2.3371592021e+03 
4.9122986312e-05 7.8854106758e-01 2.3343731022e+03 
2.2251888390e-05 8.0052078473e-01 2.1565249433e+03 
3.1580640591e-05 7.7712635170e-01 2.1804206936e+03 
1.1658425300e-04 1.0000000000e+00 3.0000000000e+02 
1.4053611755e-05 8.2189048667e-01 2.0947009219e+03 
4.7646024599e-06 8.3521556496e-01 2.3138479468e+03 
3.4112621511e-05 7.7764213361e-01 2.1837324978e+03 
6.4539958318e-05 7.7865856519e-01 2.3097660973e+03 
6.3286798079e-05 7.8220646307e-01 2.1903132822e+03 
9.1625346830e-05 7.6988983995e-01 2.4801829742e+03 
2.6753206192e-05 7.9779287373e-01 2.1851056744e+03 
1.3611250037e-05 8.1055373881e-01 2.4537320303e+03 
1.8881362799e-05 7.5973450511e-01 2.0988980887e+03 
2.3139351510e-05 1.0000000000e+00 1.5209886764e+03 
6.7697223510e-06 8.3480458970e-01 2.3393756613e+03 
3.8958464938e-06 8.2514298939e-01 2.5103947836e+03 
8.5889505441e-05 7.8673510693e-01 2.2268185619e+03 
2.0299456853e-05 7.8054677533e-01 1.8734552589e+03 
7.9299746351e-06 1.0000000000e+00 1.6415834221e+03 
2.0020935125e-05 7.7880122101e-01 1.8765868103e+03 
9.0503751316e-05 7.8196916088e-01 2.2925805657e+03 
9.8063876081e-06 1.0000000000e+00 1.6615181768e+03 
1.4866739603e-05 1.0000000000e+00 1.5924292930e+03 
8.9334834391e-06 8.1731091083e-01 2.4712068491e+03 
1.6501485073e-05 8.2119786923e-01 2.3196258894e+03 
6.0393200984e-05 7.8601569927e-01 2.3100160692e+03 
2.7814132211e-05 8.0066048988e-01 2.1341767382e+03 
2.1336688247e-05 8.0104296257e-01 2.4971428076e+03 
3.6913144815e-05 7.7980909740e-01 2.1934437934e+03 
4.1991165365e-06 8.3451863856e-01 2.3682787960e+03 
1.8379182244e-05 7.8957071842e-01 2.1433580219e+03 
4.6189879852e-06 8.2796818029e-01 2.4223554118e+03 
5.4597953251e-06 8.3426752968e-01 2.2820297320e+03 
1.1590807155e-05 7.5187645190e-01 1.9862312666e+03 
2.6816323082e-05 7.9708548182e-01 2.3067783102e+03 
1.6548010632e-05 1.0000000000e+00 1.7819851918e+03 
4.9642276890e-06 8.3245011953e-01 2.3789418831e+03 
1.7886863390e-05 7.9255059666e-01 2.1469556087e+03 
4.7199468008e-06 8.3046356250e-01 2.3330838653e+03 
7.3538547642e-05 7.8777795048e-01 2.2991296323e+03 
3.1959277577e-05 7.9132168460e-01 2.2658690605e+03 
2.9659269998e-05 7.8850314390e-01 2.2006195173e+03 
7.2671067010e-05 7.7792460543e-01 2.3308638911e+03 
1.2365192488e-05 7.5787333871e-01 2.0524529340e+03 
1.6596853127e-05 7.8447278010e-01 1.8660965696e+03 
4.0020826552e-05 7.8773949649e-01 2.2285048925e+03 
8.1785482000e-06 1.0000000000e+00 1.6498733569e+03 
4.8521155528e-05 7.8492313119e-01 2.4266754480e+03 
4.9176973240e-05 8.1006890929e-01 2.3161422864e+03 
2.9589164927e-05 7.9978845024e-01 2.2841752859e+03 
2.1508834653e-05 1.0000000000e+00 1.5101529932e+03 
5.7325327764e-06 8.3493246860e-01 2.3447440257e+03 
9.2577182156e-06 1.0000000000e+00 1.5452317082e+03 
1.4751283908e-05 8.0900673878e-01 2.2378840860e+03 
6.8807281719e-05 7.9016182387e-01 2.2284286947e+03 
3.3991476865e-05 7.9708043114e-01 2.2970652860e+03 
1.3907686571e-05 8.1137544642e-01 2.3234916580e+03 
1.3552373208e-05 8.1665749141e-01 2.3048832495e+03 
9.1540895123e-06 8.1039429912e-01 2.0953408199e+03 
2.6597148879e-05 8.1379792225e-01 2.3083143224e+03 
1.5209057442e-05 8.1373381394e-01 2.1861095125e+03 
2.0694849066e-04 7.7489478814e-01 2.4612655675e+03 
3.4237130878e-05 7.9672379822e-01 2.4065054435e+03 
9.9653361481e-06 1.0000000000e+00 1.7411453404e+03 
1.4344580025e-05 1.0000000000e+00 1.7740992779e+03 
5.8260839947e-05 7.8110870878e-01 2.4368520723e+03 
1.3485931910e-05 8.1213643582e-01 2.4664707387e+03 
1.0818888970e-05 8.2203126997e-01 2.2669368385e+03 
8.5954772357e-06 1.0000000000e+00 1.6549100787e+03 
1.6600358904e-05 1.0000000000e+00 1.7478408045e+03 
2.2885289249e-05 1.0000000000e+00 1.6553263270e+03 
1.6945576080e-04 7.9114230845e-01 2.2598934805e+03 
5.0990320229e-05 7.8143981869e-01 2.2844374151e+03 
2.7765867207e-05 8.1896815990e-01 2.4266363695e+03 
2.3192597257e-05 7.7927357172e-01 2.1426124814e+03 
2.8423453783e-05 7.9895256322e-01 2.2174864466e+03 
6.5645734612e-06 1.0000000000e+00 1.5929918829e+03 
4.2508025286e-05 7.7982468135e-01 2.7261114269e+03 
1.9458201094e-05 7.5184465381e-01 1.9547435710e+03 
3.2713098755e-05 8.0492059166e-01 2.2544857846e+03 
1.3454523014e-05 8.1024362796e-01 2.1782071145e+03 
5.6202434007e-05 7.9032148588e-01 2.3424742129e+03 
7.5156218364e-05 1.0000000000e+00 1.2233496483e+03 
3.8944053392e-05 1.0000000000e+00 3.0000000000e+02 
1.5776806609e-05 1.0000000000e+00 1.5488842988e+03 
7.2796397192e-05 7.8287532979e-01 2.2265084876e+03 
3.3286912236e-05 7.4716742287e-01 2.0241743388e+03 
1.3177347982e-05 1.0000000000e+00 5.0567284060e+02 
3.2825851395e-05 7.6300919169e-01 1.9115090225e+03 
1.5522156792e-05 8.0948056954e-01 2.2613099535e+03 
9.4923749101e-06 1.0000000000e+00 1.6055163069e+03 
2.2950741895e-05 8.2022017312e-01 2.2897048211e+03 
3.0743527364e-05 7.9815856132e-01 2.2319471190e+03 
1.2231056192e-05 1.0000000000e+00 1.4975909578e+03 
2.8754169974e-05 7.9658547743e-01 2.4503498284e+03 
2.8358000983e-05 7.8595289862e-01 2.1810015306e+03 
1.4452541346e-04 7.7045043324e-01 2.4334539054e+03 
1.1261597891e-05 8.1207673187e-01 2.2213302078e+03 
2.7185256268e-05 8.0306593197e-01 2.2295662019e+03 
1.1775881268e-04 7.6687783459e-01 2.4139711210e+03 
3.7729792497e-05 7.9607087263e-01 2.2029537372e+03 
2.3396710900e-04 7.6937426480e-01 2.4785083320e+03 
5.9057313278e-05 7.9024260286e-01 2.3862086807e+03 
6.6636025981e-05 7.8111354872e-01 2.2365082974e+03 
1.6141951425e-05 7.6891449059e-01 1.8980601771e+03 
9.4177136669e-06 1.0000000000e+00 1.6393038307e+03 
2.1521673980e-05 8.0162900443e-01 2.4434200064e+03 
1.7409739293e-04 7.6906131180e-01 2.3939215840e+03 
1.9235383737e-05 7.4095126716e-01 2.0103522592e+03 
2.0996680656e-05 7.4432433628e-01 1.9752756699e+03 
2.4463638448e-05 7.8471331474e-01 2.1797622902e+03 
1.2673768476e-04 7.6728155039e-01 2.4214651113e+03 
1.8790678987e-05 8.1680734732e-01 2.1975664728e+03 
2.4636026063e-05 7.9571645230e-01 2.1310609250e+03 
6.1190959362e-05 7.4676302705e-01 2.1288542607e+03 
4.2459076483e-05 1.0000000000e+00 1.6287700428e+03 
1.5402165582e-05 8.1673102567e-01 2.3282063774e+03 
1.6793467914e-05 8.1326299999e-01 2.1510669825e+03 
3.5797851204e-05 7.8573245982e-01 1.8648365238e+03 
4.5724469274e-05 7.9370255725e-01 2.3669673442e+03 
8.4071463329e-06 8.3487027856e-01 2.3354247804e+03 
2.0482189044e-04 7.5183409714e-01 2.5612646271e+03 
5.6124123248e-05 7.9771652394e-01 2.3733105871e+03 
4.1023845256e-05 8.0800059920e-01 2.3104382405e+03 
3.5444298323e-05 7.7751585504e-01 2.2081758452e+03 
1.8044834136e-04 7.8345795982e-01 2.2639811600e+03 
3.6965173270e-06 8.3401653568e-01 2.3656311588e+03 
2.1220471098e-04 7.7399778491e-01 2.3987299388e+03 
2.6553983884e-05 7.3826905861e-01 2.0740179292e+03 
2.4759839289e-05 7.8944825314e-01 2.1696782711e+03 
7.7615504030e-05 7.8096838159e-01 2.3254742681e+03 
2.3759366127e-05 8.1014055581e-01 1.8361347315e+03 
3.6229250355e-05 7.7938831152e-01 2.7358453843e+03 
2.6972545348e-05 7.8291265659e-01 2.1763072168e+03 
4.1657924206e-05 7.8894385754e-01 2.3790913284e+03 
1.7426952302e-05 1.0000000000e+00 1.7166501142e+03 
5.0055822758e-05 7.8390306373e-01 2.3088371172e+03 
1.0019188049e-05 8.2379342253e-01 2.4239305015e+03 
1.0146875508e-05 1.0000000000e+00 1.4642316593e+03 
3.8082696632e-06 8.2622035862e-01 2.4980761400e+03 
6.4048694979e-06 8.3203283206e-01 2.2444368016e+03 
5.8883519134e-05 7.9270188307e-01 2.2120388546e+03 
4.7722777365e-06 8.2895950308e-01 2.3727642135e+03 
4.4048727715e-05 7.8008879143e-01 2.2365778339e+03 
1.2059098738e-05 1.0000000000e+00 1.7580200185e+03 
1.9050286683e-05 1.0000000000e+00 1.7897945312e+03 
3.7858766987e-05 7.6314504956e-01 2.1557489576e+03 
4.2163310808e-05 7.9524853889e-01 2.2206791447e+03 
1.1251468671e-05 1.0000000000e+00 1.4858990207e+03 
4.8876471146e-06 8.3206385338e-01 2.3065020359e+03 
1.2353190782e-04 7.6924407685e-01 2.4118611922e+03 
1.9694791424e-05 7.5403524578e-01 1.9360202404e+03 
9.2561314124e-05 7.7000148908e-01 2.4085843141e+03 
2.9716053632e-05 7.4725997888e-01 2.1202530638e+03 
5.8571003355e-06 8.3408003695e-01 2.2589865883e+03 
3.6155654446e-05 8.0842365041e-01 2.2129020686e+03 
2.6203815323e-06 1.0000000000e+00 1.2646221603e+03 
1.4108386326e-05 8.0290257274e-01 2.1401322690e+03 
2.4706520732e-04 7.7476456303e-01 2.3211469102e+03 
4.8497227459e-05 7.8435494472e-01 2.2746440081e+03 
4.8201587211e-06 8.3255470821e-01 2.2855260088e+03 
1.3677138709e-04 7.7789843939e-01 2.2201163062e+03 
7.3325596778e-05 7.9219174412e-01 2.4350835454e+03 
2.0280435234e-05 8.0772630252e-01 2.1975633868e+03 
2.6786225902e-05 1.0000000000e+00 1.5458728405e+03 
1.0135597259e-04 7.8351811974e-01 2.4151270539e+03 
1.6095537490e-05 8.2018649875e-01 2.3029394607e+03 
1.9698931491e-05 8.1712815928e-01 2.2654645910e+03 
5.4265393292e-06 8.2980162014e-01 2.3712360163e+03 
1.0707750089e-04 7.8280784131e-01 2.3356037016e+03 
2.1732463754e-05 8.0337719416e-01 2.3120806397e+03 
2.3258554912e-04 7.4917869749e-01 2.5664587763e+03 
2.6508999160e-05 7.5575513351e-01 2.1339385247e+03 
4.9304815960e-05 7.8838041081e-01 2.3408997951e+03 
8.0394340087e-05 7.8869978889e-01 2.2869831411e+03 
4.3589450227e-05 7.9309177396e-01 2.2643451088e+03 
2.5008468517e-05 7.9747687877e-01 2.5466405365e+03 
6.2219945033e-05 7.8343212331e-01 2.2733703377e+03 
6.3230791679e-06 8.3280916875e-01 2.3785681833e+03 
4.4665707346e-05 7.9242880766e-01 2.5338508348e+03 
1.5192805944e-05 7.6533985741e-01 1.9064755189e+03 
1.3322204673e-05 8.1210942732e-01 2.2570985870e+03 
2.8059366513e-05 7.9204911310e-01 2.6971580182e+03 
8.3781855052e-05 8.0742253497e-01 2.2104854216e+03 
3.2572008749e-05 7.9577491512e-01 2.2524402078e+03 
1.0025797635e-05 1.0000000000e+00 1.6119402897e+03 
3.2087187962e-05 7.4237957048e-01 2.0926923752e+03 
1.2205031990e-04 7.7160539285e-01 2.4650119393e+03 
1.0896690486e-04 7.8251629295e-01 2.2746579970e+03 
6.6260473320e-06 8.3298341573e-01 2.2097413280e+03 
7.7418805564e-05 1.0000000000e+00 7.4084221028e+02 
2.4362728324e-05 7.6169897593e-01 2.1135092587e+03 
2.3572394458e-05 7.9144193088e-01 2.1751828923e+03 
2.6439217364e-05 7.9910415598e-01 2.2003669321e+03 
5.1342526076e-05 7.8589206936e-01 2.1981524660e+03 
3.1190927309e-05 7.9587044423e-01 2.3438786097e+03 
1.7093636177e-05 8.1140364227e-01 2.2709742135e+03 
1.2333726580e-05 8.2292806463e-01 2.4150694856e+03 
2.0547501406e-05 7.4177164760e-01 2.0195860275e+03 
7.8391919471e-05 1.0000000000e+00 1.7482430984e+03 
1.8116130622e-04 7.6321338663e-01 2.4566923471e+03 
2.3479047478e-05 8.0101404755e-01 2.4370333831e+03 
1.4533545420e-05 1.0000000000e+00 1.7228959326e+03 
2.1648358040e-05 7.4533465492e-01 1.9701412420e+03 
4.6933849916e-06 1.0000000000e+00 1.5016868646e+03 
1.1506896178e-05 1.0000000000e+00 1.7714711097e+03 
3.7423952032e-05 7.3899311411e-01 2.0635221252e+03 
2.8103095220e-05 7.4239386742e-01 2.0982876726e+03 
5.4139904754e-05 8.0028178953e-01 2.1334330977e+03 
6.1623763652e-05 7.7945196100e-01 2.5660821656e+03 
5.3466280879e-06 1.0000000000e+00 1.1939367929e+03 
4.9678607999e-06 1.0000000000e+00 1.2440638532e+03 
3.7401712025e-05 1.0000000000e+00 1.2888569025e+03 
1.3253188211e-05 8.0706104885e-01 2.5539839726e+03 
6.2370252177e-05 7.8332565982e-01 2.5231826166e+03 
2.3001209544e-05 8.0222412440e-01 2.3205696235e+03 
3.2305587459e-05 8.0761786116e-01 2.2377713146e+03 
3.6956222539e-05 7.9317675877e-01 2.1719071599e+03 
2.0074982827e-05 8.0828261217e-01 2.5273524051e+03 
2.8065587420e-05 7.9708793192e-01 2.1955231064e+03 
5.1083355098e-05 7.8596196685e-01 2.4319085542e+03 
1.6473875870e-04 7.7386484195e-01 2.3825032726e+03 
1.5322810272e-05 7.8077947275e-01 1.8735265410e+03 
8.2066443362e-05 7.7401201504e-01 2.3872025813e+03 
6.4896809746e-05 7.8062469441e-01 2.3347591279e+03 
6.2023595486e-06 8.0761480785e-01 2.6686422691e+03 
5.9248059710e-05 7.4758969555e-01 2.1260056077e+03 
8.0867986766e-05 7.8878557859e-01 2.3323413066e+03 
5.6883389910e-05 7.9096795088e-01 2.4880743608e+03 
1.1588534975e-05 8.1785470559e-01 2.2054822551e+03 
1.0758015332e-05 1.0000000000e+00 1.6248298949e+03 
2.3285421466e-05 7.6568579586e-01 1.9046337739e+03 
6.5137455957e-05 7.8017575418e-01 2.3705604420e+03 
1.0137968620e-04 7.9205728879e-01 2.3467287633e+03 
1.7203742357e-04 7.6621778283e-01 2.6295103148e+03 
1.5594349057e-05 8.0934417708e-01 2.3236277134e+03 
1.4570628086e-05 1.0000000000e+00 1.8064286661e+03 
3.1646258111e-06 1.0000000000e+00 1.1808483546e+03 
9.7770266457e-05 7.7064444491e-01 2.5495962514e+03 
2.7692885296e-05 7.4352092307e-01 1.9850308750e+03 
3.1060230047e-05 7.7872497139e-01 1.8765402999e+03 
5.3183391801e-05 7.4417796186e-01 1.9767189156e+03 
4.9010734532e-05 7.8581696305e-01 2.4123323828e+03 
1.6983058341e-05 1.0000000000e+00 1.7277761853e+03 
2.7216456664e-05 7.5636302069e-01 2.0880805751e+03 
2.8888076583e-05 7.9509593951e-01 2.1606895402e+03 
1.0822050571e-05 1.0000000000e+00 1.5505106231e+03 
2.5893397403e-05 7.4543655157e-01 2.0562164673e+03 
1.4015035637e-05 7.6232997606e-01 1.9288891915e+03 
6.0300515826e-05 7.8157926621e-01 2.4265027690e+03 
4.5301561773e-05 7.3905135826e-01 2.0057330202e+03 
5.9989827078e-05 7.8739756328e-01 2.3590144769e+03 
4.3851327238e-06 8.3459809407e-01 2.3621469206e+03 
4.3188566483e-05 7.9118870918e-01 2.2355880990e+03 
1.9601810354e-05 7.4788957993e-01 1.9967943334e+03 
9.4211521089e-05 7.9147215914e-01 2.4113878692e+03 
4.3240962913e-05 7.9069715839e-01 2.3615279882e+03 
7.0098144184e-05 7.7860613610e-01 2.2216720666e+03 
1.3027881421e-04 7.8231216117e-01 2.3917967354e+03 
4.2395234030e-05 1.0000000000e+00 1.7983481138e+03 
2.8146283744e-05 7.9650684782e-01 2.5624364409e+03 
2.4600409632e-05 7.4454262030e-01 1.9786644566e+03 
1.6719695547e-05 1.0000000000e+00 1.7337006651e+03 
1.7994272131e-05 8.0739991240e-01 2.1938637266e+03 
3.0058154089e-05 8.0648931395e-01 2.3179418921e+03 
3.2025857442e-05 7.5577396225e-01 2.1450473901e+03 
5.8586140584e-06 8.2068337930e-01 2.5561766935e+03 
3.4942208961e-05 7.9110925149e-01 2.2400469509e+03 
6.9919395146e-05 7.8241209950e-01 2.2702508163e+03 
1.1066045819e-04 7.3861302313e-01 2.0055236308e+03 
5.6985860148e-05 7.7953046405e-01 2.2698461937e+03 
3.6195188705e-05 7.6632575781e-01 2.1738743966e+03 
6.1784189654e-05 7.8549788576e-01 2.2228838286e+03 
3.9155103428e-05 7.9334579084e-01 2.3020603423e+03 
4.7789372392e-06 1.0000000000e+00 1.4249838789e+03 
2.3922414655e-05 7.4191563270e-01 2.0396958983e+03 
2.2396206983e-05 8.0116747160e-01 2.1680711469e+03 
2.7676389511e-05 8.0625048544e-01 2.3664965852e+03 
1.7547941280e-05 1.0000000000e+00 1.6398830213e+03 
3.7865361071e-06 1.0000000000e+00 1.2437991522e+03 
2.1047334774e-05 7.9322278782e-01 2.1656471954e+03 
6.6344231782e-05 7.7814419187e-01 2.2598335959e+03 
4.6892745533e-05 8.0160741790e-01 2.2312255656e+03 
7.0114833494e-05 7.7967861603e-01 2.2403947010e+03 
3.3497015418e-05 7.9292042710e-01 2.1943373105e+03 
1.2544344101e-05 8.1362194541e-01 2.4244299831e+03 
9.3627010195e-05 7.8900459136e-01 2.2784600229e+03 
1.4003825750e-05 8.1954135529e-01 2.2973531393e+03 
8.0506778184e-06 7.9703171587e-01 2.7542360822e+03 
8.2195728458e-06 1.0000000000e+00 1.3185326772e+03 
1.3374865080e-04 7.8450307500e-01 2.2283728564e+03 
2.1279902396e-04 7.5904996883e-01 2.4851509283e+03 
8.0347237208e-05 7.7701657705e-01 2.3118171695e+03 
3.7591113276e-05 1.0000000000e+00 6.0516776487e+02 
4.3976136988e-06 8.3424318093e-01 2.2376642402e+03 
5.0418675897e-06 1.0000000000e+00 1.3807237716e+03 
2.3342973174e-05 8.1333820804e-01 1.8350517447e+03 
5.8293768384e-05 1.0000000000e+00 5.0887544932e+02 
2.1885143939e-05 8.1888781614e-01 2.1341761017e+03 
2.8934405433e-05 8.1406974465e-01 2.2611868311e+03 
4.9463076146e-05 7.9121125787e-01 2.2727400302e+03 
1.8597268596e-05 7.5283017737e-01 1.9396343172e+03 
2.4207622123e-05 7.4510180811e-01 2.1033819852e+03 
1.8413179850e-04 7.7309291430e-01 2.3834131477e+03 
3.9790452972e-05 7.9401115343e-01 2.3248063562e+03 
5.7083697471e-05 7.8120870775e-01 2.2621812701e+03 
8.7696767176e-05 7.7169662369e-01 2.4009696027e+03 
1.0054265034e-04 7.5279157399e-01 2.1382357871e+03 
9.0293575164e-06 1.0000000000e+00 1.6797520783e+03 
3.6067294885e-06 8.3302286086e-01 2.3935307293e+03 
1.8325775079e-05 1.0000000000e+00 1.6439738204e+03 
5.6859208497e-05 7.7639425150e-01 2.6473961542e+03 
1.3003685311e-04 7.6535038271e-01 2.5741886251e+03 
1.2360546392e-05 1.0000000000e+00 1.7569122981e+03 
2.7910194590e-05 7.3944286551e-01 2.0621000191e+03 
8.7087057476e-05 7.7374996754e-01 2.3961203414e+03 
1.1846865455e-04 7.7199440042e-01 2.4679301019e+03 
3.1611597735e-05 7.3771960078e-01 2.0128123637e+03 
1.1801345788e-04 7.6733433088e-01 2.5728790812e+03 
1.5054384405e-04 7.6038109690e-01 2.5199339019e+03 
2.3579787150e-05 8.0053747051e-01 2.2059002926e+03 
1.7395995218e-04 7.6979721908e-01 2.4232248280e+03 
6.1266204226e-05 7.7982335055e-01 2.3048429848e+03 
5.4818544340e-06 8.2760937394e-01 2.4168411212e+03 
7.8584016883e-05 7.7594349940e-01 2.4289520348e+03 
2.3671326553e-05 8.2606820700e-01 2.3901769310e+03 
7.0118672142e-05 7.8425790781e-01 2.2708134547e+03 
5.9170895773e-05 7.8217452797e-01 2.5388836258e+03 
3.3485813010e-05 7.3686825894e-01 2.0348004087e+03 
5.4660222152e-06 8.1318768543e-01 2.6199102474e+03 
7.8850864448e-06 1.0000000000e+00 1.5010269327e+03 
4.2281709476e-05 7.8521873146e-01 2.1963530620e+03 
3.9993539229e-06 8.2825298965e-01 2.4635227386e+03 
9.2982328077e-06 1.0000000000e+00 1.0399954630e+03 
1.2155705720e-04 7.7416995436e-01 2.3481065211e+03 
1.0047702486e-04 7.7633779307e-01 2.4644438168e+03 
5.2365996534e-05 7.7850306586e-01 2.2222769440e+03 
6.0592914848e-06 8.3446189521e-01 2.3631052190e+03 
4.5901932317e-05 8.1462333581e-01 2.2160717837e+03 
1.3234768997e-04 7.8457324368e-01 2.3843551143e+03 
7.2246826069e-05 8.0005379040e-01 2.1192023580e+03 
6.9517464650e-05 7.8343455205e-01 2.1969830830e+03 
1.0634531082e-05 8.3316889611e-01 2.3705113785e+03 
3.5549263454e-05 7.4305031673e-01 1.9822513585e+03 
2.3171529579e-05 7.9155536964e-01 2.1430057350e+03 
7.6052295658e-05 7.4597645857e-01 2.0787528708e+03 
2.3707077078e-05 7.4027510466e-01 2.0100862683e+03 
3.6236531327e-05 7.9415462006e-01 2.3387881157e+03 
6.9565391883e-06 8.2262644422e-01 2.5179321251e+03 
6.1250794004e-05 7.7961609372e-01 2.3512210658e+03 
3.5970619537e-05 7.9364737235e-01 2.3651578900e+03 
3.1291600379e-05 7.4126148858e-01 2.0974157114e+03 
6.6277647317e-06 8.3428468649e-01 2.2401137560e+03 
3.6073705021e-05 7.4003176285e-01 2.0450051153e+03 
6.1252473822e-05 7.8914503566e-01 2.2970382763e+03 
9.3634143273e-06 1.0000000000e+00 1.7968365049e+03 
4.3062942196e-06 8.3433488500e-01 2.2851185279e+03 
7.4351118256e-05 7.7999384045e-01 2.4023673997e+03 
9.4961038449e-06 8.2179483137e-01 2.3103434022e+03 
4.0735613518e-05 7.9970460286e-01 2.2086732199e+03 
2.5534803682e-05 7.5715686063e-01 2.0949324671e+03 
1.7003372347e-04 7.7353162202e-01 2.3978765839e+03 
2.2340236384e-05 7.9662330107e-01 2.2144292993e+03 
1.0288053649e-05 1.0000000000e+00 1.7216676293e+03 
5.2760198801e-05 7.9424011756e-01 2.2620021049e+03 
1.1394920017e-05 8.1722720138e-01 2.5899239142e+03 
3.0446335628e-05 7.3886270910e-01 2.0091373732e+03 
1.2335612216e-05 7.5688285233e-01 1.9328787420e+03 
7.3893986560e-05 1.0000000000e+00 1.7243725602e+03 
4.4015826442e-06 8.2083341110e-01 2.0891750690e+03 
1.1895782833e-05 7.5263440707e-01 1.9741327611e+03 
1.8236809427e-05 8.2531695400e-01 2.1169472818e+03 
1.0476136104e-05 8.1816025011e-01 2.2328616725e+03 
2.5646748822e-05 7.3733794137e-01 2.0460021233e+03 
5.3320139857e-05 7.8113144233e-01 2.2245379015e+03 
8.3012364862e-05 7.6153956085e-01 2.1604489206e+03 
1.3607684914e-04 7.7066248962e-01 2.4181823106e+03 
1.8947268301e-05 8.0601922326e-01 2.1416801759e+03 
1.0127564629e-05 1.0000000000e+00 1.0970385785e+03 
2.6335720766e-04 7.5044437829e-01 2.0595795553e+03 
4.5376990464e-06 8.3491884464e-01 2.3286815656e+03 
2.8487805115e-05 8.0328823666e-01 2.3525772245e+03 
8.2530890900e-05 7.7859249581e-01 2.2905774988e+03 
2.5971338875e-05 1.0000000000e+00 1.1773454367e+03 
2.0991774409e-05 7.4231807536e-01 2.0633911454e+03 
2.8366415267e-05 7.9728052119e-01 2.2506927530e+03 
1.2268514542e-04 7.6955609974e-01 2.4157647325e+03 
4.4782118109e-05 8.0043437959e-01 2.2360869048e+03 
6.2182170449e-06 1.0000000000e+00 1.7105306315e+03 
3.6232204995e-06 8.3491423081e-01 2.3236762189e+03 
2.1008618461e-04 7.5611675713e-01 2.4836863319e+03 
9.8907455015e-05 7.7304499335e-01 2.3613019851e+03 
8.8728045915e-06 1.0000000000e+00 1.5757455380e+03 
4.1598724552e-05 7.8528664854e-01 2.2248455351e+03 
3.3424633634e-05 7.7934144130e-01 2.1231814105e+03 
1.3835782735e-04 7.6596442701e-01 2.5478346514e+03 
3.7057056212e-05 7.9670696426e-01 2.3454908972e+03 
8.8857066295e-06 8.1733113943e-01 2.2215395340e+03 
7.6076317202e-05 7.5997868016e-01 2.1364749504e+03 
5.7402716974e-05 7.8190103939e-01 2.2720157247e+03 
4.0236668072e-06 1.0000000000e+00 1.2024116786e+03 
3.7946015651e-05 7.9981721085e-01 2.3217014494e+03 
1.9771726873e-05 7.9519917285e-01 2.1682046142e+03 
2.3788218557e-05 8.0021892302e-01 2.4215888873e+03 
2.2028925657e-05 7.5491811655e-01 1.9356394276e+03 
7.1123666109e-05 7.8185932117e-01 2.3951407668e+03 
4.4987225093e-05 7.8449733799e-01 2.2297492842e+03 
1.2647796243e-04 7.7660141950e-01 2.3249334043e+03 
2.8121119104e-05 7.9706458014e-01 2.2863464368e+03 
3.7901639740e-05 7.8945392960e-01 2.2245900315e+03 
3.1110099646e-05 7.8500663427e-01 2.1958641273e+03 
3.5347349673e-05 7.5522518921e-01 1.9318187441e+03 
4.5098297009e-05 7.9436694369e-01 2.3216151832e+03 
1.0281462938e-05 1.0000000000e+00 1.6926715037e+03 
6.3449345944e-05 7.7773763239e-01 2.2022292370e+03 
1.2000646657e-05 8.1034457644e-01 2.2188221069e+03 
8.3054658832e-06 8.2453646135e-01 2.2429676849e+03 
3.8932621279e-06 8.3151441236e-01 2.4167011662e+03 
6.5575147580e-05 7.8156630099e-01 2.2979729957e+03 
1.9742619772e-05 8.0600913060e-01 2.2751094158e+03 
3.7533094829e-05 1.0000000000e+00 1.7991769771e+03 
2.3317080958e-05 7.9673248869e-01 2.1831293953e+03 
6.5551139522e-05 7.8525514164e-01 2.5801254142e+03 
1.5319118548e-05 8.0873069539e-01 2.2411069565e+03 
4.8764570571e-05 7.8319361325e-01 2.2069975050e+03 
5.0895920432e-06 8.2912687793e-01 2.2238492298e+03 
2.0619352590e-05 8.0990994812e-01 2.2912560948e+03 
5.1359099654e-05 7.3886595123e-01 2.0446179029e+03 
3.1696186967e-05 7.6581511164e-01 2.1656310019e+03 
7.0811625685e-06 1.0000000000e+00 1.7526179142e+03 
6.3067576759e-06 8.1878132468e-01 2.5761627633e+03 
9.9877826738e-06 8.1168000714e-01 2.1782364590e+03 
2.7290745572e-05 8.0425386792e-01 2.3019175360e+03 
5.5140189021e-05 7.8350750914e-01 2.2963663226e+03 
6.7211302411e-05 7.9489694962e-01 2.2490262284e+03 
1.1032593204e-05 8.2120795649e-01 2.5249918224e+03 
5.7399440059e-06 8.0270307566e-01 1.8471634090e+03 
1.5588312690e-05 1.0000000000e+00 1.2681704535e+03 
6.4726349382e-05 7.7652136167e-01 2.3072028055e+03 
7.7651912859e-05 7.7440016216e-01 2.3576158848e+03 
3.7705858769e-05 7.4208499207e-01 2.0193377074e+03 
1.8980086264e-05 8.1041569670e-01 2.4937709686e+03 
2.8278665727e-05 7.4789023715e-01 1.9580816972e+03 
6.4679046346e-06 8.2146304459e-01 2.1679450711e+03 
1.6405507412e-05 1.0000000000e+00 1.4163568192e+03 
5.3461817849e-06 1.0000000000e+00 1.4338027412e+03 
1.3885394094e-04 7.7467044550e-01 2.5046678175e+03 
1.2355063850e-05 8.0986969774e-01 2.1231275347e+03 
7.3605002011e-06 8.1925959796e-01 2.1620318132e+03 
1.0856461211e-04 7.6925547307e-01 2.4306320106e+03 
4.1095278154e-05 7.8910678932e-01 2.3313735114e+03 
1.6246057734e-05 8.1778925092e-01 2.3230652926e+03 
4.5978015352e-05 7.8949320506e-01 2.2689606144e+03 
1.5377774966e-05 1.0000000000e+00 1.8036693002e+03 
1.0581125776e-05 8.3033250491e-01 2.4167149216e+03 
6.7527431086e-05 7.7744789826e-01 2.2977318672e+03 
1.4082037818e-05 1.0000000000e+00 1.4829722489e+03 
9.7985087649e-05 7.8717922661e-01 2.3221398055e+03 
7.4142586894e-05 7.7732662357e-01 2.3723794152e+03 
4.2104718717e-05 7.8621138814e-01 2.1946715827e+03 
5.7965345853e-06 8.1429221038e-01 2.6065163036e+03 
5.2958678373e-05 8.0517046428e-01 2.2424464608e+03 
4.0009338147e-05 7.9076230687e-01 2.3833241222e+03 
1.6212915422e-05 7.8206923876e-01 1.8706272417e+03 
5.5875375469e-06 8.3188493001e-01 2.1880838567e+03 
3.8184211667e-05 7.7070535999e-01 2.1188643305e+03 
1.7247322878e-05 7.8848177783e-01 2.1340057593e+03 
1.5204991908e-04 7.6344182816e-01 2.4534286236e+03 
2.5944007249e-05 7.9281391823e-01 2.1602893894e+03 
4.3235017339e-05 7.9094985402e-01 2.2631803087e+03 
1.5498739964e-05 1.0000000000e+00 1.6646593774e+03 
4.7665670029e-05 7.5084974679e-01 1.9577089616e+03 
