3.0781187152e-05 6.2275298079e-01 
6.0756645644e-05 6.8242114875e-01 
1.0616836324e-04 6.6311065315e-01 
5.4417820712e-05 6.8613526248e-01 
2.7277570077e-05 6.5473234407e-01 
2.4858658013e-05 7.4027818888e-01 
2.0382766932e-04 6.5241454610e-01 
5.2367792829e-06 7.4461771604e-01 
2.5547698635e-05 7.0694020273e-01 
4.2524313948e-05 6.5211632600e-01 
6.9435341292e-06 1.0000000000e+00 
2.1129226631e-05 7.1394016891e-01 
9.4261610100e-06 1.0000000000e+00 
2.0417510707e-05 6.6615598196e-01 
6.4973567773e-06 7.4779350668e-01 
3.5674829497e-05 6.9426907260e-01 
3.1176832185e-05 6.8381474992e-01 
2.4941865005e-05 7.1617794607e-01 
4.1638443959e-05 7.1508648486e-01 
4.1500819067e-05 1.0000000000e+00 
9.1624013514e-05 6.7420097267e-01 
1.3812435872e-04 6.7191354681e-01 
8.3634006878e-05 6.9487769080e-01 
1.9911393019e-05 7.1772601603e-01 
2.3916997751e-05 7.2633240880e-01 
1.7127927747e-05 6.4365665145e-01 
2.2157910567e-05 7.1280089486e-01 
1.6940954468e-05 7.3420283668e-01 
2.8971352826e-05 6.8991535492e-01 
6.9502724592e-05 7.0118821053e-01 
4.9936841117e-06 9.9700099170e-01 
7.0371937388e-05 1.0000000000e+00 
5.9852757505e-05 6.8825544361e-01 
1.2683830206e-05 1.0000000000e+00 
1.1677868558e-05 7.3024858944e-01 
4.4541358885e-05 6.5893955339e-01 
7.6378860924e-06 1.0000000000e+00 
5.1705981519e-05 6.7783609098e-01 
3.4358631466e-05 7.0430285979e-01 
1.4584154009e-04 6.4739014803e-01 
2.4680235135e-05 6.9724657131e-01 
1.7246448635e-05 6.8349504468e-01 
1.9928336954e-04 6.8253592859e-01 
1.1014852709e-05 7.3215349503e-01 
4.9945813890e-06 9.9698280656e-01 
1.6746859570e-05 6.8439211971e-01 
2.0821948004e-05 7.0439660608e-01 
3.7839270720e-05 6.9640583167e-01 
6.2058155156e-05 6.5739304406e-01 
2.8757732003e-05 6.5955726812e-01 
1.0345401752e-05 1.0000000000e+00 
2.6140101855e-05 6.4228234181e-01 
2.2875171890e-05 6.3198265436e-01 
6.8246309060e-06 7.3351065347e-01 
1.0113707949e-04 6.3582230607e-01 
6.7441428613e-06 7.3812123014e-01 
3.7982299163e-05 1.0000000000e+00 
5.4242820052e-05 7.2599731106e-01 
2.6143598712e-05 6.9293517301e-01 
4.0958371541e-05 6.3885809596e-01 
1.9752217579e-04 6.7607634659e-01 
8.7936416396e-05 7.1320174679e-01 
4.8380884844e-05 6.5049647939e-01 
1.0564990288e-04 6.8360718744e-01 
1.6169227177e-05 1.0000000000e+00 
1.9692863483e-05 7.2389919572e-01 
6.2259285132e-05 1.0000000000e+00 
3.7114331495e-05 6.4373661925e-01 
2.2284230099e-05 7.2563298901e-01 
9.8845309101e-05 6.8149876103e-01 
4.9938178628e-06 9.9752381370e-01 
8.9923179300e-05 6.7418101840e-01 
4.9905858472e-06 9.9613105140e-01 
4.9908537583e-06 9.9726952789e-01 
3.8164490828e-05 6.2638979798e-01 
1.0094739530e-04 6.8596338244e-01 
8.9740744745e-05 6.8356474800e-01 
8.8080215569e-05 6.8081214380e-01 
3.0651373030e-05 6.9624343243e-01 
4.0509623301e-05 7.0209926974e-01 
7.5012990176e-05 6.8845907026e-01 
1.9900253892e-05 6.4966381546e-01 
1.4102776354e-05 1.0000000000e+00 
2.4217029646e-05 6.7140851869e-01 
3.3166200717e-05 6.2854640910e-01 
7.9469437904e-05 6.7533543852e-01 
2.6892717106e-05 7.0761796336e-01 
1.9317634787e-05 6.4234323961e-01 
9.2938626760e-06 6.4872070701e-01 
5.2738882691e-05 6.7016103656e-01 
2.3969511638e-04 6.4889633283e-01 
3.5670142125e-05 7.1325199637e-01 
5.1112966206e-05 6.8873450266e-01 
4.9990137845e-06 9.9637281566e-01 
1.1657505004e-05 7.3202409572e-01 
7.1196747869e-05 6.8088606480e-01 
5.3607287776e-05 6.8282083270e-01 
1.6951337149e-05 7.1336836910e-01 
1.4920788185e-05 6.4031939161e-01 
7.4917556672e-05 6.7675741547e-01 
5.3339663983e-05 6.2879511061e-01 
2.1333297107e-05 6.4850648934e-01 
1.1177378923e-04 6.6800449631e-01 
5.1807056336e-05 6.9397712645e-01 
1.0809893654e-05 1.0000000000e+00 
5.3371432841e-05 6.7661740001e-01 
3.7541472991e-05 7.0245014844e-01 
1.1959164093e-05 7.1888152134e-01 
5.2268599694e-06 1.0000000000e+00 
7.0496513844e-05 6.8945357800e-01 
3.0495963242e-05 7.0213056931e-01 
2.1378182659e-05 6.5123417858e-01 
1.1500962477e-05 1.0000000000e+00 
1.7649364280e-05 7.1535316092e-01 
1.4530006194e-05 1.0000000000e+00 
3.5459077558e-05 7.2115318793e-01 
1.1778353369e-04 6.6334749728e-01 
7.0231769768e-05 6.9102316372e-01 
1.2755855725e-05 6.6756839631e-01 
3.3397799022e-05 7.5328975254e-01 
8.5397255949e-06 7.3597197272e-01 
3.4686828094e-05 6.9179854836e-01 
3.7599892145e-05 6.3931602431e-01 
1.0846386247e-05 1.0000000000e+00 
1.5601547479e-05 7.0960055882e-01 
3.1530178660e-05 1.0000000000e+00 
3.9201348059e-05 6.8652671581e-01 
1.2725811438e-04 6.6872796856e-01 
3.6993683705e-05 6.7762708064e-01 
4.6626968316e-05 6.9840204644e-01 
4.9900485535e-06 9.9735142120e-01 
4.1302610134e-05 6.9323554393e-01 
4.5706703522e-05 6.7797145889e-01 
8.6976816918e-05 6.9662856074e-01 
1.5603058875e-05 7.1184878916e-01 
4.8010181770e-05 6.9612155844e-01 
2.4701134711e-05 6.8963537348e-01 
1.3657754390e-04 6.7659306639e-01 
6.5180345948e-06 1.0000000000e+00 
2.4019226177e-05 1.0000000000e+00 
6.8303330164e-05 6.6619210954e-01 
7.4103932153e-05 6.7995010163e-01 
3.0007595101e-05 7.0012349533e-01 
2.1900908640e-05 6.5080305839e-01 
5.3618688906e-05 6.8551245507e-01 
5.6998420091e-05 6.6724627273e-01 
1.0035609203e-04 6.8152041772e-01 
1.2842743179e-05 1.0000000000e+00 
1.0411891827e-04 6.6977063613e-01 
1.5475581628e-04 6.5279771797e-01 
9.8727265963e-05 6.6927320533e-01 
6.0289798364e-05 6.7729911376e-01 
5.2271718877e-05 7.0125610104e-01 
2.0954759510e-04 6.7717937823e-01 
2.8357652454e-05 6.9233171307e-01 
4.0684251970e-05 1.0000000000e+00 
4.5354549977e-05 6.2213893006e-01 
2.4917454897e-05 1.0000000000e+00 
3.2193418971e-05 6.5216255162e-01 
3.3385386518e-05 6.8257531513e-01 
3.2229015504e-05 6.9155186782e-01 
1.6376281629e-05 1.0000000000e+00 
9.7333272807e-06 1.0000000000e+00 
5.4985492035e-05 6.4064452357e-01 
6.1880684431e-05 6.8489723913e-01 
4.9976429737e-06 9.9659019463e-01 
2.5443392375e-05 7.0925194405e-01 
2.3380078897e-05 7.2390481780e-01 
1.5274495626e-05 7.2695758229e-01 
3.3029604875e-05 6.4383535221e-01 
5.2180780191e-06 7.7468804115e-01 
1.9821112256e-05 6.5815537911e-01 
2.3074089449e-05 7.3633000857e-01 
1.5879364214e-05 7.4235503888e-01 
4.2765166550e-05 6.2206842610e-01 
2.0266944209e-05 7.2058099160e-01 
1.0327049041e-05 7.0117846868e-01 
9.0562874360e-05 6.7656053011e-01 
3.9800398251e-05 7.0338871236e-01 
3.1138534792e-05 7.0239857081e-01 
3.5908559659e-05 6.9529698283e-01 
4.0503838383e-05 6.6274062915e-01 
5.1507098805e-05 6.8704233362e-01 
8.2541700455e-06 7.4323093502e-01 
3.2884496340e-05 6.4551731402e-01 
5.9405399406e-05 1.0000000000e+00 
5.2136514904e-05 6.8940639058e-01 
6.8529571349e-05 6.7814594678e-01 
3.8129157630e-05 6.9125269436e-01 
9.2396552219e-05 6.7538547919e-01 
1.4363812190e-05 7.4655757075e-01 
1.8799263071e-05 6.6461543117e-01 
1.4736205436e-05 7.3382501647e-01 
6.4235217893e-05 6.8119228504e-01 
1.9457196723e-05 1.0000000000e+00 
2.9207989838e-05 1.0000000000e+00 
7.7336297101e-06 1.0000000000e+00 
6.0495889127e-06 1.0000000000e+00 
4.3956404218e-05 6.8900894036e-01 
2.4184401924e-05 6.9887120254e-01 
4.9993291679e-06 9.9931974767e-01 
2.4719389199e-05 7.0785650774e-01 
5.5776746914e-05 6.3431744955e-01 
6.8980189037e-05 6.7907954342e-01 
4.8131361405e-05 6.3000455756e-01 
4.9994849520e-06 9.9888898395e-01 
6.5349182405e-05 6.7893771220e-01 
4.9996929121e-06 9.9542871544e-01 
1.8163682184e-04 6.5986072248e-01 
1.3843841974e-05 7.2361546313e-01 
4.5048591057e-05 6.9561338590e-01 
4.9865176291e-06 9.9562720408e-01 
1.2435108263e-04 6.7765953283e-01 
3.8826303025e-05 6.4699018749e-01 
6.0093161743e-06 6.9940271586e-01 
9.5752084078e-05 6.7929819986e-01 
7.3894609542e-05 6.8313905022e-01 
5.5035909673e-05 6.8375831754e-01 
2.4297759150e-05 6.4875991669e-01 
1.9703790705e-05 1.0000000000e+00 
6.7505267375e-05 7.0823128511e-01 
3.6297342949e-05 6.4860282004e-01 
9.2948608122e-06 7.3767770835e-01 
4.9874377211e-06 9.9514752021e-01 
5.0672322312e-05 6.3530793816e-01 
1.1506131707e-04 6.7860284709e-01 
7.3686648088e-05 6.8020848543e-01 
1.8904581954e-05 7.1155232299e-01 
1.4035752048e-05 7.1060865177e-01 
5.9915090420e-05 6.7921973077e-01 
5.9782158746e-05 6.6241575228e-01 
1.2815511552e-05 7.2530477216e-01 
8.7411569714e-05 7.0788976295e-01 
1.5176364050e-05 7.4660247044e-01 
2.1319669366e-04 6.4957995974e-01 
1.2026526297e-05 7.2503024241e-01 
2.4499313348e-05 7.1806280325e-01 
2.7931727352e-05 6.9712141744e-01 
1.8597262698e-05 7.1889879849e-01 
5.5708843771e-05 7.0105419834e-01 
1.9650932596e-05 7.2932372595e-01 
8.5559951971e-06 7.4415721930e-01 
1.5816187285e-05 1.0000000000e+00 
1.9988432553e-05 6.6936718335e-01 
8.8286610627e-05 6.8250855396e-01 
2.2680197020e-05 1.0000000000e+00 
5.3412848338e-05 6.9067868117e-01 
6.1190601636e-06 1.0000000000e+00 
2.6451776983e-05 6.2904960573e-01 
9.0035354677e-05 6.8391762339e-01 
8.8479083075e-06 1.0000000000e+00 
5.2488994697e-05 6.9458409299e-01 
8.0150214709e-04 1.0000000000e+00 
3.8250946650e-05 7.0238456493e-01 
4.3242194814e-05 6.7422129637e-01 
4.9857128011e-06 9.9527044986e-01 
2.8601791425e-05 7.0339631059e-01 
1.1046454723e-05 7.3783474756e-01 
5.5906717136e-05 6.8949102785e-01 
1.8955347558e-05 6.8110044838e-01 
6.6490089341e-05 6.8849348690e-01 
3.5625906672e-05 6.7114128635e-01 
1.7310604581e-04 7.3613434332e-01 
2.6521494280e-04 6.4044599938e-01 
1.3356137724e-05 1.0000000000e+00 
5.6607198352e-05 1.0000000000e+00 
1.9941144775e-04 7.0267683061e-01 
3.5458392528e-05 6.3853622499e-01 
1.1372365837e-05 7.1677317955e-01 
5.0595820146e-05 6.9308591177e-01 
3.1623556353e-05 6.9782742428e-01 
6.2535038036e-05 6.8681051538e-01 
3.0683586639e-05 6.4030589121e-01 
9.3969052478e-06 7.1265099195e-01 
1.7604780491e-04 6.7695056022e-01 
1.2730486996e-05 1.0000000000e+00 
7.5429940995e-06 1.0000000000e+00 
4.1448037751e-05 6.9716368407e-01 
1.7763136271e-05 7.1262330790e-01 
3.5772251206e-05 7.0867012746e-01 
1.1505604446e-05 1.0000000000e+00 
2.0959987247e-05 7.2955155889e-01 
3.1063886934e-05 7.0599113828e-01 
1.5601552697e-04 6.8144578860e-01 
1.6787577924e-05 1.0000000000e+00 
1.0621435047e-05 7.3630036761e-01 
3.9265430477e-05 6.9422342711e-01 
2.8851719829e-05 6.9955139327e-01 
1.4353127543e-05 6.3867164248e-01 
7.2513777231e-06 7.3361722766e-01 
2.4508635743e-05 6.9065123890e-01 
8.3776742550e-05 6.6312300525e-01 
3.8995775387e-05 6.7839654159e-01 
8.1349428567e-05 6.7826763165e-01 
5.2152917285e-05 6.7966438151e-01 
5.2916433445e-05 7.0273874456e-01 
2.8564027900e-05 7.0570339352e-01 
1.2109124764e-05 7.4298448402e-01 
2.3924090667e-05 7.0923759792e-01 
1.6585782752e-05 7.2024674307e-01 
2.5479778140e-05 7.0705996992e-01 
2.8669934961e-05 6.5001920999e-01 
2.0266642798e-04 6.7994716777e-01 
7.2298124255e-05 6.8159120747e-01 
1.9465128614e-05 6.3184251042e-01 
4.3859026828e-05 7.0845387941e-01 
4.9918060276e-06 9.9726550168e-01 
1.0877327496e-05 1.0000000000e+00 
1.9903348848e-05 7.1988464770e-01 
7.6950569132e-06 1.0000000000e+00 
1.7200074900e-05 7.2630077863e-01 
5.4862894040e-05 6.9788914155e-01 
4.7522640366e-05 6.9011348103e-01 
5.5486657418e-05 6.7714704398e-01 
9.8840554613e-06 1.0000000000e+00 
7.1871234158e-06 1.0000000000e+00 
1.5626747698e-05 7.2432637186e-01 
2.6862362375e-05 7.1255615423e-01 
4.9349384645e-05 6.9206617663e-01 
1.3828667000e-05 1.0000000000e+00 
6.4270648316e-05 6.8025985360e-01 
9.0348471617e-05 6.9085153814e-01 
1.0410915943e-04 6.7340323244e-01 
4.3512785233e-05 7.1784752169e-01 
3.7237013520e-05 7.0237993514e-01 
6.5898011713e-05 6.7932588722e-01 
2.9179578636e-05 6.3677132996e-01 
4.9515056130e-05 6.8007055028e-01 
4.9964535763e-06 9.9408114735e-01 
3.3530504382e-04 6.7399167370e-01 
9.1723795503e-05 6.7901342535e-01 
3.0049306963e-05 7.0797234265e-01 
3.1853860920e-05 7.0698685996e-01 
5.5794272192e-05 6.8620797142e-01 
4.9993022564e-06 9.9605268719e-01 
6.6729313249e-05 6.7836829412e-01 
2.3321135303e-05 6.9733129961e-01 
1.0388171111e-04 6.7604788206e-01 
3.0141097972e-05 6.6224626087e-01 
8.5801765271e-05 6.7326964754e-01 
9.0144181547e-05 6.9082331972e-01 
5.2441690015e-06 6.9732529802e-01 
5.3551041874e-05 6.9353958975e-01 
2.6951083014e-04 6.3531453413e-01 
7.6967914272e-05 6.3879714983e-01 
5.0794987948e-05 6.2796000231e-01 
2.0509106763e-05 6.8902952399e-01 
2.8223035334e-05 7.0586124013e-01 
5.1777864124e-06 1.0000000000e+00 
1.0402260330e-04 6.2867429683e-01 
1.7694447932e-04 6.5081618977e-01 
1.6676189978e-05 7.2174955095e-01 
2.4722401007e-05 7.1275874609e-01 
1.2271956106e-05 1.0000000000e+00 
8.0933032445e-06 1.0000000000e+00 
2.1425060435e-05 7.1589219256e-01 
9.0070292652e-05 6.7673428659e-01 
8.2645394243e-06 7.3536882065e-01 
3.4613772118e-05 6.9668675310e-01 
3.9611748228e-05 6.9760493744e-01 
3.8819445548e-05 6.2177588187e-01 
5.4016829724e-05 6.9473997708e-01 
1.1217451674e-05 6.8278948586e-01 
1.9786151905e-05 6.3491315460e-01 
4.9999026219e-06 9.9915242630e-01 
3.6719476340e-05 6.9259741630e-01 
1.8431502290e-04 6.4771895019e-01 
9.4067546283e-05 6.7792386042e-01 
1.2647623490e-05 1.0000000000e+00 
7.9538645632e-06 7.4303024403e-01 
1.0828961153e-04 6.8644036133e-01 
4.1775264620e-05 6.7888518001e-01 
7.9622347550e-05 6.8483333641e-01 
1.0321869475e-04 6.8424479677e-01 
1.0354968992e-05 7.2858856195e-01 
2.7682061287e-05 6.8937865286e-01 
7.6062519154e-05 6.8541993552e-01 
4.9999007310e-06 9.9975666346e-01 
4.9914156347e-05 6.8552263891e-01 
1.2745203263e-05 1.0000000000e+00 
3.1863878374e-05 7.0209895143e-01 
1.9216817269e-04 6.6077064356e-01 
3.2910931622e-05 7.1437113552e-01 
1.7348425666e-04 6.7061268933e-01 
4.9962377837e-06 9.9780199767e-01 
4.9992006377e-06 9.9929788418e-01 
1.9301026503e-05 7.1346173584e-01 
2.0862997889e-05 6.3544016666e-01 
2.2298577440e-05 7.0231625591e-01 
5.5084310785e-05 6.8539852855e-01 
1.4510924685e-05 1.0000000000e+00 
7.3545961289e-05 6.7915956598e-01 
2.5784765533e-05 6.9976990553e-01 
2.2682166540e-05 7.2568094276e-01 
1.1025928243e-05 7.3057305999e-01 
9.8828799083e-06 1.0000000000e+00 
3.7945810371e-05 6.5176479308e-01 
2.3314862494e-04 6.5599348924e-01 
9.8347833228e-05 6.7982853101e-01 
9.6793583654e-05 6.6635200675e-01 
4.5095482472e-05 6.7835559282e-01 
1.3199247757e-04 6.6685945202e-01 
6.1445744668e-06 1.0000000000e+00 
6.1142991752e-05 6.9773096560e-01 
2.3900464059e-05 6.3677145298e-01 
1.2752695961e-05 1.0000000000e+00 
2.2612705077e-04 6.4672743604e-01 
9.5056021889e-05 6.7634874162e-01 
9.9195118587e-05 6.8193568759e-01 
6.2619205177e-05 6.8032436690e-01 
1.7190236834e-05 1.0000000000e+00 
4.9949471471e-06 9.9766770434e-01 
1.3286595761e-05 6.9512975941e-01 
4.1625696643e-05 6.9444406573e-01 
4.0222254047e-05 6.8104576711e-01 
5.1744523608e-05 6.7967336239e-01 
2.9719361357e-05 6.7116123956e-01 
1.2918800690e-04 6.7923709907e-01 
4.9977476702e-06 9.9837152724e-01 
1.2381452910e-05 1.0000000000e+00 
8.2641926491e-06 1.0000000000e+00 
2.9594565466e-05 6.4396469806e-01 
2.1523994707e-04 6.6163409285e-01 
8.6289125734e-06 7.3435499158e-01 
4.9179567755e-05 6.8948177338e-01 
7.3197318962e-05 6.7940080192e-01 
8.1997558792e-05 6.4051608773e-01 
1.8064860843e-05 7.1536319738e-01 
1.9781282534e-05 7.0808734456e-01 
3.6757299367e-05 6.7346340263e-01 
1.8028957098e-04 6.8310920546e-01 
2.2425440598e-05 6.3426815144e-01 
4.9987263108e-06 9.9744959462e-01 
1.3106677156e-05 7.3565073587e-01 
1.0167169890e-05 1.0000000000e+00 
4.8672111541e-05 6.7380859834e-01 
3.7965816169e-05 6.2684290812e-01 
2.3505246208e-05 1.0000000000e+00 
5.3796365117e-05 6.8976933759e-01 
3.8473331977e-05 6.9776004937e-01 
9.7817882239e-05 6.7258705102e-01 
5.6120213466e-05 6.8737075524e-01 
2.0113972201e-05 7.1286649530e-01 
1.4893054465e-05 7.2422160288e-01 
5.3145667952e-05 6.7866775109e-01 
6.2514019078e-05 6.8269461803e-01 
1.5183860216e-04 6.8390887157e-01 
2.8601036990e-05 1.0000000000e+00 
4.9922988744e-06 9.9686020191e-01 
2.5445887380e-05 6.7051919263e-01 
2.1401542227e-05 6.6717925754e-01 
2.2312165446e-05 7.3916997963e-01 
1.7447643105e-05 7.2285700241e-01 
1.4797668169e-05 1.0000000000e+00 
4.9994042174e-06 9.9863713410e-01 
6.5341008646e-05 6.8933131270e-01 
4.9936668299e-06 9.9665986701e-01 
7.7169442196e-05 6.8046890518e-01 
1.5024155026e-05 7.1073679517e-01 
9.8861997669e-06 7.1859651791e-01 
3.2038702477e-05 7.0860411275e-01 
2.3999224438e-05 6.8278419820e-01 
1.6743887605e-05 7.1170125960e-01 
7.0217468499e-05 6.9153707574e-01 
2.4031115254e-05 7.1199102288e-01 
2.2941958970e-05 7.1868179064e-01 
1.5052031099e-04 6.7515300124e-01 
4.9970979651e-06 9.9824769115e-01 
4.9990971309e-06 9.9811638073e-01 
2.6767641642e-05 6.9025868882e-01 
9.1108056490e-06 7.5768921774e-01 
1.3472657416e-05 7.2424019921e-01 
4.7665254781e-05 6.6823236263e-01 
2.6213891397e-05 1.0000000000e+00 
2.2917748269e-05 7.1485576400e-01 
1.0829956448e-04 6.7348389454e-01 
2.6774200063e-05 6.2975501051e-01 
6.5565593709e-06 7.5006888469e-01 
2.0974746057e-05 7.5484882339e-01 
1.0620384178e-05 1.0000000000e+00 
4.8108459905e-05 7.0940374234e-01 
1.0655188054e-04 6.9480544604e-01 
1.9291938683e-04 6.7269048699e-01 
4.5045368314e-05 6.4955133639e-01 
4.8358220725e-05 6.8840303463e-01 
5.4260054611e-05 7.1504227463e-01 
7.1827190962e-05 6.7750934297e-01 
1.1358019559e-04 6.3515935162e-01 
2.9572288569e-05 6.6254463195e-01 
1.6837001179e-05 7.5177385123e-01 
4.2552704652e-05 6.9975801413e-01 
6.4786998173e-05 6.8666283860e-01 
4.5304598759e-05 7.0121033247e-01 
3.6855059267e-05 6.2572317069e-01 
8.1142617054e-06 1.0000000000e+00 
1.3477570797e-05 6.4031915979e-01 
4.9992952012e-06 9.9939629700e-01 
6.2102930911e-05 6.8762407623e-01 
