1.1510582572e-06 1.1630159483e+04 4.6651787264e-01 8.1000000000e-01 
1.0955607513e-09 1.1458207828e+04 5.9842898352e-01 8.1000000000e-01 
9.2712464446e-06 1.1720235099e+04 2.0199163976e-01 8.1000000000e-01 
2.9525944605e-08 2.3071595378e+04 9.6522087880e-01 8.1000000000e-01 
8.5526573223e-11 1.1427906542e+04 4.5615794281e-01 8.1000000000e-01 
4.2473629376e-10 1.1468156326e+04 5.0967710570e-01 8.1000000000e-01 
1.6454675844e-09 1.4471597919e+04 4.4881000240e-01 8.1000000000e-01 
2.2452939460e-11 1.3934868616e+04 7.6396854628e-01 8.1000000000e-01 
5.9985746597e-11 2.0468461205e+04 1.3120054718e+00 8.1000000000e-01 
1.6010888043e-09 1.1446921413e+04 9.6821178507e-01 8.1000000000e-01 
4.7275903328e-09 2.3437593280e+04 1.8662931277e-01 8.1000000000e-01 
1.6267273602e-05 1.6076970872e+04 5.4409612637e-01 8.1000000000e-01 
4.7682659446e-11 1.5009233385e+04 7.7124709016e-01 8.1000000000e-01 
8.5122451292e-10 1.1559434109e+04 2.3591044596e-01 8.1000000000e-01 
4.1968753097e-11 1.3279368099e+04 1.3968423926e+00 8.1000000000e-01 
1.8466470640e-08 1.5401145514e+04 3.5419569585e-01 8.1000000000e-01 
6.8237474089e-07 1.9801082584e+04 9.7367503293e-01 8.1000000000e-01 
8.8082031509e-08 1.2631201950e+04 8.7920218028e-01 8.1000000000e-01 
1.1642597120e-09 2.0137485941e+04 1.1989093267e+00 8.1000000000e-01 
2.8801161432e-07 1.3614005874e+04 1.2724312027e+00 8.1000000000e-01 
1.7935241332e-08 1.3378266910e+04 3.6951597119e-02 8.1000000000e-01 
3.9720542638e-10 1.2427986429e+04 6.6553071328e-01 8.1000000000e-01 
2.1096683117e-08 1.5025074418e+04 5.8573618957e-01 8.1000000000e-01 
2.3032736468e-06 1.2357957259e+04 9.6951698639e-01 8.1000000000e-01 
4.0575877778e-12 1.2471280242e+04 1.5811046684e-01 8.1000000000e-01 
2.8521906023e-07 1.1725842618e+04 1.0789637750e+00 8.1000000000e-01 
2.9149053970e-10 1.1236362422e+04 3.7860551006e-01 8.1000000000e-01 
6.3062422246e-08 1.1339331406e+04 8.9932163862e-01 8.1000000000e-01 
1.3235362459e-07 1.5944769082e+04 1.2737434137e+00 8.1000000000e-01 
5.8545696504e-08 1.2480317225e+04 5.1910269774e-01 8.1000000000e-01 
8.4285769099e-09 1.1632124508e+04 5.8399667491e-01 8.1000000000e-01 
1.5994072720e-08 1.1695597099e+04 7.5836444280e-01 8.1000000000e-01 
1.3197685202e-09 1.1213052957e+04 6.7406478150e-01 8.1000000000e-01 
4.2580165955e-10 1.4243047582e+04 9.0620982344e-01 8.1000000000e-01 
4.3063725676e-08 1.2924643803e+04 3.5108655693e-01 8.1000000000e-01 
9.1754209295e-08 1.6227050075e+04 7.5400362113e-01 8.1000000000e-01 
1.4385912777e-08 1.1355408236e+04 3.9706663178e-01 8.1000000000e-01 
2.0958417292e-08 1.6752721822e+04 6.9855489733e-01 8.1000000000e-01 
3.1876837882e-06 1.4147990227e+04 5.2306972606e-01 8.1000000000e-01 
5.3132906210e-07 1.2788904675e+04 8.4610531649e-01 8.1000000000e-01 
3.6250214672e-11 1.7016535074e+04 3.2466504619e-01 8.1000000000e-01 
5.1361345300e-09 2.3251549115e+04 1.2582429792e+00 8.1000000000e-01 
5.6799463093e-08 1.1763007591e+04 2.0738272615e-01 8.1000000000e-01 
1.4954890092e-08 1.4826321915e+04 1.1064691912e+00 8.1000000000e-01 
3.9077227230e-11 1.5113259594e+04 8.6517844766e-01 8.1000000000e-01 
3.2884476913e-08 1.1421093225e+04 1.7998811061e-01 8.1000000000e-01 
9.5244761398e-12 1.6264773724e+04 3.3288911577e-01 8.1000000000e-01 
5.1620660616e-10 1.2370043671e+04 9.9885848359e-01 8.1000000000e-01 
1.9473256953e-07 1.6635851068e+04 8.8377227677e-01 8.1000000000e-01 
2.4841340692e-07 1.7868327000e+04 1.3713783149e+00 8.1000000000e-01 
2.3042898806e-09 1.8702483441e+04 1.7186464023e-01 8.1000000000e-01 
2.4784832947e-06 2.5000000000e+04 6.1525979748e-01 8.1000000000e-01 
2.4878774866e-05 1.1613762719e+04 9.3919735992e-01 8.1000000000e-01 
3.0141923571e-10 1.1728230703e+04 1.2865792931e+00 8.1000000000e-01 
1.6132134391e-06 1.2883977495e+04 1.1064786361e+00 8.1000000000e-01 
1.8234126349e-11 1.1569029611e+04 8.8242876161e-01 8.1000000000e-01 
1.0086171103e-05 1.3217514608e+04 1.0360005460e+00 8.1000000000e-01 
2.5359851522e-06 1.1752507762e+04 1.2460536367e+00 8.1000000000e-01 
2.2274450686e-11 1.4337780794e+04 1.0441766277e-01 8.1000000000e-01 
2.5463489052e-11 1.2796959654e+04 9.0503575634e-01 8.1000000000e-01 
4.6471424333e-09 1.4670443521e+04 5.7880459306e-01 8.1000000000e-01 
2.4399968735e-11 1.1223036857e+04 1.0562297084e+00 8.1000000000e-01 
3.5756743678e-09 1.3403117624e+04 7.1843971534e-01 8.1000000000e-01 
1.4718404196e-11 2.2137745401e+04 6.2991094284e-01 8.1000000000e-01 
4.4417586414e-08 1.3223067430e+04 1.1647794411e+00 8.1000000000e-01 
1.5023350369e-07 1.5224712290e+04 9.2800462621e-01 8.1000000000e-01 
2.9691530230e-10 1.3775856620e+04 1.1905061825e+00 8.1000000000e-01 
1.2250345735e-08 1.6124533004e+04 6.3135894259e-01 8.1000000000e-01 
2.3961835950e-07 1.5188888146e+04 5.9746522720e-01 8.1000000000e-01 
3.1344844151e-09 1.4540702704e+04 8.4987746696e-01 8.1000000000e-01 
1.4999263804e-09 1.1471778081e+04 1.2887436063e+00 8.1000000000e-01 
1.4212274085e-08 1.4450427918e+04 5.9468514682e-01 8.1000000000e-01 
3.7248706088e-07 1.2613708186e+04 8.3138117221e-01 8.1000000000e-01 
2.4403985705e-11 2.1907181959e+04 6.5521626230e-01 8.1000000000e-01 
6.8315306768e-08 1.3667140188e+04 4.0288167307e-01 8.1000000000e-01 
3.6819409630e-10 1.8820828278e+04 8.9316896091e-01 8.1000000000e-01 
2.1938471405e-08 1.5458882799e+04 8.4948279708e-01 8.1000000000e-01 
1.2134022034e-09 1.6024849525e+04 4.6400325215e-01 8.1000000000e-01 
5.5439050843e-09 1.4742536731e+04 6.9419193232e-01 8.1000000000e-01 
7.2619334895e-08 1.3680101849e+04 4.6313440991e-01 8.1000000000e-01 
2.2822777138e-05 1.6909412295e+04 1.5405564782e+00 8.1000000000e-01 
1.3188930869e-11 1.2113229957e+04 1.0814816664e+00 8.1000000000e-01 
1.3096541755e-07 1.9909173284e+04 1.1288809699e+00 8.1000000000e-01 
2.8256092571e-07 1.4230489976e+04 1.3635712603e+00 8.1000000000e-01 
1.9102591210e-09 1.6710670311e+04 7.9254193462e-01 8.1000000000e-01 
2.3207278630e-10 1.2327113699e+04 1.1057115536e+00 8.1000000000e-01 
1.1462503421e-09 1.6483719194e+04 6.3297396227e-01 8.1000000000e-01 
3.1256655156e-08 1.1400168986e+04 7.1151307391e-01 8.1000000000e-01 
5.6558377934e-06 1.2018710540e+04 5.4540427429e-01 8.1000000000e-01 
1.3558464791e-09 1.2607813450e+04 1.1068264122e+00 8.1000000000e-01 
1.4142544459e-10 1.3309893675e+04 1.0593495068e+00 8.1000000000e-01 
2.1341082373e-09 1.3206162988e+04 1.2688954948e+00 8.1000000000e-01 
2.7297883003e-10 1.5014814459e+04 1.8964863632e-01 8.1000000000e-01 
1.2475123986e-08 2.3779732854e+04 9.3800626898e-01 8.1000000000e-01 
1.4164809726e-11 1.2222843102e+04 7.1694533721e-01 8.1000000000e-01 
2.5944915059e-07 1.9540993052e+04 1.4509230479e-01 8.1000000000e-01 
3.9500317168e-07 2.0086197880e+04 1.1677989533e+00 8.1000000000e-01 
6.2199571441e-10 1.5647056556e+04 9.3349425328e-01 8.1000000000e-01 
4.0915639543e-11 1.1804617395e+04 4.3280519559e-01 8.1000000000e-01 
1.0596184323e-08 1.1311963372e+04 8.7400079015e-01 8.1000000000e-01 
1.0095907594e-07 1.6442261889e+04 9.5881298220e-01 8.1000000000e-01 
2.0772372702e-09 1.1309661050e+04 7.8882193399e-01 8.1000000000e-01 
9.8596709088e-09 1.1536848759e+04 1.1263878447e+00 8.1000000000e-01 
1.0616382799e-07 1.1539664960e+04 8.6447129814e-01 8.1000000000e-01 
4.3620757462e-10 1.1270159241e+04 5.0254986763e-01 8.1000000000e-01 
2.4990254758e-10 1.2922219366e+04 2.2128502983e-01 8.1000000000e-01 
8.4139034886e-09 2.3270592550e+04 1.0512259374e+00 8.1000000000e-01 
1.4368158768e-09 1.1440182415e+04 4.1196790496e-01 8.1000000000e-01 
1.9456386208e-10 1.1427595555e+04 9.7130491015e-01 8.1000000000e-01 
1.6679370728e-07 1.3561465672e+04 1.3524350905e+00 8.1000000000e-01 
1.3313703934e-10 1.3099540338e+04 1.3202965386e+00 8.1000000000e-01 
1.6511079225e-08 1.2312613955e+04 1.1573844051e+00 8.1000000000e-01 
8.1206346640e-09 1.2719710752e+04 1.2681508518e+00 8.1000000000e-01 
2.9462699845e-10 1.1384324315e+04 4.0089561151e-01 8.1000000000e-01 
1.1933161055e-09 1.3715866735e+04 1.1288217844e+00 8.1000000000e-01 
3.3357348423e-09 1.2515111363e+04 8.3859769389e-01 8.1000000000e-01 
5.8890627811e-07 2.1285639901e+04 1.0281435503e+00 8.1000000000e-01 
2.4832662009e-10 1.2154188947e+04 2.6129586183e-01 8.1000000000e-01 
9.5302193674e-11 1.1571293709e+04 6.7216171803e-01 8.1000000000e-01 
2.7690460391e-07 1.5652229491e+04 1.0064579299e+00 8.1000000000e-01 
9.4285574563e-09 1.3281443999e+04 2.2975692444e-01 8.1000000000e-01 
1.4336705473e-08 1.3038606054e+04 5.9942041868e-01 8.1000000000e-01 
1.8030178083e-09 1.2004783867e+04 1.1179637129e+00 8.1000000000e-01 
1.7353290587e-09 2.1164638513e+04 1.1561025298e+00 8.1000000000e-01 
4.6577192134e-09 1.8394664011e+04 1.0642677055e+00 8.1000000000e-01 
2.5158052449e-10 1.5219980092e+04 8.6098989313e-01 8.1000000000e-01 
6.2002145456e-09 1.2110353014e+04 6.5334347781e-01 8.1000000000e-01 
1.4041425368e-08 1.6537587376e+04 8.1483566070e-01 8.1000000000e-01 
4.0229349130e-12 2.5000000000e+04 1.0784919881e+00 8.1000000000e-01 
9.3777902734e-11 1.2914754650e+04 1.2494037551e+00 8.1000000000e-01 
7.6413413174e-07 1.3794366802e+04 6.0071858680e-01 8.1000000000e-01 
7.6737336137e-10 1.1476334020e+04 8.5759593988e-01 8.1000000000e-01 
9.5242323848e-10 1.1403270206e+04 7.3029886771e-01 8.1000000000e-01 
1.1100904270e-05 1.4254743778e+04 1.2329353550e+00 8.1000000000e-01 
7.6642086798e-11 1.2757422261e+04 7.5010804742e-01 8.1000000000e-01 
1.0962147953e-09 1.1262357847e+04 4.3477456600e-01 8.1000000000e-01 
3.7287420668e-09 1.2163921029e+04 8.1782767057e-01 8.1000000000e-01 
1.0138898803e-08 1.3394846774e+04 6.6534939385e-01 8.1000000000e-01 
7.2386773612e-11 1.1898239051e+04 1.0028406069e+00 8.1000000000e-01 
2.3958398767e-11 1.6750060400e+04 6.4479584127e-01 8.1000000000e-01 
2.8142947543e-11 1.2972345184e+04 9.1448599480e-01 8.1000000000e-01 
1.2745673294e-10 1.5097181940e+04 7.3986604844e-01 8.1000000000e-01 
1.4827782609e-10 1.1218042313e+04 3.3969898312e-01 8.1000000000e-01 
2.2469014247e-09 1.2331110187e+04 1.9253082045e-01 8.1000000000e-01 
6.1315107809e-11 1.6423005872e+04 1.3612288800e+00 8.1000000000e-01 
5.8354204618e-10 1.1243142109e+04 5.1248181569e-01 8.1000000000e-01 
2.8175365374e-09 1.5627363184e+04 6.1059690553e-01 8.1000000000e-01 
4.2914221442e-08 1.3490588403e+04 3.7218976059e-01 8.1000000000e-01 
7.4981316519e-10 1.4915808763e+04 4.4809320661e-01 8.1000000000e-01 
2.7654909554e-09 1.3485652599e+04 3.6104618417e-01 8.1000000000e-01 
2.3200232633e-08 1.5952020896e+04 1.3904620102e+00 8.1000000000e-01 
5.6518053758e-10 1.1359682156e+04 3.2185221932e-01 8.1000000000e-01 
1.6629761677e-10 1.9280674405e+04 1.3266136611e+00 8.1000000000e-01 
4.9134175378e-09 1.1935392646e+04 9.5219610793e-01 8.1000000000e-01 
1.3666805795e-08 1.1245392470e+04 1.1391270526e+00 8.1000000000e-01 
2.8718859411e-07 2.5000000000e+04 5.5835347021e-01 8.1000000000e-01 
7.1147414051e-10 2.0997190412e+04 7.3896824373e-01 8.1000000000e-01 
6.7973355531e-10 1.2122025031e+04 1.4026139916e-01 8.1000000000e-01 
2.4773313422e-09 1.3648785450e+04 6.7345897746e-01 8.1000000000e-01 
2.1381983117e-07 1.5377968850e+04 1.2796004706e+00 8.1000000000e-01 
4.6680470875e-11 1.1221800403e+04 1.3810968583e+00 8.1000000000e-01 
5.4712976378e-06 1.1509737308e+04 8.6026092349e-01 8.1000000000e-01 
3.5255737893e-08 1.2475547449e+04 6.5519129550e-01 8.1000000000e-01 
5.6228905035e-10 1.1386258024e+04 6.1954395154e-01 8.1000000000e-01 
9.8979314042e-08 1.1230911059e+04 2.5012405031e-01 8.1000000000e-01 
1.3849491966e-08 1.5643632881e+04 5.8219718943e-01 8.1000000000e-01 
3.0564626065e-07 1.1461434666e+04 9.6214909175e-01 8.1000000000e-01 
3.2645292025e-10 1.3311121440e+04 1.0165838491e+00 8.1000000000e-01 
1.2077216160e-09 1.2009717456e+04 9.3791031303e-01 8.1000000000e-01 
2.5912857320e-08 1.1817365659e+04 6.6423559678e-01 8.1000000000e-01 
6.1471524821e-09 1.2026090534e+04 7.7080163874e-01 8.1000000000e-01 
3.9760667296e-10 1.2924734794e+04 9.2680455701e-01 8.1000000000e-01 
8.7887474456e-10 1.3364348975e+04 7.7656598254e-01 8.1000000000e-01 
4.3771046412e-08 1.6461324895e+04 8.0336477946e-01 8.1000000000e-01 
1.2885540188e-08 1.1588968729e+04 2.8807987003e-01 8.1000000000e-01 
1.3847423883e-07 2.4243675958e+04 2.9878224534e-01 8.1000000000e-01 
2.3617131752e-06 1.1239386465e+04 9.2150760024e-01 8.1000000000e-01 
1.1155689435e-08 1.1245243800e+04 3.7830278656e-01 8.1000000000e-01 
4.6427040031e-07 1.5912740990e+04 6.9420102858e-01 8.1000000000e-01 
8.4219860794e-08 1.9863019727e+04 8.1911044298e-01 8.1000000000e-01 
8.5597750407e-11 1.2560103584e+04 6.9994364463e-01 8.1000000000e-01 
5.0300402889e-07 1.8514856258e+04 9.4751809341e-01 8.1000000000e-01 
1.4860557816e-08 1.2043281983e+04 6.0578888212e-01 8.1000000000e-01 
3.5601134429e-09 1.7742212914e+04 6.0118342991e-01 8.1000000000e-01 
2.5729260443e-07 1.2692299534e+04 6.0726550790e-01 8.1000000000e-01 
3.0407638689e-06 1.4576450420e+04 1.0216392912e+00 8.1000000000e-01 
9.3673725195e-12 1.5709272602e+04 3.3070501531e-01 8.1000000000e-01 
7.2012994364e-12 1.4108190406e+04 9.7575308112e-01 8.1000000000e-01 
1.2267181518e-11 1.2903031785e+04 4.9969938434e-01 8.1000000000e-01 
1.0199138455e-08 1.2668681126e+04 3.5557168889e-01 8.1000000000e-01 
3.6628225610e-09 1.2204832590e+04 7.7102600060e-02 8.1000000000e-01 
3.6245876253e-09 1.2032861418e+04 4.9885330603e-01 8.1000000000e-01 
5.7127684206e-11 1.1989116805e+04 7.7514084180e-01 8.1000000000e-01 
8.1533706267e-10 1.1837303779e+04 5.8851268362e-01 8.1000000000e-01 
4.9438399616e-07 1.4920991094e+04 9.1871710018e-01 8.1000000000e-01 
2.0029510007e-07 1.3090577375e+04 1.4722266296e+00 8.1000000000e-01 
1.8107761158e-06 1.4684894290e+04 5.3724342671e-01 8.1000000000e-01 
1.0854433814e-08 1.2330221856e+04 5.2223262204e-01 8.1000000000e-01 
7.7744136392e-08 1.7280701643e+04 1.2093459162e+00 8.1000000000e-01 
2.7065721845e-07 1.1577027804e+04 5.1794666297e-01 8.1000000000e-01 
1.7772185327e-06 1.1268171904e+04 7.6407092550e-01 8.1000000000e-01 
1.3736923068e-07 1.4475792468e+04 7.8172972857e-01 8.1000000000e-01 
1.9911191474e-08 1.4347866155e+04 7.0228009732e-01 8.1000000000e-01 
4.2402767617e-08 1.9314441908e+04 9.2191138841e-01 8.1000000000e-01 
3.1229206578e-09 1.3244252274e+04 9.2539120644e-01 8.1000000000e-01 
6.4944638582e-10 1.3109869456e+04 1.4183207664e+00 8.1000000000e-01 
4.4095876750e-07 1.3300188756e+04 1.1276841864e+00 8.1000000000e-01 
1.8114817996e-09 2.5000000000e+04 1.1514852663e+00 8.1000000000e-01 
7.3898233297e-10 1.3069155400e+04 4.8595774059e-01 8.1000000000e-01 
1.5300349220e-09 1.1326131160e+04 9.4834990272e-01 8.1000000000e-01 
3.9764739570e-09 1.2697117214e+04 1.0702882264e+00 8.1000000000e-01 
2.7356059039e-09 1.4472603509e+04 2.4776153163e-01 8.1000000000e-01 
9.3850290793e-11 1.3866152457e+04 9.0712829404e-01 8.1000000000e-01 
1.3536786187e-09 1.1279377375e+04 7.3629314736e-01 8.1000000000e-01 
1.8066492993e-10 1.2361712481e+04 1.3833338660e+00 8.1000000000e-01 
8.0539544181e-07 1.4385441914e+04 9.0870751215e-01 8.1000000000e-01 
2.8103694917e-08 1.4609362120e+04 1.3471922288e+00 8.1000000000e-01 
3.2632365262e-08 1.9452750168e+04 8.8968379993e-01 8.1000000000e-01 
4.7026835406e-09 1.1658137266e+04 8.7204597459e-01 8.1000000000e-01 
1.7481035098e-11 1.1545767633e+04 5.6605647745e-01 8.1000000000e-01 
2.1690824218e-08 1.2874934532e+04 1.0717182680e+00 8.1000000000e-01 
2.1933005770e-06 1.2488028885e+04 6.5633327364e-01 8.1000000000e-01 
1.4850406112e-08 1.2060966653e+04 6.1253841509e-01 8.1000000000e-01 
8.5331447525e-11 1.4385784337e+04 5.7298917670e-01 8.1000000000e-01 
2.8112063206e-07 1.2731624923e+04 1.2254322071e+00 8.1000000000e-01 
3.3794472133e-10 1.3289225247e+04 7.2065387629e-01 8.1000000000e-01 
6.6168932755e-11 1.1435668304e+04 6.8410971347e-01 8.1000000000e-01 
8.8374662520e-07 1.6604944678e+04 3.2748730355e-01 8.1000000000e-01 
7.8361220463e-09 1.3086155130e+04 6.7317584997e-01 8.1000000000e-01 
2.5910689796e-08 1.3409153028e+04 5.5804749844e-01 8.1000000000e-01 
1.4839032690e-09 1.2414758851e+04 7.5508008093e-01 8.1000000000e-01 
2.1049777552e-08 1.1556531966e+04 1.1349859321e+00 8.1000000000e-01 
1.9349599462e-09 1.2723032344e+04 1.2317962616e+00 8.1000000000e-01 
2.8115019417e-08 1.4875323893e+04 8.8449581651e-01 8.1000000000e-01 
6.9066512756e-08 1.1738616445e+04 3.4046018585e-01 8.1000000000e-01 
2.8815106509e-07 1.2170487448e+04 4.3927614629e-01 8.1000000000e-01 
1.3377882627e-09 2.0355902204e+04 6.6619069011e-01 8.1000000000e-01 
1.4852341737e-09 1.2151241213e+04 3.1128666588e-01 8.1000000000e-01 
1.4267639004e-08 1.6758607612e+04 7.1689023186e-01 8.1000000000e-01 
5.7407830787e-09 1.6104235479e+04 9.7464862484e-01 8.1000000000e-01 
1.0820712381e-09 1.2432677933e+04 1.2602535624e+00 8.1000000000e-01 
4.5461940213e-11 1.1214122289e+04 1.0565344899e+00 8.1000000000e-01 
9.1990655359e-10 2.5000000000e+04 5.3309529414e-01 8.1000000000e-01 
3.4650344796e-10 1.4061657552e+04 3.1976071717e-01 8.1000000000e-01 
3.2913322108e-08 1.3687287235e+04 1.0874199333e+00 8.1000000000e-01 
1.2738864028e-07 1.5642889957e+04 4.8945955049e-01 8.1000000000e-01 
1.5226606110e-10 1.3428041145e+04 3.0387522238e-01 8.1000000000e-01 
1.8482802785e-06 1.2457299672e+04 1.2344866639e+00 8.1000000000e-01 
3.6215759733e-08 1.1441473215e+04 5.7317964861e-01 8.1000000000e-01 
4.2602867821e-11 1.1716063060e+04 7.2571043337e-01 8.1000000000e-01 
3.6367054612e-08 1.1961182119e+04 1.0323552248e+00 8.1000000000e-01 
6.3184647891e-10 1.1586729515e+04 4.9100162587e-01 8.1000000000e-01 
9.9379837937e-10 1.3020684522e+04 5.9762992629e-01 8.1000000000e-01 
2.0001390177e-07 1.1915630181e+04 7.9353416515e-01 8.1000000000e-01 
4.4773791761e-08 1.2680487088e+04 9.8563389218e-01 8.1000000000e-01 
2.3028428738e-07 1.3939240218e+04 3.1932494289e-01 8.1000000000e-01 
6.1459341237e-09 2.0195765998e+04 5.7536500964e-01 8.1000000000e-01 
2.6708666659e-09 1.2167511841e+04 9.0819452862e-01 8.1000000000e-01 
7.2795720176e-06 1.6266998579e+04 1.8012231191e-01 8.1000000000e-01 
4.3046473070e-07 1.3088148002e+04 8.6673767343e-01 8.1000000000e-01 
4.9729116198e-08 1.3695850499e+04 9.1537420622e-01 8.1000000000e-01 
5.8836786073e-08 1.2050584063e+04 8.5510437719e-01 8.1000000000e-01 
2.3938454948e-09 1.2599916844e+04 7.5949562024e-01 8.1000000000e-01 
8.1706202011e-08 1.1706531573e+04 3.5276693168e-01 8.1000000000e-01 
2.7580013796e-08 1.6570801418e+04 7.7177858979e-01 8.1000000000e-01 
1.2861550474e-08 1.2520698260e+04 1.0895749701e+00 8.1000000000e-01 
1.8636001574e-10 1.5302696640e+04 9.9623350731e-01 8.1000000000e-01 
1.0595960116e-06 1.1539407907e+04 9.6298204684e-01 8.1000000000e-01 
2.2316499628e-09 1.1295367160e+04 9.8798941624e-01 8.1000000000e-01 
1.2159888057e-07 1.1661039670e+04 1.1246672185e+00 8.1000000000e-01 
3.3291004607e-09 1.2318052900e+04 1.4026137693e+00 8.1000000000e-01 
3.8370882704e-10 1.1953665029e+04 4.6394999788e-01 8.1000000000e-01 
6.3057424056e-11 1.3574179410e+04 8.8001507228e-01 8.1000000000e-01 
4.3142686301e-08 1.9891549791e+04 6.2808965132e-01 8.1000000000e-01 
1.2872056453e-08 1.2316280535e+04 7.3668713540e-01 8.1000000000e-01 
1.7557399420e-09 2.5000000000e+04 8.0233365935e-01 8.1000000000e-01 
7.9446333768e-09 1.4242047428e+04 6.9725729371e-01 8.1000000000e-01 
8.0606190258e-11 1.3277992894e+04 5.7044826356e-01 8.1000000000e-01 
2.5116669878e-10 1.2140632836e+04 1.1805111892e+00 8.1000000000e-01 
8.1960044787e-09 1.1223749651e+04 5.8428554106e-01 8.1000000000e-01 
5.3832650142e-10 1.2265344405e+04 1.1292751924e+00 8.1000000000e-01 
6.7972620166e-11 1.2927180199e+04 6.0763150181e-01 8.1000000000e-01 
1.6046448254e-10 1.7346759084e+04 8.9588175229e-02 8.1000000000e-01 
5.8737381471e-10 1.1290807724e+04 1.2658307633e+00 8.1000000000e-01 
7.5148918623e-11 1.4235217908e+04 7.4008230253e-01 8.1000000000e-01 
8.4543311365e-07 1.9138342030e+04 7.5679710510e-01 8.1000000000e-01 
6.6339661405e-10 1.7055501834e+04 1.1565905515e+00 8.1000000000e-01 
2.4461221348e-05 1.5897863161e+04 9.7084354060e-01 8.1000000000e-01 
3.5662880139e-08 1.2336112197e+04 6.5835468358e-01 8.1000000000e-01 
8.0827794431e-10 1.3518760829e+04 3.9275137450e-01 8.1000000000e-01 
1.0294359333e-09 1.1451228933e+04 3.6978642452e-01 8.1000000000e-01 
3.8851823353e-11 1.1216895728e+04 1.3242930094e+00 8.1000000000e-01 
1.5553038852e-09 1.3134043368e+04 4.8812911905e-01 8.1000000000e-01 
7.4657088807e-08 1.2044327748e+04 1.0081694967e+00 8.1000000000e-01 
4.0709045968e-07 1.5474689136e+04 1.3814838872e+00 8.1000000000e-01 
9.7277774783e-06 1.1694402544e+04 7.9284979979e-01 8.1000000000e-01 
4.6894150424e-07 1.1695647356e+04 7.6617968272e-01 8.1000000000e-01 
2.7824660716e-08 1.3000475233e+04 8.2192498949e-01 8.1000000000e-01 
6.2683881878e-10 1.1581472859e+04 5.3850926667e-01 8.1000000000e-01 
8.3235264877e-11 1.4135563306e+04 2.4503337773e-01 8.1000000000e-01 
1.3453785621e-07 1.1437380114e+04 4.8286277732e-01 8.1000000000e-01 
5.2802810437e-10 1.1563116166e+04 1.2749276346e+00 8.1000000000e-01 
5.1526953556e-10 1.1358294763e+04 9.3314225587e-01 8.1000000000e-01 
2.3983189660e-10 1.5601828086e+04 8.0845186580e-01 8.1000000000e-01 
3.2972557539e-10 1.8434742604e+04 4.5152752116e-01 8.1000000000e-01 
2.8173547235e-07 1.1884858879e+04 7.0493856923e-01 8.1000000000e-01 
1.7003751009e-08 1.8621017059e+04 6.3036452104e-01 8.1000000000e-01 
4.7746256561e-09 1.6045531849e+04 6.0918809166e-01 8.1000000000e-01 
3.3546655739e-10 1.5375384227e+04 4.0030329509e-01 8.1000000000e-01 
1.0497204926e-09 1.1776565375e+04 9.8392391167e-01 8.1000000000e-01 
2.6946326240e-09 1.2313375595e+04 1.1878759973e+00 8.1000000000e-01 
4.5897116318e-10 1.5167780611e+04 1.0503942946e+00 8.1000000000e-01 
4.2412260132e-09 1.6300452117e+04 4.2890191299e-01 8.1000000000e-01 
9.3318927985e-09 1.3291709248e+04 1.1342604805e+00 8.1000000000e-01 
1.4763590128e-11 1.4257121236e+04 7.7642644251e-01 8.1000000000e-01 
4.0271555039e-12 1.1693028849e+04 8.5736524788e-01 8.1000000000e-01 
6.7212644304e-06 1.5025515309e+04 1.2671032557e+00 8.1000000000e-01 
1.8806367528e-09 1.2003383137e+04 6.1924406914e-01 8.1000000000e-01 
1.5782531406e-10 1.2019925318e+04 7.9219508630e-01 8.1000000000e-01 
1.0420335076e-07 1.9464710653e+04 1.1512222474e+00 8.1000000000e-01 
1.1622859949e-10 1.5396678835e+04 9.6164699908e-01 8.1000000000e-01 
1.2475669926e-10 1.7681162346e+04 2.4519930100e-01 8.1000000000e-01 
1.0909959466e-09 1.5832120185e+04 1.3271384515e+00 8.1000000000e-01 
1.4595089434e-10 1.2430650575e+04 9.4225608397e-01 8.1000000000e-01 
2.5641827634e-11 1.5995210917e+04 1.6730860083e-01 8.1000000000e-01 
2.2468259048e-08 1.2993807770e+04 1.3242889207e+00 8.1000000000e-01 
2.2671742389e-11 2.1500973676e+04 1.3184037868e+00 8.1000000000e-01 
1.4735134210e-10 1.5842466087e+04 7.3250251335e-01 8.1000000000e-01 
1.7319922100e-11 1.2121303772e+04 5.9449179929e-01 8.1000000000e-01 
4.0521765796e-06 1.6461180438e+04 1.3449965527e+00 8.1000000000e-01 
5.1878259079e-11 1.1425024496e+04 1.2800891011e+00 8.1000000000e-01 
3.7140557635e-10 1.2190445392e+04 4.0543809290e-01 8.1000000000e-01 
1.0053190895e-11 1.2606215488e+04 9.4477351323e-01 8.1000000000e-01 
2.3928835440e-08 1.5334099214e+04 8.4438594149e-01 8.1000000000e-01 
1.9575566016e-06 1.3136818522e+04 1.4653883801e+00 8.1000000000e-01 
8.1548956562e-08 2.5000000000e+04 6.6316067114e-01 8.1000000000e-01 
3.6407318246e-08 1.4648575311e+04 5.8479613737e-01 8.1000000000e-01 
5.7106213607e-11 2.5000000000e+04 1.1177010851e+00 8.1000000000e-01 
3.6463007222e-09 1.8143934549e+04 1.0166432797e+00 8.1000000000e-01 
9.4594823646e-11 2.2520053448e+04 6.1742517590e-01 8.1000000000e-01 
1.5574962393e-07 1.2350224530e+04 1.1487385192e+00 8.1000000000e-01 
1.9424321184e-09 1.4932225654e+04 7.5726532945e-01 8.1000000000e-01 
1.6169035110e-09 1.4482653498e+04 5.3462175215e-01 8.1000000000e-01 
1.0229488472e-09 1.3353882611e+04 6.8963336306e-01 8.1000000000e-01 
1.8295962065e-07 1.6102213383e+04 1.0085398392e+00 8.1000000000e-01 
3.1898568299e-08 1.1492594202e+04 5.2065198302e-01 8.1000000000e-01 
2.0323393098e-10 2.5000000000e+04 7.3386664975e-01 8.1000000000e-01 
2.9548299363e-08 1.5933947851e+04 1.0252541835e+00 8.1000000000e-01 
2.2919899661e-10 1.1382672288e+04 6.6356715113e-01 8.1000000000e-01 
2.4575294804e-08 1.3306521850e+04 9.5268746288e-01 8.1000000000e-01 
1.5151583780e-07 1.3085841987e+04 5.3554276149e-01 8.1000000000e-01 
3.0933821298e-09 1.4393122032e+04 4.8529073025e-01 8.1000000000e-01 
2.1193575725e-09 1.7976217465e+04 1.3071556928e+00 8.1000000000e-01 
3.9782467085e-06 1.3583133754e+04 9.5023619112e-01 8.1000000000e-01 
4.4408803790e-11 1.4713108459e+04 6.3332495807e-01 8.1000000000e-01 
1.4356749615e-09 1.2300110962e+04 6.9227549739e-01 8.1000000000e-01 
2.6365624956e-08 1.7859797754e+04 6.3361926531e-01 8.1000000000e-01 
3.8298022320e-09 1.5046283749e+04 4.4534925733e-01 8.1000000000e-01 
5.4642355016e-07 1.5015478960e+04 1.0780485118e+00 8.1000000000e-01 
2.6802479882e-07 1.4664326114e+04 7.2510430648e-01 8.1000000000e-01 
4.6123564437e-08 1.3329700331e+04 2.9018262112e-01 8.1000000000e-01 
6.2422374325e-12 1.2492120517e+04 9.2369483193e-01 8.1000000000e-01 
2.2092843537e-10 1.2517524692e+04 9.6175492603e-01 8.1000000000e-01 
2.8375915547e-07 1.5038199333e+04 5.9640257217e-01 8.1000000000e-01 
2.7282698328e-09 1.1441288473e+04 1.0035172511e+00 8.1000000000e-01 
1.0092802225e-07 1.2157704670e+04 5.7481729189e-01 8.1000000000e-01 
1.1765031792e-07 1.2723626045e+04 8.5184978219e-01 8.1000000000e-01 
1.7570053746e-11 1.1381920755e+04 1.1732231598e+00 8.1000000000e-01 
1.9511792520e-07 1.2526416179e+04 6.4189022125e-01 8.1000000000e-01 
2.0371204840e-05 1.5412158438e+04 8.0992772142e-01 8.1000000000e-01 
5.2080763627e-09 1.6646522929e+04 3.2744609088e-01 8.1000000000e-01 
2.9663828776e-06 2.3556394101e+04 1.1434359352e+00 8.1000000000e-01 
2.7744100046e-09 1.8578731001e+04 9.1933823115e-01 8.1000000000e-01 
1.1367182398e-10 1.1771342088e+04 8.5877832469e-01 8.1000000000e-01 
7.2629102888e-08 1.6335951928e+04 1.2599933645e-01 8.1000000000e-01 
7.8406582486e-09 1.2100690875e+04 7.6293428411e-01 8.1000000000e-01 
7.3175672982e-09 1.3623053546e+04 1.2332784232e+00 8.1000000000e-01 
1.4730150135e-07 1.4418724071e+04 3.6353872515e-01 8.1000000000e-01 
2.2244499982e-08 1.1884223305e+04 7.6325793379e-01 8.1000000000e-01 
1.0213064166e-10 2.4626036902e+04 1.4397012753e+00 8.1000000000e-01 
6.7255068474e-08 1.1227065573e+04 3.7681004799e-01 8.1000000000e-01 
9.8907612284e-08 1.3286936126e+04 9.8194755300e-01 8.1000000000e-01 
7.7514713666e-09 1.8230443368e+04 8.1908376618e-01 8.1000000000e-01 
3.4388563158e-09 1.4386686568e+04 6.2755700906e-01 8.1000000000e-01 
9.2653730529e-10 1.2337476349e+04 1.9168780185e-01 8.1000000000e-01 
2.5271665690e-09 1.5852831294e+04 4.3709086716e-01 8.1000000000e-01 
4.6088409775e-06 1.3979578357e+04 7.8198875552e-01 8.1000000000e-01 
1.4497413061e-10 1.2381132701e+04 2.9249328162e-01 8.1000000000e-01 
9.0182927238e-09 1.2917390688e+04 7.9643413817e-01 8.1000000000e-01 
1.4334998014e-07 1.1530421907e+04 1.3109383913e+00 8.1000000000e-01 
1.8390049054e-09 1.1913763779e+04 6.3208015841e-01 8.1000000000e-01 
1.9834941709e-08 2.2946154220e+04 9.4324502993e-01 8.1000000000e-01 
2.5167654391e-10 1.1307602616e+04 2.5778027210e-01 8.1000000000e-01 
1.9957603751e-10 1.1985673474e+04 1.1103923893e+00 8.1000000000e-01 
7.1017823447e-07 1.5252101567e+04 2.7782272971e-01 8.1000000000e-01 
1.2677166969e-11 1.9490831429e+04 6.6776790436e-01 8.1000000000e-01 
7.1408699541e-11 1.3118947048e+04 1.0105489775e+00 8.1000000000e-01 
1.5009516335e-09 1.2305568521e+04 8.6525638046e-01 8.1000000000e-01 
3.7470899121e-09 1.4466226976e+04 7.1085916471e-01 8.1000000000e-01 
1.9303756737e-08 1.2485486535e+04 1.2911690827e+00 8.1000000000e-01 
4.3686298385e-09 1.4803662065e+04 1.1692464594e+00 8.1000000000e-01 
9.7402036865e-10 1.1232080700e+04 3.9159326348e-01 8.1000000000e-01 
1.0764087879e-10 2.0182425614e+04 1.0143705614e+00 8.1000000000e-01 
2.8093714223e-07 1.2672314008e+04 6.6263459644e-02 8.1000000000e-01 
1.5846780160e-08 1.9159786327e+04 7.2953072605e-01 8.1000000000e-01 
7.0502064010e-07 2.5000000000e+04 8.2802931380e-01 8.1000000000e-01 
7.9249939525e-11 1.3806701880e+04 4.5671496342e-01 8.1000000000e-01 
6.9671072381e-11 1.1507283253e+04 8.6685585998e-01 8.1000000000e-01 
2.1528368545e-08 1.3550358796e+04 6.9304254775e-01 8.1000000000e-01 
9.2946884142e-10 1.1823641405e+04 6.3193398132e-01 8.1000000000e-01 
5.7292302037e-09 1.1395321212e+04 1.0377268241e+00 8.1000000000e-01 
7.4141286255e-10 2.0974647060e+04 1.1741061524e+00 8.1000000000e-01 
2.6220142265e-06 2.5000000000e+04 8.4614198118e-01 8.1000000000e-01 
3.0713899935e-11 1.6724083866e+04 4.8956732882e-01 8.1000000000e-01 
9.1769650984e-10 1.3759806531e+04 1.1574439590e-01 8.1000000000e-01 
1.2168673981e-08 1.2441717851e+04 7.8891442993e-02 8.1000000000e-01 
4.2438245268e-09 1.5204314002e+04 5.2606493573e-01 8.1000000000e-01 
1.8577824181e-07 1.1889720514e+04 5.1835785290e-01 8.1000000000e-01 
1.4889849175e-10 1.2232397998e+04 5.6201674181e-01 8.1000000000e-01 
1.0215980435e-08 1.4863389926e+04 9.6396856870e-01 8.1000000000e-01 
3.8232074801e-07 1.1470096162e+04 5.7856734499e-01 8.1000000000e-01 
2.5212549680e-09 1.4037181329e+04 7.5017184006e-01 8.1000000000e-01 
2.4864454569e-08 1.1861800967e+04 1.0068481552e+00 8.1000000000e-01 
2.2539366343e-08 1.1767290605e+04 1.0799132821e+00 8.1000000000e-01 
1.7069788633e-07 1.1493251446e+04 6.9092547843e-01 8.1000000000e-01 
8.5891645518e-09 1.1858858115e+04 9.3952283846e-01 8.1000000000e-01 
7.2278744462e-10 1.1642289523e+04 2.3943624388e-01 8.1000000000e-01 
5.3017465695e-10 1.2209583513e+04 8.2880851461e-01 8.1000000000e-01 
2.9371538426e-09 1.2249196279e+04 2.5355143796e-01 8.1000000000e-01 
3.3192974816e-08 1.1406818737e+04 6.5171213014e-01 8.1000000000e-01 
6.8575782431e-11 1.1934021327e+04 5.2225860844e-01 8.1000000000e-01 
2.9425516359e-10 1.1535847140e+04 4.8167154584e-01 8.1000000000e-01 
7.6195315739e-09 1.2004899968e+04 4.6635304603e-01 8.1000000000e-01 
5.0521356492e-07 1.5671949690e+04 4.6044037599e-01 8.1000000000e-01 
6.3294998179e-10 1.7486180459e+04 6.4515135781e-01 8.1000000000e-01 
1.3317915609e-06 2.0982588968e+04 7.3636912807e-01 8.1000000000e-01 
5.5511233737e-08 1.1478855584e+04 7.6804488296e-02 8.1000000000e-01 
1.9432247862e-10 2.5000000000e+04 8.0929446846e-01 8.1000000000e-01 
3.4175373010e-06 1.2111384028e+04 8.1897157305e-01 8.1000000000e-01 
2.8394706587e-08 1.4091024157e+04 1.3414744421e+00 8.1000000000e-01 
1.7729841200e-06 1.1238319653e+04 3.9022074961e-01 8.1000000000e-01 
1.0170362614e-10 1.3789668217e+04 7.2405120694e-01 8.1000000000e-01 
2.8953847453e-09 1.1291068769e+04 6.9576572575e-01 8.1000000000e-01 
7.9166396752e-10 1.4924205100e+04 2.5022266231e-01 8.1000000000e-01 
3.2853056509e-07 1.4062543700e+04 1.0262238310e+00 8.1000000000e-01 
2.1635819715e-10 1.1512985390e+04 9.1922919067e-01 8.1000000000e-01 
4.3083432862e-10 1.4572482774e+04 2.6230161053e-01 8.1000000000e-01 
7.7116579431e-08 1.4084513970e+04 4.0804525017e-01 8.1000000000e-01 
2.6327858292e-09 1.6929973819e+04 7.1941252248e-01 8.1000000000e-01 
2.4533557711e-08 1.4260937049e+04 3.3582154726e-01 8.1000000000e-01 
1.5860463715e-10 2.0951613582e+04 8.2992661452e-01 8.1000000000e-01 
1.0776118995e-09 1.6462485770e+04 4.9189379306e-01 8.1000000000e-01 
1.2995082168e-09 1.1287279071e+04 1.2141403118e-01 8.1000000000e-01 
2.9509055206e-06 1.2748543087e+04 7.5686920762e-01 8.1000000000e-01 
4.9811392216e-06 1.6043225242e+04 5.3151346046e-01 8.1000000000e-01 
1.0012548229e-07 1.2497241558e+04 1.4417627382e+00 8.1000000000e-01 
2.8804405431e-08 1.4931136948e+04 1.1702820339e+00 8.1000000000e-01 
2.5932503143e-10 1.3615346087e+04 8.8390210800e-01 8.1000000000e-01 
6.3617150802e-11 1.1674302045e+04 7.4997301222e-01 8.1000000000e-01 
1.5484462037e-09 1.3048161590e+04 1.1568261722e+00 8.1000000000e-01 
2.4639392776e-11 1.5087000676e+04 8.1205338681e-01 8.1000000000e-01 
1.3393803310e-06 1.6004898734e+04 7.9447915210e-01 8.1000000000e-01 
2.5134120662e-08 1.2083246357e+04 6.6044413171e-01 8.1000000000e-01 
8.0967282815e-09 1.4233105274e+04 1.2774802146e+00 8.1000000000e-01 
2.6846069680e-10 1.3051379214e+04 4.2142663563e-01 8.1000000000e-01 
7.7080243266e-07 1.2289967390e+04 2.1210262118e-01 8.1000000000e-01 
4.5039158562e-09 1.1683076957e+04 7.3694478005e-01 8.1000000000e-01 
7.3295320377e-12 1.1886963680e+04 1.1761417180e+00 8.1000000000e-01 
1.3967407272e-09 1.6027616406e+04 6.2020974766e-01 8.1000000000e-01 
1.1057155913e-05 2.3110640416e+04 1.1189828844e-01 8.1000000000e-01 
2.0151843631e-07 1.1514253486e+04 9.1686470694e-01 8.1000000000e-01 
6.5526513508e-09 1.2255127974e+04 8.7225964989e-01 8.1000000000e-01 
5.9724022200e-10 1.2778999548e+04 7.6373322308e-01 8.1000000000e-01 
7.8123816855e-11 1.3656389161e+04 1.1556841353e+00 8.1000000000e-01 
1.1289005727e-07 1.2020557196e+04 4.8852384472e-01 8.1000000000e-01 
4.6581780358e-12 1.1464724853e+04 1.1437789427e+00 8.1000000000e-01 
2.2494696919e-07 1.1348252227e+04 5.8913254423e-01 8.1000000000e-01 
1.5686548447e-07 1.2335734770e+04 6.6259375755e-01 8.1000000000e-01 
1.6864865150e-09 1.3128564129e+04 3.9115113309e-01 8.1000000000e-01 
5.1958419747e-07 1.5171057835e+04 7.9327096208e-01 8.1000000000e-01 
4.1608541488e-11 1.1257709224e+04 6.7868007348e-01 8.1000000000e-01 
1.6036086732e-08 1.4580118588e+04 4.2335171591e-01 8.1000000000e-01 
1.1425167588e-10 1.3346483793e+04 1.2019850904e+00 8.1000000000e-01 
9.6067029004e-09 1.3951571350e+04 8.5841365698e-01 8.1000000000e-01 
4.1588666633e-09 1.1862228402e+04 1.2711543073e+00 8.1000000000e-01 
7.6449220534e-08 1.3390148373e+04 6.4730717619e-01 8.1000000000e-01 
1.5093890228e-11 1.3712514498e+04 7.5279081973e-01 8.1000000000e-01 
1.9416835275e-08 1.2856434651e+04 5.8733055233e-01 8.1000000000e-01 
2.6345504898e-11 2.5000000000e+04 4.0466889543e-01 8.1000000000e-01 
9.7876978770e-11 1.6583727913e+04 1.1523683684e+00 8.1000000000e-01 
2.5366705262e-07 1.1292757701e+04 4.9759381169e-01 8.1000000000e-01 
7.8959906199e-06 1.3006085497e+04 9.6869926813e-01 8.1000000000e-01 
1.1264518924e-11 1.2079756528e+04 6.1114968409e-01 8.1000000000e-01 
1.9377542645e-08 1.3117900176e+04 3.5633951923e-01 8.1000000000e-01 
6.2277863682e-09 1.2902557390e+04 9.5041506524e-01 8.1000000000e-01 
9.4396030343e-07 2.5000000000e+04 9.4353710829e-01 8.1000000000e-01 
