6.3977532468e-08 1.3079651835e+04 3.8606756313e-01 6.0000000000e-02 
9.3072136659e-09 1.8478150755e+04 1.0139318679e+00 6.0000000000e-02 
5.0929115691e-09 1.1997726036e+04 4.6239080328e-01 6.0000000000e-02 
1.8988944847e-08 1.1240981501e+04 8.3515691519e-01 6.0000000000e-02 
2.4958759751e-08 2.3198425241e+04 9.9598331315e-01 6.0000000000e-02 
5.4441085981e-10 1.4323671615e+04 1.3600820134e+00 6.0000000000e-02 
7.5359324178e-10 1.4072048246e+04 7.9997894467e-01 6.0000000000e-02 
7.4808739724e-11 1.2212808349e+04 4.6191560144e-01 6.0000000000e-02 
6.0773108965e-10 1.1696477794e+04 7.5283618518e-01 6.0000000000e-02 
5.3049568947e-11 1.2061474396e+04 7.3781490030e-01 6.0000000000e-02 
2.6532510111e-06 1.8455529981e+04 5.4940987208e-01 6.0000000000e-02 
2.4793838150e-07 1.3127138911e+04 5.7957789607e-01 6.0000000000e-02 
3.4127753160e-08 1.3564832010e+04 5.4598321972e-01 6.0000000000e-02 
1.9573087571e-10 1.4465852487e+04 1.2435668731e+00 6.0000000000e-02 
1.3333788401e-06 1.1973888822e+04 1.1044019858e+00 6.0000000000e-02 
1.5613699969e-10 1.1445558643e+04 4.2776722238e-01 6.0000000000e-02 
3.6495456730e-08 1.4654921758e+04 8.2419361086e-01 6.0000000000e-02 
5.5404088529e-09 1.7863970622e+04 5.7269345673e-01 6.0000000000e-02 
1.4190474474e-07 1.1329735500e+04 1.2427233255e+00 6.0000000000e-02 
3.4238983501e-09 1.1808863612e+04 9.4324553976e-01 6.0000000000e-02 
4.9014131899e-11 1.1687209158e+04 9.7983341834e-01 6.0000000000e-02 
1.4133265275e-11 2.2510038527e+04 7.9627605380e-01 6.0000000000e-02 
4.7937904047e-08 1.1642628485e+04 6.6888456462e-01 6.0000000000e-02 
8.0141789466e-08 1.5784685110e+04 8.0289034724e-01 6.0000000000e-02 
1.0321053143e-09 1.2451451015e+04 7.6963696153e-01 6.0000000000e-02 
1.5062140323e-07 1.6032798215e+04 8.4439383123e-01 6.0000000000e-02 
7.5424596247e-07 1.1425458792e+04 1.1724718308e+00 6.0000000000e-02 
3.3733811788e-11 1.2757167851e+04 1.2548983595e+00 6.0000000000e-02 
2.5001072496e-08 1.5526493453e+04 9.7210934533e-01 6.0000000000e-02 
2.0037960871e-08 1.2048780317e+04 5.8739547172e-01 6.0000000000e-02 
3.6553902346e-09 1.4587655690e+04 1.3432669372e+00 6.0000000000e-02 
6.2544178339e-09 1.2557894245e+04 7.2539459650e-01 6.0000000000e-02 
3.5807819237e-09 1.1259372195e+04 4.9135136368e-01 6.0000000000e-02 
1.3764614083e-06 1.2504054184e+04 2.2468679260e-01 6.0000000000e-02 
3.7087523513e-10 1.1657361768e+04 4.5947830650e-01 6.0000000000e-02 
4.6918158052e-12 1.1546318979e+04 1.2509497207e+00 6.0000000000e-02 
1.8876984800e-10 1.7570848325e+04 1.5440774689e+00 6.0000000000e-02 
8.7782065601e-11 2.5000000000e+04 1.4025345488e+00 6.0000000000e-02 
1.6614210805e-08 1.1537682744e+04 5.6529056927e-01 6.0000000000e-02 
2.3092245502e-10 1.4137841476e+04 1.1118220954e+00 6.0000000000e-02 
7.1975403785e-09 1.2554835432e+04 1.5229997846e+00 6.0000000000e-02 
8.5902643724e-10 1.1933712928e+04 5.0180860846e-01 6.0000000000e-02 
9.9572118064e-09 1.1553227762e+04 6.4675867195e-01 6.0000000000e-02 
8.2795685396e-09 1.6517880385e+04 1.5237574829e+00 6.0000000000e-02 
9.2951457490e-09 1.3284814075e+04 5.9209904548e-01 6.0000000000e-02 
6.1288171412e-07 1.2191574237e+04 7.6809832286e-01 6.0000000000e-02 
9.7983767482e-10 1.3342015430e+04 9.7479814930e-01 6.0000000000e-02 
2.3939165156e-08 1.4373438207e+04 5.5930181286e-01 6.0000000000e-02 
2.7507962385e-07 1.4997537474e+04 8.3038824362e-01 6.0000000000e-02 
2.0631512963e-11 1.3041815691e+04 6.7009481909e-01 6.0000000000e-02 
5.5427531798e-09 1.2660699938e+04 1.0530750717e+00 6.0000000000e-02 
2.2603047674e-09 2.0153137713e+04 1.3798881525e+00 6.0000000000e-02 
1.2832462029e-08 1.1665902511e+04 1.0693765498e+00 6.0000000000e-02 
8.4262641493e-10 1.1766034057e+04 9.6731757607e-01 6.0000000000e-02 
4.6347495131e-08 1.2323659429e+04 7.6722892518e-01 6.0000000000e-02 
4.0253244682e-09 1.6706964268e+04 1.2052906329e+00 6.0000000000e-02 
3.9307433998e-07 1.7247311280e+04 7.5395735280e-01 6.0000000000e-02 
4.9844147117e-11 1.1375752655e+04 3.8961736306e-01 6.0000000000e-02 
1.3996572407e-09 1.2478377782e+04 6.8895277322e-01 6.0000000000e-02 
9.8396691215e-07 1.1607382822e+04 8.6237538015e-01 6.0000000000e-02 
2.6727686556e-09 1.1947211576e+04 8.5616604439e-01 6.0000000000e-02 
7.7460530950e-12 1.6644532543e+04 1.2876165566e+00 6.0000000000e-02 
3.2330174484e-07 1.1861743852e+04 9.6797779105e-01 6.0000000000e-02 
2.9394446150e-08 1.2962618648e+04 1.1211539313e+00 6.0000000000e-02 
7.3970967802e-11 1.5076789872e+04 5.3263848364e-01 6.0000000000e-02 
1.1389705204e-07 1.6665959642e+04 5.7971424207e-01 6.0000000000e-02 
5.5588828957e-08 1.2235203849e+04 8.2639902674e-01 6.0000000000e-02 
1.2391440852e-09 1.3701193501e+04 4.3864498308e-01 6.0000000000e-02 
4.9543416072e-11 1.3686910377e+04 1.4466833555e+00 6.0000000000e-02 
1.9861531478e-09 1.5191616999e+04 2.2506310421e-01 6.0000000000e-02 
1.8701862940e-10 1.2736846903e+04 1.1047320024e+00 6.0000000000e-02 
1.3645089406e-11 1.1298077950e+04 4.8638907378e-01 6.0000000000e-02 
9.0783432829e-08 2.0249398517e+04 4.9744352151e-01 6.0000000000e-02 
8.2768831141e-09 2.0674230080e+04 1.1486322067e+00 6.0000000000e-02 
3.2239087130e-10 1.4855632251e+04 2.1767331404e-01 6.0000000000e-02 
4.6539058999e-08 1.2526255179e+04 9.3948622213e-01 6.0000000000e-02 
1.7380179323e-07 1.1617223391e+04 5.1256775114e-01 6.0000000000e-02 
1.2668321203e-09 1.8055308490e+04 8.9305670434e-01 6.0000000000e-02 
1.7422141005e-08 1.2104763021e+04 1.2526417204e+00 6.0000000000e-02 
3.6085710701e-07 1.5375184796e+04 1.1581914552e+00 6.0000000000e-02 
1.3452965441e-10 1.1635256575e+04 4.4780675666e-01 6.0000000000e-02 
6.9068691231e-09 1.2647720905e+04 5.0900659023e-01 6.0000000000e-02 
3.9024371670e-10 1.3455301736e+04 6.0120755892e-01 6.0000000000e-02 
3.1879599207e-09 1.5122577098e+04 8.9064196831e-01 6.0000000000e-02 
1.7150969897e-08 1.1255036779e+04 8.2511746937e-01 6.0000000000e-02 
1.7012659451e-10 1.3319952153e+04 1.0485379422e+00 6.0000000000e-02 
9.9615348262e-12 1.1645156165e+04 6.9126003082e-01 6.0000000000e-02 
5.2771500118e-11 1.1750133032e+04 8.4000527775e-01 6.0000000000e-02 
4.6661376477e-08 1.1338334840e+04 8.2713831294e-01 6.0000000000e-02 
3.2286845345e-08 1.3129593993e+04 3.2479878168e-01 6.0000000000e-02 
1.7436942129e-11 2.5000000000e+04 1.0232752859e+00 6.0000000000e-02 
5.2732202421e-07 1.4158442892e+04 4.8827492775e-01 6.0000000000e-02 
7.7771358891e-09 1.7565279407e+04 1.0232865129e+00 6.0000000000e-02 
2.5849270050e-07 1.2881641288e+04 8.0981589186e-01 6.0000000000e-02 
5.7391514586e-09 1.1278481506e+04 7.1081667059e-01 6.0000000000e-02 
4.1573380937e-10 1.2894672325e+04 1.0166075967e+00 6.0000000000e-02 
5.7310724878e-10 1.5407544708e+04 3.9704459303e-01 6.0000000000e-02 
1.6120473818e-09 1.8953021702e+04 9.6357860323e-01 6.0000000000e-02 
2.6034916610e-10 1.1823615759e+04 9.1823149700e-01 6.0000000000e-02 
3.6930133909e-09 1.3643366373e+04 7.5122255123e-01 6.0000000000e-02 
3.9780029854e-08 1.1612534953e+04 5.9233715684e-01 6.0000000000e-02 
4.8989503478e-10 1.4067466586e+04 8.8712590435e-01 6.0000000000e-02 
5.6809001770e-10 1.8160293493e+04 5.3234233749e-01 6.0000000000e-02 
2.2187235729e-10 1.4068945382e+04 4.9434846110e-01 6.0000000000e-02 
2.4928396437e-08 1.5098753317e+04 1.2718739098e+00 6.0000000000e-02 
5.8619757469e-10 1.2402680386e+04 1.0857485490e+00 6.0000000000e-02 
2.9721760769e-06 2.4595340902e+04 4.1054228552e-01 6.0000000000e-02 
3.1187880257e-10 1.1275182305e+04 4.4716192702e-01 6.0000000000e-02 
5.3913488250e-10 1.9960380537e+04 7.9720606377e-01 6.0000000000e-02 
2.4776194134e-09 1.6159645629e+04 3.8868811125e-01 6.0000000000e-02 
1.3200325433e-08 1.2149078799e+04 1.1320917882e+00 6.0000000000e-02 
1.0535719987e-07 1.3897293885e+04 7.3202648178e-01 6.0000000000e-02 
8.2070158248e-08 1.1353951132e+04 8.0310093151e-01 6.0000000000e-02 
2.6672235547e-09 1.2575993682e+04 2.1215910401e-01 6.0000000000e-02 
1.5746262075e-10 1.1802432623e+04 7.2261552688e-01 6.0000000000e-02 
4.5303623862e-06 1.2882801540e+04 7.4668438533e-01 6.0000000000e-02 
1.0872453414e-06 1.2205246401e+04 9.8343552195e-01 6.0000000000e-02 
2.0042610093e-06 1.6766111806e+04 1.0169183202e+00 6.0000000000e-02 
5.8373919217e-06 1.2227150341e+04 9.6424861092e-01 6.0000000000e-02 
1.2293955641e-08 1.1799322716e+04 6.4391247758e-01 6.0000000000e-02 
2.0176701397e-10 1.4715518481e+04 2.2452388580e-01 6.0000000000e-02 
1.3209755823e-09 1.1643799485e+04 7.3082919460e-01 6.0000000000e-02 
2.2366988165e-07 1.5144260165e+04 1.0942632361e+00 6.0000000000e-02 
1.5793365242e-10 1.2195654507e+04 1.1906424501e+00 6.0000000000e-02 
1.5858240179e-07 1.4455446889e+04 3.2890960267e-01 6.0000000000e-02 
1.1962773883e-07 2.5000000000e+04 5.9513167431e-01 6.0000000000e-02 
9.1743599480e-10 1.1840617348e+04 8.8176279204e-01 6.0000000000e-02 
5.9707634797e-09 1.2362911056e+04 4.1767511714e-01 6.0000000000e-02 
7.0098907622e-08 1.9724934721e+04 1.4599719880e-01 6.0000000000e-02 
1.1298572809e-06 1.4322076671e+04 6.8309005603e-01 6.0000000000e-02 
2.9290659362e-10 1.2247177660e+04 8.6461893325e-01 6.0000000000e-02 
3.1998329723e-08 1.3584034452e+04 5.3799205692e-01 6.0000000000e-02 
2.2372230760e-10 1.3232171141e+04 2.5139040360e-01 6.0000000000e-02 
2.9831780442e-10 1.4863064746e+04 8.5466923006e-01 6.0000000000e-02 
3.8685865414e-07 1.1443504526e+04 9.2387625453e-01 6.0000000000e-02 
3.5031392547e-08 1.6516802880e+04 1.1871210435e+00 6.0000000000e-02 
6.8143836149e-09 1.3324014955e+04 6.3556479798e-01 6.0000000000e-02 
4.1124400019e-09 1.2245109654e+04 1.4232803038e+00 6.0000000000e-02 
1.4531227882e-08 1.4785166215e+04 5.8580076837e-01 6.0000000000e-02 
1.6160780643e-08 1.1374833078e+04 1.1047675553e+00 6.0000000000e-02 
4.9339963597e-11 1.1357137200e+04 4.4613601319e-01 6.0000000000e-02 
2.8955971128e-11 1.2105041440e+04 1.9240217119e-01 6.0000000000e-02 
2.4090346267e-10 1.3391919738e+04 1.0007492606e+00 6.0000000000e-02 
8.9794297522e-09 1.5782879331e+04 2.5546445754e-01 6.0000000000e-02 
1.0315433805e-06 1.3748485711e+04 1.0603487929e+00 6.0000000000e-02 
5.2438002558e-09 1.2489333284e+04 1.3288352718e+00 6.0000000000e-02 
1.7112585040e-09 1.4856425362e+04 9.5721844257e-01 6.0000000000e-02 
3.7105013345e-11 1.3059689322e+04 1.2539636389e+00 6.0000000000e-02 
3.7490891635e-11 1.8073672158e+04 9.7240865607e-01 6.0000000000e-02 
2.4596871309e-09 2.1907880159e+04 3.6017782092e-01 6.0000000000e-02 
1.3711882312e-07 1.9760185459e+04 8.3082836033e-01 6.0000000000e-02 
2.2914147232e-08 1.3496461400e+04 2.8702646727e-01 6.0000000000e-02 
5.5758603736e-08 1.8230097242e+04 1.0048656181e+00 6.0000000000e-02 
6.1795983947e-10 1.6998473838e+04 6.6984278359e-01 6.0000000000e-02 
3.1640915976e-10 1.6736533911e+04 9.1195498618e-01 6.0000000000e-02 
5.5835232144e-10 1.6118516238e+04 2.6766342625e-01 6.0000000000e-02 
5.9429577264e-09 1.3666026944e+04 3.6650066704e-01 6.0000000000e-02 
4.4223541486e-07 1.1830695989e+04 9.0768062279e-01 6.0000000000e-02 
1.0998376438e-06 1.1279677376e+04 6.3084894808e-01 6.0000000000e-02 
1.1900832028e-09 1.1833266767e+04 1.2199340052e-01 6.0000000000e-02 
5.6502965892e-10 1.7380214543e+04 7.8832164851e-01 6.0000000000e-02 
2.9209588600e-08 1.5940598496e+04 7.1317459049e-01 6.0000000000e-02 
1.8752741333e-05 1.2746039125e+04 6.5973006767e-01 6.0000000000e-02 
6.0613774171e-08 1.3149022332e+04 2.3652108305e-01 6.0000000000e-02 
8.8264876890e-11 1.2514519712e+04 1.2979254341e-01 6.0000000000e-02 
3.2460303802e-07 2.1898959285e+04 7.8708716248e-01 6.0000000000e-02 
4.0390971605e-09 1.4988102630e+04 1.3703237130e+00 6.0000000000e-02 
2.5548010849e-08 1.2585897690e+04 1.0887640992e+00 6.0000000000e-02 
3.2517719855e-11 1.1676654741e+04 3.0022287003e-01 6.0000000000e-02 
1.2842905889e-07 1.3263958196e+04 1.1061638607e+00 6.0000000000e-02 
1.5161986125e-06 1.9134600235e+04 5.6996896642e-01 6.0000000000e-02 
3.4524077870e-10 1.2629078196e+04 1.1807855414e+00 6.0000000000e-02 
2.3001287969e-10 2.0283498848e+04 4.0991089928e-01 6.0000000000e-02 
6.3182468130e-09 1.7333604279e+04 4.9795028566e-01 6.0000000000e-02 
8.0743442154e-06 1.6417670834e+04 1.0283790692e+00 6.0000000000e-02 
1.6006185359e-09 1.5820286869e+04 9.8606581312e-01 6.0000000000e-02 
4.2833937053e-06 1.1975516088e+04 1.1563017146e+00 6.0000000000e-02 
1.5570986883e-10 2.1520951517e+04 1.1808090975e+00 6.0000000000e-02 
5.0426179813e-07 1.3050140877e+04 1.5549230780e+00 6.0000000000e-02 
1.4909424820e-07 1.6037065606e+04 3.9941801250e-02 6.0000000000e-02 
1.4008631316e-07 2.2087898564e+04 8.4844798855e-01 6.0000000000e-02 
7.1897534061e-08 1.1505911133e+04 7.9758492019e-01 6.0000000000e-02 
6.9345566160e-09 1.2517560079e+04 1.0014743232e+00 6.0000000000e-02 
2.8435013361e-08 1.3048493744e+04 5.6684214040e-01 6.0000000000e-02 
4.0979500424e-10 2.1546038583e+04 9.9780498870e-01 6.0000000000e-02 
5.6359396765e-09 1.6716857370e+04 9.1471339327e-02 6.0000000000e-02 
1.3200371982e-10 1.2089648637e+04 1.1065901404e+00 6.0000000000e-02 
5.0815675632e-09 1.2073561314e+04 1.1406624041e+00 6.0000000000e-02 
8.6403072975e-10 1.2116033626e+04 6.6572970594e-01 6.0000000000e-02 
2.1434557263e-05 1.2530368002e+04 8.6194495943e-01 6.0000000000e-02 
4.8008846632e-10 2.2097374128e+04 1.2952109533e+00 6.0000000000e-02 
3.9160409169e-11 1.1725221016e+04 1.1825080828e+00 6.0000000000e-02 
3.5526266041e-10 1.6767540811e+04 7.3253145413e-01 6.0000000000e-02 
2.7873819500e-06 1.1817174476e+04 8.1781690688e-01 6.0000000000e-02 
1.6291463608e-10 1.1566872828e+04 5.9035872225e-01 6.0000000000e-02 
1.1107640376e-10 1.3843544656e+04 1.3249805566e+00 6.0000000000e-02 
1.1364006928e-11 1.5067845719e+04 3.0099855559e-01 6.0000000000e-02 
