2.0211799025e-05 3.4754238740e-01 
5.5998887438e-05 2.7378089016e-01 
1.6611228990e-04 2.3273446498e-01 
8.3568888821e-05 2.6779689002e-01 
2.0525047771e-04 1.8542111210e-01 
6.5645384726e-06 1.0000000000e+00 
2.3644614303e-04 1.4568358908e-01 
1.3781277095e-04 2.2093095289e-01 
1.2290256459e-04 2.2046142916e-01 
4.4405892845e-05 1.4939671583e-01 
3.5170864083e-05 3.6840093028e-01 
9.3370935419e-05 2.6174879198e-01 
3.5490033097e-04 1.1142785397e-01 
3.7748992007e-04 1.3518931764e-01 
4.9135694736e-05 2.7727857996e-01 
3.9478374255e-04 1.9561244443e-01 
2.5385984631e-04 2.2013518753e-01 
1.0572598016e-05 2.7576580665e-01 
3.5322931007e-05 1.0074464283e-01 
1.9439943301e-05 3.2455305532e-01 
5.3474044564e-05 2.1115806851e-01 
1.4533090720e-05 3.4745407092e-01 
1.2986019187e-04 3.3749236985e-01 
7.9525621815e-05 2.6515758679e-01 
1.1685240708e-04 2.3339755091e-01 
5.3901293007e-05 2.8886752441e-01 
3.7496122574e-05 2.2423925945e-01 
2.2896747620e-04 1.7464688655e-01 
6.3985457903e-05 2.6711316821e-01 
5.2533821139e-05 2.7503428313e-01 
3.0249868116e-05 3.6274434424e-01 
5.8032517878e-04 0.0000000000e+00 
5.0517244912e-05 1.1490830768e-01 
1.6036629970e-04 2.2140749732e-01 
1.0950729951e-04 2.5197596480e-01 
1.4356636891e-05 1.0000000000e+00 
3.0441969837e-05 3.0725571798e-01 
1.5076454193e-05 3.0386342311e-01 
3.2127475944e-05 3.3190603240e-01 
8.2866517631e-05 2.5959413404e-01 
8.5753847761e-05 2.4678035125e-01 
2.2113737465e-05 2.9763247380e-01 
3.2139723161e-04 1.9523639729e-01 
2.3925042047e-05 2.2273254766e-01 
1.7338859860e-05 3.5735756956e-01 
6.1216675827e-05 2.8519278880e-01 
2.1774101898e-05 2.4308379546e-01 
5.3931158020e-05 1.8730961887e-01 
4.7916083720e-05 2.8947844800e-01 
2.8916035133e-05 1.9861603121e-01 
8.8748391423e-06 1.0000000000e+00 
2.7007663656e-05 3.8708521289e-01 
2.5002902693e-04 1.5965464620e-01 
1.0182682219e-05 4.3000836721e-01 
1.7526689128e-04 2.1403933633e-01 
3.8064445563e-05 3.8173911121e-01 
3.5473953205e-05 2.8418528954e-01 
8.9225878668e-05 2.5820552708e-01 
7.4843531117e-05 9.4644526574e-02 
2.9974810000e-05 1.0000000000e+00 
1.5220864240e-04 1.9894653731e-01 
7.9564500086e-06 3.8073955804e-01 
2.9998194072e-05 3.1667402509e-01 
5.1477567570e-06 1.0000000000e+00 
5.0118544980e-05 1.4723439293e-01 
5.5107093933e-05 1.6759741199e-01 
2.3502633984e-04 2.0833547299e-01 
5.2374135389e-05 2.3912997442e-01 
3.5474685158e-05 3.1151918756e-01 
4.1520700747e-05 3.1822318287e-01 
3.1866393372e-05 3.4088030941e-01 
3.4239174795e-05 1.0954539782e-01 
4.2214530952e-05 1.7162239382e-01 
1.3652877308e-05 1.0000000000e+00 
1.1530023304e-04 2.3081437510e-01 
1.4285937907e-04 2.1721381343e-01 
1.1513879730e-04 2.4516383286e-01 
8.6702640362e-05 2.5021049012e-01 
2.3315100473e-05 3.2946156188e-01 
3.8510476000e-05 1.7925460715e-01 
2.9163578738e-04 1.4526661908e-01 
5.8526859743e-04 0.0000000000e+00 
6.0552540492e-05 2.8893668092e-01 
1.6614794038e-04 2.3527926850e-01 
1.5993328951e-05 3.7304803064e-01 
2.2878673671e-04 1.7749764240e-01 
9.2631139247e-05 3.0727423959e-01 
7.5359632669e-06 1.0000000000e+00 
2.7179479992e-05 2.2515039568e-01 
2.1856510744e-05 1.0000000000e+00 
3.8795506867e-05 2.1251443618e-01 
3.2109473675e-05 3.3332045300e-01 
5.3902001245e-06 3.9235401870e-01 
1.7797881174e-05 3.5721115725e-01 
1.0772702236e-04 2.7172070367e-01 
5.1625285489e-05 9.2760931405e-02 
6.1148116272e-05 2.7718914374e-01 
9.5442771225e-06 1.0000000000e+00 
4.5700893168e-04 7.2267122469e-02 
3.0385492955e-05 2.2505181978e-01 
4.0099980481e-05 3.0713239880e-01 
1.4690176524e-05 4.7189320201e-01 
7.4714535410e-05 2.7185166185e-01 
1.4981831244e-05 1.0000000000e+00 
4.5118549287e-05 2.9905951387e-01 
1.5237834744e-05 2.2269436389e-01 
5.8676909424e-05 1.2276684025e-01 
2.8417901362e-04 1.8182842849e-01 
4.0743243836e-05 9.3823189905e-02 
4.4707866412e-05 2.8812073968e-01 
6.8978546069e-05 2.7034065778e-01 
2.5239385812e-04 2.0362551449e-01 
1.4262351462e-05 2.2698113803e-01 
1.0880838416e-04 2.5210449770e-01 
4.8571230883e-05 1.2000176442e-01 
6.7554141933e-05 2.7788276337e-01 
2.0380922272e-05 4.1907599634e-01 
3.5949712102e-05 3.1306998286e-01 
1.6914224571e-04 1.1418158766e-01 
8.5678046669e-05 2.3234674945e-01 
1.1330887178e-05 1.0000000000e+00 
9.4764098368e-05 2.5224476507e-01 
3.5617795884e-05 3.5327746836e-01 
1.3720350092e-04 9.0720578333e-02 
1.4985300236e-04 2.1845049819e-01 
3.9092574897e-05 1.2419101515e-01 
4.9395054206e-05 2.6841213886e-01 
8.7147698627e-05 3.1490340341e-01 
5.8252159216e-05 2.5567296961e-01 
2.8892025811e-05 3.2053618625e-01 
8.2864385699e-05 2.4206277238e-01 
6.4489460070e-05 9.7916192697e-02 
4.7304548829e-05 2.6885657703e-01 
2.2304517448e-05 1.0000000000e+00 
4.0690513651e-04 1.1053498014e-01 
5.1640451072e-05 2.9036924538e-01 
7.1690322290e-05 2.4189020747e-01 
9.9306824535e-05 2.4030664612e-01 
2.0933193950e-05 1.6732328474e-01 
8.0511656244e-05 2.5557747371e-01 
1.4916697233e-04 2.1436860843e-01 
2.9497977501e-05 2.5791544361e-01 
6.2288761030e-05 2.7703240075e-01 
4.4798557922e-05 3.2783184295e-01 
2.2296417621e-04 1.9473341160e-01 
6.6601409645e-05 2.5786786476e-01 
1.6155898217e-05 3.3303032118e-01 
1.4690475636e-04 2.1909969973e-01 
3.6995257038e-05 1.6523477237e-01 
3.0345238933e-05 3.1384623016e-01 
6.9583462275e-05 2.5469390795e-01 
1.3879940537e-04 2.1920425894e-01 
1.2095748385e-04 2.3238630069e-01 
5.2445919062e-06 1.0000000000e+00 
3.5702962807e-05 1.0000000000e+00 
1.3380345654e-04 2.1850507506e-01 
7.1764231267e-05 1.1967801257e-01 
3.0379237924e-05 3.0710973691e-01 
1.0950293832e-05 3.1742339245e-01 
3.9476915660e-05 1.0480780031e-01 
4.0340656348e-05 2.6104813800e-01 
6.5800873382e-05 2.5571662279e-01 
2.3640208400e-05 3.3739482610e-01 
1.0238568596e-05 1.0000000000e+00 
1.5489556766e-04 2.1083978762e-01 
6.0701881005e-05 2.4339985273e-01 
4.7749278605e-05 2.7954954884e-01 
2.5372162291e-05 2.3515396558e-01 
1.6286639549e-04 2.0662804822e-01 
5.4950784555e-04 0.0000000000e+00 
5.9362269876e-05 1.0000000000e+00 
2.7654426536e-05 2.3863046004e-01 
1.0982927354e-05 2.3156246895e-01 
6.5414364925e-05 1.2373683198e-01 
7.1363751574e-05 2.3835852231e-01 
2.6575450740e-05 1.0000000000e+00 
2.0355885528e-05 1.5797070242e-01 
4.6494157587e-05 1.7014489113e-01 
1.1650293034e-04 2.3508079016e-01 
1.6069979406e-05 3.6345047861e-01 
5.1066336498e-05 2.5565940342e-01 
6.6605912252e-05 2.8310046175e-01 
8.2837468885e-05 2.4895317230e-01 
2.0912071616e-05 1.5012409032e-01 
5.6987743473e-04 7.1165166518e-02 
2.3694309076e-04 2.0251867078e-01 
1.4372376224e-04 2.1535871569e-01 
2.7868475296e-05 3.2606487576e-01 
1.0261742108e-04 2.3285968081e-01 
2.5149239462e-04 1.6773175059e-01 
2.4775704359e-04 2.2548445181e-01 
2.4619384837e-05 2.9931578199e-01 
6.3655746994e-05 2.8303277096e-01 
1.9463524875e-05 1.5192774535e-01 
2.6960940691e-05 2.4050088911e-01 
4.5962031227e-05 1.1899504205e-01 
