6.0193193693e-07 2.1748823371e+04 6.8474910020e-01 
1.3770615988e-08 1.3200476072e+04 4.0770228344e-01 
7.2993749525e-07 2.2546052604e+04 6.5716175208e-01 
3.0815655594e-07 1.5417359117e+04 6.9708703172e-01 
6.5001658781e-07 2.5000000000e+04 8.8938383846e-01 
8.7584499361e-09 1.2866090474e+04 1.3750958023e+00 
9.8644031511e-09 1.2258723675e+04 6.7282104281e-02 
6.9199996373e-10 2.5000000000e+04 2.3476635464e-01 
5.4281903295e-07 1.5251297956e+04 8.3089478850e-01 
8.2520884010e-10 1.2205174509e+04 8.4214053509e-02 
2.1646285740e-09 1.1615555081e+04 7.6302947753e-01 
2.1995828989e-10 1.1763842526e+04 7.8649429397e-01 
1.2820500931e-08 1.2490896791e+04 1.0713336291e+00 
3.8825146584e-09 1.1691593343e+04 8.9384359394e-01 
1.7578447563e-09 1.1794424559e+04 7.5214794752e-01 
1.3064353353e-08 1.2395718477e+04 1.1401833683e+00 
4.7410128673e-08 1.3992015410e+04 5.7586044427e-01 
5.6136459959e-09 1.1236357751e+04 9.5305428666e-01 
2.9093228257e-07 1.2897591344e+04 7.2249975800e-01 
8.6325684048e-11 1.8603967117e+04 2.5907522663e-01 
9.9866835548e-06 1.1538303567e+04 1.4690399872e+00 
1.5904449683e-07 1.5654874487e+04 6.9919642489e-01 
5.5590975100e-09 1.8257861136e+04 8.5734262020e-01 
1.3594496833e-08 1.5267622988e+04 6.5596564465e-02 
1.3002375161e-05 1.1245701748e+04 6.3967056690e-01 
7.8465366351e-10 1.9713424950e+04 1.2688678409e+00 
2.4449224475e-10 1.3806923736e+04 1.1529980206e+00 
1.0113858270e-09 1.2474297813e+04 8.3893458344e-02 
2.8918013762e-07 2.3577363335e+04 1.1348970426e-01 
3.0019938029e-07 2.1526776581e+04 6.7171605445e-01 
3.2980612855e-08 1.3143939844e+04 7.7639811013e-01 
2.5919866695e-08 1.4692990648e+04 2.4793462420e-01 
4.4875537204e-10 1.5695452913e+04 1.1280595297e+00 
3.6818843989e-09 1.5156052165e+04 6.1485458187e-01 
1.8357566383e-09 1.1210467123e+04 8.1192987349e-01 
7.7445269386e-11 1.2349439294e+04 8.2005553444e-01 
8.8925351830e-07 1.7343735428e+04 4.5017442829e-01 
1.4369018221e-08 1.4770198032e+04 8.7230176883e-01 
1.1886285333e-10 1.5652025441e+04 1.0349128369e+00 
2.3752873302e-08 1.2159773230e+04 8.9321641589e-01 
4.1139953811e-10 1.2430605569e+04 3.6746128474e-01 
6.7341826532e-10 1.3780605165e+04 8.9587466768e-01 
1.4194189362e-09 1.6349883733e+04 3.2845121270e-01 
2.6420303342e-10 1.1643441778e+04 1.5817292714e-01 
8.4163700642e-09 1.2882143814e+04 7.7800469252e-01 
6.7087301531e-12 1.6149259029e+04 8.9992520771e-01 
2.4758853244e-09 2.5000000000e+04 1.1693966734e+00 
1.8823311240e-09 1.1413071313e+04 4.2609654119e-01 
5.7811093599e-10 1.2952548373e+04 2.7657076794e-01 
1.7818192646e-07 1.8772192818e+04 6.9304326378e-01 
7.3712538802e-09 1.1471321878e+04 1.2204587563e+00 
5.0031176093e-11 1.4140903147e+04 1.0186439566e+00 
1.1798562705e-09 1.1392035459e+04 9.0060299867e-01 
3.9497478831e-11 1.2018980286e+04 8.1097110144e-01 
4.2841806659e-10 1.7466254608e+04 4.5628349315e-01 
3.8653403368e-10 1.4022102003e+04 6.1867870149e-01 
1.8109635525e-08 1.2747751154e+04 4.3992512327e-01 
1.0227017017e-09 1.2310061853e+04 1.1696566841e+00 
1.4413501476e-08 1.5609136663e+04 3.4401474012e-01 
1.0783012301e-08 1.3221356916e+04 1.1184173333e+00 
1.1785350777e-05 1.3375582030e+04 1.1399298826e+00 
2.3353331726e-10 1.2510398662e+04 4.4787631640e-01 
9.2070572824e-10 1.2996661954e+04 1.0547712755e+00 
1.5137416467e-08 1.1807830743e+04 9.6455386345e-01 
1.1274105169e-06 1.4799157301e+04 1.1862205217e+00 
1.5617477452e-08 1.3784478761e+04 5.4360270269e-01 
8.0537045522e-11 1.1678723481e+04 1.0273829310e+00 
3.0552687619e-09 1.3766309747e+04 6.4990965212e-01 
1.0661117999e-10 1.3595762470e+04 6.7050906400e-01 
1.8133202922e-08 1.1215917110e+04 1.4217874850e-01 
8.8993550053e-09 1.1928947774e+04 1.9691756752e-01 
4.9166609058e-07 1.1531772839e+04 1.1645309393e+00 
3.7955546113e-10 1.7565838654e+04 1.0864501064e+00 
2.5477911108e-09 1.1878301119e+04 4.6764404171e-01 
3.3607364979e-11 1.1821746028e+04 1.0003441197e+00 
4.2706042322e-12 1.4898765576e+04 5.1594521107e-01 
4.7226984166e-07 1.3809760197e+04 4.1136597136e-01 
1.8685826103e-08 1.7122763971e+04 3.6830523766e-01 
1.4245872532e-10 1.2513227203e+04 1.0255857658e+00 
1.3460656417e-09 1.1963685259e+04 1.7539163473e-01 
6.2578615938e-06 1.8607743123e+04 7.7745913346e-01 
1.2431435945e-10 1.2812052207e+04 6.7089512912e-01 
6.8992286748e-07 1.1956247915e+04 3.5784546170e-01 
2.6586278016e-08 1.3710395442e+04 1.1208891620e+00 
1.4483436800e-06 1.4905837770e+04 6.8547249733e-01 
3.1552846829e-07 1.4490033320e+04 5.9922954998e-01 
3.2494797462e-06 1.6362152758e+04 8.9745882037e-01 
2.8481558691e-10 1.4617392822e+04 2.9935238921e-01 
5.4460267238e-07 1.1908299996e+04 1.0092092645e+00 
5.8904233087e-07 1.3633180477e+04 4.4856393753e-01 
5.5264577193e-09 2.5000000000e+04 1.0250385400e+00 
3.4820989549e-06 1.2008947550e+04 3.8648440657e-01 
7.7291850781e-09 1.2525740300e+04 1.2038214278e+00 
6.1227961009e-10 1.6569899303e+04 1.1790279707e+00 
4.0216475720e-09 1.9688449103e+04 1.0648652787e+00 
8.9507085131e-09 1.6079435393e+04 1.2036718599e+00 
2.2429012907e-08 1.2499762176e+04 4.1313317890e-02 
5.6702345379e-10 1.1811092233e+04 4.9302521317e-01 
2.1476410818e-11 1.3124813848e+04 7.4766853805e-01 
1.6067013063e-07 1.2196364077e+04 1.6103028075e-01 
1.0323098402e-07 1.4615850081e+04 1.1534245356e+00 
1.6786278991e-09 2.2592375912e+04 5.2890714629e-01 
1.0109520671e-05 1.2854468412e+04 6.8995398571e-01 
7.8902752145e-10 2.5000000000e+04 8.3264621939e-01 
4.1618653200e-09 1.1444453236e+04 1.1065533004e+00 
5.0924161113e-06 1.6316711005e+04 1.4070067040e+00 
9.8655197188e-10 1.2359542815e+04 3.6812673721e-01 
3.3280731566e-09 1.3979652506e+04 7.6173817778e-01 
1.7197874323e-08 1.1472183384e+04 1.4052352082e+00 
3.4395291719e-09 1.1538931579e+04 9.7757645039e-01 
7.6640036058e-09 1.2061853043e+04 1.2235396926e+00 
2.2145588747e-09 1.1865381309e+04 1.0904964400e+00 
2.9701643980e-11 1.1736249029e+04 8.1645082729e-01 
5.9545673134e-07 1.2348285315e+04 1.2339067748e+00 
8.0665408089e-10 1.1526745351e+04 8.4534403841e-01 
8.9279130929e-08 1.2108489610e+04 1.0357075420e+00 
3.8204304804e-10 1.1556920255e+04 7.1766117944e-01 
2.4047632647e-08 1.3782282651e+04 9.5873506770e-01 
8.6513997549e-10 1.1898655972e+04 1.2817686687e+00 
2.1824790077e-09 1.1529522024e+04 9.9541172438e-01 
5.5159068817e-08 1.2891460722e+04 7.0047255312e-01 
2.3104214323e-07 1.4232955340e+04 5.8167985763e-01 
3.2110575749e-08 1.7293223101e+04 1.0205757895e+00 
7.5517542035e-10 1.1837716698e+04 6.1204450602e-01 
1.2931581333e-06 2.0957393936e+04 2.5545929363e-01 
1.2540300639e-11 1.6103914784e+04 8.2020739525e-01 
3.1632386206e-10 1.5919441340e+04 4.3080280678e-01 
3.0095987490e-10 1.8649130731e+04 7.1337898358e-01 
1.4910172722e-05 1.1426789831e+04 9.2089076007e-01 
4.1688157722e-09 2.5000000000e+04 2.0502004654e-01 
4.3339848519e-09 1.5961524662e+04 1.0843303613e+00 
7.5919949443e-12 1.8236629661e+04 1.1041516265e+00 
7.8650964444e-11 1.1556864777e+04 9.8476351977e-01 
1.1920482114e-09 2.5000000000e+04 1.5900786703e-01 
6.3253494346e-10 1.2142800719e+04 9.6324096181e-01 
4.4239149366e-07 1.1738544933e+04 4.6506470619e-01 
5.1718902918e-09 1.3805951487e+04 7.0319102083e-01 
2.8030509388e-09 1.5570244861e+04 5.0722710699e-01 
1.7668565672e-06 1.3157535199e+04 6.3626396118e-01 
6.0289028773e-08 1.2296065383e+04 6.3503731707e-01 
2.2485021745e-07 1.1636010403e+04 8.4634047496e-01 
8.9316090929e-09 1.5332301898e+04 1.8568340832e-01 
1.1676104993e-08 1.2209860067e+04 1.1913179471e+00 
1.7458653286e-08 1.1793546016e+04 8.3421005232e-01 
1.1755323628e-07 1.3375925631e+04 8.6393215859e-01 
5.0522076359e-09 1.3499610458e+04 7.1160818889e-01 
2.6298932392e-09 1.3076722259e+04 6.2671479157e-01 
1.2388155112e-09 1.3318853192e+04 7.4022362802e-01 
3.9081622554e-09 1.1428303204e+04 1.2593171370e+00 
1.4406493716e-09 1.4147381721e+04 7.6864380296e-01 
2.7364733213e-09 1.2019752549e+04 1.5002716665e+00 
1.2202778447e-08 1.3032321581e+04 1.5403880714e-01 
1.1890282520e-08 1.3717528932e+04 1.2727307335e+00 
3.3170359829e-10 1.1665032603e+04 1.4047749218e+00 
4.1760161720e-10 1.8086777568e+04 7.6442084823e-01 
1.0084415582e-07 1.2283481696e+04 3.9820673504e-01 
4.2673160958e-09 1.2277552597e+04 1.3755434566e+00 
1.7604613644e-09 1.2627620986e+04 4.0704458835e-01 
2.1164280548e-10 1.8836594006e+04 7.2914677319e-01 
1.1904723203e-06 1.2517455166e+04 4.6151791495e-01 
4.0742994868e-06 2.5000000000e+04 7.1533691122e-01 
9.5478737644e-10 1.6739970773e+04 5.7404888175e-01 
8.4391514240e-06 1.6974595512e+04 1.3545013170e+00 
5.2222666533e-09 1.1735009644e+04 3.1484279007e-01 
8.6349842663e-11 2.3184743794e+04 9.5040119140e-01 
1.2081546525e-09 1.3558047145e+04 1.4301771786e+00 
5.5326306037e-10 1.1931257102e+04 7.9070383789e-01 
1.7874104639e-07 1.2171016411e+04 2.0630862292e-01 
3.3367102275e-08 1.6961494722e+04 1.5943692710e-01 
3.6768407507e-10 1.1635708387e+04 1.4350466746e+00 
2.6489270237e-10 1.1304170525e+04 2.6244849748e-01 
3.5089326326e-09 1.2982932335e+04 1.3061777785e+00 
2.4944569130e-11 1.3577900986e+04 9.1900869793e-01 
2.1639818907e-10 1.7974941503e+04 6.7588580928e-02 
2.7704554526e-07 1.1895841738e+04 1.2513300358e+00 
2.4713837500e-10 1.1353309670e+04 5.1328091219e-01 
3.2640086435e-08 1.4546972230e+04 5.0661682674e-02 
2.5161442733e-09 1.3529934355e+04 5.9883553038e-01 
1.0918752605e-10 1.4148594089e+04 1.2729858588e+00 
8.4074184122e-08 1.8506774038e+04 4.1942784063e-01 
1.6837726982e-08 1.3834632466e+04 2.3228447452e-01 
1.5559359798e-10 1.7919185845e+04 5.4106583126e-01 
2.7660421662e-11 1.1233968216e+04 6.4420420261e-01 
1.4138649147e-11 1.1238403967e+04 9.1619446632e-01 
4.2295848099e-09 1.2313997672e+04 6.9112592447e-01 
1.6444128185e-09 1.9951605140e+04 2.9741999500e-01 
1.7420855405e-07 2.5000000000e+04 1.0717915076e+00 
6.3405417421e-09 1.2113939837e+04 7.9189218019e-01 
3.6091465798e-09 1.1481715556e+04 1.2572890050e+00 
6.7017232472e-10 1.1523547127e+04 8.3726205189e-01 
7.1399464819e-08 1.2670926125e+04 9.6274601515e-01 
6.8694590631e-10 1.3028067403e+04 1.2224773443e+00 
4.1530949152e-08 1.3530344822e+04 1.4094173566e+00 
2.1796638104e-06 1.2263159887e+04 7.0998736030e-01 
1.8036259935e-08 1.6904864866e+04 3.7522940090e-01 
2.7467583832e-11 1.1413144945e+04 2.2249090338e-01 
1.2509281660e-08 1.1273185213e+04 8.9992169191e-01 
2.9212263284e-10 1.1848484194e+04 6.9865858249e-01 
1.7282985195e-10 1.3787559767e+04 1.1900549799e+00 
1.0724318790e-06 1.1865764057e+04 1.0564548876e+00 
6.7794833705e-11 1.3042081550e+04 1.3619298324e+00 
7.6967543817e-11 1.2163203171e+04 7.9649689615e-01 
4.2546718188e-11 1.4393350666e+04 1.8791493587e-01 
6.3087356733e-07 2.2400610090e+04 5.6766412376e-01 
4.2993984849e-10 1.4661347529e+04 9.2143818852e-01 
6.4285167847e-09 1.2237283893e+04 5.4874947600e-01 
5.6616824639e-08 1.2298972444e+04 5.9572674543e-01 
9.8429639219e-08 1.7670904524e+04 9.7607503885e-01 
1.0201083071e-08 1.1763259036e+04 1.0477181313e+00 
4.2429818517e-09 1.6850294184e+04 9.7223393585e-01 
5.4720957747e-10 1.3226707980e+04 5.7788950561e-01 
1.7095510428e-06 1.4364922538e+04 1.3350773232e+00 
4.8460270818e-10 1.1468277215e+04 9.7610830476e-01 
4.3982418295e-08 1.1381137280e+04 5.5552362078e-01 
9.2613919606e-11 1.1755252014e+04 8.7357926964e-01 
6.3876340099e-11 1.3126415289e+04 1.2878972083e+00 
4.7507018848e-09 1.2570806031e+04 1.2572210310e-01 
8.8492135882e-06 1.3420654367e+04 7.0597983342e-01 
5.0090330431e-10 1.7862202623e+04 8.1879859930e-01 
7.8115611711e-09 1.1627294219e+04 2.9266212814e-01 
8.9795141935e-06 2.5000000000e+04 4.5582901282e-01 
3.9305284529e-07 1.4586789542e+04 5.9505564834e-01 
1.0224617537e-10 1.1682254859e+04 6.5411766371e-01 
6.2347677422e-08 1.2958933077e+04 6.3752835524e-01 
2.6384952822e-09 1.4555411757e+04 1.0770466550e+00 
4.8887526471e-09 1.6190189856e+04 2.0576705351e-01 
2.6609623658e-07 1.3048359044e+04 2.1226074575e-01 
1.4287945579e-05 1.2450480605e+04 5.7889779232e-01 
2.7922410521e-09 1.1927463667e+04 9.8032648643e-01 
1.2220832437e-08 1.2667276525e+04 9.0079698575e-01 
4.4063533080e-11 1.2745627753e+04 6.2464416266e-01 
7.7609053342e-10 1.5665722375e+04 6.7471939317e-01 
6.2677841858e-10 2.2299368188e+04 8.6225867799e-01 
4.5122970706e-08 1.1804528059e+04 7.8300262729e-01 
2.4090770754e-11 1.4199621911e+04 2.4334856234e-01 
2.4780049111e-08 1.7248259036e+04 1.7824139685e-01 
5.3438822439e-07 2.3181271651e+04 3.0136636943e-01 
1.2815680384e-08 1.8352173560e+04 7.7346058163e-01 
1.2769589211e-10 1.2934571479e+04 1.0559153548e+00 
1.7746844463e-09 1.2168337053e+04 9.1758753747e-02 
2.3074987272e-09 2.5000000000e+04 6.6536235595e-01 
4.0086040862e-06 1.2376756933e+04 8.0082110260e-01 
3.4083906611e-08 1.3986753053e+04 3.7267595231e-01 
3.2589354710e-11 1.2685612895e+04 7.2307818769e-01 
1.0139539565e-08 1.4525439377e+04 3.4365147135e-01 
7.9450163757e-11 1.3377507788e+04 1.2883338958e+00 
2.4188112274e-09 1.3098346112e+04 8.4546464798e-01 
9.8883087136e-07 1.2078626528e+04 1.0284828748e+00 
9.3511478281e-10 1.1867878960e+04 8.0255821560e-01 
1.6332694121e-07 1.3939732995e+04 7.8953600520e-01 
8.7245817209e-08 1.2058915598e+04 1.0029289697e+00 
1.9104447280e-11 1.1226166291e+04 6.9730728968e-01 
6.3045566381e-11 1.6853143719e+04 9.1745892575e-01 
9.1953956358e-07 1.1366203161e+04 7.7834184483e-01 
2.0555227801e-09 1.1329844420e+04 9.4114463879e-01 
1.2528328071e-08 1.1339630178e+04 8.9153769172e-01 
1.6772134399e-08 1.9819762987e+04 5.9135574720e-01 
3.7787373151e-07 1.3370480329e+04 1.0976764847e+00 
6.1664635523e-09 1.2988494070e+04 7.8523727968e-01 
7.6945291437e-11 1.6237643957e+04 3.0908704028e-01 
6.9819384013e-10 1.7683930077e+04 7.7860736751e-01 
4.1095444444e-12 1.2803997500e+04 2.8728676281e-01 
8.2071846332e-10 1.3587636507e+04 9.0138377437e-01 
7.0741423638e-08 1.3293982518e+04 9.4361933718e-01 
2.8801684723e-09 1.1446970886e+04 1.2442805046e+00 
2.5642331023e-07 1.2600866353e+04 1.3958440458e+00 
9.1253495632e-09 1.1311875994e+04 9.9026244489e-01 
1.2732039247e-10 1.2127470113e+04 5.3729702585e-01 
1.7944640971e-08 1.3586298254e+04 8.1678224762e-01 
6.8476275873e-08 2.0673507031e+04 7.5346128303e-01 
7.5167944387e-10 2.3579674960e+04 2.7553872842e-01 
1.9453820463e-09 1.3969268880e+04 7.0789795630e-01 
1.7744325949e-08 1.7474091341e+04 1.2957268206e+00 
2.4261076215e-10 1.3602703491e+04 8.0417894544e-01 
2.0673110936e-10 1.7926210977e+04 2.9278126530e-01 
3.4305085717e-07 1.4643150482e+04 7.6105263832e-01 
2.1933831024e-08 1.1454203705e+04 6.5632298263e-01 
1.4982784428e-08 1.1728075500e+04 9.4706282740e-01 
9.1100192416e-09 1.3553639165e+04 1.1925112188e+00 
2.7527398332e-08 1.2675812965e+04 8.7492088679e-01 
3.9488565120e-08 2.5000000000e+04 2.6615694012e-01 
1.5682518382e-08 1.1615027931e+04 7.2681399574e-01 
3.2112510277e-06 1.4120142316e+04 5.7564754422e-01 
6.1226333879e-11 1.5924295824e+04 7.4181620497e-01 
3.2969283422e-10 1.1825877746e+04 4.7963418445e-01 
1.5627167005e-07 1.1201688127e+04 1.1074512608e+00 
1.7498887173e-09 1.1484077693e+04 1.2029430057e+00 
3.6123765441e-09 2.2222804011e+04 2.4427778076e-01 
3.3213236650e-09 1.4268669614e+04 1.3037363092e+00 
1.0729828186e-09 1.1321288645e+04 8.5383147258e-01 
9.2329416207e-10 1.6228276461e+04 1.4841313016e-01 
4.0715967488e-11 1.2058098023e+04 1.1366194377e+00 
1.7049693810e-06 1.3095648917e+04 7.7960199074e-01 
6.5952214179e-10 1.2833311538e+04 7.4352457641e-01 
4.0792084615e-10 1.5480324906e+04 8.4878889304e-01 
2.4334040165e-08 1.3853992774e+04 8.6440938413e-01 
1.0253468445e-09 1.3851148833e+04 7.7968998266e-01 
6.6874970705e-09 1.2540402995e+04 4.5351371097e-01 
2.9175958845e-06 1.2958703682e+04 8.8917261707e-01 
5.5925717003e-07 1.2039034759e+04 7.2261899297e-01 
1.1629612682e-07 1.2418510199e+04 9.2320635517e-01 
6.2106609143e-09 1.4632390497e+04 6.0933953351e-01 
3.0395006182e-10 1.1676767076e+04 1.1980641879e+00 
2.6206965327e-11 1.3590044513e+04 2.6767595191e-01 
1.3993134585e-10 1.3627401516e+04 9.5488899804e-01 
3.8908706582e-08 1.7590629494e+04 1.3797453626e+00 
6.8754662494e-07 1.6645012236e+04 1.0956357831e+00 
1.1579563939e-07 1.1668486918e+04 6.4963511392e-02 
3.2837746698e-10 1.4296117929e+04 5.2424016637e-01 
9.9902664963e-09 1.1864250026e+04 6.2052684836e-01 
1.1043123465e-07 1.1840125009e+04 1.2132621467e+00 
9.1362982007e-11 1.8913659049e+04 9.9767693964e-01 
3.4858336211e-08 1.2870967463e+04 9.8775336873e-01 
2.0557256329e-09 1.2040201039e+04 1.1010336446e+00 
1.4065759377e-07 2.4567511527e+04 1.2707645064e+00 
1.3100693045e-06 1.5554289609e+04 1.0156232194e+00 
4.3078111630e-10 1.2218222235e+04 1.1896573698e+00 
1.0645105619e-11 1.3668173927e+04 4.1039242229e-01 
4.4788750645e-09 1.7951628995e+04 1.1171064255e+00 
8.2448435104e-09 2.0956305883e+04 9.6366318891e-01 
4.3359798450e-11 1.1984032852e+04 6.5893708605e-01 
1.2271830783e-07 1.3320443813e+04 1.0055558127e+00 
6.6019762598e-10 1.1321839676e+04 1.4190348397e+00 
3.5212137721e-07 1.2000934741e+04 8.3666082122e-01 
1.3074727976e-08 1.1928281511e+04 1.4099854772e+00 
2.0413788255e-06 1.1901220818e+04 4.5522103309e-01 
1.1879256388e-05 1.3020737806e+04 6.7313432649e-01 
1.1228897775e-10 1.5149802347e+04 1.1068339511e+00 
1.1793729484e-10 1.4674249519e+04 4.1897013178e-01 
2.3501801106e-07 1.1208341911e+04 1.3360790385e+00 
8.5241753630e-10 1.6710218382e+04 6.9091894495e-01 
2.0717051987e-08 1.4956543426e+04 8.4816754086e-01 
1.2511651112e-08 1.4838883026e+04 7.2168059987e-01 
8.3863597786e-08 1.6130898587e+04 8.2835315503e-01 
6.6261906062e-08 1.1881226916e+04 1.1046045398e+00 
4.3887705924e-10 1.1941619731e+04 1.0971733024e+00 
7.6716244987e-08 1.1261497794e+04 1.0502096905e+00 
2.5629886881e-10 1.3768809767e+04 1.1474897139e+00 
2.9447658764e-09 1.3755548024e+04 9.4967857615e-01 
2.0576589646e-10 1.2315149403e+04 1.1275350300e+00 
4.5532086819e-11 1.1242256793e+04 3.3802935635e-01 
1.4506544203e-08 1.1331619932e+04 7.2682124952e-01 
2.9815775435e-07 1.4842327847e+04 1.2301965440e+00 
1.4254502734e-09 1.1809131948e+04 1.8667330196e-01 
2.7019556746e-08 1.1997769001e+04 8.4315228111e-01 
2.1786422348e-09 2.4855490769e+04 5.5119395009e-01 
9.6411504219e-09 1.3335590905e+04 6.5345400607e-01 
6.7269306819e-09 1.9877216293e+04 9.1559852357e-01 
4.4462386739e-11 1.2002291106e+04 1.3762573626e+00 
2.4035501671e-11 1.1365624170e+04 1.1333472179e+00 
2.7409339738e-08 1.1945024546e+04 4.8470728930e-01 
3.6267778060e-07 1.6596615221e+04 6.2328946280e-01 
4.7339706863e-08 1.1921851271e+04 2.1490109500e-01 
1.3427592657e-08 1.3022596502e+04 2.6807673153e-01 
2.1543920480e-08 1.2218023785e+04 7.5032458809e-01 
1.3305048001e-09 1.3156066756e+04 1.0544692804e+00 
2.6288816886e-08 1.2653411578e+04 6.2698200973e-01 
2.4768533329e-09 1.8553016534e+04 1.2103169675e+00 
3.0287955123e-10 1.5552900114e+04 7.4219938538e-01 
1.9475232701e-08 2.0677080784e+04 1.2815487762e+00 
5.6013844432e-10 1.5590833972e+04 2.7077183598e-01 
5.5023781745e-08 1.2632340209e+04 4.4635659476e-01 
9.2306946524e-10 1.2201391749e+04 4.6011324279e-01 
2.8657783790e-10 1.1426411642e+04 3.5638742095e-01 
2.5056915141e-09 1.7135170948e+04 1.6477598949e-01 
5.3610128710e-08 1.2294635702e+04 9.7249205008e-01 
2.9393318149e-10 1.3692660798e+04 5.1809367185e-01 
1.2730214795e-09 1.3936536974e+04 7.1816088950e-01 
2.8240555862e-09 1.8095976136e+04 6.3589206853e-01 
6.7271768730e-09 1.2170579616e+04 9.9772670580e-01 
4.0704490389e-06 1.6367196253e+04 5.6350159567e-01 
5.1888287367e-12 1.5912630786e+04 6.3059639200e-01 
3.5209213945e-09 1.5269515006e+04 6.5189754270e-01 
1.3785199390e-05 1.1473033410e+04 7.5810355484e-01 
1.0442370723e-09 1.2819231954e+04 6.2768937936e-01 
6.3057709499e-07 1.6117070614e+04 1.1926725956e+00 
1.5810364297e-11 1.4427472596e+04 4.6614155509e-01 
1.5836582840e-08 1.1652932682e+04 6.8732466525e-01 
1.4845684467e-09 1.1980834138e+04 3.2332005478e-01 
6.6071336898e-07 1.3248117779e+04 6.4515236396e-01 
3.8111309906e-11 1.4007381288e+04 4.3257580472e-01 
1.0918250748e-10 1.1310750293e+04 1.4378129198e+00 
4.1752505601e-07 1.1477769183e+04 7.1843982590e-01 
5.3052780327e-07 1.2599359633e+04 1.3589049453e-01 
3.7658897590e-11 1.1304436318e+04 2.0267441534e-01 
1.0468059796e-07 1.3299890200e+04 1.2508635044e-01 
2.8893876237e-06 1.1317873752e+04 7.2328368273e-01 
2.4986834340e-08 1.1417385191e+04 7.9682042228e-01 
1.7934222667e-08 1.3812746701e+04 3.8241189308e-01 
4.3493911536e-10 2.0071158541e+04 7.3715665344e-01 
1.2570405510e-09 1.1523435274e+04 1.2462734058e+00 
7.4469514864e-09 1.2128598044e+04 9.7603636895e-01 
4.6191890774e-08 1.9201348053e+04 4.7393828113e-01 
1.8100282854e-06 1.1269790056e+04 4.3364061417e-01 
3.0983673284e-09 2.2423734977e+04 2.4192915889e-01 
4.1055261415e-12 1.4387509174e+04 1.2450105733e+00 
6.4474304513e-12 1.1307296716e+04 1.0705765909e+00 
7.4777705727e-10 1.3418674001e+04 8.3490696818e-01 
3.9140865119e-09 1.3941406274e+04 8.4602262857e-01 
3.2055305175e-06 1.3110077928e+04 4.4293505649e-01 
1.9743268720e-07 1.2859721950e+04 1.5992522268e-01 
1.8907683738e-11 1.3325204271e+04 5.3953264319e-01 
4.3846633036e-10 1.3230579183e+04 7.4567304253e-01 
4.5082830292e-09 1.1628814268e+04 5.5532614051e-01 
3.5441095038e-09 1.3070677691e+04 1.0867690967e+00 
2.6695353545e-07 1.1756693010e+04 5.7134471750e-01 
1.8820164340e-06 2.5000000000e+04 2.7117532416e-01 
2.3761845650e-11 1.1828395226e+04 5.6997583367e-01 
4.2264392072e-12 1.2441509816e+04 5.2074048297e-01 
1.0147937629e-10 2.1494596151e+04 2.9809545127e-01 
6.5209013690e-11 1.2600175115e+04 1.0626997217e+00 
1.7353628281e-09 1.1973830619e+04 5.5968266885e-01 
1.5169746460e-10 1.1244390176e+04 7.2307940172e-01 
2.0672946530e-08 1.2139511180e+04 5.7431640258e-01 
5.0831512948e-09 1.4534197265e+04 8.6476302797e-01 
2.8373156012e-09 1.3921963691e+04 7.6676721167e-01 
1.0630913658e-09 1.8620589512e+04 3.1672426543e-01 
2.8582005258e-10 1.1390689443e+04 8.8716285586e-01 
2.1012562876e-08 1.2335334049e+04 1.0534324105e+00 
7.3863212444e-09 1.1376174641e+04 9.3157367145e-01 
7.0427773584e-07 1.2865782024e+04 1.0855038292e+00 
9.5984868335e-08 2.5000000000e+04 5.1176146452e-01 
2.1026463252e-08 2.5000000000e+04 5.7501129586e-01 
5.4434347235e-08 1.1490940112e+04 6.8893262901e-01 
3.5193092377e-10 1.3855584770e+04 5.6668401190e-01 
6.9976297637e-07 1.6078067204e+04 2.8853347054e-01 
9.1689373888e-07 1.3203128022e+04 1.2093485105e+00 
2.4092286689e-08 1.2373053642e+04 6.4040822347e-01 
3.1940962274e-09 1.2372394290e+04 8.4628896311e-01 
2.4341824056e-08 1.1201195346e+04 5.3143075263e-01 
1.3286474229e-10 1.5275478973e+04 2.4250341754e-01 
2.1915927617e-09 1.1386744383e+04 5.3501053533e-01 
2.0862138420e-05 1.3897736702e+04 1.3219690783e+00 
3.4407330570e-10 1.2623531830e+04 7.5511282402e-01 
4.8758742469e-10 1.1818659923e+04 9.5613866871e-01 
6.9730602078e-10 1.1822556522e+04 7.2380134647e-01 
1.8053723925e-06 1.2872682384e+04 3.3730633299e-01 
2.5277562810e-10 1.1986430009e+04 4.5669621429e-01 
2.6590371830e-09 1.8781437507e+04 2.7351593099e-01 
9.0774136467e-11 1.2091825841e+04 1.2769639004e+00 
3.9038803931e-08 1.1562401806e+04 7.9462634264e-01 
9.4736058343e-08 1.6304465287e+04 1.3970186820e+00 
1.3704421191e-09 2.1027733586e+04 4.9589271176e-01 
6.8868662273e-09 2.1896129803e+04 1.0781277578e+00 
5.9109442132e-07 1.2581827530e+04 1.2509405695e+00 
5.0683395355e-08 1.3116260639e+04 9.8240585751e-01 
1.4192163403e-09 1.1387416032e+04 7.7906867071e-01 
4.0897944049e-10 1.3633952268e+04 8.5506282380e-01 
2.3810866721e-07 1.2078099714e+04 9.4551394758e-01 
2.4800188966e-09 1.1718883004e+04 8.0131144539e-01 
6.3418298281e-10 1.3126027402e+04 9.7804147552e-01 
3.0452618881e-09 1.3254675673e+04 5.6800298545e-01 
2.5661822521e-08 1.2317992663e+04 8.9364232677e-01 
1.7855060378e-09 1.7798183811e+04 3.8409032451e-01 
2.3701065669e-08 1.4977374925e+04 8.6517301008e-01 
6.4873331983e-10 1.4704889545e+04 2.5704557163e-01 
5.3834031136e-09 1.3550556283e+04 5.5735078985e-01 
7.7513159642e-10 1.1290072995e+04 1.0168718255e+00 
7.3729646006e-11 1.5869006080e+04 9.6290917370e-01 
1.1618027328e-08 1.4631330420e+04 9.9625324439e-01 
4.5533487334e-06 1.1531818378e+04 1.5119325420e+00 
4.4418765545e-11 1.3295347742e+04 9.3221770611e-01 
4.0498276262e-10 1.5120206179e+04 4.0785606113e-01 
2.7042293914e-11 1.1741849641e+04 6.3921667201e-01 
1.9571268685e-07 2.3856811316e+04 1.5046982832e+00 
7.5948918513e-09 1.2681349754e+04 1.2477579353e+00 
2.7687953965e-06 1.4743618112e+04 1.4824195183e+00 
2.1798377008e-09 2.2962348954e+04 3.9863401988e-01 
4.8259205603e-08 1.1974701102e+04 1.3710874171e+00 
3.4531295080e-09 2.5000000000e+04 8.8254840478e-01 
1.6058562894e-07 1.1813322870e+04 3.8536458040e-01 
1.0041391364e-08 1.2435299894e+04 9.4819362278e-01 
5.6861498313e-09 1.3283112094e+04 9.8257306478e-01 
3.4980128494e-07 1.3960399394e+04 9.7813811651e-01 
4.0699699516e-07 1.5037780915e+04 2.9940908372e-01 
5.2001980694e-10 1.2062967082e+04 2.4592508787e-01 
1.9521912184e-08 1.5193374605e+04 5.3931624833e-01 
1.7465191182e-10 1.8346391476e+04 7.8433400003e-01 
2.2412779116e-07 1.2602235404e+04 8.1303869141e-01 
3.0120163092e-08 1.3369260396e+04 9.9797549420e-01 
4.0319826700e-09 1.1640779502e+04 9.6672812626e-01 
1.2387422433e-09 1.1925309064e+04 1.3900549848e-01 
1.9683583134e-08 1.4437328686e+04 7.3920562708e-01 
8.3590662100e-07 1.3980502671e+04 1.1899271808e+00 
4.1827640345e-08 1.6683715083e+04 6.9807835455e-01 
3.2920604015e-11 1.1239248903e+04 4.5127315138e-01 
1.5779956937e-09 1.2647989266e+04 1.2054102945e+00 
7.0616917745e-09 2.5000000000e+04 1.0637447418e+00 
1.0463309449e-07 1.3583631740e+04 7.0324726687e-01 
9.8025311141e-11 1.3191494017e+04 9.2269497946e-01 
5.4806013184e-12 1.1403433740e+04 5.2542209325e-01 
4.8786441081e-07 1.4172170005e+04 1.2595179246e+00 
6.1031546409e-09 1.1831861296e+04 1.4368388170e+00 
5.8909358952e-12 1.6084990313e+04 2.4614332757e-01 
3.9417933839e-10 1.3440079744e+04 5.6179047887e-01 
2.5064036668e-11 1.1812201732e+04 1.0089193691e+00 
6.4037329113e-07 1.2702809583e+04 5.1102022083e-01 
1.6015979815e-08 1.2595296717e+04 3.9422657801e-01 
9.5030762271e-10 2.5000000000e+04 3.6807338916e-01 
7.1592005041e-09 1.9348066690e+04 1.0852739570e+00 
8.3144856279e-08 1.2235183981e+04 8.1154770729e-01 
8.1938713904e-09 2.5000000000e+04 4.3066643062e-01 
1.0183041964e-11 1.5916377005e+04 8.7080563196e-01 
9.1542121699e-09 1.4511068168e+04 3.0499459953e-01 
5.6751907546e-09 1.1353692503e+04 3.1485747626e-01 
3.3895654637e-10 1.9442457066e+04 5.5897924640e-01 
3.6756807394e-10 1.1350514145e+04 8.0636994826e-01 
2.1157590186e-11 1.3362228267e+04 8.7303088730e-01 
1.1308649586e-05 1.3189424138e+04 1.0031655201e+00 
2.9148653823e-09 1.1397870115e+04 4.7765856957e-01 
6.4204059108e-09 1.7349078364e+04 6.9394774098e-01 
2.8308756562e-05 1.2373964295e+04 6.9878620205e-01 
2.9869323809e-09 1.5801815559e+04 1.0033431368e+00 
4.7358699501e-09 1.4289865864e+04 9.4430084993e-01 
4.4004752578e-07 2.5000000000e+04 1.3091440130e+00 
6.2673816212e-12 1.1598520559e+04 3.0992560107e-01 
1.4137261979e-10 1.5086314982e+04 1.0661020695e+00 
2.9145189732e-10 1.1431611209e+04 7.2985727220e-01 
3.0494160529e-07 1.2942889051e+04 8.3938810997e-01 
9.8941937066e-11 1.7154585852e+04 4.8197026145e-01 
1.3631236640e-07 1.2652864770e+04 1.9358328575e-01 
6.0127369076e-09 1.3373684319e+04 1.0215357401e+00 
3.7955342900e-09 1.3837764940e+04 5.0088175486e-01 
8.5836448562e-09 1.1556893348e+04 3.7210483446e-01 
4.9138369023e-10 1.6120784759e+04 3.7324887653e-01 
2.0477400049e-08 1.4599460557e+04 1.8086126518e-01 
2.2497468042e-07 1.4617603665e+04 9.7907399902e-01 
8.7995622066e-07 1.6237973203e+04 5.3358128971e-01 
1.5154729495e-08 1.1465730143e+04 1.0167354017e+00 
1.7201405658e-08 1.3742400702e+04 2.6519326616e-02 
9.9692412487e-07 1.4189626880e+04 1.0781933384e+00 
5.3629122695e-08 2.1050088001e+04 7.3926719971e-01 
9.2600197359e-10 1.3085810243e+04 1.8319648466e-01 
3.7786257950e-09 1.4355212559e+04 4.3945052199e-01 
4.0121796271e-09 1.5923435828e+04 6.3609674181e-01 
1.4670478288e-08 1.1242707142e+04 9.5905501136e-01 
1.7720565821e-07 1.5418354527e+04 8.1150136078e-01 
2.3647865832e-07 1.4734783051e+04 3.2472466751e-01 
1.8368530855e-10 1.5545426285e+04 1.1869646337e+00 
8.9432412119e-09 1.5211722881e+04 7.3995240979e-01 
2.1501026936e-05 1.1721155546e+04 1.3552773186e+00 
5.0308042873e-11 1.4653166888e+04 6.5288645390e-01 
8.1389928106e-09 1.1834794064e+04 1.5420172681e+00 
4.4542144602e-09 1.3502973964e+04 1.0829185849e+00 
1.5383617808e-07 1.4372534377e+04 5.9397147303e-01 
7.2596167693e-11 1.7920439837e+04 3.8082496149e-01 
6.0581873944e-06 2.2626270623e+04 7.0013684581e-01 
5.0459638535e-08 2.3784607210e+04 1.2739280661e+00 
3.5647569224e-10 1.7386555152e+04 9.3658746294e-01 
5.8561797067e-09 1.6323942986e+04 8.7681940824e-01 
1.9424726165e-08 2.5000000000e+04 1.0097933438e+00 
5.5939320658e-11 1.3209657640e+04 5.0874989463e-01 
2.2712546845e-05 1.2267814229e+04 1.3633603725e+00 
9.4306305766e-09 1.2976435147e+04 8.5988813739e-01 
2.2148364437e-08 1.1278053132e+04 8.8666937163e-01 
5.7122777742e-10 1.2100237633e+04 7.6046423098e-01 
8.3766352401e-10 2.5000000000e+04 2.2126810961e-01 
4.7114288391e-12 1.9890560108e+04 1.0585850810e+00 
3.1449697470e-08 1.3732047708e+04 1.1829383842e+00 
2.9097051293e-07 1.2244531440e+04 3.5221240079e-01 
3.4796004105e-10 1.5938915519e+04 5.3489161653e-01 
5.9786326961e-09 1.2557282822e+04 9.2785527896e-01 
5.2047067524e-09 1.1287509273e+04 9.0370127217e-01 
4.1713177229e-08 1.7295589298e+04 1.2305500275e+00 
7.0990292526e-12 1.7309663482e+04 9.1875247844e-01 
1.0723865638e-10 1.2355724713e+04 3.3361167775e-01 
5.6926915836e-11 1.2875061371e+04 8.7212802997e-01 
1.1986646732e-10 1.4076998841e+04 1.2283128210e+00 
6.4341201926e-07 1.1546385948e+04 8.5494659479e-01 
5.2006809772e-11 1.6952589724e+04 6.5477389249e-01 
5.9932577064e-09 1.1884947498e+04 4.0991131648e-01 
1.8529273560e-09 1.4774252882e+04 7.9209700055e-01 
2.9381820465e-09 1.4344564810e+04 1.1150011482e+00 
7.2534534488e-11 1.5276028969e+04 6.4473042846e-01 
1.6621026242e-10 1.2391430228e+04 6.2771015190e-01 
2.6277748968e-10 1.5621392875e+04 1.1343428748e+00 
1.2872272366e-10 2.2207491233e+04 1.1123432772e+00 
2.9704514367e-10 1.3086845326e+04 1.3863632629e+00 
1.3984065545e-08 1.5604656373e+04 1.0584901519e+00 
1.4499381075e-07 1.1288224733e+04 1.6428849137e-01 
3.4360054382e-09 1.3074468726e+04 6.5564395133e-01 
4.9213513780e-08 1.9914461126e+04 1.1864099451e+00 
2.5867734743e-11 1.1284785564e+04 3.8561639789e-01 
1.7785913477e-08 1.1427089593e+04 8.3797248052e-01 
1.3383711235e-11 1.1334324118e+04 6.5894093818e-01 
5.6640679364e-10 1.3296191766e+04 1.1153862138e+00 
7.6761472636e-06 2.3927425867e+04 1.0544538124e+00 
7.3516315016e-10 1.7949852189e+04 1.3201453067e+00 
1.8655993887e-11 1.3716553544e+04 6.9778513743e-01 
7.4947009891e-12 1.2454576077e+04 8.3565434372e-01 
1.2023798238e-08 1.3059026753e+04 1.2335173959e+00 
4.1354087560e-09 2.1689620744e+04 1.0441415794e+00 
1.7525472755e-10 1.2610947803e+04 4.4064443877e-01 
7.6779423862e-11 2.5000000000e+04 1.1684295585e+00 
1.4038895488e-09 1.2930570184e+04 1.2844222146e+00 
2.9591949030e-08 1.3274028776e+04 5.8788431587e-01 
6.4014188637e-09 1.2378235950e+04 1.7081782223e-01 
2.7419470766e-10 1.1403391613e+04 7.3695308557e-01 
5.0761435261e-06 1.1952965194e+04 4.9655389784e-01 
2.3275042647e-06 1.1305922221e+04 6.5297641080e-01 
2.7482799328e-09 1.4563931851e+04 7.7998067269e-01 
1.4398551114e-10 1.3669032935e+04 7.7993696331e-01 
2.4710510778e-10 1.1845362492e+04 1.2071755022e+00 
8.0279089096e-09 1.2481002363e+04 7.9905925580e-01 
4.8830029586e-10 2.1383031915e+04 4.4874303746e-01 
1.7528340695e-10 1.4733406727e+04 1.0967284340e+00 
1.5059083874e-08 1.2587869549e+04 5.7279636698e-01 
1.2932428683e-08 1.1278755092e+04 1.2142706002e+00 
1.2177484154e-09 1.3255134497e+04 2.3697644278e-01 
4.3746095523e-08 1.2463853296e+04 9.8195378960e-01 
1.0238954904e-08 1.2115612436e+04 7.8519296175e-01 
1.3633199935e-07 1.3876836225e+04 3.9040880659e-01 
1.9858745735e-08 1.4586673403e+04 5.1820602634e-01 
3.1013585962e-10 2.2638100218e+04 6.2896294975e-01 
8.4187106953e-08 1.2618259670e+04 3.9871714894e-01 
3.4925740884e-10 1.9159841395e+04 8.7541748816e-01 
1.8141405646e-10 1.1962005405e+04 2.8788454105e-02 
1.2511383026e-09 1.6453592276e+04 4.5203245331e-01 
7.4253858335e-08 1.4701955710e+04 2.9655847106e-01 
2.4844422044e-08 2.0916502301e+04 1.1896190187e+00 
9.4610160202e-07 1.1885556160e+04 7.1306920328e-01 
2.3241406313e-09 1.2493337878e+04 7.8696847481e-01 
2.7845272244e-10 1.3475035822e+04 8.9051737140e-01 
1.5075058954e-07 1.1368867849e+04 4.6940245985e-01 
4.9727005180e-07 1.2102664444e+04 8.6457158784e-01 
3.7037096910e-11 2.4175020658e+04 1.1500501776e+00 
4.0475907438e-09 1.2237791789e+04 6.6569295936e-01 
1.1360954149e-10 1.3608093291e+04 7.8017718099e-01 
5.4051262076e-11 1.7882144972e+04 1.2345290165e+00 
1.8316659491e-07 1.2328368860e+04 6.2441697449e-01 
2.7060096020e-10 1.7979085121e+04 1.0187194146e+00 
1.0284179679e-05 1.8283678346e+04 7.6667964231e-01 
8.9575548710e-10 1.2790717972e+04 8.1958806352e-01 
6.5200303219e-08 1.1537310635e+04 1.1514154410e+00 
7.3038486197e-10 1.6871432184e+04 1.1543608704e+00 
4.4891133053e-09 1.2954438884e+04 6.8873578971e-01 
2.5693633568e-11 1.3001468803e+04 1.1937224636e+00 
1.2978566130e-09 1.9244387920e+04 1.1380358589e+00 
8.7805905690e-08 1.1402114706e+04 9.1859043834e-01 
2.9026004218e-07 1.1255558623e+04 1.0283531848e+00 
3.3685549029e-09 1.6782763664e+04 6.1469963796e-01 
9.2463606732e-11 1.2324821232e+04 7.1530596979e-01 
9.5426640196e-08 1.1877961443e+04 5.0878870401e-01 
5.2928067868e-11 2.0655530529e+04 5.6941115821e-01 
3.1643059269e-08 1.3144284729e+04 9.6607345389e-01 
6.9716588796e-11 1.4881761502e+04 1.2427664496e+00 
3.3255802136e-08 1.3222060592e+04 1.1970426226e+00 
8.6080409336e-09 1.1302836839e+04 1.3558126914e+00 
9.4794471707e-06 1.7323458220e+04 9.0706155358e-01 
1.7386861731e-11 1.7153721676e+04 6.1571922462e-01 
7.2058028622e-10 1.1296746334e+04 4.5524380251e-01 
4.9678758234e-09 1.2511463279e+04 3.6502833148e-01 
1.1990539358e-07 1.1428603049e+04 3.1943491437e-01 
2.3527359598e-09 1.3807781248e+04 3.7938745220e-01 
1.5398614149e-07 1.1738973982e+04 6.2806739867e-01 
1.6743302397e-08 1.1662484781e+04 1.2831899253e+00 
2.0277977800e-11 1.3361694820e+04 7.8350463920e-01 
9.1854356023e-09 1.1724809170e+04 5.9454716620e-01 
1.4666104484e-08 1.1277151145e+04 1.1080039805e+00 
1.6552364251e-06 1.6596282832e+04 2.9761676801e-01 
2.8697563448e-06 1.2503551160e+04 1.4803573805e+00 
8.7676560901e-09 2.4361096645e+04 5.1246571678e-01 
1.1856944536e-09 1.1605171312e+04 9.4823614032e-01 
8.1435540496e-10 2.4849478666e+04 4.3837217518e-01 
7.5649384104e-10 1.2546632288e+04 1.0208274601e+00 
7.5900719984e-09 1.5669002521e+04 1.0771848389e+00 
3.8242798388e-10 1.1533377518e+04 6.3833805689e-01 
4.4324172658e-06 1.1219765385e+04 4.2151392463e-01 
1.1644599235e-08 1.2723519385e+04 7.5934531785e-01 
1.9434830175e-09 1.3762806927e+04 9.6178114573e-01 
1.6286727581e-10 1.1618877571e+04 8.6484439337e-01 
1.3394388520e-07 1.2886937338e+04 7.4175662079e-01 
1.2891030949e-07 1.1815804989e+04 9.4659195175e-01 
1.5238687213e-09 1.2739353573e+04 7.0838649072e-01 
2.6527461911e-07 1.4326574719e+04 4.7645972862e-01 
6.2234221989e-09 1.7438481610e+04 1.1787822686e+00 
2.0316801593e-09 1.1349473609e+04 2.6724174400e-01 
3.2232384174e-07 1.8177839857e+04 8.0607347015e-01 
2.4896762676e-09 1.3155181260e+04 4.3311679273e-01 
1.5681767107e-05 1.3686139808e+04 8.7808448595e-01 
1.9189055191e-08 1.1581891697e+04 1.3280087528e+00 
5.5111060672e-09 1.4157341892e+04 4.7705986098e-01 
1.0730992868e-08 1.1388659070e+04 8.0162974069e-02 
2.2257412258e-07 1.5225262027e+04 7.3540962888e-01 
2.2660785070e-08 1.1392493886e+04 3.6051168624e-01 
5.3701023570e-10 1.6403426543e+04 2.2463562688e-01 
3.9193273511e-09 1.2835637760e+04 1.1046845744e+00 
8.1402728432e-08 1.1577850518e+04 3.2135591915e-02 
2.3963513550e-10 1.1891555151e+04 7.3164008316e-01 
5.2264439991e-11 1.1563823341e+04 7.3800593199e-01 
9.2337255690e-07 1.1889256162e+04 1.3503316015e+00 
1.5439668426e-08 1.5312545215e+04 4.0516854200e-01 
7.4101927076e-09 1.4765867226e+04 1.0951059896e+00 
2.7227041071e-08 1.2292591694e+04 9.0173375107e-01 
9.0497493377e-08 2.4671836700e+04 6.6557393009e-01 
1.8116962073e-08 2.0897711307e+04 7.1956460455e-01 
4.3496818017e-10 1.1255633353e+04 9.6555213316e-01 
4.6541335274e-11 1.2478402286e+04 1.2016059306e+00 
1.4294664476e-07 1.2373826618e+04 1.2990111994e+00 
1.5796932236e-10 1.5835821009e+04 4.9622991723e-01 
2.3065450523e-10 1.3264020951e+04 1.4579475556e+00 
1.0289747670e-10 1.1811950684e+04 9.9323861471e-01 
4.0935701342e-11 1.2946376088e+04 9.6316453522e-01 
9.3316845320e-11 1.1768857844e+04 4.7476506160e-01 
6.3910164130e-08 1.6994189666e+04 3.5422952551e-01 
3.0598781980e-09 2.5000000000e+04 5.4191040334e-01 
6.7666354986e-11 1.2242648332e+04 1.0342495972e+00 
3.1609643535e-07 1.2737837397e+04 3.8859468727e-01 
2.2835789867e-09 1.7326794779e+04 4.3895077604e-01 
1.0390735240e-07 1.2289776808e+04 1.2197709390e+00 
3.1532603030e-08 1.6440205809e+04 5.7311542788e-01 
2.4146055908e-09 2.5000000000e+04 9.0666888161e-01 
9.3547371206e-07 1.4363955227e+04 7.5943586032e-01 
2.3866345356e-08 1.1956821250e+04 8.6824790166e-01 
3.2433905250e-07 1.1782633486e+04 4.6873929534e-01 
2.9212067317e-10 1.1200079849e+04 3.1162315714e-01 
2.8005407744e-09 1.1678019391e+04 1.2857368359e+00 
9.4501565507e-09 2.5000000000e+04 3.1510293359e-01 
1.9163358351e-08 1.2517815569e+04 8.6779980298e-01 
1.0905763276e-07 2.3503670099e+04 8.2648015486e-01 
3.8352992665e-09 1.2065392999e+04 9.1404736077e-01 
3.4235093843e-07 1.1519045790e+04 1.0893385328e+00 
1.2967749082e-06 1.1556110467e+04 3.0096855669e-01 
6.1872454767e-08 2.5000000000e+04 1.1552238954e+00 
8.4077339828e-09 1.7609262708e+04 7.7059778145e-01 
1.0610679354e-09 1.2045253925e+04 4.0666777044e-01 
1.7232722542e-09 1.6949073144e+04 9.5564317166e-01 
1.0987210672e-09 1.1640718085e+04 1.1921081172e+00 
3.2084937771e-08 1.3182750722e+04 4.5641351246e-01 
4.0001232153e-07 1.1504765465e+04 2.1177130699e-01 
6.3434100766e-08 1.2052376974e+04 8.2294726969e-01 
1.2748943481e-10 1.1733095185e+04 3.2481636171e-01 
4.2804097264e-09 1.4590078988e+04 7.0581539166e-01 
1.2029621822e-08 1.3107497161e+04 3.9026500503e-01 
5.6611747750e-06 1.1393586361e+04 3.4656298416e-01 
7.4626571744e-08 1.3880902666e+04 1.2155882163e+00 
1.0687174628e-07 1.3157532316e+04 9.0249123065e-01 
5.2799908013e-09 1.5231750539e+04 1.2837601323e+00 
6.2621847461e-09 1.1253877130e+04 6.5253218865e-01 
2.6366853148e-09 1.5044468708e+04 1.1095641398e+00 
3.0064528552e-09 1.4953097072e+04 7.4736287574e-01 
7.1511157957e-07 1.9031261407e+04 5.2459043727e-01 
2.3999374550e-11 1.1410520076e+04 1.0117233418e+00 
1.8816294104e-09 1.2361003907e+04 1.0423122596e+00 
1.3932063904e-06 1.2429735225e+04 7.3562325738e-01 
2.9593827957e-07 1.1612454169e+04 9.1110829010e-01 
2.1681430333e-06 1.5698830949e+04 4.5116770204e-01 
1.4455822929e-06 1.1912653742e+04 1.1104806844e-01 
2.9974586416e-08 1.1787465457e+04 1.1779256731e+00 
3.8045040568e-10 1.6744000804e+04 1.0535078961e+00 
1.8671285943e-10 1.4053416253e+04 9.3417072213e-01 
5.6974520079e-12 1.1898304023e+04 1.2462378917e+00 
1.5777336467e-05 1.3484338169e+04 1.1879610248e+00 
3.0006458485e-10 1.1216425650e+04 8.4878595995e-02 
3.3648363293e-10 1.7010133295e+04 1.4360149787e+00 
2.8935488596e-09 1.2467065712e+04 1.0122233782e+00 
2.2471308603e-06 1.1495022973e+04 1.9454820202e-01 
3.5446359819e-08 1.1260047522e+04 1.3120898275e+00 
1.0865577316e-09 1.3881298728e+04 9.3125010958e-01 
8.3237914521e-10 1.1529889700e+04 8.6656742878e-01 
1.3554926112e-08 1.1545960372e+04 6.1982635814e-02 
1.4100631832e-10 1.1377920052e+04 6.9156502521e-01 
4.5602928712e-09 1.4377355693e+04 7.8691136776e-01 
5.2652999966e-09 1.3531765178e+04 6.4891758657e-01 
1.2060985691e-10 1.2611971919e+04 5.6176401351e-01 
1.3726651212e-10 1.3235713255e+04 1.0139516353e+00 
3.7527947172e-09 1.1989007808e+04 1.3413968772e+00 
4.4176520779e-09 1.3413583970e+04 1.1691439224e+00 
4.0607281590e-09 2.5000000000e+04 6.0885108031e-01 
1.0807583486e-08 1.2846745847e+04 4.5503363990e-01 
4.8211961452e-10 2.5000000000e+04 9.9013180038e-02 
1.4793104504e-06 1.1686975220e+04 1.4953034800e+00 
1.7829277445e-07 1.1931174547e+04 1.1546887757e+00 
7.8138384954e-08 1.3074811415e+04 1.0170980860e+00 
1.5963898255e-10 1.4391734760e+04 7.5503301029e-01 
3.3358854526e-10 1.1436325706e+04 1.2662009251e+00 
5.1659575966e-10 1.3810444614e+04 3.3426856226e-01 
5.0567024514e-08 1.3042420170e+04 6.5829355335e-01 
2.0470460811e-08 1.3113825503e+04 7.8585958246e-01 
2.5752290784e-09 1.5635197433e+04 7.9416028224e-01 
4.6530448072e-08 2.5000000000e+04 6.8075631544e-01 
4.6302497116e-10 1.1226425831e+04 1.3886026217e+00 
8.9575035320e-09 2.5000000000e+04 5.5837327097e-01 
2.0100665740e-06 1.5028781738e+04 2.9569321041e-01 
1.5007531796e-07 1.2170880738e+04 1.0747419725e+00 
1.7518460104e-08 1.2106641975e+04 4.3490697882e-01 
1.0188048929e-09 1.2366699270e+04 8.2146579242e-01 
1.4350288883e-09 1.3975430475e+04 7.5905739020e-01 
7.2442376779e-08 1.1253247271e+04 3.2907937301e-01 
2.4177021329e-08 1.2820367165e+04 6.0970432214e-01 
5.5080403859e-09 1.2673407689e+04 1.1112729595e+00 
5.8523113739e-10 1.2897153252e+04 1.1829430914e+00 
3.2892161733e-09 1.1266848793e+04 5.7248957550e-01 
4.2235493177e-11 1.6255878490e+04 1.1562598702e+00 
5.9095156380e-09 1.1244232486e+04 5.1583578494e-01 
1.4895462231e-08 1.1811562776e+04 1.2085921423e+00 
5.6920301714e-11 1.2527316904e+04 1.4392897979e+00 
1.0344923067e-11 1.6203609862e+04 1.1433603564e+00 
2.3926788641e-09 1.2045120154e+04 6.6913934489e-01 
8.0606722829e-09 1.1512140879e+04 3.3802798444e-01 
1.3206935341e-09 1.1247290229e+04 3.4625553810e-01 
6.3796497947e-07 1.8876039641e+04 3.2186748857e-01 
6.2781567520e-09 1.3798082669e+04 9.9379746642e-01 
2.7479040210e-10 1.1241163911e+04 8.7035738982e-01 
3.6348270121e-08 1.1258353797e+04 6.5688286809e-01 
1.6397205120e-09 1.4372936437e+04 1.1161298397e+00 
7.0293754450e-09 1.8827765491e+04 4.2669659919e-01 
4.4775063779e-09 2.2409596977e+04 4.5849923534e-01 
3.5258309508e-07 1.1315208498e+04 6.5311996065e-01 
2.8123586494e-09 1.7143561311e+04 1.1719393879e+00 
3.2143461930e-09 1.3279663937e+04 8.3791667630e-01 
7.5768320984e-08 1.3188575631e+04 1.4139954458e+00 
8.3035214400e-09 2.4443649105e+04 4.0258600903e-02 
2.0142902884e-10 1.2277481138e+04 5.7780501813e-01 
2.8001648738e-10 1.1229010692e+04 7.7417972673e-01 
2.6628549960e-07 1.1929369073e+04 7.3131397383e-01 
2.4343808549e-07 1.8688376606e+04 6.0926636303e-01 
1.8786577401e-11 1.1700009181e+04 1.1688407493e+00 
5.5321430581e-09 1.5530822733e+04 1.1682020545e+00 
5.0534401102e-10 1.2348281217e+04 9.7372612383e-01 
4.8093846526e-09 1.1904625199e+04 9.8970656307e-01 
1.7001016211e-10 1.2715770468e+04 7.1560966313e-01 
5.7901637185e-07 1.3680269623e+04 9.0399359466e-01 
2.7442430085e-10 1.4331018980e+04 9.5105716252e-01 
1.7398556410e-11 1.7036377794e+04 8.2262522277e-01 
4.4638033127e-10 1.1249561940e+04 1.8014243208e-01 
1.1791585631e-06 2.0573050800e+04 1.3350794315e+00 
6.1369041215e-10 1.2450712662e+04 6.9667334312e-01 
1.8901911176e-08 2.0043369658e+04 3.5655719077e-01 
6.4083333449e-10 1.1306116314e+04 2.6180678329e-01 
9.8013165790e-09 2.4713103581e+04 1.1579465822e+00 
4.9858317478e-10 1.2874797321e+04 6.4467743016e-01 
4.8094423896e-08 1.8689470623e+04 7.8049062169e-01 
1.1391671335e-07 1.3311060824e+04 1.0790936355e+00 
9.0422528441e-12 1.2533478593e+04 1.0396539492e+00 
9.5329583785e-08 1.2968320685e+04 4.1862754445e-02 
1.0428701308e-10 1.5697514623e+04 1.0198761802e+00 
5.5990281638e-09 1.4831987536e+04 3.0736863170e-01 
1.8014934000e-08 1.6118099778e+04 9.1055449617e-01 
2.8221449149e-09 1.4219381180e+04 1.4314144889e+00 
6.1592809720e-11 1.5034122315e+04 6.3369394317e-01 
1.4694307608e-10 1.1384065538e+04 1.8886972178e-01 
4.9629696999e-11 1.3359194682e+04 8.3815157884e-01 
5.8032525818e-09 1.1448128081e+04 1.0689878351e+00 
5.1440632135e-10 1.3303591910e+04 1.4474839697e+00 
4.9199237697e-11 1.1370874695e+04 5.9683334515e-01 
5.4616993791e-07 2.5000000000e+04 5.5814846309e-01 
6.9359098931e-09 2.1692312625e+04 1.1023365570e+00 
2.2807223552e-08 1.6521463010e+04 1.2901710738e+00 
2.8962335823e-08 2.2184812872e+04 8.9549337109e-01 
1.6554020059e-08 1.1344073048e+04 3.8821066183e-01 
1.4544854233e-09 1.1937827410e+04 4.6075386598e-01 
1.5876623313e-09 1.1994716714e+04 8.8854203726e-01 
7.6351291760e-08 1.3877120731e+04 1.1828577382e+00 
9.5864743806e-07 1.2438665542e+04 6.5388445112e-01 
3.9022903964e-09 1.7709683840e+04 6.9533793375e-01 
1.0768027253e-08 1.2018314679e+04 3.3301130854e-01 
1.0241779265e-08 1.3945284341e+04 5.2383246295e-01 
2.6150938121e-06 1.5711815833e+04 1.1055949165e+00 
3.6251191766e-08 1.2981980117e+04 6.2547112955e-01 
4.5165229601e-11 1.2197092816e+04 7.4866845969e-01 
2.3439814825e-10 2.5000000000e+04 5.9681935530e-01 
4.1968869537e-11 1.5065799779e+04 1.7694489809e-01 
1.1934569091e-08 1.4844795345e+04 3.7831630198e-01 
1.8110980619e-08 1.2403597756e+04 6.4749776616e-01 
9.9444419650e-10 1.2707358051e+04 1.1724396113e+00 
2.1651957399e-07 1.2399965924e+04 4.5119822064e-01 
7.6430052829e-09 1.5061119447e+04 2.1349410432e-01 
4.3722418701e-09 1.2293783469e+04 4.6692634751e-01 
5.8121934339e-11 1.3840534355e+04 1.0898862322e+00 
4.5361478202e-11 1.1604100929e+04 9.7436984060e-01 
1.3725109410e-08 1.2360641878e+04 1.2375252209e+00 
3.1624288848e-08 1.7988005687e+04 8.7474616129e-01 
1.6310090290e-09 1.2077426784e+04 1.0711914094e+00 
6.4557596147e-10 1.1367238869e+04 8.3465706521e-01 
1.5629105906e-09 1.4806934509e+04 8.6468490470e-01 
4.7150652420e-08 1.1698106949e+04 7.3242154335e-01 
5.4947472088e-08 1.5957208961e+04 5.3369842428e-01 
4.0411124439e-07 2.2754884680e+04 1.0820665054e+00 
6.2396426433e-11 1.7111191995e+04 1.1289000869e+00 
2.6858751215e-07 1.8672981175e+04 5.1126166835e-01 
3.6552775907e-08 1.3215563623e+04 5.6375388370e-01 
1.1922564721e-10 1.1635482786e+04 1.4424027629e+00 
1.3025248844e-09 1.3842848812e+04 7.4838272806e-01 
1.0250315713e-07 1.1400174270e+04 1.7702160691e-01 
2.3238548191e-07 1.1465180543e+04 1.4933875053e+00 
1.9269012090e-09 1.3980499914e+04 1.1112732815e+00 
4.6305317295e-11 1.1382341154e+04 5.6150475408e-01 
1.6601460783e-09 1.6036691568e+04 1.3968400461e+00 
3.1453494159e-08 1.1733877505e+04 9.2467132367e-01 
6.3292175377e-10 1.1322055378e+04 1.4352721471e+00 
1.9441011847e-11 1.3617415504e+04 3.2898894722e-01 
2.0441462981e-09 1.2217267470e+04 1.3948897248e+00 
7.2150324842e-08 1.4804038152e+04 8.9926113196e-01 
8.1510788423e-10 1.1331550943e+04 9.3908838695e-01 
4.9520284168e-08 1.1361669818e+04 9.7351677853e-01 
3.6926809700e-09 1.1793107990e+04 9.3109394505e-01 
1.3247994449e-11 1.3532723846e+04 3.7391300877e-01 
2.3186859129e-10 1.4649985517e+04 1.2589892494e+00 
3.7835776250e-08 1.3529499290e+04 1.7015508378e-01 
3.4558483623e-07 1.4395447382e+04 7.4176996662e-01 
1.1507827691e-10 1.1349373872e+04 3.6199422125e-01 
4.1111970170e-06 1.3063615753e+04 4.1995601126e-01 
5.9819273980e-12 1.2639509777e+04 9.7732533269e-01 
4.1595954973e-11 1.3324762605e+04 1.1644296049e+00 
2.2545254415e-09 1.9141503997e+04 1.3866104167e+00 
9.8441861171e-10 1.8127602722e+04 3.4459492052e-01 
2.4633060491e-08 1.1856988561e+04 7.8244722444e-01 
1.4587655774e-08 1.2567606624e+04 1.0031062453e+00 
4.2863307855e-09 1.2018761573e+04 8.7139589591e-01 
5.8260912802e-10 1.7426702411e+04 1.2181697872e+00 
6.9233828115e-09 1.1304592228e+04 1.4342929131e+00 
1.9929509815e-08 1.6056248324e+04 1.1896112432e+00 
4.0328123253e-12 1.1784995557e+04 4.4103873776e-01 
6.9764329369e-11 1.7252639572e+04 7.4897466342e-01 
2.8498489549e-09 1.3361901104e+04 1.0093659597e+00 
1.5987089885e-10 1.3320843468e+04 1.3163601407e+00 
1.0195836601e-05 1.4644373486e+04 3.9966922112e-01 
1.0009000238e-07 1.1979888909e+04 4.9017459730e-01 
1.4782547334e-09 1.2327651178e+04 6.6279826444e-01 
1.8861422990e-08 1.1646367431e+04 1.0959626567e+00 
3.0689527245e-10 1.2900262946e+04 1.0444109483e+00 
1.3053351133e-06 1.6983019975e+04 6.3677034705e-01 
3.8423905220e-09 1.5200993276e+04 9.1009631461e-01 
3.1316101594e-09 1.4464042070e+04 9.4376834485e-01 
5.4541549907e-09 1.2389695553e+04 1.2921115908e+00 
1.8875205942e-08 1.1892485745e+04 1.4036193079e+00 
9.8077552187e-11 1.3382096461e+04 8.4311146699e-01 
7.2449463083e-08 1.2438938472e+04 3.6528708786e-01 
1.6234164293e-07 1.5879802574e+04 5.4174704157e-01 
6.7859540807e-07 1.1431467588e+04 6.5300766163e-01 
3.0130986960e-09 1.2355216452e+04 5.1237851608e-01 
5.0112486724e-07 1.2227026146e+04 1.2007656808e+00 
2.3198822658e-07 1.4096045363e+04 7.6792901599e-01 
8.3436912262e-07 1.9621423098e+04 7.5413147837e-01 
1.8450841803e-10 1.4252371115e+04 6.2972598068e-01 
3.6109048676e-09 1.2995927945e+04 8.2913565747e-01 
7.9877343855e-09 1.4823159113e+04 7.0134806137e-01 
9.3939660462e-10 1.1926424197e+04 8.0181263454e-01 
3.2424071286e-10 1.2196327036e+04 8.5913349928e-01 
4.1681735654e-09 1.5528695336e+04 1.1048706736e+00 
5.0592162323e-08 1.7981959412e+04 4.3599111202e-01 
2.0667988809e-09 1.1288248389e+04 5.7042728910e-01 
1.6198278578e-08 1.1309717500e+04 4.3991786722e-01 
9.3270930335e-06 1.1732125869e+04 1.7935606751e-01 
1.0460189130e-06 1.4539317746e+04 8.9794266213e-01 
3.3815827497e-11 1.4908849403e+04 1.0834766805e+00 
6.3593217375e-07 1.3045725417e+04 3.8390143196e-01 
3.2300510356e-07 1.1505496332e+04 8.7760393945e-01 
4.3708276738e-06 1.1553849094e+04 7.8700712868e-01 
5.8084940000e-10 1.3991021300e+04 9.8889785438e-01 
2.1968242053e-10 1.1334658523e+04 8.3784123795e-01 
2.2029268072e-08 1.1654792077e+04 6.8176556889e-01 
1.4743238430e-07 1.3905762967e+04 4.9393179584e-01 
1.6406779820e-07 1.2738093222e+04 3.4486107056e-01 
7.6115233558e-10 1.6091583543e+04 5.0744507792e-01 
1.9779569818e-10 1.3240258822e+04 1.0260630981e+00 
3.7267991508e-08 1.1435425241e+04 1.5883330512e-01 
7.6769980331e-08 1.2276239956e+04 1.0121362561e+00 
3.6774954832e-11 1.1808842165e+04 3.5884665086e-01 
7.7879819769e-07 1.1540809012e+04 9.8731385081e-01 
8.9022371874e-11 1.2031448721e+04 4.7725434179e-01 
5.7642943663e-06 1.7401812142e+04 1.0150268752e+00 
8.4373300400e-08 1.7277816773e+04 6.4829503342e-01 
1.5501805878e-07 1.3840294677e+04 4.5449083731e-01 
2.9956998317e-08 1.5949225595e+04 9.2812637634e-01 
7.7685743046e-09 1.4644729900e+04 9.4255103395e-01 
4.3671299218e-08 1.7984101739e+04 8.0807913607e-01 
2.4921648126e-10 1.8062520121e+04 7.7466059441e-01 
1.2598953845e-05 1.2127216957e+04 7.2090101237e-01 
1.7654544692e-08 1.7109838259e+04 8.1435000338e-01 
3.1716455202e-11 1.1691557618e+04 8.1519373730e-01 
1.2705836577e-10 1.2195322197e+04 3.5068546298e-01 
1.2877345087e-09 1.6625560650e+04 2.6797363068e-01 
4.2299633688e-10 1.2666020877e+04 8.3018533089e-01 
7.0812179969e-09 1.3022731934e+04 8.2833711239e-01 
1.4478882816e-11 1.2731387475e+04 3.9720377525e-01 
5.3525743671e-09 1.4783292008e+04 3.7587980467e-01 
1.3420946562e-08 1.1744354924e+04 1.4033549895e+00 
8.8025705649e-09 1.3795403238e+04 6.1851912277e-01 
8.7576994356e-08 1.7877508313e+04 1.1997739497e+00 
9.2094286984e-09 1.6745427270e+04 9.4687415673e-01 
1.8536387113e-09 2.5000000000e+04 9.6715240638e-01 
1.1216304240e-06 2.5000000000e+04 1.4283134602e+00 
2.1253768840e-05 1.5453454389e+04 1.0894638611e+00 
2.8586124467e-09 1.4080174701e+04 1.0852857335e+00 
2.4056974215e-10 1.2440645025e+04 7.9899922211e-01 
1.5231633863e-07 1.1415260618e+04 6.0464070471e-01 
7.6896514594e-08 1.6661118340e+04 1.0410304420e+00 
6.4657428200e-08 1.2023939615e+04 4.1733087668e-01 
4.4170216506e-08 1.2044207408e+04 8.9980651597e-01 
5.9790373411e-07 1.1611600323e+04 3.6077072403e-01 
7.0499152391e-08 1.1691808181e+04 8.5085366186e-01 
1.3614872935e-09 1.1376733371e+04 7.8190208154e-01 
2.3521169847e-09 1.3504536495e+04 1.1474982751e+00 
1.7523998841e-08 1.1265607382e+04 1.8230151000e-01 
1.8478404848e-07 1.2587931318e+04 1.9707818867e-01 
1.8129157383e-08 1.2319145235e+04 5.4880940400e-01 
9.3557767399e-09 1.3739389945e+04 1.1952229767e+00 
4.4834194677e-10 1.5641859048e+04 1.3769159231e+00 
