2.9219541800e-05 8.7748517871e-01 
1.0127699810e-05 1.0000000000e+00 
5.5154706303e-06 9.0578168454e-01 
6.8967919829e-05 8.6971972550e-01 
1.1185222513e-04 8.6958782149e-01 
2.1736244869e-05 8.5165777645e-01 
3.7821234751e-05 8.8427886565e-01 
1.7724322451e-05 8.7941302340e-01 
3.5274285209e-05 8.7748487209e-01 
8.4916253936e-06 8.8131424993e-01 
4.2733718273e-05 8.7960291187e-01 
1.8000368203e-05 8.8596845233e-01 
2.6018962029e-05 8.4223548786e-01 
1.5133010209e-05 8.5896090492e-01 
1.0125407413e-04 8.6134969170e-01 
1.4919484832e-05 8.8488322385e-01 
1.2852063249e-05 1.0000000000e+00 
1.2325224008e-05 8.9175757808e-01 
8.3290138984e-06 1.0000000000e+00 
1.8468438532e-05 8.4645300731e-01 
2.3420184175e-05 1.0000000000e+00 
1.7062610929e-05 8.8790281699e-01 
7.5562725779e-05 8.6843910064e-01 
5.4275803367e-05 8.7053463811e-01 
4.2598421567e-05 8.6928859757e-01 
4.3116833996e-05 8.4241386348e-01 
9.8807484610e-06 1.0000000000e+00 
1.4656823286e-05 8.8228315981e-01 
1.7397855956e-05 1.0000000000e+00 
1.3458082105e-04 8.7265744922e-01 
1.5237624506e-05 8.8936637221e-01 
8.1110530170e-06 8.9007394052e-01 
8.8014343194e-06 9.0450586296e-01 
1.9121608605e-04 8.6936234215e-01 
4.8103541866e-05 8.7824928054e-01 
1.0309606067e-04 8.7012381013e-01 
2.8940616145e-05 8.8953981207e-01 
8.5738882679e-05 8.7660895598e-01 
4.4225506163e-05 8.7160817279e-01 
3.8850603363e-05 8.7641099395e-01 
3.4069693816e-05 8.7696454744e-01 
7.3059985826e-06 1.0000000000e+00 
7.8519532916e-06 1.0000000000e+00 
2.1094057861e-05 8.7869082437e-01 
2.2315566708e-05 1.0000000000e+00 
4.1738234007e-05 8.8908298217e-01 
1.5693503824e-04 8.7655003485e-01 
8.1641644507e-05 8.6955601376e-01 
2.6307397987e-05 8.7211912240e-01 
7.1598216218e-06 1.0000000000e+00 
3.6415005347e-05 1.0000000000e+00 
1.7184007136e-05 8.5196700678e-01 
4.2002035560e-06 9.0378056012e-01 
1.7272670159e-05 8.9119851306e-01 
3.4551847410e-05 8.4278088997e-01 
8.4296007545e-06 8.9522467351e-01 
8.0107441446e-05 8.6644445688e-01 
1.2910279837e-05 8.8930518871e-01 
5.8723003999e-06 1.0000000000e+00 
9.1627320956e-05 8.6832944135e-01 
1.3738080103e-05 8.9054680462e-01 
6.6063166822e-05 8.6862594626e-01 
1.3860243295e-05 9.0003120220e-01 
3.4205751205e-05 8.7570970527e-01 
2.8363136598e-05 8.7876067352e-01 
1.0420676641e-05 1.0000000000e+00 
1.3987594378e-05 8.9033803370e-01 
9.9840116022e-06 1.0000000000e+00 
1.9248423599e-05 8.8212635487e-01 
1.3706318560e-05 8.5485439751e-01 
6.9975649586e-05 8.6577787907e-01 
3.4267618434e-05 8.8143109799e-01 
7.9106751644e-06 1.0000000000e+00 
3.0359550655e-05 8.7722281646e-01 
7.0668466616e-05 8.9122932947e-01 
1.1921062236e-05 9.0565075562e-01 
1.4937079540e-05 8.6243702901e-01 
3.5646222418e-06 9.0157603688e-01 
8.6191756811e-05 8.6336530999e-01 
7.9567847750e-05 8.7077041978e-01 
7.1341595187e-05 8.7418529744e-01 
3.1074899872e-05 8.8576150954e-01 
4.2977451944e-05 8.7021229786e-01 
2.9162302923e-05 8.4676292273e-01 
1.0524956065e-04 8.6604941955e-01 
2.6552739641e-05 1.0000000000e+00 
3.5390080097e-05 8.7559336657e-01 
9.8642795311e-05 8.6964222721e-01 
5.5607200354e-05 8.7737253585e-01 
1.6401685125e-05 8.8898865680e-01 
5.9383114652e-05 8.7039316705e-01 
9.9316103783e-05 8.6641270697e-01 
3.8193620843e-05 8.7982360908e-01 
2.4370862628e-05 8.8291683971e-01 
4.6263623268e-05 8.7232762754e-01 
2.4909542078e-05 1.0000000000e+00 
5.2495590481e-05 8.7002873800e-01 
4.8232922223e-05 8.7012340936e-01 
6.6520100466e-05 8.8145607036e-01 
5.9510489807e-05 8.6867384500e-01 
5.6019833041e-05 8.7378447941e-01 
2.2087673919e-05 8.6620445447e-01 
4.3079074917e-05 8.7220039075e-01 
3.4949349106e-05 1.0000000000e+00 
1.0417658856e-05 8.9957111396e-01 
1.3155798859e-04 8.6133301317e-01 
9.8775830451e-06 8.9198909934e-01 
3.3046535704e-05 8.8519724534e-01 
2.1664212144e-06 1.0000000000e+00 
9.7631041573e-05 8.6352759943e-01 
1.1044915249e-04 8.6333121076e-01 
3.6343499841e-06 9.0140840857e-01 
1.5958285086e-05 8.7938833153e-01 
5.4476843011e-05 8.7339259336e-01 
4.5955882977e-06 1.0000000000e+00 
2.1893577376e-05 8.4871681207e-01 
2.0707624298e-05 8.8635412676e-01 
2.5874483095e-05 8.7692837418e-01 
7.6049377499e-05 8.7545725567e-01 
1.0266551773e-04 8.6997890256e-01 
7.6706461626e-05 8.7392737357e-01 
8.7899105094e-05 1.0000000000e+00 
7.2428745464e-05 8.6670007326e-01 
7.8462877996e-05 8.7315151474e-01 
1.9795555838e-05 8.8794265495e-01 
4.8254264884e-06 8.9836585086e-01 
1.3812606173e-05 8.8255715543e-01 
7.3321170480e-06 9.0161080316e-01 
2.3394259710e-05 8.4771260888e-01 
1.6438774290e-04 8.5100162739e-01 
4.1372862552e-05 8.7497212845e-01 
2.0861844575e-05 8.5466681074e-01 
1.4858711235e-05 8.8273134989e-01 
2.6122934726e-05 8.7415479983e-01 
7.9202486270e-05 8.6669786123e-01 
2.2052325587e-05 8.4979229647e-01 
1.4886183512e-04 8.6159210295e-01 
4.7006204906e-05 8.7163303613e-01 
8.0612549276e-05 8.7695046818e-01 
2.9047156436e-05 8.5067573028e-01 
1.9283185153e-05 8.8442770037e-01 
2.6429476291e-06 1.0000000000e+00 
1.4231894152e-05 8.9401694904e-01 
1.0193684771e-05 8.9529189502e-01 
3.4217651647e-05 8.7618499014e-01 
2.5191100575e-05 8.7034604202e-01 
3.9585630695e-05 1.0000000000e+00 
8.1538291085e-06 8.9922684448e-01 
2.8577655612e-04 8.5462799568e-01 
7.2225100180e-05 8.6909238986e-01 
3.5084298155e-06 9.0055788000e-01 
5.4002344598e-05 8.7429342687e-01 
6.2982780000e-06 1.0000000000e+00 
1.7448199459e-05 8.4668625536e-01 
2.1481789293e-04 8.4871084064e-01 
1.6325818271e-05 8.8114390574e-01 
1.4992647736e-04 8.5499002802e-01 
5.4626691772e-05 8.7189865568e-01 
4.4636055860e-05 8.4752861385e-01 
2.9627940081e-05 8.8855022260e-01 
1.7111244384e-05 8.9485280706e-01 
2.7496528403e-05 1.0000000000e+00 
3.3348763436e-05 1.0000000000e+00 
4.6228366237e-05 8.7062666852e-01 
3.5311833517e-05 8.8145767539e-01 
5.9446072626e-05 8.4468891814e-01 
3.0597661260e-05 8.8662851752e-01 
9.8556467595e-05 8.7117831976e-01 
1.3724915206e-05 1.0000000000e+00 
1.9311736981e-05 8.4425251578e-01 
2.3169812710e-05 8.7398569405e-01 
2.3311869581e-05 8.8061023674e-01 
1.3786107088e-04 8.5513579023e-01 
2.8755256791e-05 8.4287524460e-01 
3.5299741557e-05 8.8043416301e-01 
2.6130590219e-05 8.9090079804e-01 
5.7766693112e-05 8.7600701260e-01 
6.6392049261e-06 9.0140144856e-01 
2.0747029438e-05 1.0000000000e+00 
3.3198736071e-05 8.7681346105e-01 
1.5209160876e-04 8.6675499078e-01 
1.1544455409e-05 8.9487798859e-01 
1.0973071407e-05 9.0365649290e-01 
9.8265412158e-05 8.7040144637e-01 
4.1127265994e-05 8.8376097268e-01 
3.5493322563e-05 8.7030702600e-01 
2.4936051112e-05 8.8120920173e-01 
9.2538816799e-05 8.6626558507e-01 
1.0260597705e-04 8.5963685154e-01 
1.4468466818e-04 8.5330789302e-01 
1.9838836023e-05 8.8402138051e-01 
2.6756832190e-04 1.0000000000e+00 
2.1269029281e-05 8.9454354972e-01 
6.2311618014e-05 1.0000000000e+00 
2.7148840156e-05 8.8223210374e-01 
3.2597409949e-05 8.7952124754e-01 
8.7319458926e-06 1.0000000000e+00 
8.0174076595e-06 1.0000000000e+00 
5.0337465915e-05 8.7391048600e-01 
2.4049877868e-05 8.8299202324e-01 
2.4847744892e-05 8.7787819515e-01 
1.6846754707e-05 8.8060303316e-01 
1.4041448592e-05 8.8932272229e-01 
5.5890004201e-05 8.5399802689e-01 
6.7871818418e-05 8.7164287157e-01 
1.5954689995e-04 8.7177510491e-01 
4.1706876910e-06 9.0260121632e-01 
1.7435446707e-04 8.6052713284e-01 
7.7288174648e-06 8.9159935901e-01 
1.0586468915e-04 8.6940447688e-01 
2.0930805593e-05 8.5107868805e-01 
2.2589882839e-05 8.7321860340e-01 
1.4871492610e-05 8.8849415636e-01 
9.8523439894e-05 8.7417525539e-01 
9.8947395366e-05 8.4268741202e-01 
2.0968626085e-05 1.0000000000e+00 
4.0008994828e-05 8.7449733669e-01 
7.6267742788e-05 8.7237726860e-01 
8.0401937281e-06 1.0000000000e+00 
2.4168035613e-05 8.8365190886e-01 
5.2460497972e-05 8.7010962688e-01 
6.8466526958e-05 8.7016491082e-01 
1.5827722098e-04 8.5781824431e-01 
3.6110256085e-05 8.8163559750e-01 
3.2972978542e-05 1.0000000000e+00 
6.9196111037e-06 9.0548899451e-01 
6.7891282853e-05 8.7565203723e-01 
2.7724138832e-05 8.7621451767e-01 
3.3614945604e-06 1.0000000000e+00 
8.8515280129e-05 8.7263332873e-01 
3.4345933938e-05 8.6122156549e-01 
2.2831641706e-05 8.7764810941e-01 
3.1255020379e-05 8.7827718459e-01 
8.8438723681e-05 8.7435207163e-01 
1.6136358038e-05 8.8731430368e-01 
4.3177534942e-05 8.6924144732e-01 
6.6932042018e-05 8.7095416778e-01 
3.5265697954e-06 9.0585773963e-01 
1.6409207356e-05 8.7547821694e-01 
1.6058540355e-05 1.0000000000e+00 
1.0141924530e-05 8.9161629146e-01 
5.5472533703e-05 8.6978383447e-01 
4.0226557878e-05 1.0000000000e+00 
6.8710899389e-05 8.6646470152e-01 
2.3574498450e-05 8.8217070352e-01 
2.2561821409e-05 8.7620797486e-01 
2.0351697390e-05 8.7653051217e-01 
1.7485454099e-05 1.0000000000e+00 
7.9416885827e-06 1.0000000000e+00 
3.1893673883e-05 8.8219703237e-01 
9.9077648660e-06 8.8759753548e-01 
1.2080991468e-05 8.9382480326e-01 
2.0562202280e-04 8.5516374610e-01 
9.5833928918e-06 8.9335069259e-01 
3.1651470638e-05 8.7373646934e-01 
4.1715534560e-05 8.7520160977e-01 
1.9805985068e-04 8.5793390160e-01 
6.0574677370e-05 8.4068100833e-01 
7.1489139534e-06 8.9755258120e-01 
1.8509581839e-05 8.8166052464e-01 
1.5259332168e-04 8.6284403338e-01 
2.2928164324e-05 8.7728928260e-01 
3.2358983204e-05 8.7587519838e-01 
7.9017832113e-05 8.6346210625e-01 
2.3190016110e-04 8.7023864158e-01 
3.2596259589e-05 8.6668457308e-01 
6.2230162021e-05 8.7857406946e-01 
3.7316049160e-05 1.0000000000e+00 
8.4485925465e-05 8.6738193581e-01 
3.1760042871e-05 8.7743305924e-01 
1.3307455062e-05 8.9642426698e-01 
2.1112280265e-05 8.7704662317e-01 
3.4631926568e-05 8.7679058039e-01 
2.2346333389e-05 8.8203172317e-01 
7.8943055788e-05 8.6923413916e-01 
1.6013300588e-05 1.0000000000e+00 
9.9384669781e-05 8.6541195812e-01 
2.5383530988e-05 8.8078195070e-01 
3.1642009111e-05 8.6993505272e-01 
2.7872796845e-05 8.7835909897e-01 
6.6083378895e-05 8.6738928979e-01 
6.9504755955e-06 1.0000000000e+00 
1.9417509513e-05 8.4739450243e-01 
5.4877337000e-05 8.6857727074e-01 
9.5765350756e-05 8.6900243975e-01 
1.2169378726e-05 1.0000000000e+00 
9.2197011235e-05 8.6254834498e-01 
7.0956243442e-05 8.6500356933e-01 
3.4619549924e-05 8.7833073295e-01 
4.5018121632e-05 1.0000000000e+00 
7.4792603963e-05 8.6642049872e-01 
1.6708604516e-05 8.7700370272e-01 
9.9681532337e-05 8.8027311620e-01 
2.1134004783e-05 8.8356115200e-01 
4.3428526556e-06 1.0000000000e+00 
2.2882083453e-05 9.0207732692e-01 
6.1905510995e-05 8.6691411381e-01 
6.4947473407e-05 8.6906637988e-01 
1.9752803473e-05 8.9090222268e-01 
3.6408282491e-06 9.0125576517e-01 
4.6582603492e-05 8.9105735052e-01 
3.3240083662e-05 8.7622119774e-01 
2.4715909194e-05 8.7725973735e-01 
4.6136642221e-06 9.0580901451e-01 
4.9251401978e-05 1.0000000000e+00 
1.2725384620e-05 8.4884327404e-01 
8.6094588075e-06 8.9592848422e-01 
1.6783643109e-05 8.6684115232e-01 
5.6959769017e-06 9.0494700764e-01 
4.1894915496e-05 8.7548257843e-01 
1.9703409232e-05 9.0440866976e-01 
1.7899275979e-04 8.6286826087e-01 
3.0678718328e-05 8.7169414969e-01 
2.1843595112e-05 8.7937294207e-01 
6.2799905990e-05 8.6822760036e-01 
7.3728222737e-06 1.0000000000e+00 
3.1165426068e-05 8.7513650936e-01 
5.4834640548e-05 8.7352433526e-01 
7.7383953644e-06 1.0000000000e+00 
4.1009321927e-06 9.0304303937e-01 
7.0451942358e-05 8.6655848674e-01 
1.8992260802e-05 1.0000000000e+00 
1.5929849459e-05 8.9050656573e-01 
1.3743507232e-05 8.8131137145e-01 
2.6754495983e-05 8.8289917744e-01 
1.6143997448e-05 8.9186097870e-01 
8.7254698489e-05 1.0000000000e+00 
2.9464071690e-05 8.8564554983e-01 
6.5647869397e-06 1.0000000000e+00 
3.8553628893e-05 8.7012018238e-01 
7.9058558952e-06 1.0000000000e+00 
1.4337762586e-05 8.6538544137e-01 
1.9668690509e-05 1.0000000000e+00 
1.4821894282e-05 8.5292440462e-01 
1.7336400379e-05 8.8601945380e-01 
6.3944416195e-05 8.7595389303e-01 
4.4185491026e-06 1.0000000000e+00 
3.1993233792e-05 8.8514227678e-01 
5.0748664492e-05 1.0000000000e+00 
3.4061267299e-05 8.5594668081e-01 
5.7498215297e-05 8.8173744086e-01 
8.9798169128e-06 8.9822230099e-01 
9.8714361962e-06 9.0584441514e-01 
7.0739756090e-05 8.8733570018e-01 
1.5473050592e-04 8.6347116753e-01 
1.9455826482e-04 8.4758851755e-01 
2.8985134439e-05 8.8693522362e-01 
4.1779256789e-05 8.7434981477e-01 
1.3399094281e-05 8.6649494012e-01 
9.8505570895e-06 1.0000000000e+00 
8.0180851391e-06 9.0069686389e-01 
7.8004343266e-06 8.9577068134e-01 
3.3564565519e-05 8.4235634821e-01 
2.2641604402e-05 8.7144873459e-01 
1.9684712671e-05 1.0000000000e+00 
2.8743186516e-05 8.8971907451e-01 
3.4962089560e-05 8.7580573085e-01 
8.1894415778e-06 1.0000000000e+00 
1.9492311629e-05 8.8142554263e-01 
5.1515383958e-05 8.8804861093e-01 
4.6813500557e-06 1.0000000000e+00 
4.8295114404e-05 8.7051802331e-01 
2.9757446363e-05 8.7920557036e-01 
4.3549531708e-05 8.8039459721e-01 
1.6841565293e-05 8.8744237158e-01 
1.6804783345e-04 8.5630111640e-01 
3.9099212517e-06 1.0000000000e+00 
7.7637231546e-05 8.6493148190e-01 
2.7832297127e-05 8.6596268864e-01 
2.5164841310e-05 8.8143278960e-01 
1.4951211100e-05 8.8721384520e-01 
3.0333512714e-05 8.8693315796e-01 
2.8974237437e-05 8.8060631094e-01 
1.7334171780e-04 8.6777906714e-01 
3.0209378165e-05 8.7593538474e-01 
3.2919053965e-06 1.0000000000e+00 
5.0464903373e-05 8.7036519007e-01 
1.0510853926e-04 8.6345778058e-01 
1.4459305571e-05 1.0000000000e+00 
8.8179028598e-06 8.8884738292e-01 
8.4410082992e-06 1.0000000000e+00 
1.7866982945e-05 1.0000000000e+00 
1.2402544999e-05 8.9154121448e-01 
9.5264733118e-06 1.0000000000e+00 
1.4792782809e-05 8.9066395281e-01 
4.3715949075e-05 8.7120360695e-01 
2.0220634534e-05 8.6113580129e-01 
6.7841850071e-05 8.6755730738e-01 
3.3312680858e-05 8.7827909457e-01 
2.2370452982e-05 8.7686405146e-01 
5.4020665149e-05 8.7424835920e-01 
6.8941818557e-06 8.9780032496e-01 
4.0773387882e-06 9.0136962178e-01 
3.2060430172e-05 8.8760603042e-01 
6.6329808470e-05 8.7370844520e-01 
2.5605079050e-05 8.7929656944e-01 
1.5191951884e-05 1.0000000000e+00 
1.0962194082e-04 8.7171635589e-01 
3.2321135439e-05 8.7578435056e-01 
5.7538511838e-05 8.7491600928e-01 
9.8462487646e-05 8.7946921361e-01 
4.6689053544e-05 8.7352270797e-01 
2.9572825652e-05 8.7799706400e-01 
1.4923429392e-05 8.8158340024e-01 
8.7400410168e-05 8.6354217505e-01 
4.1425152132e-05 8.8108959256e-01 
5.7447786024e-06 1.0000000000e+00 
5.7353568894e-05 8.6947608556e-01 
2.3656938666e-05 1.0000000000e+00 
2.4066213604e-05 8.9151450286e-01 
1.8426626919e-05 1.0000000000e+00 
2.6134348304e-05 8.8630747766e-01 
4.3047578864e-05 8.7937848070e-01 
3.7106086214e-05 8.7650819096e-01 
3.7245434195e-05 8.4137275884e-01 
9.0587626018e-06 8.9277408123e-01 
4.5724696084e-05 8.7269111833e-01 
1.2765422121e-05 8.5298914187e-01 
3.2049973684e-06 1.0000000000e+00 
2.0135150644e-05 8.9096298995e-01 
8.0220049828e-06 1.0000000000e+00 
4.6029616823e-06 9.0450549848e-01 
5.1926865925e-05 8.7043939755e-01 
1.7041908044e-05 9.0580830293e-01 
1.9118809282e-05 1.0000000000e+00 
8.6920776647e-05 8.6923153764e-01 
1.8515541061e-05 8.4611318738e-01 
3.3377604131e-05 8.7725419531e-01 
9.7447634148e-05 8.6496900449e-01 
1.1772971276e-05 9.0044271944e-01 
8.2258008095e-05 8.7161415518e-01 
2.2256302087e-05 8.8413759926e-01 
1.0505131013e-05 1.0000000000e+00 
3.2476492161e-05 8.4511716046e-01 
1.4691487311e-04 8.5747110481e-01 
1.8545615582e-05 8.8594808791e-01 
2.6886635981e-05 8.8384421979e-01 
4.6379689689e-05 8.6924091594e-01 
2.6843143109e-05 8.7714483790e-01 
1.3213642059e-05 8.9640547243e-01 
2.1010773641e-05 8.8556485138e-01 
6.3263723924e-05 8.7175068592e-01 
5.9508253065e-05 8.7014322324e-01 
2.5849311248e-05 1.0000000000e+00 
3.0592765113e-05 8.6934402811e-01 
4.6785075510e-05 8.7775049327e-01 
4.7039251134e-05 8.6994688599e-01 
3.8811050177e-05 8.7486600733e-01 
9.2096751419e-05 8.4292866246e-01 
7.1641797581e-05 8.6998200274e-01 
1.6048894396e-05 1.0000000000e+00 
4.3578866512e-05 8.7672869173e-01 
2.4101198221e-05 8.8187778100e-01 
3.8949309635e-05 1.0000000000e+00 
9.3342816818e-06 8.9542134058e-01 
6.5567872181e-05 8.7248751402e-01 
2.5254194709e-05 8.5432689871e-01 
1.1433475553e-04 1.0000000000e+00 
2.6674063833e-05 8.7630699701e-01 
2.6495361148e-05 8.4649683662e-01 
5.8628189238e-05 1.0000000000e+00 
6.9471911873e-05 8.6977580113e-01 
6.6531333192e-05 8.6761088964e-01 
1.1574384890e-05 1.0000000000e+00 
1.6155745880e-04 8.5212859501e-01 
3.8988012919e-05 8.8154188336e-01 
3.1655049386e-05 8.6898382034e-01 
1.1957168348e-04 8.7301704104e-01 
5.9855438769e-06 1.0000000000e+00 
9.9441738350e-06 8.9155616944e-01 
4.0075739173e-05 8.7957593449e-01 
4.6333479755e-05 8.4805681594e-01 
3.8317813432e-05 8.7436449496e-01 
6.0772974115e-05 8.7487372888e-01 
3.3075924079e-05 8.7565936573e-01 
1.1610351305e-05 8.8944944505e-01 
2.8966606646e-05 8.6231707566e-01 
1.4364114660e-04 8.5852437755e-01 
1.2691875556e-04 8.6880507014e-01 
3.2819191295e-05 8.7498621915e-01 
5.9320797085e-05 8.7293244693e-01 
2.6269957746e-05 8.7494013585e-01 
4.9178561878e-05 8.7222787141e-01 
2.3991736048e-05 8.8184192071e-01 
5.0518565716e-06 9.0564697579e-01 
1.9292920964e-05 8.8438214483e-01 
6.9646944831e-06 8.9924991578e-01 
1.2808528924e-04 8.7809769147e-01 
8.8466623129e-05 8.6839908564e-01 
4.6914237100e-05 8.7058790811e-01 
5.4934870820e-05 8.7399860462e-01 
1.0451214891e-04 8.8479938973e-01 
3.4858101427e-05 8.7722322223e-01 
1.7307016028e-05 1.0000000000e+00 
1.4102098832e-04 8.5531018840e-01 
8.4907733050e-05 8.7127971556e-01 
1.0099811705e-05 1.0000000000e+00 
1.8949899149e-05 8.9627296496e-01 
2.7824697613e-04 8.6965084720e-01 
7.0251861092e-05 8.6684504922e-01 
