4.8564814788e-04 0.0000000000e+00 
2.5784790430e-05 2.9344220782e-01 
4.7136641049e-05 2.0795913923e-01 
1.3331483168e-04 6.5453482642e-02 
1.2848096582e-05 1.0000000000e+00 
4.0331365961e-05 1.5045134925e-01 
3.1281537766e-05 1.0000000000e+00 
1.1541527305e-04 4.8529144315e-02 
3.1561350354e-05 1.0157325523e-01 
4.8370396003e-05 0.0000000000e+00 
6.2611787004e-05 2.3785204366e-01 
2.2428856518e-05 0.0000000000e+00 
7.7172246421e-05 8.3586674256e-02 
1.1333327681e-05 1.9714809865e-01 
8.0170310032e-05 9.6546853363e-02 
7.0621253449e-06 1.0000000000e+00 
1.2040564891e-04 6.4108612305e-02 
1.3603279495e-04 0.0000000000e+00 
2.4398250582e-05 3.1271971040e-01 
1.2417541347e-05 0.0000000000e+00 
7.1244497620e-05 1.0501269707e-01 
1.8221689124e-05 2.6769581393e-01 
4.7480422102e-05 0.0000000000e+00 
1.4674238804e-04 3.2679653290e-02 
1.0264293481e-04 1.0207295210e-01 
1.0535220265e-04 1.0076387772e-01 
9.8152970767e-05 8.5022469397e-02 
3.4023226524e-05 0.0000000000e+00 
8.4766985234e-05 9.9904313080e-02 
8.3280514392e-06 1.0000000000e+00 
5.8214751443e-06 1.0000000000e+00 
7.5158758592e-05 2.0879467771e-01 
1.5792192904e-05 4.0234105961e-01 
6.1065641440e-04 0.0000000000e+00 
1.0518275279e-05 3.0612545434e-01 
2.3937544042e-04 0.0000000000e+00 
6.1883229628e-04 0.0000000000e+00 
4.8419307968e-04 0.0000000000e+00 
1.7277658015e-04 1.8307670285e-01 
5.1652354833e-05 1.8102511164e-01 
1.6226933554e-04 0.0000000000e+00 
5.0440382872e-05 9.4824752612e-02 
1.2265654157e-04 1.3797212927e-01 
2.1077657779e-04 0.0000000000e+00 
1.0803855438e-05 2.3157659681e-01 
3.5130485724e-05 2.0351293433e-01 
1.9436302482e-04 0.0000000000e+00 
2.1666745628e-05 5.0489011230e-01 
1.7591753084e-05 2.9823046656e-01 
1.8162610210e-05 1.2199254254e-01 
3.7065437854e-05 2.0442963560e-01 
4.4863525381e-05 5.3792162395e-02 
1.4517249776e-05 2.5490111484e-01 
5.0010435189e-05 0.0000000000e+00 
7.5021382510e-06 2.8374431877e-01 
5.7567421213e-05 1.4499960662e-01 
2.3479479764e-05 2.3793699346e-01 
1.3312470249e-05 1.0000000000e+00 
1.2767991917e-05 1.0000000000e+00 
3.2123592844e-05 2.3750741306e-02 
3.4716617549e-05 3.9001664317e-02 
9.1059579067e-05 0.0000000000e+00 
5.6830675407e-05 0.0000000000e+00 
3.8647871611e-05 2.0664373354e-01 
5.8290281925e-06 1.0000000000e+00 
8.5789474505e-05 7.8358978517e-02 
4.3755358603e-05 0.0000000000e+00 
5.0839416923e-05 1.8076044310e-01 
5.4569441558e-05 1.6369884770e-01 
4.0859934601e-05 0.0000000000e+00 
5.9298401337e-05 2.2875626110e-01 
1.2190561937e-04 0.0000000000e+00 
2.4415958361e-05 2.7138279385e-01 
5.3319112100e-05 0.0000000000e+00 
5.1680004225e-05 0.0000000000e+00 
8.8404559047e-06 2.8941915364e-01 
4.7507646527e-05 0.0000000000e+00 
1.0129643816e-05 5.1809104516e-01 
2.8750434457e-04 0.0000000000e+00 
1.8788872810e-05 2.5374141894e-01 
6.2339846244e-05 1.0000000000e+00 
6.8896775705e-05 0.0000000000e+00 
1.6118748597e-04 1.0420121129e-01 
1.1221862915e-05 1.1686458409e-01 
4.1175646596e-05 1.6916718438e-01 
8.3932518003e-05 0.0000000000e+00 
9.3547446411e-05 8.0477641084e-02 
3.4267696019e-04 0.0000000000e+00 
5.4293432546e-05 1.8282694819e-01 
1.0491965408e-05 1.0000000000e+00 
6.7676549694e-05 0.0000000000e+00 
2.2758361742e-05 1.0000000000e+00 
3.8788311104e-05 0.0000000000e+00 
1.5126342996e-05 1.0000000000e+00 
6.3939808497e-04 0.0000000000e+00 
8.7856619095e-05 1.1853456292e-01 
5.8034510169e-05 0.0000000000e+00 
4.7104348395e-05 1.7558778240e-01 
6.2010176884e-05 1.6047735590e-01 
8.8538924924e-05 7.2755946754e-02 
1.2570321207e-05 3.6448385463e-01 
9.3494198188e-05 1.1466015473e-01 
3.6377577776e-05 1.8864513509e-01 
3.2890593476e-05 0.0000000000e+00 
7.3249614146e-06 1.0000000000e+00 
1.2633928043e-05 3.1473526657e-01 
6.6568009110e-05 1.3680139378e-01 
5.4472142664e-06 1.0000000000e+00 
4.2117549359e-05 1.6628110632e-01 
7.9120839706e-06 4.5852275651e-01 
1.9382217548e-04 0.0000000000e+00 
7.2595911725e-05 0.0000000000e+00 
1.4971474640e-05 2.3794638477e-01 
2.5317233860e-05 2.3640969303e-01 
7.6179846225e-06 1.0000000000e+00 
4.3706569787e-05 1.9651908375e-01 
1.2713903605e-05 1.0000000000e+00 
4.3767026865e-05 1.9341378587e-01 
8.8571387083e-05 9.1517594014e-02 
1.8166725310e-04 9.4012696612e-03 
2.1314295288e-05 5.3776308438e-02 
3.2106973500e-04 0.0000000000e+00 
2.9368497118e-04 0.0000000000e+00 
8.5518549757e-05 1.0840615435e-01 
1.3559875526e-05 1.0000000000e+00 
1.2148202197e-05 2.9679073056e-01 
9.3799292513e-05 8.5924266018e-02 
3.0930408122e-05 1.9147910282e-01 
6.8132086037e-05 1.1765174485e-01 
1.0898007586e-04 9.1713070580e-02 
1.3640221756e-04 3.1926576522e-02 
1.6063053875e-04 0.0000000000e+00 
8.0086097427e-05 7.4480046363e-02 
7.9388958361e-06 1.0000000000e+00 
3.6697777220e-05 0.0000000000e+00 
4.2254644894e-04 0.0000000000e+00 
2.1523013421e-05 2.1651588845e-01 
4.6140950173e-05 0.0000000000e+00 
2.5108837065e-04 0.0000000000e+00 
2.0208568800e-05 0.0000000000e+00 
4.3882546161e-04 0.0000000000e+00 
3.4330737346e-04 0.0000000000e+00 
2.1628286570e-05 2.4274006888e-01 
8.0425167515e-06 2.9547858552e-01 
1.6163849536e-04 0.0000000000e+00 
3.1137730704e-04 0.0000000000e+00 
6.2538380494e-05 9.3312154990e-02 
2.4270052435e-05 2.2053434039e-01 
5.0991660615e-05 0.0000000000e+00 
9.4365112858e-05 0.0000000000e+00 
5.2035819219e-05 0.0000000000e+00 
3.1436100218e-04 0.0000000000e+00 
1.1521939099e-04 6.6813725365e-02 
2.2283448587e-05 2.2315994954e-01 
2.0760294766e-04 4.0169864245e-02 
3.9587015552e-05 1.9371420005e-01 
2.9981912802e-05 1.4555112382e-02 
5.8628329492e-05 0.0000000000e+00 
8.4677131289e-05 9.3954929605e-02 
9.6590178255e-05 1.0821057795e-01 
3.8116896460e-04 0.0000000000e+00 
2.1750721264e-04 0.0000000000e+00 
8.3654215078e-05 7.6550241442e-02 
4.8792950423e-05 1.8045020934e-01 
6.1801150424e-05 0.0000000000e+00 
2.0944930921e-05 0.0000000000e+00 
1.2748741003e-05 2.6402641196e-01 
9.5075511153e-05 1.1572267805e-01 
2.0902624345e-04 0.0000000000e+00 
3.6260354304e-04 0.0000000000e+00 
1.1160212885e-04 7.1460656285e-02 
4.6513968269e-05 0.0000000000e+00 
2.6455928191e-05 1.1449972172e-01 
4.1517831301e-05 0.0000000000e+00 
6.7808224199e-05 0.0000000000e+00 
1.9638814092e-05 3.2015357952e-01 
3.7807074775e-05 1.7988344126e-01 
3.5215174381e-05 3.3881448244e-01 
5.6287541705e-05 1.2790765884e-01 
3.6326096674e-05 0.0000000000e+00 
6.9762724924e-06 1.0000000000e+00 
2.6145085379e-04 0.0000000000e+00 
2.9657888375e-05 0.0000000000e+00 
2.9598516291e-05 2.2483136470e-01 
5.1759105226e-05 1.5711185302e-01 
1.0804578290e-05 1.0000000000e+00 
4.7687145549e-04 0.0000000000e+00 
5.2547199465e-05 2.1636003705e-01 
3.2991317770e-05 3.2088895659e-01 
1.0173878431e-04 1.0362515535e-01 
5.2408881946e-05 1.5087573924e-01 
4.8683716279e-05 0.0000000000e+00 
8.5449821218e-05 1.1418343185e-01 
2.5294757834e-04 0.0000000000e+00 
7.6556467528e-06 1.0000000000e+00 
1.2158890843e-04 1.0000000000e+00 
1.5055349594e-04 3.2968964654e-02 
6.4382558811e-05 1.5559250864e-01 
1.7520020655e-05 1.3600910212e-01 
