4.6951355234e-09 1.4123328619e+04 2.2544889516e-01 7.8000000000e-01 
4.3591699112e-07 1.8173396802e+04 1.0464647176e+00 7.8000000000e-01 
2.0023333729e-05 1.1760616222e+04 4.4789543443e-01 7.8000000000e-01 
1.4010070292e-08 1.1586206157e+04 6.9233821523e-01 7.8000000000e-01 
2.0689627063e-10 1.4188363791e+04 6.2507767185e-01 7.8000000000e-01 
1.0591652784e-05 1.2778648622e+04 4.7761483146e-01 7.8000000000e-01 
2.8730232604e-08 1.6228097296e+04 9.8968197560e-01 7.8000000000e-01 
1.3813096463e-08 1.1980637362e+04 1.3328982031e+00 7.8000000000e-01 
1.7717743632e-07 1.1873057905e+04 2.3381672568e-01 7.8000000000e-01 
5.9612094965e-10 1.4518838998e+04 7.9098994313e-01 7.8000000000e-01 
8.4928769846e-07 2.3754468648e+04 1.0135273915e+00 7.8000000000e-01 
1.7486466770e-06 1.1721122645e+04 1.4226174662e+00 7.8000000000e-01 
1.9287351833e-09 1.2273548557e+04 6.1346843497e-01 7.8000000000e-01 
4.6908279216e-06 1.5573875078e+04 7.7397340234e-01 7.8000000000e-01 
6.3070532764e-07 1.2078268411e+04 1.0478812823e+00 7.8000000000e-01 
9.9202758030e-12 1.3226325707e+04 6.0309625543e-01 7.8000000000e-01 
5.3058672783e-07 2.5000000000e+04 1.1919476264e+00 7.8000000000e-01 
1.1841128774e-05 1.8022492216e+04 7.3523538831e-01 7.8000000000e-01 
9.8094337060e-10 1.7160268600e+04 9.4953350453e-01 7.8000000000e-01 
4.2216564229e-06 2.2447143087e+04 1.0898098028e+00 7.8000000000e-01 
3.9198515478e-09 1.6704601005e+04 1.0543643024e+00 7.8000000000e-01 
2.9883175458e-06 1.6577987140e+04 8.1644602893e-01 7.8000000000e-01 
9.7257735553e-08 1.4032439725e+04 8.0842277477e-01 7.8000000000e-01 
6.2305934453e-07 1.2436227452e+04 6.7012047182e-01 7.8000000000e-01 
1.8799507222e-10 1.1790336855e+04 8.8003360906e-01 7.8000000000e-01 
6.3236519406e-08 1.6849524255e+04 1.1745824127e+00 7.8000000000e-01 
2.3089401836e-08 1.1698857792e+04 7.8809810007e-01 7.8000000000e-01 
1.6456056653e-07 1.5683335481e+04 1.2009966944e+00 7.8000000000e-01 
8.9966963999e-10 1.4696692280e+04 1.2521236324e+00 7.8000000000e-01 
2.2079817254e-09 1.1847080206e+04 3.8976605559e-01 7.8000000000e-01 
1.6864237644e-08 1.4132003544e+04 8.7520572316e-01 7.8000000000e-01 
7.1491898120e-09 1.3299035684e+04 9.7227952826e-01 7.8000000000e-01 
2.5589023317e-10 1.5452742101e+04 4.6687347953e-01 7.8000000000e-01 
1.3115626415e-09 1.6719837205e+04 1.2968417329e+00 7.8000000000e-01 
4.3946690536e-09 1.6091017077e+04 4.3104517415e-01 7.8000000000e-01 
1.9194583754e-06 2.3687425518e+04 1.2135836854e+00 7.8000000000e-01 
1.9555836532e-07 2.2328869957e+04 8.9105560781e-01 7.8000000000e-01 
3.9129332267e-09 1.3088800319e+04 1.0260671219e+00 7.8000000000e-01 
1.6444056795e-09 1.9039290516e+04 3.3955997571e-01 7.8000000000e-01 
3.4397335279e-09 1.1403210455e+04 2.5466815942e-01 7.8000000000e-01 
4.2715667656e-09 1.2677829417e+04 9.0431590891e-01 7.8000000000e-01 
1.5733858667e-08 1.3681849482e+04 6.2204197667e-01 7.8000000000e-01 
6.1032135198e-10 1.2528988347e+04 1.1180644811e+00 7.8000000000e-01 
8.9079280146e-10 1.2862074200e+04 1.2801099086e+00 7.8000000000e-01 
1.3175304158e-05 1.1933868727e+04 1.0132825740e+00 7.8000000000e-01 
2.9580635969e-08 1.1807534652e+04 8.8812500894e-01 7.8000000000e-01 
1.0266262966e-09 1.1847705089e+04 9.3457331588e-01 7.8000000000e-01 
1.4722625663e-09 1.2897159724e+04 1.2829225586e+00 7.8000000000e-01 
1.9842619545e-10 1.6380431854e+04 8.2969411424e-01 7.8000000000e-01 
5.1567304645e-07 1.1439206921e+04 3.0216395230e-01 7.8000000000e-01 
9.8780485719e-11 1.1240445232e+04 1.0248122920e+00 7.8000000000e-01 
1.3335740282e-07 1.1629591483e+04 6.5963964699e-01 7.8000000000e-01 
1.3591032470e-08 2.3429143696e+04 7.2819293988e-01 7.8000000000e-01 
1.7275634064e-08 1.2863919820e+04 1.3681081498e+00 7.8000000000e-01 
4.9550486002e-06 1.2769153118e+04 9.6388836243e-01 7.8000000000e-01 
1.6049691648e-09 2.0524955680e+04 9.7788878485e-01 7.8000000000e-01 
9.3377710266e-09 1.2992027196e+04 9.1046626446e-01 7.8000000000e-01 
4.8798517360e-07 1.1689892313e+04 2.2477981236e-01 7.8000000000e-01 
3.6672800370e-11 1.1776511600e+04 5.2994091006e-01 7.8000000000e-01 
1.3064846780e-08 1.5844658190e+04 1.0695423390e+00 7.8000000000e-01 
2.2751664507e-06 1.5282857972e+04 1.2688404814e+00 7.8000000000e-01 
9.0304461185e-07 1.1581387579e+04 8.9148728919e-01 7.8000000000e-01 
2.9503563639e-09 1.4726346742e+04 1.3662384473e+00 7.8000000000e-01 
1.5407117080e-10 1.1238051709e+04 1.2854954098e+00 7.8000000000e-01 
2.3963601630e-09 2.2932660447e+04 1.2784754717e+00 7.8000000000e-01 
1.2465384229e-07 1.1977125887e+04 6.9006006191e-01 7.8000000000e-01 
1.3898478753e-09 2.4453199654e+04 1.2512041820e+00 7.8000000000e-01 
6.5373702927e-07 1.1244523268e+04 8.1500442256e-01 7.8000000000e-01 
6.7671363686e-10 1.1686129052e+04 1.3825196747e+00 7.8000000000e-01 
3.5692038715e-08 1.4255257813e+04 5.8114316406e-01 7.8000000000e-01 
5.5723888754e-10 1.4847285251e+04 4.5832832776e-01 7.8000000000e-01 
8.9873269582e-08 1.3443207532e+04 7.9031872241e-01 7.8000000000e-01 
1.9322322531e-11 1.8751668541e+04 6.2661199002e-01 7.8000000000e-01 
1.3971500915e-07 1.2611418270e+04 1.1833787824e+00 7.8000000000e-01 
8.5524569358e-11 1.5452824597e+04 4.7657771094e-01 7.8000000000e-01 
2.4019512155e-09 1.7027737585e+04 1.0098096100e+00 7.8000000000e-01 
1.7252315268e-08 1.1271606336e+04 7.5126391368e-01 7.8000000000e-01 
8.6355481607e-11 1.2128017571e+04 3.5201993827e-01 7.8000000000e-01 
1.2680971994e-08 1.2113659556e+04 1.1653294747e+00 7.8000000000e-01 
5.6700923060e-08 1.3395383303e+04 2.6440677637e-01 7.8000000000e-01 
4.7874485437e-09 1.6124174108e+04 6.3009282234e-01 7.8000000000e-01 
3.1987519520e-07 1.7585116563e+04 3.9667577349e-01 7.8000000000e-01 
2.1880750246e-08 1.1691628941e+04 5.9749361470e-01 7.8000000000e-01 
1.4931298456e-06 1.1490937656e+04 9.9439440487e-01 7.8000000000e-01 
4.0585110387e-08 1.1674113452e+04 1.1305093638e+00 7.8000000000e-01 
1.9530376920e-05 1.3843992950e+04 7.5650080655e-01 7.8000000000e-01 
8.9522257038e-09 1.6306247275e+04 8.7931228106e-01 7.8000000000e-01 
3.7135603156e-08 1.7736149351e+04 6.1345871417e-01 7.8000000000e-01 
8.5736497792e-12 1.5608386621e+04 8.0825957233e-01 7.8000000000e-01 
1.0704232484e-07 1.3833359607e+04 1.2068193444e+00 7.8000000000e-01 
4.5145735121e-09 1.1989019448e+04 1.2913105954e+00 7.8000000000e-01 
4.0740500269e-06 2.2211860973e+04 8.5930874101e-01 7.8000000000e-01 
5.7128208374e-08 1.4119496627e+04 9.1446734180e-01 7.8000000000e-01 
9.6303637948e-10 1.6513764367e+04 8.5262969539e-01 7.8000000000e-01 
6.5019256559e-08 1.4422963333e+04 6.0715656941e-01 7.8000000000e-01 
8.1030076719e-08 2.5000000000e+04 1.5358639872e-01 7.8000000000e-01 
1.2656909077e-08 1.4068331880e+04 6.4566268401e-01 7.8000000000e-01 
3.6706916020e-07 2.5000000000e+04 9.4244238437e-01 7.8000000000e-01 
2.8643879382e-09 1.4850912985e+04 8.7030211271e-01 7.8000000000e-01 
2.1484401071e-09 1.4338709475e+04 1.2755219644e+00 7.8000000000e-01 
2.4363037824e-08 1.7619962345e+04 7.8363014065e-01 7.8000000000e-01 
8.3864029670e-08 2.0620936289e+04 4.4110005383e-01 7.8000000000e-01 
3.7652112135e-07 1.1411148554e+04 2.9367280568e-01 7.8000000000e-01 
8.7649607910e-08 1.6083235003e+04 5.0654305837e-01 7.8000000000e-01 
7.7896797548e-08 2.4680758470e+04 1.1695965367e+00 7.8000000000e-01 
2.7840838814e-09 1.1904436731e+04 5.6321142367e-01 7.8000000000e-01 
3.9146858643e-10 1.3734351405e+04 6.6666517971e-01 7.8000000000e-01 
3.1183779636e-09 1.5576864249e+04 2.9474895575e-01 7.8000000000e-01 
1.7114250412e-06 1.7199195681e+04 9.0581458339e-01 7.8000000000e-01 
2.4093972339e-08 1.7876425007e+04 9.4233688957e-01 7.8000000000e-01 
1.0771389073e-09 1.6413969523e+04 5.2319874748e-01 7.8000000000e-01 
3.3183983022e-08 1.1846505695e+04 1.2193806051e+00 7.8000000000e-01 
2.0962840865e-10 1.9756097582e+04 1.0682878322e+00 7.8000000000e-01 
3.0971320932e-11 1.3637355857e+04 7.9967402232e-01 7.8000000000e-01 
2.3607300188e-08 1.2790898956e+04 1.2631718266e+00 7.8000000000e-01 
4.9642027130e-11 2.5000000000e+04 3.8670079193e-01 7.8000000000e-01 
5.4516084407e-07 1.8504630115e+04 3.4009726438e-01 7.8000000000e-01 
9.5637744940e-07 1.1651513908e+04 9.2469171270e-01 7.8000000000e-01 
6.0353028148e-07 1.2648751368e+04 1.3540914268e+00 7.8000000000e-01 
1.2282020901e-06 1.6369764782e+04 2.0431269055e-01 7.8000000000e-01 
3.1373141375e-11 1.9170074698e+04 3.7310546372e-01 7.8000000000e-01 
4.8757648802e-09 1.3254995705e+04 7.0166417640e-01 7.8000000000e-01 
9.3259743175e-11 1.2203889913e+04 3.8180711507e-01 7.8000000000e-01 
1.6350675141e-08 1.4200101106e+04 6.3736615120e-01 7.8000000000e-01 
1.4760294259e-09 1.5212202445e+04 6.6770217796e-01 7.8000000000e-01 
2.5216013695e-11 1.6341933908e+04 3.5435193461e-01 7.8000000000e-01 
4.6329392388e-09 1.1205278939e+04 5.0243723740e-01 7.8000000000e-01 
1.0689631999e-11 1.3417246818e+04 7.2553689328e-01 7.8000000000e-01 
6.1923065913e-10 1.2566923552e+04 5.6248055707e-01 7.8000000000e-01 
2.1044224166e-08 1.2097858207e+04 4.0977563513e-01 7.8000000000e-01 
9.9792554200e-07 1.1795411883e+04 1.4105195552e+00 7.8000000000e-01 
1.2288031967e-11 1.1529681931e+04 7.6324207302e-01 7.8000000000e-01 
1.4526788201e-09 1.2996982117e+04 7.3474428248e-01 7.8000000000e-01 
2.9282264029e-06 1.6657695409e+04 7.7784392815e-01 7.8000000000e-01 
3.1792043164e-07 1.3852636668e+04 9.7484990110e-01 7.8000000000e-01 
1.7059875612e-07 1.3011723913e+04 7.7362179364e-01 7.8000000000e-01 
6.2947429496e-09 1.2849324898e+04 8.5060033358e-01 7.8000000000e-01 
9.6092443993e-08 1.2622784816e+04 5.6149577283e-01 7.8000000000e-01 
4.3700756794e-10 1.6887671896e+04 1.1814914663e+00 7.8000000000e-01 
4.7496011626e-09 1.5021663357e+04 6.9262363365e-01 7.8000000000e-01 
9.0079991501e-06 1.1704026319e+04 3.4183116779e-01 7.8000000000e-01 
2.8548652038e-10 1.2269554562e+04 9.0277004972e-01 7.8000000000e-01 
2.1032581366e-11 1.5548623453e+04 1.0724182124e+00 7.8000000000e-01 
4.3656509832e-11 1.1561052739e+04 9.0784781976e-01 7.8000000000e-01 
9.7223537348e-11 1.6037154106e+04 1.1471671267e+00 7.8000000000e-01 
2.6950718334e-11 1.1511330335e+04 3.7974018166e-01 7.8000000000e-01 
4.6826006206e-11 1.1544718655e+04 1.0472902091e+00 7.8000000000e-01 
9.0869438293e-10 1.2172330295e+04 7.1385489674e-01 7.8000000000e-01 
8.9075587190e-11 1.9357782903e+04 1.1527359167e+00 7.8000000000e-01 
1.7201953675e-10 1.5731091587e+04 4.5396724074e-01 7.8000000000e-01 
2.3859125187e-08 1.2739225926e+04 1.3037075274e+00 7.8000000000e-01 
1.0324717448e-09 1.3208874795e+04 1.0672474757e+00 7.8000000000e-01 
6.1936953366e-09 1.5988250024e+04 7.0945116462e-01 7.8000000000e-01 
9.8116776688e-07 1.3047018837e+04 1.0068782550e+00 7.8000000000e-01 
9.6930487069e-08 1.4556733089e+04 1.2147215038e+00 7.8000000000e-01 
1.5630576095e-08 1.2087647526e+04 4.4463635658e-01 7.8000000000e-01 
6.7861469771e-11 1.2561355464e+04 3.7933645116e-01 7.8000000000e-01 
2.6291323064e-06 1.3697253005e+04 1.8788530735e-01 7.8000000000e-01 
1.1418794475e-08 1.5503845289e+04 9.3238788012e-01 7.8000000000e-01 
8.7276286678e-07 1.1633534287e+04 7.1403380326e-01 7.8000000000e-01 
1.8252577553e-07 1.2343276134e+04 6.9638752777e-01 7.8000000000e-01 
1.6220489834e-10 1.1856372139e+04 9.8428880078e-01 7.8000000000e-01 
1.4672758539e-07 1.9078198917e+04 8.8887532939e-01 7.8000000000e-01 
2.1355014257e-06 1.7712125623e+04 5.1107896215e-01 7.8000000000e-01 
8.3438222526e-09 1.3716990496e+04 1.1530364221e+00 7.8000000000e-01 
9.1386810682e-10 2.5000000000e+04 1.0861079313e+00 7.8000000000e-01 
1.1600191032e-08 1.2463606987e+04 1.2493589798e+00 7.8000000000e-01 
3.1883438287e-09 1.2005383820e+04 1.9747039139e-01 7.8000000000e-01 
1.6659561425e-10 2.5000000000e+04 6.9420129051e-01 7.8000000000e-01 
8.4796986994e-08 1.6455423450e+04 1.0765740247e+00 7.8000000000e-01 
1.0417957115e-08 1.6285578640e+04 8.5288253323e-01 7.8000000000e-01 
9.8748443061e-10 1.4416360317e+04 5.8143275531e-01 7.8000000000e-01 
1.9195150562e-06 1.9099813840e+04 6.6041369494e-01 7.8000000000e-01 
3.7807016584e-12 1.4589721059e+04 5.8895364759e-01 7.8000000000e-01 
4.7939943115e-08 1.2430336593e+04 1.4428170543e+00 7.8000000000e-01 
1.1457023857e-08 1.3584680880e+04 8.0337671872e-01 7.8000000000e-01 
3.2838489023e-07 1.5318866608e+04 1.3502366106e+00 7.8000000000e-01 
7.1207917695e-09 1.7930435156e+04 1.3457559605e+00 7.8000000000e-01 
8.7883231095e-11 1.4208630995e+04 1.1229924611e+00 7.8000000000e-01 
1.1088763292e-07 1.3685695659e+04 6.1259558521e-01 7.8000000000e-01 
5.9324085312e-11 1.2427524714e+04 7.9016799712e-01 7.8000000000e-01 
3.6288734877e-09 1.5627563971e+04 1.0316025910e+00 7.8000000000e-01 
6.4730666011e-08 1.4328146420e+04 6.5280693658e-01 7.8000000000e-01 
1.8974420265e-10 1.2220236502e+04 5.7658694528e-01 7.8000000000e-01 
3.6312617938e-08 1.5295370520e+04 1.0125040399e+00 7.8000000000e-01 
5.5618863109e-10 1.7431591062e+04 1.1989424494e+00 7.8000000000e-01 
1.9519707078e-09 1.4387517296e+04 9.2038520668e-01 7.8000000000e-01 
2.8501390583e-06 1.3965296561e+04 5.1201618340e-01 7.8000000000e-01 
2.1105217330e-08 1.7736440589e+04 1.3292133598e+00 7.8000000000e-01 
5.1753182812e-11 2.3592195949e+04 1.4989551501e-01 7.8000000000e-01 
1.9814292901e-06 1.2169002277e+04 1.0914828586e+00 7.8000000000e-01 
3.0755101325e-10 1.5502259012e+04 3.2646491592e-01 7.8000000000e-01 
8.5587528125e-08 1.3555221164e+04 1.2465223229e+00 7.8000000000e-01 
5.9771697406e-10 1.2187091126e+04 7.4047763098e-01 7.8000000000e-01 
2.0920767173e-10 1.7388641296e+04 5.0083978210e-01 7.8000000000e-01 
6.6203748830e-08 1.2973797901e+04 1.0830627373e-01 7.8000000000e-01 
1.5547701231e-08 1.4419970430e+04 9.9928769851e-01 7.8000000000e-01 
4.7844117296e-09 1.2610756172e+04 1.2135092796e+00 7.8000000000e-01 
7.0367914649e-08 1.7122648321e+04 8.2659516762e-01 7.8000000000e-01 
7.6233370247e-09 1.3388906857e+04 5.9185489908e-01 7.8000000000e-01 
1.6937284328e-06 1.2366096003e+04 7.5323231463e-01 7.8000000000e-01 
4.4743498717e-07 1.5662863583e+04 3.1749390051e-01 7.8000000000e-01 
1.5745229883e-08 1.3458188321e+04 1.1012518938e+00 7.8000000000e-01 
2.0659913574e-09 1.3755649610e+04 8.1269019826e-01 7.8000000000e-01 
3.1463448681e-07 1.2506727194e+04 4.1207437315e-01 7.8000000000e-01 
7.7413206367e-10 1.4656411890e+04 1.1506183092e+00 7.8000000000e-01 
2.0622186905e-08 1.1931023050e+04 9.1254839443e-01 7.8000000000e-01 
4.9652966334e-09 1.5141349269e+04 1.5395263517e+00 7.8000000000e-01 
2.1871587968e-09 1.4577561786e+04 7.2248341396e-01 7.8000000000e-01 
3.2138122493e-09 2.1707533580e+04 6.7165717607e-01 7.8000000000e-01 
7.3929624394e-11 1.5640208011e+04 4.3851430105e-01 7.8000000000e-01 
1.3426845002e-09 1.6088586983e+04 7.4400077195e-01 7.8000000000e-01 
9.0478122674e-10 1.2079946437e+04 5.8812417960e-01 7.8000000000e-01 
4.1344290046e-08 1.1674754450e+04 1.2567142336e+00 7.8000000000e-01 
2.2737758280e-07 1.3622815637e+04 9.5190013883e-01 7.8000000000e-01 
3.3891775952e-06 1.7064694087e+04 5.4036265801e-01 7.8000000000e-01 
8.1156966449e-11 2.5000000000e+04 8.3937412497e-01 7.8000000000e-01 
1.2533990865e-08 1.2761779124e+04 7.1370199903e-01 7.8000000000e-01 
9.1442459640e-11 1.2073779085e+04 1.2119550104e+00 7.8000000000e-01 
4.0289021912e-07 1.1908374680e+04 4.5859896364e-01 7.8000000000e-01 
1.8386017857e-09 1.2429332686e+04 8.0954154197e-01 7.8000000000e-01 
6.3747662504e-08 1.2712725701e+04 5.8366628333e-01 7.8000000000e-01 
4.5106287138e-12 1.7580969588e+04 9.9341268167e-01 7.8000000000e-01 
7.3774856047e-10 1.2979019835e+04 8.4543715288e-01 7.8000000000e-01 
6.7288993846e-08 1.2664931914e+04 5.8982997331e-01 7.8000000000e-01 
4.9588218658e-11 1.4876729367e+04 1.2677447814e+00 7.8000000000e-01 
4.1902607047e-11 1.1566671526e+04 1.4230180591e+00 7.8000000000e-01 
1.5008264292e-07 1.7547136901e+04 1.3518362124e+00 7.8000000000e-01 
9.2806270503e-10 1.1389467304e+04 1.0367232290e+00 7.8000000000e-01 
2.6713020497e-07 1.4970592936e+04 4.6016057778e-01 7.8000000000e-01 
3.6392014939e-09 1.2643195527e+04 7.0126520816e-01 7.8000000000e-01 
8.8739300961e-11 1.1913561584e+04 6.8797517739e-01 7.8000000000e-01 
2.5014358629e-07 1.3540845512e+04 8.8847653341e-01 7.8000000000e-01 
3.8812473128e-08 1.4436601250e+04 9.9243541894e-01 7.8000000000e-01 
7.6657404382e-09 1.1656342710e+04 6.1613616954e-01 7.8000000000e-01 
2.7393684143e-08 2.2210273416e+04 3.9930624342e-01 7.8000000000e-01 
9.2733091558e-11 1.5070136569e+04 4.6735502152e-01 7.8000000000e-01 
1.6736843495e-05 1.2887145030e+04 8.7373652919e-01 7.8000000000e-01 
4.4550977433e-09 1.7206957890e+04 4.4124210626e-01 7.8000000000e-01 
1.3127553926e-11 1.2701388988e+04 2.5461311197e-01 7.8000000000e-01 
5.2616040996e-10 1.1258190237e+04 5.4894857033e-01 7.8000000000e-01 
1.7835750790e-08 1.2171017851e+04 9.2033030989e-01 7.8000000000e-01 
1.7707440464e-07 1.4765684733e+04 5.7893442178e-01 7.8000000000e-01 
2.6780287852e-09 1.1570356859e+04 2.2435969083e-01 7.8000000000e-01 
1.7939846164e-08 1.2424652569e+04 2.7442671232e-01 7.8000000000e-01 
2.8610682131e-07 2.5000000000e+04 9.4083993635e-01 7.8000000000e-01 
3.7575966998e-09 1.5432493067e+04 7.5249888719e-01 7.8000000000e-01 
1.9955107050e-10 1.3662961768e+04 1.1478586573e+00 7.8000000000e-01 
1.2999942325e-07 1.3383533148e+04 9.1106410082e-01 7.8000000000e-01 
1.8675770865e-09 1.2707481865e+04 1.0081916284e+00 7.8000000000e-01 
2.9031517814e-09 1.3504233581e+04 1.0474066930e+00 7.8000000000e-01 
9.9974791846e-09 1.1813305875e+04 4.9202390798e-01 7.8000000000e-01 
1.5727995879e-10 1.6826371127e+04 3.7332958860e-01 7.8000000000e-01 
2.5059670608e-09 1.1318053761e+04 5.5848687670e-01 7.8000000000e-01 
1.9985585368e-10 1.1515647846e+04 1.3017115792e+00 7.8000000000e-01 
8.3353439140e-09 1.8584803391e+04 1.0353372168e+00 7.8000000000e-01 
1.4545397836e-07 1.2374359561e+04 6.3847548107e-01 7.8000000000e-01 
2.8274226068e-10 1.1364155232e+04 2.0127919678e-01 7.8000000000e-01 
3.1801231192e-08 1.1727747783e+04 7.4971480470e-01 7.8000000000e-01 
2.0586612297e-09 1.3543373547e+04 5.6827228503e-01 7.8000000000e-01 
6.4887169470e-11 1.6023238541e+04 1.0218713654e+00 7.8000000000e-01 
3.8581554053e-09 1.3798378058e+04 6.3231139819e-01 7.8000000000e-01 
1.7457761822e-08 1.6983940266e+04 9.9085962398e-01 7.8000000000e-01 
4.7508594462e-07 1.3510455334e+04 1.1363950149e+00 7.8000000000e-01 
1.4720621712e-05 1.1939110903e+04 7.3184430162e-01 7.8000000000e-01 
1.6811708483e-09 1.1657605325e+04 8.4689124620e-01 7.8000000000e-01 
4.6267038657e-08 1.2178059401e+04 7.3943198714e-01 7.8000000000e-01 
5.9638315851e-06 1.5155242644e+04 7.4757116628e-01 7.8000000000e-01 
4.3149066857e-09 1.1450292543e+04 5.8002861871e-01 7.8000000000e-01 
1.9300940628e-11 1.1826505435e+04 8.3997145489e-01 7.8000000000e-01 
9.3870698149e-09 1.1594570167e+04 8.8972177612e-01 7.8000000000e-01 
7.9407503232e-06 1.2395265328e+04 4.7592225245e-01 7.8000000000e-01 
6.8170295375e-10 1.3322112929e+04 8.5894192593e-01 7.8000000000e-01 
2.6419984368e-09 1.2180980512e+04 1.3246572984e+00 7.8000000000e-01 
1.0654341034e-11 1.4407399625e+04 1.4981112955e+00 7.8000000000e-01 
1.3880224406e-10 2.1747851572e+04 1.3520841406e+00 7.8000000000e-01 
7.9581360558e-11 1.4915076979e+04 9.8769653123e-01 7.8000000000e-01 
1.1439392130e-07 1.2012621727e+04 2.9983566480e-01 7.8000000000e-01 
1.4009733067e-05 1.1324579471e+04 9.7787257971e-01 7.8000000000e-01 
3.7402085281e-08 1.1368522340e+04 3.6370540551e-02 7.8000000000e-01 
9.4018182455e-08 1.2789192128e+04 6.3810541501e-01 7.8000000000e-01 
6.6812135861e-10 1.1553034021e+04 1.2244563356e+00 7.8000000000e-01 
6.6775619017e-10 1.3566651221e+04 1.0502515618e+00 7.8000000000e-01 
2.8523328422e-10 2.5000000000e+04 1.1811672472e+00 7.8000000000e-01 
2.5301971413e-08 1.2949953217e+04 1.4662613300e+00 7.8000000000e-01 
8.6282908105e-10 1.3192279406e+04 7.8620669176e-01 7.8000000000e-01 
1.7451232430e-09 2.1519086216e+04 9.1666075051e-01 7.8000000000e-01 
1.0405336952e-10 1.7749413705e+04 1.1654002198e+00 7.8000000000e-01 
2.5093814694e-06 1.3665290671e+04 9.3286026182e-01 7.8000000000e-01 
7.3363930675e-06 2.3257642514e+04 1.2965267284e+00 7.8000000000e-01 
5.0071517580e-09 1.3490236060e+04 7.5855398877e-01 7.8000000000e-01 
4.1941360787e-10 1.1351417794e+04 7.6155099031e-01 7.8000000000e-01 
1.4463371341e-06 1.5832096695e+04 9.0775372540e-01 7.8000000000e-01 
9.4485900452e-09 1.5888252776e+04 1.7230480872e-01 7.8000000000e-01 
5.8694063328e-11 1.1874285866e+04 6.8588354419e-02 7.8000000000e-01 
1.7605640808e-10 2.5000000000e+04 1.7991155714e-01 7.8000000000e-01 
6.4396001694e-10 1.2991049848e+04 1.0499820655e-01 7.8000000000e-01 
3.8150346342e-07 1.2356906088e+04 3.1575795640e-01 7.8000000000e-01 
7.7798614497e-09 1.1736701316e+04 1.1609101966e+00 7.8000000000e-01 
6.2733893841e-07 1.2166300144e+04 1.4569124510e+00 7.8000000000e-01 
2.0874676921e-06 1.1379871943e+04 1.3481630239e+00 7.8000000000e-01 
2.8747961329e-09 2.0360849805e+04 1.0256485338e+00 7.8000000000e-01 
1.8778162961e-10 1.2032944336e+04 5.3671036963e-01 7.8000000000e-01 
8.6566891768e-10 1.3953192631e+04 4.3014561251e-01 7.8000000000e-01 
1.3799358096e-05 1.3775039684e+04 3.1459030922e-01 7.8000000000e-01 
3.0514120575e-10 1.6239730475e+04 9.6320749266e-01 7.8000000000e-01 
9.1952378773e-09 1.1598783659e+04 1.0002812611e+00 7.8000000000e-01 
4.8377251427e-09 1.3169676645e+04 7.6027565833e-01 7.8000000000e-01 
5.4653831103e-09 2.0834546225e+04 1.0122858773e+00 7.8000000000e-01 
3.2896887366e-10 1.4670419890e+04 7.9834441471e-01 7.8000000000e-01 
4.2501089209e-06 1.8730798143e+04 1.0194447043e+00 7.8000000000e-01 
3.2744801828e-10 1.4659972905e+04 7.4019720204e-01 7.8000000000e-01 
1.5393761442e-06 1.5637127456e+04 8.7871794575e-01 7.8000000000e-01 
8.7689210792e-06 1.4326200894e+04 8.9184873903e-01 7.8000000000e-01 
2.0137415712e-07 1.3779508980e+04 8.4136221369e-01 7.8000000000e-01 
8.4598459131e-11 1.4059151301e+04 1.0982039438e+00 7.8000000000e-01 
3.4181361799e-11 1.1564829212e+04 6.6229663254e-01 7.8000000000e-01 
5.6686470867e-10 1.1648140839e+04 1.0092632894e+00 7.8000000000e-01 
1.0036984847e-07 1.1508465444e+04 9.1351723037e-01 7.8000000000e-01 
1.3700216527e-08 1.3815779283e+04 4.1322967640e-01 7.8000000000e-01 
1.1245757438e-08 1.1332585829e+04 1.1269651863e+00 7.8000000000e-01 
3.0092219694e-06 1.1316241541e+04 8.2805924648e-01 7.8000000000e-01 
7.1448955791e-10 1.4696933646e+04 1.0847201368e+00 7.8000000000e-01 
2.5675105288e-09 1.2806150867e+04 9.5610165460e-01 7.8000000000e-01 
6.9255677232e-10 1.7244266530e+04 6.3950733141e-01 7.8000000000e-01 
1.4688797754e-10 1.6088968772e+04 2.1713368191e-01 7.8000000000e-01 
5.0338352364e-10 1.3502991069e+04 1.2867647676e+00 7.8000000000e-01 
2.5880316535e-08 1.5412858160e+04 6.8183116979e-01 7.8000000000e-01 
6.6350854102e-09 2.1004074845e+04 6.4975474018e-01 7.8000000000e-01 
2.4602395432e-08 1.4328678077e+04 1.4381665321e+00 7.8000000000e-01 
5.9116163500e-08 1.6096772512e+04 6.1235348185e-01 7.8000000000e-01 
4.4178263384e-09 1.7834445085e+04 7.5308926650e-01 7.8000000000e-01 
2.5052721353e-08 1.1851515044e+04 6.5047708901e-01 7.8000000000e-01 
1.4978730809e-10 1.4042235507e+04 6.2543245475e-01 7.8000000000e-01 
1.2165577314e-09 1.1633687582e+04 1.6474630253e-01 7.8000000000e-01 
1.1871387636e-09 1.8835873166e+04 4.9585092675e-01 7.8000000000e-01 
1.4289324463e-09 1.6587505003e+04 6.0493219110e-01 7.8000000000e-01 
1.2142022231e-06 1.1406893224e+04 7.7164501575e-01 7.8000000000e-01 
1.2428525685e-09 1.2320329885e+04 7.9514336343e-01 7.8000000000e-01 
3.2859561334e-10 1.2602203953e+04 5.4648583411e-01 7.8000000000e-01 
3.8263020635e-09 1.2780335349e+04 1.3498111357e+00 7.8000000000e-01 
3.0472018636e-08 1.3601890542e+04 8.0558133330e-01 7.8000000000e-01 
2.2544076160e-07 1.8358445425e+04 1.1738732235e+00 7.8000000000e-01 
1.5724776020e-09 1.3150100663e+04 1.0831062931e+00 7.8000000000e-01 
9.6544967659e-10 1.1714037862e+04 3.9128021100e-01 7.8000000000e-01 
7.0056006126e-10 1.2832432822e+04 4.3744965803e-01 7.8000000000e-01 
1.0864465718e-10 1.2018671674e+04 5.6593450817e-01 7.8000000000e-01 
6.5350903821e-10 1.1275687406e+04 1.5502543870e-01 7.8000000000e-01 
1.9155331635e-07 1.2956082805e+04 1.5139335418e+00 7.8000000000e-01 
4.5615816918e-06 1.3407839188e+04 1.2463768099e+00 7.8000000000e-01 
2.6431669724e-05 1.8203252708e+04 1.2441972944e+00 7.8000000000e-01 
2.1476778278e-09 1.1454069369e+04 1.1233408843e+00 7.8000000000e-01 
4.3048527792e-10 1.2824551635e+04 7.0901805763e-01 7.8000000000e-01 
5.5729724938e-10 1.6197972273e+04 4.6404034821e-01 7.8000000000e-01 
3.8406324711e-09 2.5000000000e+04 1.2485931789e+00 7.8000000000e-01 
7.5922199412e-09 1.2045045134e+04 5.8602948512e-01 7.8000000000e-01 
5.6412994471e-08 1.4473764990e+04 3.6400737365e-01 7.8000000000e-01 
1.4992855603e-10 1.5047205193e+04 9.0284750554e-01 7.8000000000e-01 
8.4804616297e-08 1.1201679084e+04 9.5627191735e-01 7.8000000000e-01 
9.6812228258e-08 1.6862238985e+04 1.1101265935e+00 7.8000000000e-01 
2.9850942077e-11 1.1411799595e+04 4.1919619080e-01 7.8000000000e-01 
1.0328668565e-07 1.1990301146e+04 6.3555686734e-01 7.8000000000e-01 
3.8917055822e-11 1.1348312496e+04 8.4431973952e-01 7.8000000000e-01 
4.0847564849e-10 1.4307528288e+04 7.2425477814e-01 7.8000000000e-01 
1.0144704096e-08 1.3976096253e+04 5.8140158231e-01 7.8000000000e-01 
1.6786993278e-10 2.0639169063e+04 1.2221708245e+00 7.8000000000e-01 
8.1540634096e-08 1.1663608946e+04 7.4971246993e-01 7.8000000000e-01 
4.0941232423e-09 1.1515456788e+04 4.4942007477e-01 7.8000000000e-01 
7.3056736831e-08 1.1223771315e+04 1.1784452138e+00 7.8000000000e-01 
5.2571207573e-08 1.1432591149e+04 2.7774178212e-01 7.8000000000e-01 
3.5686764119e-06 1.2451079523e+04 8.6081961553e-01 7.8000000000e-01 
4.9024815200e-11 1.1310622326e+04 1.0174635918e+00 7.8000000000e-01 
7.2718258685e-11 1.1526557904e+04 6.9776635206e-01 7.8000000000e-01 
1.1314697593e-08 2.5000000000e+04 4.2265420980e-01 7.8000000000e-01 
4.1335780637e-09 1.2180705674e+04 9.8612994281e-01 7.8000000000e-01 
1.3573864269e-09 1.1270611367e+04 3.0337103346e-01 7.8000000000e-01 
9.2244954162e-09 1.1377887998e+04 6.6964771778e-01 7.8000000000e-01 
1.1887773603e-08 1.1796584902e+04 7.7135862866e-01 7.8000000000e-01 
1.0059464753e-11 1.2124779442e+04 7.3793055607e-01 7.8000000000e-01 
2.7685073034e-10 1.6109969494e+04 7.9972904653e-01 7.8000000000e-01 
1.5197569980e-10 1.3075720557e+04 8.0833399822e-01 7.8000000000e-01 
3.4133633291e-11 1.3064974515e+04 4.4958669676e-01 7.8000000000e-01 
7.2859979334e-12 1.4929882833e+04 1.0745927041e+00 7.8000000000e-01 
6.6270022664e-10 1.3137433467e+04 6.1783606681e-01 7.8000000000e-01 
1.6386821251e-08 2.2031972478e+04 1.0429741206e+00 7.8000000000e-01 
7.8983792850e-10 1.2596067111e+04 8.3996233010e-01 7.8000000000e-01 
1.8146896880e-09 1.3236091635e+04 7.1998479053e-01 7.8000000000e-01 
2.5938549202e-05 1.2344373144e+04 1.3974982814e+00 7.8000000000e-01 
1.6819411433e-09 1.4126822000e+04 2.1016760889e-01 7.8000000000e-01 
1.5712132636e-09 1.1333046224e+04 7.2083914792e-01 7.8000000000e-01 
2.9338205046e-08 1.1378935274e+04 6.0223635758e-01 7.8000000000e-01 
2.0068061224e-09 1.3761383972e+04 1.0885439822e+00 7.8000000000e-01 
1.8272662414e-07 1.2003095458e+04 3.1405608093e-01 7.8000000000e-01 
4.2903592986e-08 1.4035408334e+04 4.8364458310e-01 7.8000000000e-01 
6.8022133873e-06 1.1742287642e+04 5.4838242177e-01 7.8000000000e-01 
2.2131830227e-08 2.5000000000e+04 6.1362728396e-01 7.8000000000e-01 
1.5276379713e-09 1.2710621238e+04 8.4651711401e-01 7.8000000000e-01 
2.3160890671e-08 1.2970683884e+04 7.0963968435e-01 7.8000000000e-01 
3.9414714809e-07 1.7717597617e+04 1.2058691533e+00 7.8000000000e-01 
4.5682836356e-09 1.7914599970e+04 2.7290847969e-01 7.8000000000e-01 
2.7964085589e-09 1.1801918816e+04 3.7539023177e-01 7.8000000000e-01 
2.5520579741e-09 1.3592725878e+04 7.5827929010e-01 7.8000000000e-01 
6.5467985115e-12 1.3163864629e+04 1.2587424652e+00 7.8000000000e-01 
1.1929861368e-06 1.1536622519e+04 1.0160790176e+00 7.8000000000e-01 
9.6446000161e-09 2.0679972184e+04 2.6528577867e-01 7.8000000000e-01 
1.5743844052e-08 1.4851805099e+04 5.4704241550e-01 7.8000000000e-01 
6.8370421899e-06 1.1807551432e+04 1.2480750830e+00 7.8000000000e-01 
2.6558557306e-07 1.2958404075e+04 6.7664957133e-01 7.8000000000e-01 
6.9173782289e-10 1.3835129092e+04 6.7855733221e-01 7.8000000000e-01 
3.5409458586e-10 1.2286402156e+04 9.8424905815e-01 7.8000000000e-01 
2.9369570447e-11 1.2542648704e+04 7.3794689215e-01 7.8000000000e-01 
4.3174741824e-07 1.6768164693e+04 6.2751479750e-01 7.8000000000e-01 
1.0854933913e-05 1.2102942376e+04 9.2626589583e-01 7.8000000000e-01 
1.3377027920e-07 1.1233570117e+04 8.2251886983e-01 7.8000000000e-01 
1.3468198701e-07 2.0332435164e+04 3.2133188022e-01 7.8000000000e-01 
4.6263381321e-09 1.1622573321e+04 6.2033664742e-01 7.8000000000e-01 
2.2382141296e-10 1.6417576116e+04 7.2925523194e-01 7.8000000000e-01 
1.0154414668e-10 1.1260922109e+04 1.0086117803e+00 7.8000000000e-01 
7.0309536191e-07 1.1615514132e+04 1.1488648462e+00 7.8000000000e-01 
3.0651659227e-06 1.1402248834e+04 3.0457201598e-01 7.8000000000e-01 
2.6963734084e-09 2.1287593689e+04 1.1886691731e+00 7.8000000000e-01 
3.2101967400e-10 1.3659597127e+04 1.1889716429e+00 7.8000000000e-01 
7.4608282455e-06 2.0864298229e+04 8.7020026027e-01 7.8000000000e-01 
6.1459304349e-09 1.1216531031e+04 1.3062289197e+00 7.8000000000e-01 
1.2986801003e-05 1.1239492476e+04 4.6758824993e-01 7.8000000000e-01 
1.9358898149e-10 1.2589812678e+04 8.8203302288e-01 7.8000000000e-01 
1.1081765581e-08 1.2780910540e+04 6.7726413965e-01 7.8000000000e-01 
8.5239940108e-10 1.3560782967e+04 4.0280656645e-01 7.8000000000e-01 
4.4040569722e-07 1.4379115614e+04 9.7225440988e-01 7.8000000000e-01 
7.6517746353e-11 1.1397379860e+04 1.1787171942e+00 7.8000000000e-01 
1.5002064447e-08 1.1293155132e+04 9.0236835050e-01 7.8000000000e-01 
2.3356097150e-10 1.3926008138e+04 3.8491618196e-01 7.8000000000e-01 
2.1403036606e-06 1.2114451437e+04 2.9450137393e-01 7.8000000000e-01 
4.4221792876e-09 1.2386501111e+04 7.1899550671e-01 7.8000000000e-01 
2.7452433980e-11 1.4456859124e+04 1.1839080127e+00 7.8000000000e-01 
1.8277652902e-08 1.2109612637e+04 9.1818246836e-01 7.8000000000e-01 
1.6358252890e-09 2.5000000000e+04 7.1915558438e-01 7.8000000000e-01 
2.0720412360e-09 1.6254729460e+04 4.0091547836e-01 7.8000000000e-01 
1.0215419875e-09 1.4602432342e+04 3.7384592518e-01 7.8000000000e-01 
2.8555881610e-07 1.1362930129e+04 6.6645474770e-01 7.8000000000e-01 
2.9933262814e-06 1.9546728142e+04 8.9858717993e-01 7.8000000000e-01 
4.5371088804e-10 1.2237409893e+04 4.0168788059e-01 7.8000000000e-01 
1.4686640416e-09 2.0031291840e+04 6.5626762245e-01 7.8000000000e-01 
9.3522242053e-08 1.3165646035e+04 1.2545721558e+00 7.8000000000e-01 
5.0961581748e-12 1.7135401336e+04 7.9661527076e-01 7.8000000000e-01 
5.8362736430e-11 1.3524689860e+04 4.2174124993e-01 7.8000000000e-01 
7.7449358504e-12 1.4468214805e+04 9.4885258631e-01 7.8000000000e-01 
1.0556568268e-10 1.1571240503e+04 8.9649880866e-01 7.8000000000e-01 
3.3922819719e-08 1.1639948376e+04 3.1274781903e-01 7.8000000000e-01 
2.1454453942e-07 1.3984668117e+04 1.1100885836e+00 7.8000000000e-01 
6.9959224901e-10 1.3057912653e+04 6.0087364353e-01 7.8000000000e-01 
8.4851993523e-06 1.2620344561e+04 7.0553937361e-01 7.8000000000e-01 
1.4568151618e-09 1.3946125004e+04 7.7300369167e-01 7.8000000000e-01 
2.1793141855e-09 1.3143463861e+04 2.3504407797e-01 7.8000000000e-01 
5.5088671748e-09 1.4462199042e+04 8.4589030324e-01 7.8000000000e-01 
1.1746861794e-11 2.1403881622e+04 8.1120299992e-01 7.8000000000e-01 
3.5228303254e-08 2.2499797091e+04 5.1898942610e-01 7.8000000000e-01 
1.1808974588e-07 1.1435882523e+04 1.9898775023e-01 7.8000000000e-01 
4.3025247035e-11 1.4579378013e+04 3.4128462825e-01 7.8000000000e-01 
1.8618789834e-10 1.2775092385e+04 1.1906327548e+00 7.8000000000e-01 
8.2820380328e-09 1.1935635110e+04 1.4183538743e+00 7.8000000000e-01 
3.5930188124e-08 1.2306850823e+04 7.2782863278e-01 7.8000000000e-01 
1.6959377019e-08 1.2654511540e+04 9.7713917057e-01 7.8000000000e-01 
1.4463538477e-09 1.2345682974e+04 3.9068504586e-01 7.8000000000e-01 
3.6088197456e-07 1.3466595714e+04 1.0741503452e+00 7.8000000000e-01 
8.2463512442e-09 1.9607775588e+04 1.2280086574e+00 7.8000000000e-01 
9.8476044036e-07 1.5075351612e+04 1.0362030862e+00 7.8000000000e-01 
1.0273103830e-07 2.3994357233e+04 7.4425552900e-01 7.8000000000e-01 
1.6138406465e-08 1.6502263568e+04 4.4302648642e-01 7.8000000000e-01 
6.5920324712e-10 1.1917871792e+04 1.2913592174e+00 7.8000000000e-01 
1.3371383166e-10 1.3318006111e+04 5.5999944358e-01 7.8000000000e-01 
3.1255457190e-08 1.1355049798e+04 7.9218015071e-01 7.8000000000e-01 
1.7511563209e-08 1.2784859686e+04 1.1918214513e+00 7.8000000000e-01 
1.2861170102e-10 1.1589899075e+04 9.3161722388e-01 7.8000000000e-01 
1.0990162969e-08 1.2692939531e+04 9.1036475309e-01 7.8000000000e-01 
8.7144659419e-11 1.2230706409e+04 7.7130688715e-01 7.8000000000e-01 
2.5562238948e-10 1.6770584641e+04 2.1813858655e-01 7.8000000000e-01 
5.2704993308e-11 1.7027232605e+04 9.1786387628e-01 7.8000000000e-01 
1.7695849285e-08 1.1499232602e+04 6.1976507574e-01 7.8000000000e-01 
2.2225157960e-08 1.1668486028e+04 6.1406596255e-01 7.8000000000e-01 
5.9228437273e-06 1.2900771650e+04 7.5210925070e-01 7.8000000000e-01 
4.9484521225e-09 1.3463712787e+04 8.6431282442e-01 7.8000000000e-01 
6.4229482645e-11 1.3031914181e+04 1.1383101313e+00 7.8000000000e-01 
2.1822590779e-07 1.3099937921e+04 9.0558270274e-02 7.8000000000e-01 
1.2150347270e-05 1.8049066547e+04 1.0263762544e+00 7.8000000000e-01 
3.0146721696e-09 1.4997619365e+04 4.3790985801e-01 7.8000000000e-01 
6.4307859111e-07 1.5506386526e+04 1.4299309510e+00 7.8000000000e-01 
4.5353266467e-08 1.2145203313e+04 1.3487805652e+00 7.8000000000e-01 
3.7232794852e-08 1.2034128146e+04 5.5864171352e-01 7.8000000000e-01 
3.4824687882e-10 1.4420993040e+04 6.9763986917e-01 7.8000000000e-01 
2.1320888993e-09 1.4782054406e+04 8.2870934137e-01 7.8000000000e-01 
2.4373211803e-10 1.3807600827e+04 7.7632824655e-01 7.8000000000e-01 
8.3834352793e-10 1.3012467562e+04 3.0566900256e-01 7.8000000000e-01 
7.3831130340e-08 1.2088084202e+04 3.4584632649e-01 7.8000000000e-01 
3.2900220457e-08 1.1651236637e+04 3.4591555373e-01 7.8000000000e-01 
4.2773544487e-10 1.3335329626e+04 1.0568512223e+00 7.8000000000e-01 
1.3292194300e-09 1.2126385085e+04 4.4518926540e-01 7.8000000000e-01 
1.6825196816e-09 1.1810014155e+04 4.6007523014e-01 7.8000000000e-01 
1.5627887200e-05 1.6489987644e+04 7.6655760695e-01 7.8000000000e-01 
1.2743688459e-09 1.3589906262e+04 7.1011541011e-01 7.8000000000e-01 
