5.2770372487e-11 1.3437546167e+04 5.7781831085e-01 9.0000000000e-02 
3.6699426704e-07 1.5873411631e+04 4.3212401747e-01 9.0000000000e-02 
2.2102380249e-10 1.9362460152e+04 1.4363330969e+00 9.0000000000e-02 
2.9228215854e-07 1.2259446450e+04 8.1538961362e-01 9.0000000000e-02 
8.3882987189e-09 1.2165073475e+04 6.1976858362e-01 9.0000000000e-02 
4.9920134184e-09 2.5000000000e+04 5.5586198526e-01 9.0000000000e-02 
6.8949141651e-10 1.1474611997e+04 1.0800072596e+00 9.0000000000e-02 
4.1193233262e-09 1.1587549377e+04 1.1661431947e+00 9.0000000000e-02 
3.2316702100e-10 1.1424110268e+04 4.1777173003e-01 9.0000000000e-02 
5.3541955807e-09 1.6674583471e+04 8.0227748667e-01 9.0000000000e-02 
7.2995737315e-11 2.0942893334e+04 1.1259641450e+00 9.0000000000e-02 
3.1580211637e-09 1.7140204547e+04 9.7033128566e-01 9.0000000000e-02 
1.2882115107e-09 1.1640341695e+04 2.9731241467e-01 9.0000000000e-02 
6.1466630880e-08 1.2561557512e+04 1.2770403082e+00 9.0000000000e-02 
2.6820004197e-10 1.1414186943e+04 6.0630850077e-01 9.0000000000e-02 
6.4932106739e-10 1.1739012371e+04 7.3005366650e-01 9.0000000000e-02 
4.3387477227e-09 1.5709896400e+04 7.2969412151e-01 9.0000000000e-02 
1.7696955621e-06 2.0516534074e+04 1.2684344753e+00 9.0000000000e-02 
3.1826621819e-09 1.1746906043e+04 9.2624004328e-01 9.0000000000e-02 
1.6688798921e-10 1.1541977255e+04 4.8810166217e-01 9.0000000000e-02 
1.0614277144e-07 1.1690917341e+04 6.4413052720e-01 9.0000000000e-02 
3.3946997513e-08 1.5218747573e+04 1.0030218805e+00 9.0000000000e-02 
6.5882199269e-11 1.5482267202e+04 8.8463316589e-01 9.0000000000e-02 
1.9370042049e-06 1.7097143042e+04 5.7151376287e-01 9.0000000000e-02 
4.5921136434e-09 1.1896265974e+04 9.5412297131e-01 9.0000000000e-02 
4.5251624888e-06 1.2394745570e+04 5.8884230487e-01 9.0000000000e-02 
3.7397620622e-09 1.1347674382e+04 1.1528074432e+00 9.0000000000e-02 
4.8396342989e-07 2.4841117748e+04 8.0567826819e-01 9.0000000000e-02 
9.3439082805e-09 2.4722633653e+04 1.1930919782e+00 9.0000000000e-02 
6.6645296759e-09 2.2639781988e+04 1.4281772566e+00 9.0000000000e-02 
1.4848817617e-06 1.3697506386e+04 1.4090305873e+00 9.0000000000e-02 
9.5251820995e-10 1.1966710745e+04 1.2211672397e+00 9.0000000000e-02 
7.2393613533e-07 1.6807546411e+04 7.5535020505e-01 9.0000000000e-02 
1.1779578828e-10 1.1619758108e+04 6.1951413299e-01 9.0000000000e-02 
2.0894282470e-10 1.1483797425e+04 9.6637242052e-01 9.0000000000e-02 
1.1303331387e-11 1.6752361313e+04 5.5407327308e-01 9.0000000000e-02 
1.8675452842e-09 1.9108480973e+04 1.0737054298e+00 9.0000000000e-02 
4.2268742037e-12 1.4149594215e+04 5.1772547742e-01 9.0000000000e-02 
1.1274068516e-09 1.3647000625e+04 7.9230578152e-02 9.0000000000e-02 
4.2987048530e-10 1.2537925088e+04 8.9448198363e-01 9.0000000000e-02 
1.1151105762e-09 1.5192421861e+04 1.1514347923e+00 9.0000000000e-02 
1.3783395696e-09 1.3093272072e+04 8.0481975355e-01 9.0000000000e-02 
1.8401696092e-09 1.3382239272e+04 1.5589418074e+00 9.0000000000e-02 
3.6157649720e-06 1.1452257817e+04 2.0903552777e-01 9.0000000000e-02 
2.3097075337e-06 1.3191327335e+04 7.0794875914e-01 9.0000000000e-02 
2.5527781134e-08 1.1843229390e+04 6.0258038741e-02 9.0000000000e-02 
9.9912224569e-08 1.4170073816e+04 3.4724487844e-01 9.0000000000e-02 
1.0784918768e-11 1.3429152287e+04 9.3765462221e-01 9.0000000000e-02 
5.0115960837e-12 1.3239441169e+04 2.2206692981e-01 9.0000000000e-02 
1.1552659977e-07 1.3439994989e+04 9.3218647130e-01 9.0000000000e-02 
3.3660197449e-09 1.1265530038e+04 8.1829736835e-01 9.0000000000e-02 
1.3422780285e-11 1.3882951916e+04 1.0066627754e+00 9.0000000000e-02 
1.3073994985e-09 1.4373698736e+04 1.5196619677e+00 9.0000000000e-02 
1.5408643500e-06 1.2687635919e+04 1.2835476295e+00 9.0000000000e-02 
5.4399297998e-08 1.1937324057e+04 4.0702939771e-01 9.0000000000e-02 
2.8782160728e-11 1.1654318710e+04 1.3075354772e+00 9.0000000000e-02 
2.6364973104e-10 1.1266320272e+04 4.4428958775e-01 9.0000000000e-02 
4.2348400004e-08 2.4675550583e+04 6.8218492542e-01 9.0000000000e-02 
3.4786418193e-08 1.2225228359e+04 1.4152611234e+00 9.0000000000e-02 
2.0694684273e-08 1.1692999198e+04 4.4149077365e-01 9.0000000000e-02 
3.4582147963e-08 1.3311828889e+04 1.4779385821e+00 9.0000000000e-02 
6.2855354464e-08 2.2757490063e+04 1.0496798574e+00 9.0000000000e-02 
1.1833792739e-09 1.2888466515e+04 1.3302648025e+00 9.0000000000e-02 
1.0441537382e-06 1.2771892844e+04 6.6597857325e-01 9.0000000000e-02 
1.2775994549e-08 2.0931476409e+04 3.3520119671e-01 9.0000000000e-02 
7.0559937290e-09 1.2243755997e+04 3.4134235433e-01 9.0000000000e-02 
3.9398247056e-07 1.3015388236e+04 6.8351796784e-01 9.0000000000e-02 
4.4258564860e-10 1.2060209140e+04 9.1737865905e-01 9.0000000000e-02 
4.9936645607e-09 1.1364533463e+04 4.7796225692e-01 9.0000000000e-02 
1.3002937014e-08 1.2606822030e+04 6.9801386036e-01 9.0000000000e-02 
1.0245405317e-08 1.2313853097e+04 1.0983211886e+00 9.0000000000e-02 
1.1149241150e-10 1.1633591361e+04 7.2877646115e-01 9.0000000000e-02 
1.9614784104e-06 1.2538411117e+04 1.5367040934e-01 9.0000000000e-02 
6.7113635502e-08 1.2307387540e+04 3.6341197422e-01 9.0000000000e-02 
2.6168494129e-07 1.1801351805e+04 9.8064197801e-01 9.0000000000e-02 
2.7484973313e-06 1.3572425755e+04 8.7673448798e-01 9.0000000000e-02 
1.4660196864e-07 1.7720446014e+04 5.0655029346e-01 9.0000000000e-02 
7.9545360660e-08 1.1707641838e+04 3.0799817907e-01 9.0000000000e-02 
6.0938592850e-10 1.2425365023e+04 9.3530056404e-01 9.0000000000e-02 
1.1839508976e-05 1.1653870571e+04 8.0938853873e-01 9.0000000000e-02 
3.3891602682e-09 2.0335368646e+04 7.0571157086e-01 9.0000000000e-02 
6.0826859482e-10 1.4084306192e+04 4.4023199907e-01 9.0000000000e-02 
3.9884703421e-09 1.4254607009e+04 9.3683410005e-01 9.0000000000e-02 
1.1185759986e-10 1.2322548409e+04 4.3656823081e-01 9.0000000000e-02 
3.9574451198e-10 1.1390366345e+04 6.8848352609e-01 9.0000000000e-02 
3.4707344401e-08 1.2900281919e+04 4.6684487141e-01 9.0000000000e-02 
7.6049389889e-11 1.1634921607e+04 3.1040872627e-01 9.0000000000e-02 
4.7637144498e-08 1.2714906847e+04 7.2516864888e-01 9.0000000000e-02 
1.3759763931e-09 1.3132498399e+04 6.5950296475e-01 9.0000000000e-02 
3.5130378272e-09 1.4163744758e+04 4.0626419823e-01 9.0000000000e-02 
2.8787726814e-08 1.7876888960e+04 1.4366274392e+00 9.0000000000e-02 
1.0746558877e-09 1.3755969494e+04 2.3512875276e-01 9.0000000000e-02 
8.4561830413e-09 1.3955271821e+04 6.0336349331e-01 9.0000000000e-02 
1.1763184063e-08 1.2471404346e+04 6.0295162186e-01 9.0000000000e-02 
3.1317568091e-08 1.5433745291e+04 8.1294185341e-01 9.0000000000e-02 
6.5464503639e-07 1.1847749925e+04 8.2124117053e-01 9.0000000000e-02 
1.1207199611e-07 1.1854790637e+04 6.9881178937e-01 9.0000000000e-02 
5.1398031960e-10 1.4309362102e+04 1.5019680854e+00 9.0000000000e-02 
1.0552005995e-07 1.5206007070e+04 1.1465085632e+00 9.0000000000e-02 
4.1540160718e-09 1.1224927503e+04 8.5690109710e-01 9.0000000000e-02 
1.7706093763e-07 1.2865363077e+04 7.6993695607e-01 9.0000000000e-02 
6.4710100972e-10 1.5163409719e+04 5.0062086694e-01 9.0000000000e-02 
9.3870533198e-07 1.8570995530e+04 6.8072598899e-01 9.0000000000e-02 
4.8559552378e-11 1.2532070879e+04 7.0498472998e-01 9.0000000000e-02 
2.5029645613e-10 2.5000000000e+04 9.3167075315e-01 9.0000000000e-02 
1.5583134407e-06 1.3026064243e+04 1.0596523081e+00 9.0000000000e-02 
9.9767054655e-08 1.2590172974e+04 3.2742831082e-01 9.0000000000e-02 
3.3742688747e-10 1.4359624112e+04 5.8622064735e-01 9.0000000000e-02 
1.6672297318e-07 1.2936514765e+04 1.9781630093e-01 9.0000000000e-02 
1.2860722295e-10 1.4184062222e+04 9.3424866520e-01 9.0000000000e-02 
4.1539828118e-09 1.1473844683e+04 4.3979635934e-01 9.0000000000e-02 
7.4286112652e-07 1.2320779971e+04 5.8896544206e-01 9.0000000000e-02 
4.6769423427e-08 1.3305993788e+04 8.0560793385e-01 9.0000000000e-02 
9.5423946686e-09 1.2743899059e+04 9.9584499670e-01 9.0000000000e-02 
3.1656035433e-09 1.4534778902e+04 2.3750399397e-01 9.0000000000e-02 
4.4282295105e-10 1.2367983429e+04 1.3701647886e+00 9.0000000000e-02 
8.0334994307e-08 1.2899497947e+04 8.2073052368e-01 9.0000000000e-02 
6.4388211509e-09 1.2047827258e+04 8.6797508504e-01 9.0000000000e-02 
9.2655868768e-12 1.5506495045e+04 7.7680214167e-01 9.0000000000e-02 
3.3974302021e-09 1.2355529714e+04 2.9883082226e-01 9.0000000000e-02 
1.7954678724e-07 1.3685179047e+04 1.0035450069e+00 9.0000000000e-02 
1.1726188364e-11 1.5413016939e+04 5.6609662482e-01 9.0000000000e-02 
5.8407593866e-10 1.2790155033e+04 5.3594929063e-01 9.0000000000e-02 
1.1934221941e-08 1.1820113251e+04 7.8034409104e-01 9.0000000000e-02 
1.8785040170e-09 1.1361598800e+04 1.4442894872e-01 9.0000000000e-02 
1.0778835881e-07 1.7299648467e+04 1.1629234300e+00 9.0000000000e-02 
1.5071881077e-11 1.2491730213e+04 5.3309632901e-01 9.0000000000e-02 
2.9764630576e-11 1.1550699105e+04 1.0990255989e+00 9.0000000000e-02 
3.4901254868e-10 1.1652946407e+04 9.1707541439e-01 9.0000000000e-02 
1.9138732371e-10 1.6311300464e+04 6.6605560350e-01 9.0000000000e-02 
6.4955890626e-08 2.5000000000e+04 3.7765851377e-01 9.0000000000e-02 
2.4539876427e-11 1.3923199067e+04 1.1332241626e+00 9.0000000000e-02 
4.8755626924e-08 1.1233564191e+04 7.7968984716e-01 9.0000000000e-02 
7.2662476208e-07 1.3379167054e+04 6.1472460741e-01 9.0000000000e-02 
2.8646033362e-10 1.9760125063e+04 1.0848226735e+00 9.0000000000e-02 
3.5487294913e-09 1.1956364546e+04 1.2222676288e+00 9.0000000000e-02 
1.5799703242e-09 1.3975367467e+04 1.1707914073e+00 9.0000000000e-02 
1.0810547740e-06 1.2298072920e+04 7.7226534171e-01 9.0000000000e-02 
1.5722340346e-10 1.7926787351e+04 9.1358754128e-01 9.0000000000e-02 
1.7945917364e-09 1.4149696169e+04 1.3832454247e+00 9.0000000000e-02 
6.8981789958e-09 1.5713009582e+04 5.0089857055e-01 9.0000000000e-02 
6.1610650785e-08 1.3455024176e+04 9.7572430964e-01 9.0000000000e-02 
3.1247539305e-09 1.2624920040e+04 8.5580188292e-01 9.0000000000e-02 
1.1786996097e-07 1.1265047582e+04 8.6655850430e-01 9.0000000000e-02 
1.7275265938e-08 1.6427916215e+04 1.0312851238e+00 9.0000000000e-02 
3.7513086073e-08 1.5945609564e+04 1.2613115195e+00 9.0000000000e-02 
1.1043257100e-07 2.5000000000e+04 8.0304935391e-01 9.0000000000e-02 
2.3254075599e-11 1.7660206905e+04 1.4992391453e-01 9.0000000000e-02 
4.4831688434e-09 1.4047483468e+04 5.4896894006e-01 9.0000000000e-02 
4.4379717419e-06 1.1243617255e+04 1.1858015427e+00 9.0000000000e-02 
8.2277691316e-09 1.3303769831e+04 1.3905264671e+00 9.0000000000e-02 
2.6167241482e-08 1.5485789630e+04 1.0387175650e+00 9.0000000000e-02 
4.9692078692e-08 1.7305468584e+04 4.8484473436e-01 9.0000000000e-02 
7.9530126589e-07 1.8322150964e+04 1.1409677952e+00 9.0000000000e-02 
1.7035992071e-10 1.3329438606e+04 1.4777202438e+00 9.0000000000e-02 
3.2519351479e-11 2.0498160950e+04 1.0204053239e+00 9.0000000000e-02 
4.5747497153e-11 1.2553828060e+04 6.2385831939e-01 9.0000000000e-02 
2.9211723040e-09 1.4039006188e+04 9.6489024081e-01 9.0000000000e-02 
7.3686874798e-11 1.2004121395e+04 8.1591256787e-01 9.0000000000e-02 
3.5339597345e-08 1.5438791928e+04 9.2264739454e-01 9.0000000000e-02 
2.7456216613e-09 1.1274933838e+04 6.3558838632e-01 9.0000000000e-02 
2.6649062404e-10 1.3695702342e+04 4.5064224673e-01 9.0000000000e-02 
4.6000940363e-10 1.8718328832e+04 1.1613793612e+00 9.0000000000e-02 
8.5726361990e-07 1.3687621222e+04 3.3228490757e-01 9.0000000000e-02 
3.3532187734e-09 1.1361285490e+04 1.3944057575e+00 9.0000000000e-02 
1.9559204793e-10 1.2970849935e+04 6.4520498343e-01 9.0000000000e-02 
5.2956655271e-08 1.1597956704e+04 1.8849664893e-01 9.0000000000e-02 
5.4231758432e-11 1.4843124128e+04 9.2309038174e-01 9.0000000000e-02 
1.3755503478e-09 1.2974806538e+04 8.1769377520e-01 9.0000000000e-02 
2.8637596255e-05 1.3391899824e+04 7.9901585415e-01 9.0000000000e-02 
9.2380033942e-08 1.2658062328e+04 1.3353560903e+00 9.0000000000e-02 
1.7261260804e-10 1.1981723753e+04 1.2613962931e+00 9.0000000000e-02 
3.1310592488e-07 2.4117434668e+04 1.0815015458e+00 9.0000000000e-02 
6.1427502223e-09 1.8789989906e+04 6.0323090701e-01 9.0000000000e-02 
2.5793181243e-09 1.1286509209e+04 6.9967272188e-01 9.0000000000e-02 
1.2427517649e-07 1.5951262028e+04 1.4928725017e+00 9.0000000000e-02 
1.2439394778e-07 1.2470551951e+04 1.2801720056e+00 9.0000000000e-02 
5.5408585435e-11 1.2269609531e+04 5.2219447035e-01 9.0000000000e-02 
3.9931055405e-08 1.2974730895e+04 1.5388126479e+00 9.0000000000e-02 
2.0189397927e-09 1.4636329824e+04 1.2709671292e+00 9.0000000000e-02 
1.1468460628e-08 1.2732614625e+04 1.1383427232e+00 9.0000000000e-02 
4.5731511794e-07 1.1982422808e+04 6.4398742888e-01 9.0000000000e-02 
1.5762201329e-10 1.3414629850e+04 2.1276349087e-01 9.0000000000e-02 
3.3186860325e-10 1.5063782908e+04 2.7857842364e-01 9.0000000000e-02 
6.1071743467e-10 2.4947075142e+04 1.1395437181e+00 9.0000000000e-02 
1.0335107458e-11 1.2816791450e+04 6.6811105046e-01 9.0000000000e-02 
5.5864201313e-10 1.4324593346e+04 5.5502006206e-01 9.0000000000e-02 
4.6471661432e-08 1.7534344450e+04 7.4315518445e-01 9.0000000000e-02 
1.7663245849e-08 1.1916833645e+04 5.7963464200e-01 9.0000000000e-02 
2.7702497511e-10 1.6548941188e+04 1.0535176732e+00 9.0000000000e-02 
2.8989746688e-07 1.6204595350e+04 1.1423386606e+00 9.0000000000e-02 
9.1851539493e-08 1.3226607252e+04 1.3771544089e-01 9.0000000000e-02 
3.4889540960e-10 1.2218722676e+04 8.9399282451e-01 9.0000000000e-02 
6.8287121591e-11 1.3797829859e+04 1.0019781218e+00 9.0000000000e-02 
2.4684864524e-08 1.1811416838e+04 1.0941957949e+00 9.0000000000e-02 
1.3567598755e-10 1.2013640157e+04 7.3336435948e-01 9.0000000000e-02 
9.7009371431e-09 1.1621369374e+04 6.7231892015e-01 9.0000000000e-02 
1.1904229446e-09 2.4650953224e+04 1.1059723610e+00 9.0000000000e-02 
3.6413564300e-09 1.5042990519e+04 5.6460238303e-01 9.0000000000e-02 
6.2975183829e-11 1.6032257777e+04 9.2293707247e-01 9.0000000000e-02 
4.0985645601e-08 1.2833229750e+04 1.2908595531e+00 9.0000000000e-02 
8.1444590386e-11 1.3934304880e+04 1.3434760448e+00 9.0000000000e-02 
1.6014560956e-08 1.3532651317e+04 8.8387065607e-01 9.0000000000e-02 
8.4514015993e-12 1.1392615296e+04 9.8514806763e-01 9.0000000000e-02 
3.9842639095e-10 1.2285852760e+04 1.0530728986e+00 9.0000000000e-02 
2.3392239068e-10 1.2013538519e+04 9.3291154469e-01 9.0000000000e-02 
3.6639372362e-08 1.1654266262e+04 6.5403879421e-01 9.0000000000e-02 
2.1339100910e-10 1.5122441958e+04 1.1123159270e+00 9.0000000000e-02 
3.2828642488e-07 1.3712395009e+04 5.5796416409e-01 9.0000000000e-02 
3.5981176147e-08 1.2693154431e+04 1.1192130130e+00 9.0000000000e-02 
2.1818450735e-11 1.8083028347e+04 7.2933502000e-01 9.0000000000e-02 
2.0461881976e-09 1.5318941331e+04 6.3124213327e-01 9.0000000000e-02 
1.1559134772e-08 1.2823879954e+04 1.3166628476e+00 9.0000000000e-02 
1.9435831440e-08 1.4502986172e+04 6.0101142135e-01 9.0000000000e-02 
6.8942583634e-08 1.1664348288e+04 7.5216911289e-01 9.0000000000e-02 
1.0571338606e-09 1.1251759929e+04 1.0543108411e+00 9.0000000000e-02 
4.8971765965e-09 1.1518213289e+04 7.4419369374e-01 9.0000000000e-02 
2.3765763456e-07 1.1652224491e+04 1.1927768211e+00 9.0000000000e-02 
1.4985888882e-10 1.1590179241e+04 1.2180664567e+00 9.0000000000e-02 
6.4563549743e-10 1.1283115000e+04 4.2955352934e-01 9.0000000000e-02 
7.9889778260e-08 1.1350681273e+04 1.3991581037e+00 9.0000000000e-02 
3.8046260382e-08 1.2378638978e+04 2.9344132822e-01 9.0000000000e-02 
1.7938577559e-06 1.1974284709e+04 5.6913770906e-01 9.0000000000e-02 
9.3202528657e-11 1.5384848650e+04 1.0320334167e+00 9.0000000000e-02 
1.2407524545e-10 1.9249235135e+04 9.5012384708e-01 9.0000000000e-02 
4.2206108354e-10 1.1343910337e+04 3.8693516809e-01 9.0000000000e-02 
1.7332654836e-10 1.5848748769e+04 7.8670122063e-01 9.0000000000e-02 
9.2418692877e-09 1.1230978361e+04 7.5995950728e-01 9.0000000000e-02 
1.2742653565e-08 1.2531125223e+04 7.4918391894e-01 9.0000000000e-02 
2.8014834748e-08 1.2098704750e+04 2.9421316306e-01 9.0000000000e-02 
6.6493629763e-09 1.3625614556e+04 6.2370210659e-01 9.0000000000e-02 
5.9638871165e-09 1.2501207498e+04 9.8182912251e-01 9.0000000000e-02 
5.8483410984e-10 1.2718497174e+04 7.3983946146e-01 9.0000000000e-02 
3.0260763522e-11 1.1835272540e+04 1.3561190132e+00 9.0000000000e-02 
7.3853031452e-10 1.1239366644e+04 1.4851494312e+00 9.0000000000e-02 
8.0289809852e-09 1.4414980808e+04 5.8477485600e-01 9.0000000000e-02 
3.4401110128e-07 1.1624864863e+04 6.5704910641e-01 9.0000000000e-02 
1.3583504190e-07 1.2321505004e+04 4.7714229007e-01 9.0000000000e-02 
1.1254595273e-08 1.2991519356e+04 5.9008263001e-01 9.0000000000e-02 
2.8121068884e-10 1.5614772807e+04 7.7077145733e-01 9.0000000000e-02 
4.6707894596e-11 1.2542388715e+04 8.1380798781e-01 9.0000000000e-02 
1.6800808296e-09 1.2868519729e+04 5.2203098308e-01 9.0000000000e-02 
3.7714035603e-09 2.0532263275e+04 5.4400823964e-01 9.0000000000e-02 
9.8635353475e-07 1.5110696755e+04 6.9033538603e-01 9.0000000000e-02 
8.3146247893e-11 1.1331719162e+04 8.5091622279e-01 9.0000000000e-02 
1.8967728884e-07 1.2334918419e+04 4.8629906435e-01 9.0000000000e-02 
1.8994741615e-11 1.2549764567e+04 5.2105720807e-01 9.0000000000e-02 
8.3071987745e-12 1.2138599538e+04 1.4151578733e+00 9.0000000000e-02 
1.9245974559e-07 1.8215845537e+04 3.7296248809e-01 9.0000000000e-02 
5.1575684821e-06 1.4232741607e+04 4.4700775284e-01 9.0000000000e-02 
2.2807030959e-07 1.4562780817e+04 7.4588482878e-01 9.0000000000e-02 
1.0073173874e-05 1.1204513205e+04 3.6232827554e-01 9.0000000000e-02 
2.4898743566e-08 1.4887532795e+04 6.9893035234e-01 9.0000000000e-02 
2.9863964696e-08 1.1775935589e+04 2.0599982314e-01 9.0000000000e-02 
1.3230682937e-09 1.6357164971e+04 7.4831501819e-01 9.0000000000e-02 
2.2338226370e-07 1.1900379119e+04 4.0664931317e-01 9.0000000000e-02 
2.1526460244e-08 1.2848134897e+04 1.0103044372e+00 9.0000000000e-02 
2.4559204303e-09 1.6168948229e+04 2.6016756654e-01 9.0000000000e-02 
3.3078856569e-09 1.2089239314e+04 6.6024392047e-01 9.0000000000e-02 
3.3677985046e-08 1.3273084997e+04 3.0677719000e-01 9.0000000000e-02 
1.6997559707e-09 1.3704075376e+04 9.1950450771e-01 9.0000000000e-02 
8.4489688982e-11 1.1937744593e+04 6.9856213187e-01 9.0000000000e-02 
6.2025988624e-06 1.2180861880e+04 8.8340394775e-01 9.0000000000e-02 
1.0645573714e-08 1.1261666352e+04 5.1866141746e-01 9.0000000000e-02 
2.1848885199e-05 1.4691557411e+04 3.3199123278e-01 9.0000000000e-02 
3.5783717384e-06 1.1316001861e+04 8.3306549093e-01 9.0000000000e-02 
4.1232202106e-09 1.8704670853e+04 1.0961490292e+00 9.0000000000e-02 
1.4015323751e-08 1.8128977090e+04 9.1640376312e-01 9.0000000000e-02 
2.3098795552e-10 2.5000000000e+04 8.4636252660e-01 9.0000000000e-02 
3.0677005634e-08 1.1482486947e+04 6.6898427616e-01 9.0000000000e-02 
3.3401230845e-08 1.2139030462e+04 6.9105093161e-01 9.0000000000e-02 
1.7417183459e-08 1.3446019229e+04 3.1868128517e-01 9.0000000000e-02 
4.3387410779e-07 1.1252311887e+04 5.5194325658e-01 9.0000000000e-02 
1.7255966085e-08 1.2384120697e+04 2.9554089137e-01 9.0000000000e-02 
3.0188357638e-09 1.1722462346e+04 1.0255483006e+00 9.0000000000e-02 
3.6304366951e-07 1.5814754402e+04 3.3941138494e-01 9.0000000000e-02 
1.1758560625e-09 1.5926360108e+04 4.1338796951e-01 9.0000000000e-02 
8.9622056204e-12 1.3024124049e+04 4.7394057079e-01 9.0000000000e-02 
9.5615874679e-08 1.2769206313e+04 8.4924973197e-01 9.0000000000e-02 
3.6381144880e-08 1.3287022437e+04 2.2161102417e-01 9.0000000000e-02 
2.0864401051e-09 1.4449267383e+04 8.1348016306e-01 9.0000000000e-02 
2.1064570637e-10 1.1242572178e+04 9.2727945792e-01 9.0000000000e-02 
1.2896590701e-10 1.3490656340e+04 7.4714630543e-01 9.0000000000e-02 
9.0309993550e-10 1.3882685726e+04 8.1950807319e-01 9.0000000000e-02 
1.8324136146e-08 1.2396820431e+04 2.5137707778e-01 9.0000000000e-02 
1.2331086834e-08 1.1244644214e+04 1.5299550471e+00 9.0000000000e-02 
2.6450201340e-07 1.2495250349e+04 3.9763634269e-01 9.0000000000e-02 
8.1337866530e-08 1.6788950827e+04 9.2779489748e-01 9.0000000000e-02 
2.7500501514e-07 1.1950494022e+04 6.6307873235e-01 9.0000000000e-02 
5.4785251108e-09 1.6560012983e+04 8.2950292576e-01 9.0000000000e-02 
1.3906121535e-11 1.1647426112e+04 1.0390507123e+00 9.0000000000e-02 
8.5799387654e-09 1.1865073123e+04 7.5670607543e-01 9.0000000000e-02 
3.4883733876e-09 1.3766562999e+04 8.8501814947e-01 9.0000000000e-02 
8.0857763673e-06 1.4517331660e+04 8.6573299590e-01 9.0000000000e-02 
1.4815934926e-09 1.2718170000e+04 8.3313794579e-01 9.0000000000e-02 
1.1923525939e-07 2.1976423490e+04 9.3232117881e-01 9.0000000000e-02 
9.5986928952e-08 1.5098220947e+04 1.4566375587e+00 9.0000000000e-02 
9.1492736451e-08 1.8982625677e+04 4.8089978421e-01 9.0000000000e-02 
8.5882503856e-11 1.3450360947e+04 5.2221916774e-01 9.0000000000e-02 
3.0063932686e-10 1.1524514459e+04 7.2796703445e-01 9.0000000000e-02 
2.9259951218e-08 1.3954480319e+04 6.9706553917e-01 9.0000000000e-02 
1.3585292185e-11 2.0447941486e+04 6.6900635820e-01 9.0000000000e-02 
4.9442431326e-12 1.2605731420e+04 8.9903359711e-01 9.0000000000e-02 
5.8641520076e-08 1.1670027385e+04 6.2200849621e-01 9.0000000000e-02 
1.3459861683e-08 1.6480691264e+04 7.6984584822e-01 9.0000000000e-02 
3.3777283965e-09 1.3695355910e+04 7.1037932686e-01 9.0000000000e-02 
9.0040015057e-10 1.9505010634e+04 9.5597966270e-01 9.0000000000e-02 
8.0976062808e-09 1.5272320611e+04 6.8140939656e-01 9.0000000000e-02 
2.8774589008e-09 1.6394492335e+04 6.0891166770e-01 9.0000000000e-02 
1.0070378127e-07 1.2969164980e+04 3.8741113149e-02 9.0000000000e-02 
9.4419568623e-11 1.4069772435e+04 2.8723734304e-01 9.0000000000e-02 
1.2210296218e-09 1.1394339029e+04 8.0650784226e-01 9.0000000000e-02 
8.2638768892e-06 1.4218559041e+04 1.3351311475e+00 9.0000000000e-02 
1.5000735029e-08 1.2089614298e+04 7.9560768685e-01 9.0000000000e-02 
8.8055456887e-08 1.4559576244e+04 7.0989214257e-01 9.0000000000e-02 
2.6420473672e-08 1.2595489644e+04 4.9768290707e-01 9.0000000000e-02 
4.8197840848e-10 1.4595009218e+04 1.4259801469e+00 9.0000000000e-02 
2.6788380746e-08 1.7180436551e+04 1.4465581777e-01 9.0000000000e-02 
9.9654892548e-09 1.5928490516e+04 6.2085196765e-01 9.0000000000e-02 
2.2114380482e-08 1.5190165756e+04 2.9881902206e-01 9.0000000000e-02 
5.3348463643e-09 1.1444282606e+04 1.3392750703e+00 9.0000000000e-02 
1.6921157773e-08 1.3474196361e+04 6.2081122122e-01 9.0000000000e-02 
3.3953995300e-07 1.8000104731e+04 5.9180201853e-01 9.0000000000e-02 
1.3631138437e-08 1.2509835171e+04 1.0362166812e+00 9.0000000000e-02 
3.0865549437e-11 1.3027212123e+04 3.1681480796e-01 9.0000000000e-02 
5.9420479837e-10 1.3047556566e+04 6.9240907956e-01 9.0000000000e-02 
3.5631923415e-10 1.2015985923e+04 9.5632515998e-01 9.0000000000e-02 
8.9552904900e-10 1.4293535829e+04 1.1573368245e+00 9.0000000000e-02 
8.2751447337e-08 1.2524475999e+04 4.7253319361e-01 9.0000000000e-02 
7.6887393566e-06 1.2420852208e+04 9.4824868322e-01 9.0000000000e-02 
9.2301091909e-10 1.1658207704e+04 1.2104040780e+00 9.0000000000e-02 
4.2457804663e-10 1.1610864885e+04 8.0646699243e-01 9.0000000000e-02 
8.5815049573e-10 1.2455916231e+04 1.1390161862e+00 9.0000000000e-02 
1.5539641825e-08 1.4062401490e+04 1.5464435072e+00 9.0000000000e-02 
2.2971749243e-08 1.1258639605e+04 6.5029212094e-02 9.0000000000e-02 
1.6460892933e-09 1.2232491681e+04 6.0966968168e-01 9.0000000000e-02 
4.8889204721e-11 1.8290761162e+04 9.1026064048e-01 9.0000000000e-02 
5.7364666370e-08 1.3348446218e+04 9.5435018780e-01 9.0000000000e-02 
1.9338388744e-06 1.3919026907e+04 6.1140227620e-01 9.0000000000e-02 
1.5653173044e-10 2.3986118456e+04 4.7358668734e-01 9.0000000000e-02 
1.7828132343e-09 1.4208961423e+04 8.9077173540e-01 9.0000000000e-02 
2.0933250597e-07 1.5267806453e+04 8.9100346675e-01 9.0000000000e-02 
1.6351396943e-10 1.3594160609e+04 1.2810569146e+00 9.0000000000e-02 
5.0539513417e-08 1.4940631502e+04 1.0224378011e+00 9.0000000000e-02 
1.1629450764e-08 1.1303403283e+04 1.0140079262e+00 9.0000000000e-02 
3.1058609201e-08 1.2023990142e+04 1.0577761211e+00 9.0000000000e-02 
7.9029364016e-08 1.1503547574e+04 4.8914706586e-01 9.0000000000e-02 
5.9940536691e-08 1.2755776541e+04 4.4756158871e-01 9.0000000000e-02 
6.9123544428e-08 1.2102595283e+04 6.5998984595e-01 9.0000000000e-02 
2.3681975567e-06 1.3182237352e+04 1.6555601115e-01 9.0000000000e-02 
6.4547320485e-10 1.3362191150e+04 1.1940913823e+00 9.0000000000e-02 
7.2021138331e-08 1.1946191022e+04 1.3707105015e+00 9.0000000000e-02 
2.4162008931e-08 1.1842632446e+04 5.0981414756e-01 9.0000000000e-02 
4.4115840233e-09 1.4112705826e+04 4.1832291817e-01 9.0000000000e-02 
5.9209578965e-09 2.0353448410e+04 9.4586355543e-01 9.0000000000e-02 
6.0116594357e-10 1.1241999906e+04 1.0770485019e+00 9.0000000000e-02 
4.6811072651e-08 1.3354491621e+04 8.7590400871e-01 9.0000000000e-02 
1.4997790065e-06 1.1295974163e+04 1.2301538793e+00 9.0000000000e-02 
1.7217667700e-10 1.2286361498e+04 3.6916893782e-01 9.0000000000e-02 
9.7403143889e-10 1.4113879241e+04 9.5244202716e-01 9.0000000000e-02 
4.3228084146e-11 1.2767469233e+04 8.2280130468e-01 9.0000000000e-02 
1.4753207883e-06 1.3675353251e+04 5.2303942499e-01 9.0000000000e-02 
1.8064150903e-05 1.2194223729e+04 4.1039471587e-01 9.0000000000e-02 
1.7842264711e-08 1.6354461516e+04 4.0355658875e-01 9.0000000000e-02 
1.8691957944e-08 1.1878143890e+04 6.1325006595e-01 9.0000000000e-02 
2.8484754883e-11 1.3410692735e+04 7.7867983787e-01 9.0000000000e-02 
1.6002318692e-05 1.5512779560e+04 1.0849268404e+00 9.0000000000e-02 
9.5789059188e-10 1.3306430007e+04 9.8489106681e-02 9.0000000000e-02 
3.2114668608e-10 1.1712627647e+04 1.0620360901e+00 9.0000000000e-02 
1.4545427297e-09 2.0783358607e+04 1.2064175196e+00 9.0000000000e-02 
6.1037962536e-06 1.3661912517e+04 7.0995914798e-01 9.0000000000e-02 
4.5849136213e-09 1.6092582494e+04 1.1067578894e+00 9.0000000000e-02 
3.9044455687e-09 1.2043331271e+04 3.3876767903e-01 9.0000000000e-02 
6.6477992644e-09 1.6954763343e+04 9.9446099088e-01 9.0000000000e-02 
2.2252628033e-07 1.8299500181e+04 1.0953071123e+00 9.0000000000e-02 
9.3082396232e-06 1.6163200289e+04 9.2184561179e-01 9.0000000000e-02 
6.4656600766e-07 1.1613409438e+04 2.2118930722e-01 9.0000000000e-02 
5.2425777099e-08 1.1638741976e+04 8.1613152994e-01 9.0000000000e-02 
1.3067962271e-08 1.1300487615e+04 1.2010182798e+00 9.0000000000e-02 
2.4948894457e-05 2.0622608383e+04 5.3456529962e-01 9.0000000000e-02 
9.4147587320e-08 2.4103677834e+04 7.9958196546e-01 9.0000000000e-02 
2.1118024577e-09 1.2041901267e+04 5.2633496179e-01 9.0000000000e-02 
2.4278848700e-10 1.2154250302e+04 8.0385565471e-01 9.0000000000e-02 
3.2840956773e-06 1.5068095846e+04 6.0670582384e-01 9.0000000000e-02 
9.1444209229e-10 1.1728428944e+04 5.3570031979e-01 9.0000000000e-02 
1.3987616219e-09 1.4629333130e+04 6.2000860131e-01 9.0000000000e-02 
4.2963519088e-06 1.8546824404e+04 3.3674415276e-01 9.0000000000e-02 
7.1232901298e-09 1.5784500049e+04 1.2091804500e+00 9.0000000000e-02 
5.8673479075e-07 1.4193324166e+04 3.9952735762e-01 9.0000000000e-02 
6.9955096667e-09 2.5000000000e+04 6.0722321631e-01 9.0000000000e-02 
1.5374523654e-10 1.2756278709e+04 9.9675504269e-01 9.0000000000e-02 
2.8611873623e-09 1.5298919512e+04 5.5831402743e-01 9.0000000000e-02 
4.0180062891e-09 2.3793090706e+04 1.3245781174e+00 9.0000000000e-02 
2.0686221287e-10 1.6967602223e+04 1.4778453330e+00 9.0000000000e-02 
3.5125822460e-09 2.1160207439e+04 4.3948491220e-01 9.0000000000e-02 
5.7804485745e-10 1.7540186153e+04 6.9831082175e-01 9.0000000000e-02 
2.6150619397e-10 1.2524202733e+04 7.9261487668e-01 9.0000000000e-02 
4.4658006237e-11 1.7949056640e+04 1.1534428060e+00 9.0000000000e-02 
1.1447438623e-11 1.4200834455e+04 1.3988350110e+00 9.0000000000e-02 
4.1693929582e-07 1.3031995472e+04 5.5791332738e-01 9.0000000000e-02 
4.5673283779e-10 1.1980207825e+04 1.0965817481e+00 9.0000000000e-02 
2.0540571786e-09 1.3833471319e+04 1.0262656657e+00 9.0000000000e-02 
7.7798029071e-06 1.1511987609e+04 7.1797902720e-01 9.0000000000e-02 
5.4841831514e-08 1.3920332812e+04 8.7037283739e-01 9.0000000000e-02 
2.1939786557e-06 1.2861368157e+04 8.8274614055e-01 9.0000000000e-02 
5.3655639321e-07 2.3106543584e+04 8.3895888939e-01 9.0000000000e-02 
1.1148206610e-05 1.4865327699e+04 1.3911219475e+00 9.0000000000e-02 
1.7796066000e-07 1.1249075150e+04 5.7957404883e-01 9.0000000000e-02 
2.3358918182e-09 1.3610470465e+04 9.0896345803e-01 9.0000000000e-02 
2.7578176568e-09 1.1570897830e+04 1.3219159415e+00 9.0000000000e-02 
1.2595452970e-08 1.1656634607e+04 5.0296473117e-01 9.0000000000e-02 
4.7820797372e-10 1.4578253338e+04 4.8918601070e-01 9.0000000000e-02 
8.0740987291e-09 1.3771991343e+04 3.6888545305e-01 9.0000000000e-02 
1.3715836087e-10 1.6514990583e+04 1.2281667492e+00 9.0000000000e-02 
7.4556101520e-10 1.3406628433e+04 9.7743796578e-01 9.0000000000e-02 
1.6972150779e-08 1.2459674237e+04 9.8644283946e-01 9.0000000000e-02 
3.8784543341e-10 1.1560327965e+04 7.0595976280e-01 9.0000000000e-02 
4.4102648202e-10 1.7082556571e+04 3.6558461196e-01 9.0000000000e-02 
4.4890507308e-08 1.7614737259e+04 6.8909133191e-01 9.0000000000e-02 
3.2305785485e-07 1.1521776300e+04 5.3389677330e-01 9.0000000000e-02 
5.3099888916e-09 2.0018362100e+04 5.0053715383e-01 9.0000000000e-02 
9.7109288356e-10 1.2617539503e+04 4.4250374428e-01 9.0000000000e-02 
6.5575970178e-08 1.4270007751e+04 1.2302513697e+00 9.0000000000e-02 
7.3839430376e-08 1.3044596150e+04 1.0723713673e+00 9.0000000000e-02 
3.3302033243e-11 1.2476675649e+04 6.8852809493e-01 9.0000000000e-02 
3.7973808831e-09 1.2756072643e+04 1.2410939883e+00 9.0000000000e-02 
7.0043377150e-10 1.5108410482e+04 7.3094531872e-01 9.0000000000e-02 
4.5731707061e-06 1.1800909820e+04 8.7026195652e-01 9.0000000000e-02 
1.2232284298e-09 1.2453993701e+04 9.8605482305e-01 9.0000000000e-02 
4.9058836796e-11 1.5185592718e+04 5.3086667605e-01 9.0000000000e-02 
1.8205610197e-07 1.4749976496e+04 7.0090598302e-01 9.0000000000e-02 
1.0847950300e-06 1.4578307507e+04 1.1496714770e+00 9.0000000000e-02 
6.7526562212e-10 1.1695840984e+04 1.2361685493e+00 9.0000000000e-02 
6.7102036189e-09 1.1441085857e+04 7.7289410252e-01 9.0000000000e-02 
1.4534623413e-06 1.1639418541e+04 1.2244345354e+00 9.0000000000e-02 
2.0764014889e-09 1.3063226495e+04 6.2356546190e-01 9.0000000000e-02 
6.6971020209e-07 1.1270797255e+04 1.0897299740e+00 9.0000000000e-02 
2.7185841662e-09 1.1224510789e+04 5.8706610657e-02 9.0000000000e-02 
8.9455527302e-11 1.2284759640e+04 1.1436067201e+00 9.0000000000e-02 
1.9528386599e-07 1.1697882784e+04 7.6975621181e-03 9.0000000000e-02 
9.0249952709e-11 1.2352081049e+04 9.7163755648e-01 9.0000000000e-02 
8.1964736744e-09 1.2597266305e+04 1.1882227575e+00 9.0000000000e-02 
3.0827307984e-06 1.4057404682e+04 3.9742015867e-01 9.0000000000e-02 
1.1479707398e-08 1.4188333590e+04 8.1551099868e-01 9.0000000000e-02 
2.6172177566e-08 1.5518199030e+04 4.9813758099e-01 9.0000000000e-02 
1.1929046040e-07 1.4438255818e+04 4.8107607645e-01 9.0000000000e-02 
2.6997916328e-10 1.7774618195e+04 4.0806012856e-01 9.0000000000e-02 
1.6279619617e-10 1.3390955875e+04 4.6116314943e-02 9.0000000000e-02 
5.4535491481e-06 1.5003379858e+04 1.1285541791e+00 9.0000000000e-02 
1.7207007041e-06 1.2632520573e+04 1.2301294296e+00 9.0000000000e-02 
3.2242524027e-11 1.1869275479e+04 5.4457696198e-01 9.0000000000e-02 
1.1975440883e-06 1.3426178495e+04 1.1595723233e+00 9.0000000000e-02 
1.0301480700e-06 1.1336892565e+04 1.6472393532e-01 9.0000000000e-02 
3.2712186531e-09 1.2168933614e+04 8.0222857230e-01 9.0000000000e-02 
1.7110442022e-07 2.5000000000e+04 2.4852275295e-01 9.0000000000e-02 
2.5991913162e-08 1.4684303877e+04 2.0599307437e-01 9.0000000000e-02 
7.4323936985e-06 1.3483704827e+04 2.8991129444e-01 9.0000000000e-02 
4.1176160201e-10 1.1572756335e+04 9.3402812762e-01 9.0000000000e-02 
9.0615472420e-09 1.3675884297e+04 5.0936154720e-01 9.0000000000e-02 
4.2564874138e-08 2.0183533557e+04 6.1688879295e-01 9.0000000000e-02 
1.1296404617e-09 1.2467660446e+04 2.9989285118e-01 9.0000000000e-02 
2.4079190961e-09 1.2648303832e+04 1.3393573490e+00 9.0000000000e-02 
2.6600473913e-07 1.3613158813e+04 1.0601744946e+00 9.0000000000e-02 
7.1023844688e-10 1.3286832362e+04 1.4096184518e+00 9.0000000000e-02 
6.8184431554e-08 1.3058028804e+04 7.2026539837e-01 9.0000000000e-02 
6.5180741011e-10 1.2570230155e+04 1.3709300469e+00 9.0000000000e-02 
7.0722650935e-11 1.4267292541e+04 1.2498361976e+00 9.0000000000e-02 
3.2561218276e-11 2.2661563488e+04 9.7440584684e-01 9.0000000000e-02 
7.8416335584e-07 1.5231837396e+04 4.3508057040e-01 9.0000000000e-02 
4.7880846044e-09 1.7544699982e+04 9.5763842209e-01 9.0000000000e-02 
4.1160049707e-08 1.2715048457e+04 9.7653373973e-01 9.0000000000e-02 
5.7484187162e-07 1.9486958558e+04 8.6010896769e-01 9.0000000000e-02 
2.2556166105e-08 1.1497474061e+04 6.3445196136e-01 9.0000000000e-02 
1.8554448745e-11 1.5264228854e+04 9.1969781379e-01 9.0000000000e-02 
5.8267568615e-09 1.4528558317e+04 9.8385441547e-01 9.0000000000e-02 
1.2194352182e-10 1.4748171682e+04 1.0109481044e+00 9.0000000000e-02 
1.1269603298e-06 1.2223939909e+04 5.9316184567e-01 9.0000000000e-02 
2.9634675611e-08 1.1579077556e+04 4.6140304870e-01 9.0000000000e-02 
5.7356248148e-10 1.1372285045e+04 8.4511900830e-01 9.0000000000e-02 
1.9769752294e-06 1.2636465519e+04 7.3856909451e-01 9.0000000000e-02 
1.1267770117e-08 1.2813913733e+04 7.0131934429e-01 9.0000000000e-02 
2.7683765987e-08 1.3476184139e+04 6.8309927032e-01 9.0000000000e-02 
2.3481624572e-07 1.1670437339e+04 6.4557557754e-01 9.0000000000e-02 
7.6157563938e-10 1.4235592694e+04 7.2045626595e-01 9.0000000000e-02 
1.0254614183e-08 1.1567386751e+04 3.3271929966e-01 9.0000000000e-02 
1.2646366673e-08 1.2216627581e+04 1.2699024839e+00 9.0000000000e-02 
3.9005247448e-09 1.2534754167e+04 8.7794860237e-01 9.0000000000e-02 
2.6916308824e-08 1.9606795238e+04 2.8820215319e-01 9.0000000000e-02 
1.9461673524e-10 1.1434163303e+04 8.9310203279e-01 9.0000000000e-02 
4.4853333374e-11 1.2653049739e+04 1.3783529360e-01 9.0000000000e-02 
5.9344185184e-07 1.2024318225e+04 1.1896549805e+00 9.0000000000e-02 
1.0827240381e-06 1.1311900051e+04 8.8268319818e-01 9.0000000000e-02 
4.8318459570e-06 1.8638723297e+04 7.3413671282e-02 9.0000000000e-02 
4.8476984099e-08 1.7390546913e+04 9.8112278414e-01 9.0000000000e-02 
2.5681855425e-09 1.5948687456e+04 2.5572074117e-01 9.0000000000e-02 
9.7226086284e-07 1.4240162073e+04 1.3862205510e+00 9.0000000000e-02 
5.3692041338e-09 1.9026907825e+04 5.9273264467e-01 9.0000000000e-02 
1.0718139949e-05 2.5000000000e+04 6.3664955530e-01 9.0000000000e-02 
4.9189912947e-09 1.6590849045e+04 6.3236726374e-01 9.0000000000e-02 
1.9833702161e-09 2.0018800838e+04 4.6580942206e-01 9.0000000000e-02 
