6.1368553714e-07 1.1787401797e+04 1.0467907603e+00 6.0000000000e-01 
3.7128700789e-09 1.4235856438e+04 7.0036466868e-01 6.0000000000e-01 
3.0584369995e-08 2.5000000000e+04 3.5688907524e-01 6.0000000000e-01 
1.4423876033e-09 1.4720457276e+04 8.3692864055e-01 6.0000000000e-01 
6.5570816294e-09 1.1979490054e+04 6.5343014440e-01 6.0000000000e-01 
2.9822156372e-07 1.9492977004e+04 9.0783496183e-01 6.0000000000e-01 
5.9346158173e-09 1.3661999091e+04 7.5482849239e-01 6.0000000000e-01 
2.7784284231e-09 1.3358477694e+04 6.7795568358e-01 6.0000000000e-01 
1.3515418285e-08 1.3286319157e+04 4.4958954389e-01 6.0000000000e-01 
3.0278454385e-11 2.0885324943e+04 9.6494400407e-01 6.0000000000e-01 
1.4979823524e-09 1.2125976556e+04 7.5577742679e-01 6.0000000000e-01 
6.8567063701e-06 1.2202852857e+04 5.8354738541e-01 6.0000000000e-01 
3.9039191527e-08 1.3569534055e+04 1.2751923650e+00 6.0000000000e-01 
3.8579283398e-10 1.4070362145e+04 3.0883551057e-01 6.0000000000e-01 
2.6127117308e-10 1.8430686757e+04 1.3149417755e+00 6.0000000000e-01 
3.7925118906e-10 1.1239090026e+04 9.1923566070e-01 6.0000000000e-01 
1.1189993315e-08 1.3214681749e+04 4.8468295675e-01 6.0000000000e-01 
4.6106627241e-09 1.2335188182e+04 5.8955388755e-01 6.0000000000e-01 
4.4562552638e-10 1.1421405064e+04 1.0147945028e+00 6.0000000000e-01 
6.8727293382e-11 1.2201941197e+04 4.4189540721e-01 6.0000000000e-01 
2.9022752682e-06 1.7141891888e+04 1.1593894373e+00 6.0000000000e-01 
1.1151921574e-08 1.4681803915e+04 6.5487657037e-01 6.0000000000e-01 
2.1621378340e-10 1.1964866742e+04 1.0184173308e+00 6.0000000000e-01 
2.6612141945e-10 1.3481264558e+04 5.0407073467e-01 6.0000000000e-01 
2.4250124310e-10 1.1757042365e+04 9.1000804913e-01 6.0000000000e-01 
7.2787033809e-10 1.3650977377e+04 1.1637871693e+00 6.0000000000e-01 
2.0167929601e-08 1.4061809781e+04 6.1067270934e-01 6.0000000000e-01 
3.4971309864e-09 1.2788730856e+04 6.6213213918e-01 6.0000000000e-01 
1.0975206470e-09 1.4714091068e+04 5.4517191468e-01 6.0000000000e-01 
8.1210582143e-10 1.1888135526e+04 7.2486037694e-01 6.0000000000e-01 
1.0040140674e-07 1.1596413302e+04 5.1283327109e-01 6.0000000000e-01 
1.0252055478e-05 1.6296246837e+04 6.5040965518e-01 6.0000000000e-01 
4.9272541538e-09 1.2229423886e+04 4.3857015283e-01 6.0000000000e-01 
2.0711603955e-09 1.3025018773e+04 1.2665240888e+00 6.0000000000e-01 
2.2103822590e-08 1.8447863218e+04 1.2693012465e+00 6.0000000000e-01 
5.6530540417e-09 1.1844519733e+04 7.7825144943e-01 6.0000000000e-01 
5.4239757302e-09 1.2435949130e+04 1.1291502389e+00 6.0000000000e-01 
1.3880234042e-08 1.1480011791e+04 6.5916037692e-01 6.0000000000e-01 
1.8105980905e-08 1.1551338422e+04 3.3042217603e-01 6.0000000000e-01 
1.5230106955e-08 1.4445336402e+04 8.3113756365e-01 6.0000000000e-01 
4.0408201883e-10 1.4893337731e+04 6.9525321825e-01 6.0000000000e-01 
4.3379161522e-12 1.6970102992e+04 5.0069692227e-01 6.0000000000e-01 
1.0465398948e-08 1.3630652060e+04 1.0008161627e+00 6.0000000000e-01 
1.3875796609e-08 1.6604900733e+04 1.1773600604e+00 6.0000000000e-01 
3.7487856674e-09 1.2592264564e+04 3.1550432757e-01 6.0000000000e-01 
3.8224958886e-11 1.2438632369e+04 3.8627203781e-01 6.0000000000e-01 
6.7381064549e-08 1.3171070312e+04 5.5974238393e-01 6.0000000000e-01 
1.6717641552e-08 1.2390281346e+04 1.0562995326e+00 6.0000000000e-01 
2.0537244854e-08 1.2332707699e+04 1.0695011825e+00 6.0000000000e-01 
9.1959950536e-07 1.3523688669e+04 7.9338306923e-01 6.0000000000e-01 
2.0651790142e-07 1.1482009989e+04 7.5426449862e-01 6.0000000000e-01 
1.6511076520e-09 1.1906534379e+04 1.1051797431e+00 6.0000000000e-01 
1.1565310806e-09 1.2104519449e+04 5.9622438948e-01 6.0000000000e-01 
2.2499384236e-10 1.3793863931e+04 8.4185773028e-01 6.0000000000e-01 
3.5501192430e-08 1.2399063109e+04 8.1329698752e-01 6.0000000000e-01 
3.7369562629e-11 1.4084164646e+04 1.0151563524e+00 6.0000000000e-01 
1.1589382295e-05 1.7117201095e+04 6.8727052110e-01 6.0000000000e-01 
1.8001919562e-05 1.5658477085e+04 7.8630601711e-01 6.0000000000e-01 
3.1444047690e-08 1.8900579718e+04 1.4174901400e+00 6.0000000000e-01 
6.8091566287e-07 1.7166015778e+04 1.4349207802e+00 6.0000000000e-01 
1.2521547621e-06 1.1859978056e+04 7.9157864599e-01 6.0000000000e-01 
4.1325717510e-09 1.3240129304e+04 3.7517464667e-01 6.0000000000e-01 
7.9349777449e-08 1.4151349270e+04 4.5047674583e-01 6.0000000000e-01 
3.8102252317e-09 1.3149348342e+04 5.8123141898e-01 6.0000000000e-01 
7.6203222817e-08 1.2958912242e+04 8.4512045598e-01 6.0000000000e-01 
4.0798613899e-10 1.5263919511e+04 8.3214584230e-01 6.0000000000e-01 
1.8027028879e-06 1.1884198915e+04 2.5448418676e-01 6.0000000000e-01 
2.3258841726e-09 1.1272157686e+04 8.6225332611e-01 6.0000000000e-01 
1.8948132647e-11 1.2310375374e+04 1.0029157585e+00 6.0000000000e-01 
2.1811958622e-08 1.4038354265e+04 8.9548549681e-01 6.0000000000e-01 
5.4735343769e-10 1.3627809379e+04 8.9154508671e-01 6.0000000000e-01 
1.6272816233e-09 1.1554201055e+04 3.8185017508e-01 6.0000000000e-01 
7.6516845065e-10 1.2594140216e+04 9.4683070307e-02 6.0000000000e-01 
2.0984331075e-11 1.3912530092e+04 8.3541220498e-01 6.0000000000e-01 
3.9714406467e-08 1.1585673884e+04 5.2300568111e-01 6.0000000000e-01 
6.7412362899e-08 1.3510527101e+04 4.0522573890e-01 6.0000000000e-01 
1.2356100176e-11 1.3891314458e+04 7.8068362031e-01 6.0000000000e-01 
1.3168511656e-08 2.5000000000e+04 7.4991388750e-01 6.0000000000e-01 
1.6884846575e-09 2.2936409991e+04 8.8385681174e-01 6.0000000000e-01 
4.3240958508e-11 1.2573801339e+04 4.0521618096e-01 6.0000000000e-01 
5.8099258158e-07 1.1754796718e+04 6.8072902906e-01 6.0000000000e-01 
1.4783939911e-08 1.3597047375e+04 9.3597401480e-01 6.0000000000e-01 
1.7566455661e-07 1.1688223245e+04 8.5035249684e-01 6.0000000000e-01 
1.5101816786e-09 1.2979230093e+04 5.2193084239e-01 6.0000000000e-01 
2.7666332145e-08 1.3134181165e+04 4.4499723099e-01 6.0000000000e-01 
3.4750898759e-10 1.4586980991e+04 3.9738477827e-01 6.0000000000e-01 
4.0309680250e-10 1.4129747543e+04 3.8842473901e-01 6.0000000000e-01 
3.2475767569e-08 2.1497390901e+04 1.0293143014e+00 6.0000000000e-01 
1.8003488715e-08 2.0977607093e+04 1.3803786809e+00 6.0000000000e-01 
3.9311234761e-08 1.3944957887e+04 1.0685288794e+00 6.0000000000e-01 
1.4513406563e-08 1.1486147799e+04 1.0009584123e+00 6.0000000000e-01 
7.4792797483e-09 1.2004958578e+04 5.1924169069e-01 6.0000000000e-01 
5.3313400372e-09 1.6187956983e+04 1.2886644142e+00 6.0000000000e-01 
6.7360132714e-07 1.2212582179e+04 9.3100180114e-01 6.0000000000e-01 
1.0739468069e-11 1.2527469180e+04 1.0132511945e+00 6.0000000000e-01 
1.5469207249e-10 1.2120039620e+04 6.5279233743e-01 6.0000000000e-01 
8.8344898951e-10 1.3558529570e+04 1.1852278951e+00 6.0000000000e-01 
4.5948958370e-08 1.1945101061e+04 8.3814930062e-01 6.0000000000e-01 
1.5835712286e-09 1.7486684187e+04 9.2256271475e-01 6.0000000000e-01 
9.9904592968e-12 1.2933250097e+04 6.2514083492e-01 6.0000000000e-01 
2.3477754490e-11 1.1620945800e+04 1.0152163397e+00 6.0000000000e-01 
2.2395200444e-07 1.2332666758e+04 7.9556628366e-01 6.0000000000e-01 
5.4926059387e-07 1.2309253924e+04 8.9669305474e-01 6.0000000000e-01 
8.5212971169e-12 1.7600092649e+04 7.7183212815e-01 6.0000000000e-01 
1.0679844826e-10 1.2351944431e+04 1.2442266068e+00 6.0000000000e-01 
1.7350776200e-11 1.5600854056e+04 9.8159479406e-01 6.0000000000e-01 
5.3545398183e-07 1.2889714155e+04 1.0873496750e+00 6.0000000000e-01 
1.3069112903e-11 1.4004438728e+04 4.4410134949e-01 6.0000000000e-01 
9.5551999855e-10 1.2372498616e+04 4.6168313817e-01 6.0000000000e-01 
5.2127657003e-09 1.1628372811e+04 7.0631111560e-01 6.0000000000e-01 
3.0334596527e-10 1.9093882489e+04 1.0017889761e+00 6.0000000000e-01 
5.9544932927e-09 1.4126057519e+04 7.7472585571e-01 6.0000000000e-01 
2.2474764007e-07 1.1511148100e+04 2.9794659004e-01 6.0000000000e-01 
1.7022107487e-07 1.6330228234e+04 1.2998206886e+00 6.0000000000e-01 
3.1376365198e-07 1.3010167213e+04 1.3761440495e+00 6.0000000000e-01 
8.1882368182e-08 1.7006586070e+04 5.9364746352e-01 6.0000000000e-01 
7.4916622375e-11 1.6146594414e+04 4.3322472833e-01 6.0000000000e-01 
1.7958605107e-05 1.2510180055e+04 8.7979997658e-01 6.0000000000e-01 
8.3851488633e-09 1.2070642360e+04 8.3082987711e-01 6.0000000000e-01 
1.2377407314e-08 1.3250462086e+04 9.7786819207e-01 6.0000000000e-01 
3.7959184067e-09 1.3862553523e+04 1.0397096728e+00 6.0000000000e-01 
4.3719543911e-06 1.3608909020e+04 9.3577048038e-01 6.0000000000e-01 
2.3131320476e-07 1.7220301848e+04 9.0725303422e-01 6.0000000000e-01 
7.7778894914e-09 1.3101436789e+04 5.9138628748e-01 6.0000000000e-01 
5.3461116708e-08 1.6832758382e+04 3.2198192882e-01 6.0000000000e-01 
1.3047765853e-08 1.1906156200e+04 6.9348764032e-01 6.0000000000e-01 
1.6708567700e-09 1.1211776032e+04 3.0544841924e-01 6.0000000000e-01 
1.1508092969e-08 1.1341224711e+04 4.0501429763e-01 6.0000000000e-01 
3.5992354162e-10 1.4073152687e+04 9.8371166039e-01 6.0000000000e-01 
6.0912571277e-09 2.5000000000e+04 1.0413373953e+00 6.0000000000e-01 
2.2858682578e-09 1.3018319342e+04 6.2765781579e-01 6.0000000000e-01 
4.2441646150e-08 1.1960257551e+04 8.6244911456e-01 6.0000000000e-01 
1.0795892602e-08 1.2245172358e+04 7.2304812680e-01 6.0000000000e-01 
2.5861820068e-07 1.1713452534e+04 1.3078068871e+00 6.0000000000e-01 
3.4967352908e-09 1.1674600599e+04 7.5381333353e-01 6.0000000000e-01 
5.5950830892e-08 1.5068562252e+04 9.1353720182e-01 6.0000000000e-01 
2.4619779581e-09 1.4339464273e+04 2.8056599310e-01 6.0000000000e-01 
8.5802805804e-09 1.2290323623e+04 5.9465754117e-01 6.0000000000e-01 
3.1365107741e-10 1.1868841904e+04 1.3660574311e+00 6.0000000000e-01 
8.3641734108e-06 2.0385843005e+04 1.4323505542e+00 6.0000000000e-01 
1.4638640821e-11 1.1387523364e+04 1.2292830074e+00 6.0000000000e-01 
1.7849572577e-06 2.5000000000e+04 4.5655925817e-01 6.0000000000e-01 
6.7391148104e-10 1.7338557011e+04 8.8300391841e-01 6.0000000000e-01 
1.7003448554e-08 1.1721524521e+04 8.1688368944e-01 6.0000000000e-01 
2.7550489671e-07 1.5444389133e+04 1.1900910565e+00 6.0000000000e-01 
5.5709652691e-12 1.9358912914e+04 1.4414547112e+00 6.0000000000e-01 
8.2734437832e-07 1.4591139117e+04 1.1782153778e+00 6.0000000000e-01 
5.5824932872e-12 1.5997736702e+04 5.7002739672e-01 6.0000000000e-01 
1.5775176504e-09 1.8848872109e+04 3.7116011122e-01 6.0000000000e-01 
1.0416238110e-07 1.4361303882e+04 6.2819022960e-01 6.0000000000e-01 
7.9854263185e-07 1.7174934518e+04 1.0201636919e-01 6.0000000000e-01 
6.0087347699e-08 1.2110400513e+04 6.9161910732e-01 6.0000000000e-01 
4.2733495290e-08 1.5623474971e+04 1.3597938411e+00 6.0000000000e-01 
1.1327052902e-10 1.3887973270e+04 9.6349375107e-01 6.0000000000e-01 
2.7369329391e-07 1.2975477190e+04 8.1506853503e-01 6.0000000000e-01 
1.4505137767e-07 2.0990513218e+04 4.3603119529e-01 6.0000000000e-01 
5.6976411784e-11 1.2365095346e+04 9.5614967999e-01 6.0000000000e-01 
4.8616679662e-08 1.1918088729e+04 1.0173060887e-01 6.0000000000e-01 
1.7660919754e-10 1.4456737645e+04 1.3754321152e+00 6.0000000000e-01 
7.8833264085e-09 1.8869619708e+04 8.1661533196e-01 6.0000000000e-01 
9.2542766072e-07 1.2730024326e+04 1.2480419535e+00 6.0000000000e-01 
3.5814152117e-08 1.4366517868e+04 3.0704379467e-01 6.0000000000e-01 
1.5715793178e-08 1.1404147155e+04 1.5017619426e+00 6.0000000000e-01 
1.0454519075e-09 1.3861940856e+04 1.2364402348e+00 6.0000000000e-01 
2.4440127542e-10 1.3695505198e+04 1.4773203611e+00 6.0000000000e-01 
9.1811245490e-08 1.3695067186e+04 6.0011888115e-01 6.0000000000e-01 
2.5283306187e-10 2.2316973219e+04 7.0494846765e-01 6.0000000000e-01 
1.3982591687e-08 1.3548880021e+04 9.0285180748e-01 6.0000000000e-01 
8.6333909720e-06 1.1488825505e+04 1.3237229292e+00 6.0000000000e-01 
3.6163478764e-10 2.5000000000e+04 1.0632954653e+00 6.0000000000e-01 
3.8766197405e-10 1.1956691815e+04 7.4830732408e-01 6.0000000000e-01 
1.1875218889e-06 1.1326421592e+04 1.3046530400e+00 6.0000000000e-01 
1.0955890693e-09 1.3866110215e+04 9.9510769177e-02 6.0000000000e-01 
1.8346414339e-07 1.2258366383e+04 1.1126442560e+00 6.0000000000e-01 
6.7515528723e-09 1.5423787237e+04 1.2031169517e+00 6.0000000000e-01 
2.1960439208e-06 1.2430274264e+04 7.4841825469e-01 6.0000000000e-01 
1.1554033847e-08 1.1571275005e+04 1.3773364402e+00 6.0000000000e-01 
3.2946516165e-08 1.1434586019e+04 5.5679064275e-01 6.0000000000e-01 
2.1135549978e-08 1.1493589878e+04 5.6071639783e-01 6.0000000000e-01 
7.4194999264e-10 1.1657611718e+04 1.2017955623e+00 6.0000000000e-01 
4.9695602240e-12 1.3342689691e+04 8.6253743335e-01 6.0000000000e-01 
5.4524878610e-08 1.6985394352e+04 4.8050350995e-01 6.0000000000e-01 
2.6692694488e-10 1.5680093308e+04 4.0485322014e-01 6.0000000000e-01 
1.6487292286e-09 1.1527490987e+04 8.1095534275e-01 6.0000000000e-01 
3.6826724333e-08 1.6333675628e+04 5.2505927829e-01 6.0000000000e-01 
3.1684573320e-09 1.1442375851e+04 1.0432109142e+00 6.0000000000e-01 
1.0556387436e-09 1.7669150626e+04 7.0878659334e-01 6.0000000000e-01 
7.3776867009e-10 1.1644278393e+04 4.7436121303e-01 6.0000000000e-01 
1.3022102562e-10 1.1391433053e+04 1.0684058531e+00 6.0000000000e-01 
8.3080069929e-10 1.7907339117e+04 1.3787294669e+00 6.0000000000e-01 
7.5088022154e-08 1.2236277739e+04 7.5637018734e-01 6.0000000000e-01 
7.8758278069e-07 1.7638339212e+04 6.6171928534e-01 6.0000000000e-01 
2.8309031860e-06 1.1630283385e+04 1.3055280778e+00 6.0000000000e-01 
2.6930356678e-06 1.2526216256e+04 4.5866214583e-01 6.0000000000e-01 
8.4958568090e-07 1.1403741429e+04 4.0588866887e-01 6.0000000000e-01 
1.0834999931e-09 2.1791467849e+04 5.3833880362e-01 6.0000000000e-01 
2.3264492477e-09 1.4116724896e+04 6.7785694146e-01 6.0000000000e-01 
3.2304139578e-09 1.1351815939e+04 1.3707447569e+00 6.0000000000e-01 
1.6854825457e-11 1.1260885934e+04 4.9037082841e-01 6.0000000000e-01 
3.5306269998e-06 1.6106621752e+04 1.1284664103e+00 6.0000000000e-01 
2.6744047668e-10 1.1467971640e+04 1.3429405070e-01 6.0000000000e-01 
3.4013314220e-08 1.1629306561e+04 1.3567952732e-01 6.0000000000e-01 
2.2111726625e-09 1.9469335960e+04 9.2493575178e-01 6.0000000000e-01 
2.8958914621e-07 1.7751105694e+04 7.9754462220e-01 6.0000000000e-01 
1.0940211675e-09 1.5224072527e+04 4.4020456583e-01 6.0000000000e-01 
3.2263609076e-10 1.1256240077e+04 5.7228756381e-01 6.0000000000e-01 
2.5374727003e-08 1.1482704361e+04 6.9125891938e-01 6.0000000000e-01 
2.4929359426e-07 1.1231322203e+04 1.0898563963e+00 6.0000000000e-01 
1.8334887985e-07 1.3122317151e+04 8.1991601939e-01 6.0000000000e-01 
7.0353093311e-09 1.5850437137e+04 9.7429533228e-01 6.0000000000e-01 
6.0651551334e-06 1.3255154559e+04 6.2819940731e-01 6.0000000000e-01 
2.9699393705e-08 1.6977234771e+04 1.1132691758e+00 6.0000000000e-01 
4.1435509783e-12 1.3040075035e+04 8.8286087808e-01 6.0000000000e-01 
1.6270494499e-09 1.2304689982e+04 6.3976464525e-01 6.0000000000e-01 
4.5675785127e-11 1.2108511397e+04 6.7707749358e-01 6.0000000000e-01 
2.0216547776e-09 1.8172172103e+04 1.2230573802e+00 6.0000000000e-01 
1.8808018831e-09 1.1374219911e+04 5.7095489071e-01 6.0000000000e-01 
1.6718450520e-08 1.1698020690e+04 9.8837704821e-01 6.0000000000e-01 
1.0714493428e-10 1.7437674788e+04 5.2956387092e-01 6.0000000000e-01 
5.1089894378e-08 2.4316216957e+04 3.9454876460e-01 6.0000000000e-01 
3.8514096349e-09 1.3852030583e+04 3.7078850402e-01 6.0000000000e-01 
1.0180380028e-10 1.3573956202e+04 3.2298207958e-01 6.0000000000e-01 
4.1018889961e-09 1.1306499585e+04 9.5948279441e-01 6.0000000000e-01 
2.1450270774e-09 1.1239693591e+04 4.6503160702e-01 6.0000000000e-01 
6.8423741404e-11 1.1262292274e+04 9.4988358624e-01 6.0000000000e-01 
3.7235715826e-07 1.2083158140e+04 1.0703072588e+00 6.0000000000e-01 
1.1710494841e-09 2.5000000000e+04 1.1504870011e+00 6.0000000000e-01 
9.6541295509e-11 1.7391527046e+04 3.0645369621e-01 6.0000000000e-01 
7.8928692086e-08 2.1475706516e+04 3.2898937357e-01 6.0000000000e-01 
3.3399995866e-09 1.6625535853e+04 1.3687569902e+00 6.0000000000e-01 
2.2551056752e-08 1.1240470671e+04 9.4002502922e-01 6.0000000000e-01 
1.9153856603e-09 1.1702352580e+04 1.0102398496e+00 6.0000000000e-01 
4.9425499750e-09 1.3812128117e+04 5.8275962277e-01 6.0000000000e-01 
7.3690125482e-11 1.1363859767e+04 6.9227636346e-01 6.0000000000e-01 
1.5868999607e-08 1.1455429757e+04 6.6521877843e-01 6.0000000000e-01 
1.4123829967e-08 1.2991576556e+04 1.4181748057e+00 6.0000000000e-01 
5.4523720093e-11 1.1570811113e+04 8.5614325999e-01 6.0000000000e-01 
1.9221587050e-06 1.2017437459e+04 1.2658576940e+00 6.0000000000e-01 
6.1389668720e-10 1.4261625838e+04 3.6301664660e-01 6.0000000000e-01 
2.9761753494e-10 1.5797313825e+04 1.1039173046e+00 6.0000000000e-01 
4.7042106056e-10 1.2892254013e+04 1.3572322221e+00 6.0000000000e-01 
9.8751049726e-09 1.2184881215e+04 6.1320081465e-01 6.0000000000e-01 
2.1437238598e-10 1.4967069488e+04 2.3046955879e-01 6.0000000000e-01 
1.2528123229e-09 1.4593662476e+04 1.1114920048e+00 6.0000000000e-01 
7.6704191337e-09 1.3652000668e+04 1.3788368303e+00 6.0000000000e-01 
3.2855897499e-09 1.2856631260e+04 1.0434377680e+00 6.0000000000e-01 
5.2151298386e-10 1.1976031998e+04 9.6154943768e-01 6.0000000000e-01 
1.3639509657e-07 2.2562438445e+04 1.3227120924e+00 6.0000000000e-01 
1.1087251689e-06 1.6132287289e+04 1.2148885688e+00 6.0000000000e-01 
8.7186599089e-08 1.1531459028e+04 9.7750747398e-01 6.0000000000e-01 
2.4249175800e-08 2.3060937554e+04 1.1746863068e+00 6.0000000000e-01 
5.6950390717e-09 1.3761040728e+04 1.2803269811e+00 6.0000000000e-01 
1.6780803255e-09 1.1267313129e+04 9.2477662861e-01 6.0000000000e-01 
5.3669916295e-09 1.5698152961e+04 6.5295211503e-01 6.0000000000e-01 
1.4938050240e-09 1.2346085251e+04 1.0940589613e+00 6.0000000000e-01 
2.2628800087e-08 2.5000000000e+04 5.0848130712e-01 6.0000000000e-01 
1.4134933191e-09 1.1878774361e+04 2.7614646220e-01 6.0000000000e-01 
3.5411789939e-08 1.4518626951e+04 8.0601758153e-01 6.0000000000e-01 
9.0054948014e-07 1.3074566701e+04 1.1354230225e+00 6.0000000000e-01 
6.6779203649e-10 1.7195068966e+04 1.1747218254e+00 6.0000000000e-01 
1.4895090178e-11 1.5968693114e+04 7.0341372782e-01 6.0000000000e-01 
9.1213394654e-11 1.1516592245e+04 5.3794110267e-01 6.0000000000e-01 
1.2518286087e-08 1.5631236378e+04 7.7588577576e-01 6.0000000000e-01 
7.4652783119e-07 1.2607035139e+04 1.2033201441e+00 6.0000000000e-01 
4.1865883073e-08 1.2579450914e+04 4.3663337669e-01 6.0000000000e-01 
1.7399471235e-08 1.3933455797e+04 1.1294403562e+00 6.0000000000e-01 
1.1796149810e-07 1.3494817266e+04 9.0899724150e-01 6.0000000000e-01 
2.5276629643e-08 1.3243117177e+04 6.5354344675e-01 6.0000000000e-01 
5.6023533697e-10 1.2154642504e+04 6.2059102604e-01 6.0000000000e-01 
6.4723789511e-09 1.8237984610e+04 3.7594744385e-01 6.0000000000e-01 
1.2076912593e-09 1.1640968873e+04 6.5462875210e-01 6.0000000000e-01 
1.1136468351e-07 1.2872655177e+04 4.7305176474e-01 6.0000000000e-01 
2.3330077380e-07 1.2384548571e+04 3.6783109528e-01 6.0000000000e-01 
1.3613694104e-09 1.4001627034e+04 8.1636302915e-01 6.0000000000e-01 
2.4387165581e-05 1.3356366211e+04 1.1304283920e+00 6.0000000000e-01 
1.2080716001e-09 1.6440971874e+04 8.1679327796e-01 6.0000000000e-01 
2.4656427241e-09 1.1977281835e+04 8.2918196885e-01 6.0000000000e-01 
3.0170883487e-09 1.6001121092e+04 9.7423359481e-01 6.0000000000e-01 
3.4984086171e-07 1.9715404945e+04 3.3739587107e-01 6.0000000000e-01 
6.5165559239e-11 1.2675258444e+04 4.2718537573e-01 6.0000000000e-01 
4.1436694493e-09 1.2433469845e+04 2.4528546187e-01 6.0000000000e-01 
2.1213830370e-09 2.1723967743e+04 8.6461867161e-01 6.0000000000e-01 
4.1914005124e-09 1.2410445563e+04 3.8079894298e-01 6.0000000000e-01 
1.1752222439e-10 1.2169579934e+04 6.0325427658e-01 6.0000000000e-01 
4.4019474346e-09 1.1770089578e+04 4.0308806975e-01 6.0000000000e-01 
4.1518374832e-08 1.3362829489e+04 5.2284351772e-01 6.0000000000e-01 
2.5649330066e-10 1.3126524841e+04 7.5952765373e-01 6.0000000000e-01 
5.5349857230e-10 1.1533126001e+04 5.8534799331e-01 6.0000000000e-01 
8.8943312533e-10 1.5960076345e+04 5.2572347817e-01 6.0000000000e-01 
8.0471397793e-06 1.9188992558e+04 2.3213028948e-01 6.0000000000e-01 
5.4832142174e-09 1.5117915010e+04 9.8534385878e-01 6.0000000000e-01 
3.6467406848e-11 1.6277685761e+04 9.8586655982e-01 6.0000000000e-01 
6.7358662426e-08 1.5595626657e+04 5.5685059833e-01 6.0000000000e-01 
3.2349895366e-10 1.5881032475e+04 1.1232019506e+00 6.0000000000e-01 
1.2409278959e-07 1.1428922038e+04 5.7881179637e-01 6.0000000000e-01 
8.3845072257e-09 1.4919753220e+04 8.6092302142e-01 6.0000000000e-01 
6.6755321900e-09 1.8012061067e+04 1.4083563418e+00 6.0000000000e-01 
4.8788367438e-08 1.2823914377e+04 1.0777294692e+00 6.0000000000e-01 
4.5200495151e-09 1.5167987670e+04 6.6028856775e-01 6.0000000000e-01 
5.9652682066e-08 1.7545872906e+04 5.2891927677e-01 6.0000000000e-01 
9.0250332479e-09 1.5139290138e+04 9.9246665129e-01 6.0000000000e-01 
2.7825278095e-09 2.5000000000e+04 9.0156724239e-01 6.0000000000e-01 
2.6912201627e-10 1.2555935076e+04 6.7913203789e-01 6.0000000000e-01 
1.1489558579e-09 1.5348007661e+04 1.2661947393e+00 6.0000000000e-01 
2.1139630206e-09 1.3310396623e+04 1.0090399010e+00 6.0000000000e-01 
2.0106128265e-10 1.9607449254e+04 1.1957990017e+00 6.0000000000e-01 
1.2238546493e-10 1.1702203630e+04 6.5454255555e-01 6.0000000000e-01 
3.6297879414e-09 1.1210971389e+04 1.0642655465e+00 6.0000000000e-01 
5.3824836984e-08 1.2230272698e+04 1.8731887639e-01 6.0000000000e-01 
4.7987455058e-11 2.0457943329e+04 1.0675456961e+00 6.0000000000e-01 
3.8102704849e-06 1.3991181042e+04 6.9937767263e-01 6.0000000000e-01 
1.2224168116e-11 1.1838604031e+04 1.9635881343e-01 6.0000000000e-01 
6.1109099719e-06 1.1266713742e+04 6.7246826802e-01 6.0000000000e-01 
2.7914197675e-06 1.6981413114e+04 7.9744164717e-02 6.0000000000e-01 
4.6927982319e-12 1.2703482004e+04 1.2638647445e+00 6.0000000000e-01 
4.1623111098e-10 1.6855006848e+04 7.7788075073e-01 6.0000000000e-01 
1.4429387171e-11 1.3789324545e+04 8.7870682281e-01 6.0000000000e-01 
8.3581998639e-11 1.1487011898e+04 1.1819638134e+00 6.0000000000e-01 
8.3678099956e-09 1.2855575085e+04 4.2210821159e-01 6.0000000000e-01 
8.2040193606e-08 1.2667639056e+04 3.7238430795e-01 6.0000000000e-01 
3.7780194103e-09 2.0490889146e+04 2.3266129067e-01 6.0000000000e-01 
7.6261583052e-07 1.2483467956e+04 5.4848962815e-01 6.0000000000e-01 
2.6252048191e-09 1.3334869275e+04 1.0800712974e+00 6.0000000000e-01 
1.5561571322e-10 1.3404710748e+04 5.6278255550e-01 6.0000000000e-01 
4.3411935762e-09 1.2026981241e+04 9.5751687292e-01 6.0000000000e-01 
8.7161573143e-06 1.2140665121e+04 5.8004412094e-01 6.0000000000e-01 
4.3144323539e-07 1.2286991561e+04 4.6832499852e-01 6.0000000000e-01 
3.9523516351e-09 1.1209931581e+04 9.4254599175e-01 6.0000000000e-01 
7.6398190525e-07 2.2499268187e+04 1.0745437866e+00 6.0000000000e-01 
3.9506872512e-09 1.4218505749e+04 7.8822464424e-01 6.0000000000e-01 
5.0033177425e-09 1.5690390436e+04 7.9091292012e-02 6.0000000000e-01 
4.7993270846e-10 1.2420108127e+04 1.1500968742e+00 6.0000000000e-01 
3.0942388398e-09 1.4667438297e+04 6.9016759679e-01 6.0000000000e-01 
2.1771892521e-07 1.4335690335e+04 6.9042488737e-01 6.0000000000e-01 
8.0257475456e-11 1.2373743887e+04 7.8772412760e-01 6.0000000000e-01 
2.1730819037e-09 1.1824507827e+04 4.7395924583e-01 6.0000000000e-01 
5.7947854861e-09 1.2503416733e+04 7.2685314732e-01 6.0000000000e-01 
2.9511245921e-08 1.2085742329e+04 4.4552534778e-01 6.0000000000e-01 
4.4038889195e-07 1.2362727953e+04 7.1457451128e-01 6.0000000000e-01 
4.8609434416e-11 1.2391343020e+04 3.7785159059e-01 6.0000000000e-01 
2.1877191804e-07 1.2974597569e+04 1.0639989163e+00 6.0000000000e-01 
3.9355529405e-12 1.1314700494e+04 4.7923779124e-01 6.0000000000e-01 
1.0040385937e-05 1.2165736253e+04 1.2932989002e+00 6.0000000000e-01 
1.9771156073e-07 1.3687179832e+04 1.0658575837e+00 6.0000000000e-01 
4.6219466639e-10 1.1350441871e+04 2.3117878171e-01 6.0000000000e-01 
1.3499681726e-10 1.5401509235e+04 1.3982922227e+00 6.0000000000e-01 
1.5665965234e-08 1.1945001054e+04 6.2879039343e-01 6.0000000000e-01 
5.7676787488e-10 1.2737453240e+04 3.1992800916e-01 6.0000000000e-01 
1.8603156943e-08 1.7455646770e+04 6.6743811239e-01 6.0000000000e-01 
7.8000388551e-08 1.3296645253e+04 1.3305606513e+00 6.0000000000e-01 
3.5893594350e-11 1.3062048771e+04 5.5024421874e-01 6.0000000000e-01 
1.1038104060e-10 1.2281937689e+04 9.5551371469e-01 6.0000000000e-01 
2.5507739743e-06 1.8677394410e+04 1.1561457755e+00 6.0000000000e-01 
1.0507852686e-10 1.3442292680e+04 1.0046695978e+00 6.0000000000e-01 
3.6106121087e-09 1.1206983058e+04 9.0796068979e-01 6.0000000000e-01 
5.6867852392e-09 1.7527413764e+04 3.2332451260e-01 6.0000000000e-01 
8.5918917541e-10 1.3662601045e+04 4.0846955766e-01 6.0000000000e-01 
7.2871316728e-08 1.6763043748e+04 1.0094518239e+00 6.0000000000e-01 
2.0576834921e-06 1.1646921964e+04 1.0270739831e+00 6.0000000000e-01 
4.3997310226e-06 2.2245332352e+04 6.4841399573e-01 6.0000000000e-01 
2.5157338041e-05 1.1918800613e+04 2.2290052411e-01 6.0000000000e-01 
2.4103660276e-07 1.6528483441e+04 1.3519114207e+00 6.0000000000e-01 
1.3308404321e-07 1.5599363088e+04 1.4723229902e-01 6.0000000000e-01 
4.1728102652e-09 1.1685998906e+04 8.3367032427e-01 6.0000000000e-01 
2.3128453519e-09 1.4143820767e+04 9.7893739353e-01 6.0000000000e-01 
1.6123668267e-10 1.2142395334e+04 5.2109519233e-01 6.0000000000e-01 
8.4678234874e-09 1.2407178662e+04 1.3985123361e+00 6.0000000000e-01 
1.6189299436e-09 1.2131655887e+04 1.3240347900e+00 6.0000000000e-01 
1.0461869769e-08 1.1729975600e+04 6.9936406995e-01 6.0000000000e-01 
5.9442307308e-08 1.1713376201e+04 3.5331987423e-01 6.0000000000e-01 
3.9570729721e-07 1.8713157914e+04 1.3236516930e+00 6.0000000000e-01 
2.7852607455e-09 2.4164928233e+04 5.9568956814e-01 6.0000000000e-01 
5.7541268417e-08 1.8890864757e+04 1.2704377829e+00 6.0000000000e-01 
1.2557643212e-09 1.3301524455e+04 1.0174880343e+00 6.0000000000e-01 
1.8360583111e-09 1.1751860865e+04 1.4246264339e+00 6.0000000000e-01 
6.0367531121e-09 1.3962522271e+04 6.1021156175e-01 6.0000000000e-01 
1.9316011684e-07 1.2998358141e+04 2.9050531399e-01 6.0000000000e-01 
5.1360556587e-10 1.1677131444e+04 1.1922582226e+00 6.0000000000e-01 
6.8280481775e-10 1.3222442422e+04 6.2347340529e-01 6.0000000000e-01 
5.2975321024e-11 1.2341690178e+04 3.4168768252e-01 6.0000000000e-01 
6.4796063309e-09 2.1530536124e+04 5.8186281518e-01 6.0000000000e-01 
4.1966725756e-09 1.2714969588e+04 1.0631389917e+00 6.0000000000e-01 
7.9837722397e-06 1.2384005418e+04 1.0117644937e+00 6.0000000000e-01 
1.0425589224e-06 1.4133947986e+04 1.2769635705e+00 6.0000000000e-01 
2.8242152761e-08 1.1306156258e+04 1.0436346265e+00 6.0000000000e-01 
3.3356570118e-09 1.2490831489e+04 3.9240027402e-01 6.0000000000e-01 
2.7904072954e-09 1.3037887188e+04 9.6968059072e-01 6.0000000000e-01 
5.3060548030e-10 1.2979433554e+04 1.0897353841e+00 6.0000000000e-01 
1.2740839537e-10 1.5655012228e+04 1.7374556931e-01 6.0000000000e-01 
1.4741447431e-08 2.3245679977e+04 1.1716494599e+00 6.0000000000e-01 
1.6948536955e-10 1.5906265469e+04 9.0724434572e-01 6.0000000000e-01 
6.3322301643e-11 1.1285536707e+04 7.1781833557e-01 6.0000000000e-01 
4.8757228414e-09 1.4851433927e+04 9.9514052078e-01 6.0000000000e-01 
3.8129527811e-08 2.5000000000e+04 1.2431282592e+00 6.0000000000e-01 
2.8063044671e-07 1.2400515030e+04 9.5748691127e-01 6.0000000000e-01 
1.5844733602e-08 1.4220272146e+04 5.1888910840e-01 6.0000000000e-01 
6.8703397829e-11 1.1223058479e+04 1.1753748159e+00 6.0000000000e-01 
2.9953391078e-06 1.6883542914e+04 9.9752587616e-01 6.0000000000e-01 
4.3402211507e-11 1.3264917944e+04 1.3885153166e+00 6.0000000000e-01 
2.1615777154e-09 1.7327306955e+04 6.0632327332e-01 6.0000000000e-01 
4.9288547193e-08 1.5660552854e+04 1.0608953579e+00 6.0000000000e-01 
6.7138958890e-10 1.8781162316e+04 1.1365583259e+00 6.0000000000e-01 
3.1973568681e-07 1.1456253320e+04 5.2621697231e-01 6.0000000000e-01 
3.8024244711e-11 1.2063421589e+04 1.0568062109e+00 6.0000000000e-01 
5.4594360768e-08 1.5212194876e+04 6.0302831211e-01 6.0000000000e-01 
2.4313137470e-06 2.3535532679e+04 1.3871850371e+00 6.0000000000e-01 
3.0467803675e-11 1.1928361937e+04 6.4004936906e-01 6.0000000000e-01 
8.3199279318e-07 1.6379817022e+04 1.0312407473e+00 6.0000000000e-01 
1.4267641420e-09 1.1756363180e+04 1.1201046602e+00 6.0000000000e-01 
1.3791093027e-08 1.1553594339e+04 9.9327647233e-01 6.0000000000e-01 
1.7139581523e-09 1.2824107820e+04 9.6840528998e-01 6.0000000000e-01 
7.9178135137e-08 1.1829529716e+04 7.6308680791e-01 6.0000000000e-01 
8.1119932312e-08 1.1447974636e+04 3.2709711762e-01 6.0000000000e-01 
9.4084193028e-07 1.3776973213e+04 7.5188072674e-01 6.0000000000e-01 
1.0927870480e-08 1.6023007389e+04 8.9288273122e-01 6.0000000000e-01 
5.5297942840e-08 1.1342263536e+04 5.1073820219e-01 6.0000000000e-01 
3.3130052272e-08 1.3783290570e+04 4.7288719011e-01 6.0000000000e-01 
1.8299883860e-08 1.2962462123e+04 9.1705036143e-01 6.0000000000e-01 
1.0167758480e-08 1.6764659685e+04 9.9022434295e-01 6.0000000000e-01 
1.1796535919e-08 1.1462092554e+04 1.2387492071e+00 6.0000000000e-01 
5.9800180076e-10 1.2550993325e+04 8.6661939075e-01 6.0000000000e-01 
9.5854993176e-06 1.3086481718e+04 5.7268813686e-01 6.0000000000e-01 
4.0198235728e-09 1.1665053543e+04 1.0243821107e+00 6.0000000000e-01 
1.1578328347e-10 1.7331250227e+04 8.4931056200e-01 6.0000000000e-01 
1.6243239883e-08 2.5000000000e+04 3.2543865972e-01 6.0000000000e-01 
3.3695587414e-06 1.2815375068e+04 4.5920874795e-01 6.0000000000e-01 
1.8849149361e-09 1.3083020143e+04 1.1171387434e+00 6.0000000000e-01 
2.9263606219e-08 2.5000000000e+04 9.2836406535e-01 6.0000000000e-01 
4.3773144200e-09 1.4434012963e+04 2.8537530322e-01 6.0000000000e-01 
1.2968386016e-07 1.2934894276e+04 7.8382920430e-01 6.0000000000e-01 
2.5989378024e-09 1.2956026763e+04 1.0148955357e+00 6.0000000000e-01 
1.1417769433e-10 1.4368205414e+04 3.7103204849e-02 6.0000000000e-01 
4.3016410758e-08 2.5000000000e+04 1.3776434649e+00 6.0000000000e-01 
8.4657772478e-07 2.1169798316e+04 5.4532979469e-01 6.0000000000e-01 
1.3066390983e-08 1.8398810301e+04 9.4703865217e-01 6.0000000000e-01 
7.5773719404e-10 1.2805406364e+04 1.1633542076e+00 6.0000000000e-01 
1.2823952075e-08 1.1872450370e+04 1.0048932367e+00 6.0000000000e-01 
3.4669380684e-10 1.1239951174e+04 6.0906021855e-01 6.0000000000e-01 
8.0611340333e-07 1.7238479072e+04 4.0195508963e-01 6.0000000000e-01 
1.6519159606e-06 1.1426762554e+04 1.4523018712e+00 6.0000000000e-01 
3.2067662810e-09 1.1221341964e+04 8.8492974014e-01 6.0000000000e-01 
2.7835777164e-11 1.3959579172e+04 9.9812955704e-01 6.0000000000e-01 
6.7633415843e-08 1.1445616915e+04 1.1884481236e+00 6.0000000000e-01 
7.2680482083e-11 1.4556384847e+04 6.6546021203e-01 6.0000000000e-01 
1.2035910722e-07 1.3940688982e+04 7.7606490899e-01 6.0000000000e-01 
1.9516572043e-09 1.7799378671e+04 5.0121148378e-01 6.0000000000e-01 
1.1475384837e-08 1.2412816531e+04 8.5857915508e-01 6.0000000000e-01 
2.6920923160e-10 1.3366967793e+04 6.9050636564e-01 6.0000000000e-01 
7.4671921744e-09 1.2091961269e+04 8.0478862437e-01 6.0000000000e-01 
9.4843754375e-10 1.1920634030e+04 1.2383861406e-01 6.0000000000e-01 
1.5145873979e-09 1.2644026142e+04 1.1129999898e+00 6.0000000000e-01 
1.6959139401e-10 1.2048373160e+04 1.1772178944e+00 6.0000000000e-01 
4.8983630046e-06 1.3112517491e+04 9.2600080005e-01 6.0000000000e-01 
2.0608517153e-07 1.2120978358e+04 1.0414700789e+00 6.0000000000e-01 
4.6692091638e-09 1.4480716295e+04 4.5513585867e-01 6.0000000000e-01 
2.8140860544e-11 1.2004747694e+04 6.4586661180e-01 6.0000000000e-01 
1.1839766183e-10 1.1922415753e+04 3.2900190975e-01 6.0000000000e-01 
2.2656981647e-09 1.8323959263e+04 7.9351763576e-01 6.0000000000e-01 
2.5072089009e-09 1.2736152460e+04 9.5399159595e-01 6.0000000000e-01 
1.1399721001e-10 1.2310087387e+04 5.4713835409e-01 6.0000000000e-01 
3.0513606753e-09 1.1226188784e+04 1.2224655758e+00 6.0000000000e-01 
5.2597101724e-11 1.4456987170e+04 9.3342312935e-01 6.0000000000e-01 
2.6672672263e-07 1.1931911595e+04 1.3585748486e-01 6.0000000000e-01 
5.1782442320e-10 1.2188780033e+04 4.0089605360e-01 6.0000000000e-01 
1.6251989432e-09 2.2743240052e+04 2.0249509795e-01 6.0000000000e-01 
3.3563078469e-10 1.1545980474e+04 1.1463922698e+00 6.0000000000e-01 
1.1807201712e-08 1.3533404279e+04 9.3936739462e-01 6.0000000000e-01 
2.2817047430e-09 1.5719874709e+04 3.0716841369e-01 6.0000000000e-01 
1.0023375650e-08 1.1226250724e+04 1.0991875580e+00 6.0000000000e-01 
9.8208991790e-08 1.2143267515e+04 2.1080777885e-01 6.0000000000e-01 
2.2523996414e-08 2.5000000000e+04 9.0795189767e-01 6.0000000000e-01 
4.7892618493e-11 1.6661905504e+04 8.7612430966e-01 6.0000000000e-01 
3.6339586797e-08 2.1892880695e+04 5.5963821345e-01 6.0000000000e-01 
4.7398050631e-09 1.5906912393e+04 4.0941590641e-02 6.0000000000e-01 
1.4993431557e-07 1.4766840508e+04 6.7544656762e-01 6.0000000000e-01 
5.9184618781e-11 1.1200319865e+04 3.3288002641e-01 6.0000000000e-01 
9.3420453111e-09 1.1361407862e+04 8.5056849632e-01 6.0000000000e-01 
5.8850395177e-11 1.3477257062e+04 5.4669371800e-01 6.0000000000e-01 
1.9713189670e-09 1.1987972329e+04 3.4881977315e-01 6.0000000000e-01 
4.1885632220e-11 1.2373316744e+04 5.7992375790e-01 6.0000000000e-01 
1.0907989107e-11 1.2497169343e+04 4.1153022804e-01 6.0000000000e-01 
4.0550844211e-08 1.2660899110e+04 1.2662297605e+00 6.0000000000e-01 
1.4934523751e-06 1.3056956375e+04 8.8227188405e-01 6.0000000000e-01 
1.5523029076e-06 1.9843269168e+04 6.2366231662e-01 6.0000000000e-01 
1.6517068338e-09 1.1481840102e+04 4.1878185676e-01 6.0000000000e-01 
2.5491631695e-08 1.3544814948e+04 4.9728006844e-01 6.0000000000e-01 
1.4199987157e-10 1.1511813158e+04 4.4414217014e-01 6.0000000000e-01 
4.9606176942e-10 1.3229775833e+04 9.0763482359e-01 6.0000000000e-01 
2.7438371946e-11 1.3613431167e+04 4.9956555215e-01 6.0000000000e-01 
2.1502254607e-09 1.1922012878e+04 8.6314054368e-01 6.0000000000e-01 
9.4624928757e-11 1.2980777007e+04 8.5910035777e-01 6.0000000000e-01 
2.2074759741e-07 1.3403347591e+04 9.1036700668e-01 6.0000000000e-01 
1.2678313036e-09 1.2733158525e+04 1.0734724946e+00 6.0000000000e-01 
2.2189380297e-06 1.5628254508e+04 8.6195120684e-01 6.0000000000e-01 
6.6055374301e-09 2.5000000000e+04 5.7781889066e-01 6.0000000000e-01 
6.3287751814e-10 2.2129040457e+04 3.3649444133e-01 6.0000000000e-01 
9.1212649334e-11 1.4846169254e+04 1.2986219114e+00 6.0000000000e-01 
4.5345744172e-08 1.9943302413e+04 4.2531654955e-01 6.0000000000e-01 
1.6140957296e-09 2.3498949830e+04 1.4284169395e+00 6.0000000000e-01 
5.3023849523e-08 1.3076922704e+04 1.2107263139e+00 6.0000000000e-01 
