2.6265695042e-04 3.1282511990e-01 
6.9282825976e-06 1.0000000000e+00 
4.0452138654e-05 3.8406900763e-01 
1.9463089049e-05 5.0429860868e-01 
2.0623941095e-05 4.0115474612e-01 
2.9417911577e-05 2.4021245532e-01 
9.1944658475e-05 5.1378580048e-01 
2.0357582069e-05 4.0298179832e-01 
7.6022679676e-05 4.2204364145e-01 
1.0714860321e-04 3.7759000274e-01 
2.3308680404e-04 3.0489562097e-01 
2.0084174760e-05 5.1114422591e-01 
1.5602762748e-04 3.1172397184e-01 
6.4793282437e-05 3.3012463917e-01 
5.9917136644e-05 3.5033668544e-01 
2.8759542768e-04 1.0000000000e+00 
4.5909798860e-05 3.4621708159e-01 
5.2638080922e-05 3.4871569121e-01 
2.0567636671e-05 4.0064091825e-01 
6.3818711168e-04 2.7035819981e-01 
2.5754600067e-05 2.5317133854e-01 
7.3308597169e-06 4.2761827883e-01 
8.5032245966e-05 8.7744158686e-01 
5.1609311560e-05 2.8801474878e-01 
4.5180343874e-05 2.3433236569e-01 
9.1838615929e-06 1.0000000000e+00 
8.1289732829e-05 3.2408578089e-01 
4.1894043782e-05 3.7031905577e-01 
5.1169065878e-05 2.5311217792e-01 
1.8323427783e-04 3.0749110698e-01 
8.3738805460e-05 3.3881136336e-01 
7.1977501880e-06 4.7023032465e-01 
3.3055866521e-05 3.8357127906e-01 
2.3273128593e-05 1.0000000000e+00 
4.7080319217e-05 3.5464187970e-01 
6.1430507604e-05 3.5067578628e-01 
1.4125252428e-05 1.0000000000e+00 
6.8588810589e-05 2.6316591317e-01 
6.1158222393e-06 5.7203808531e-01 
7.2313857271e-06 4.3125041823e-01 
4.6273694669e-05 3.5177119455e-01 
4.0539005175e-05 6.9740599209e-01 
3.0925998877e-04 3.8067940441e-01 
3.4297907168e-05 3.6488612099e-01 
2.1680234069e-05 2.8171030083e-01 
3.8712169296e-05 2.1932829847e-01 
6.8548030115e-05 3.4204783626e-01 
6.8603223399e-05 2.5361012759e-01 
7.6141041120e-05 3.4014198680e-01 
1.5633604257e-05 1.0000000000e+00 
1.5327449024e-05 2.8865997015e-01 
1.8749808043e-04 3.1372419313e-01 
3.0652569762e-04 1.0000000000e+00 
5.3130307925e-05 2.1737765278e-01 
3.0046331443e-05 2.9820480280e-01 
3.2993164357e-05 2.1904674411e-01 
1.1420020026e-05 4.1285475596e-01 
6.5540128724e-04 2.8797761928e-01 
2.1279037781e-05 3.3010644381e-01 
2.9006820228e-05 3.0749429182e-01 
2.7116887237e-05 3.9127515228e-01 
5.1126699322e-05 3.1814094853e-01 
1.9024486651e-04 3.1199662637e-01 
4.1623150874e-05 3.6677291615e-01 
3.9854914823e-05 3.6554292298e-01 
5.8717097251e-05 2.3851428091e-01 
5.5583677061e-05 3.3760076713e-01 
1.0705814965e-05 1.0000000000e+00 
9.4580047181e-06 4.7511167310e-01 
4.7698246293e-05 5.8907805516e-01 
1.5802521214e-05 3.9191315238e-01 
4.0789310701e-05 1.0000000000e+00 
1.5866920657e-05 3.0768627189e-01 
6.4781077128e-05 9.9948106043e-01 
1.9555878533e-05 3.8225719714e-01 
1.9600599284e-05 2.9004570321e-01 
2.2961629306e-05 3.9684805344e-01 
5.7417757419e-05 2.7720569635e-01 
3.4415340096e-05 2.4611299364e-01 
1.1933247506e-05 2.9938670117e-01 
2.0889056480e-05 7.6181594148e-01 
7.3371320811e-05 3.1916333638e-01 
1.3860878870e-05 4.6214196594e-01 
7.0044441721e-05 3.3938123438e-01 
4.4924800772e-05 3.6196403292e-01 
8.0689853387e-05 2.6490763817e-01 
2.1035703412e-05 3.2727940898e-01 
1.0662569654e-04 1.0000000000e+00 
3.1987490471e-05 3.5463260577e-01 
1.3174788187e-05 4.4671384977e-01 
8.0628742128e-06 1.0000000000e+00 
7.7320560554e-06 3.2999606378e-01 
1.8373173905e-05 6.6509903203e-01 
6.3250529915e-05 3.4256486221e-01 
1.2591819184e-04 8.1503256703e-01 
7.6872416451e-05 2.8890378777e-01 
1.1942527290e-04 3.1916202432e-01 
3.1507381702e-05 2.3990577433e-01 
1.9519916693e-04 3.0985839634e-01 
6.2784920703e-05 3.5664309004e-01 
2.8341830523e-05 2.8040308845e-01 
6.2908564400e-05 2.1220058564e-01 
1.2814575366e-04 3.2239426444e-01 
1.1353232316e-05 3.1799282013e-01 
3.5000270598e-05 2.4552135188e-01 
1.2489942980e-04 3.7957435488e-01 
4.6553684195e-05 3.5664542459e-01 
7.7319252481e-05 6.2745673234e-01 
5.8719896761e-05 3.5353393115e-01 
2.8196298608e-05 2.8916222586e-01 
5.8392795358e-05 2.1204357574e-01 
2.0181615610e-04 1.0000000000e+00 
5.3605996427e-05 2.7300012076e-01 
2.6464125980e-04 1.0000000000e+00 
8.7515071683e-05 3.7683547156e-01 
3.8549260157e-05 3.6016817850e-01 
1.3549274427e-04 1.0000000000e+00 
4.4638396650e-05 4.4956131132e-01 
1.4253372754e-04 3.2286250655e-01 
2.2749577796e-05 2.8291333030e-01 
5.0062528730e-05 3.7251809619e-01 
2.2707840948e-05 3.5339115035e-01 
1.0750845473e-04 3.3116174865e-01 
8.1200945971e-05 6.8986008610e-01 
3.6129976121e-05 3.7614617454e-01 
1.9385634520e-05 4.3803935218e-01 
1.0094962853e-04 3.6317731438e-01 
1.9359543053e-05 3.1160058878e-01 
3.7373546909e-04 1.0000000000e+00 
8.3452369911e-05 3.2101192710e-01 
3.1268230744e-05 2.8985032748e-01 
4.5032039464e-04 2.8499834512e-01 
1.3434736059e-04 3.3206750868e-01 
1.8528317704e-05 1.0000000000e+00 
2.2721230239e-04 3.0108085935e-01 
5.1508900575e-04 3.0688402903e-01 
5.8822123414e-05 3.5431100869e-01 
3.8932412124e-05 2.5161066447e-01 
4.6364937191e-05 3.7597903329e-01 
9.5953906398e-05 9.0649557913e-01 
1.9293087811e-05 3.5454889665e-01 
6.1045911905e-06 4.4303428530e-01 
2.3791975689e-05 2.5908937531e-01 
1.2125885126e-04 3.2878152746e-01 
2.9763175540e-05 3.1754485474e-01 
5.1010520831e-05 2.8915105085e-01 
7.6370754929e-04 2.7422383995e-01 
1.0594931703e-05 4.3551602684e-01 
5.2204259421e-05 3.6126767050e-01 
3.9782874381e-05 1.0000000000e+00 
1.7094779809e-04 3.1428105054e-01 
1.9522402622e-04 1.0000000000e+00 
4.9082186397e-05 3.3015444423e-01 
1.5618057773e-05 1.0000000000e+00 
1.0991187523e-04 3.3491063329e-01 
1.5696411757e-05 1.0000000000e+00 
5.4430656775e-05 4.2190846589e-01 
2.3734473714e-05 3.2015869567e-01 
9.2490101730e-05 8.8914716822e-01 
1.7427829281e-05 2.8978186961e-01 
1.7910593165e-05 3.8939607109e-01 
2.6978898024e-05 2.3872984277e-01 
2.4262161802e-05 2.8882158352e-01 
7.5208180399e-05 3.4759390243e-01 
2.8585391381e-04 2.9519644218e-01 
4.0980293291e-05 2.1056625898e-01 
5.0161541967e-05 2.1805594146e-01 
1.4599002076e-04 3.1801123935e-01 
6.2326872876e-06 3.4923773552e-01 
1.2850736412e-04 3.3709173515e-01 
6.3598399915e-05 3.5935119632e-01 
2.9216564984e-05 1.0000000000e+00 
1.0106148268e-04 3.3760779335e-01 
5.5992529623e-05 3.3672698905e-01 
8.2073274089e-05 8.4256193854e-01 
8.1710028302e-06 1.0000000000e+00 
1.3041931636e-05 5.8818917900e-01 
3.5767896743e-05 3.5662026524e-01 
5.1093818413e-05 3.0622355488e-01 
9.3905900718e-06 1.0000000000e+00 
2.0335955127e-05 4.0214716360e-01 
2.4240138503e-05 1.0000000000e+00 
1.4415503452e-04 1.0000000000e+00 
4.6355451942e-05 3.4874186925e-01 
4.5213151156e-05 2.8272518891e-01 
2.5425798932e-05 2.6966682748e-01 
4.8940026982e-05 3.1458146186e-01 
8.8096819258e-05 9.3280675795e-01 
1.7893863220e-05 2.8131083908e-01 
2.9355492439e-04 3.1319756320e-01 
5.8020743754e-05 3.4204903484e-01 
3.5781493700e-05 3.8903076592e-01 
9.0891673159e-05 3.2637643491e-01 
2.2510688895e-05 3.8403824922e-01 
1.2744079148e-05 4.1651855427e-01 
1.1691274631e-05 1.0000000000e+00 
1.7048751685e-05 1.0000000000e+00 
4.8917907225e-04 2.8206133131e-01 
6.1836455392e-06 1.0000000000e+00 
2.1586762689e-05 4.8816682476e-01 
4.3578411815e-05 2.8959600982e-01 
6.2521474618e-05 4.7259338131e-01 
3.6948945335e-05 2.3543367478e-01 
1.9452800937e-04 1.0000000000e+00 
2.0882211807e-05 3.8698959439e-01 
3.8690892438e-05 3.5981256297e-01 
2.0932477628e-05 3.6993060271e-01 
1.3984586242e-04 3.3303360030e-01 
9.6457472901e-05 3.6645816800e-01 
1.2972141092e-04 3.2325228126e-01 
7.3796827070e-05 3.3213791371e-01 
1.0073106109e-05 3.9866811792e-01 
7.0365524378e-05 1.0000000000e+00 
9.7504534091e-05 3.3515229124e-01 
4.0191061097e-05 2.1597133773e-01 
3.8058559861e-05 2.5471681174e-01 
2.1101129732e-04 3.1276428337e-01 
1.7681133090e-05 4.3067236240e-01 
5.6293676401e-05 1.0000000000e+00 
2.8265922788e-05 2.9680671817e-01 
7.3772044105e-05 1.0000000000e+00 
2.6287170597e-04 3.0966800400e-01 
8.8276966399e-06 1.0000000000e+00 
6.3976490058e-05 3.6120539648e-01 
1.7925977157e-05 4.2364088555e-01 
2.7978244695e-04 1.0000000000e+00 
2.8561630595e-05 2.4130969260e-01 
4.1431677553e-05 3.6870527648e-01 
8.2938053480e-05 3.2260363308e-01 
7.5185957664e-06 1.0000000000e+00 
2.2363019750e-04 3.0617775481e-01 
2.9467602963e-05 4.1793127095e-01 
1.5527797897e-04 3.2120451939e-01 
9.2071462437e-05 3.4205875589e-01 
5.2848161115e-05 6.0815474392e-01 
7.3498961662e-05 4.9728049136e-01 
1.0280842418e-04 5.0990635967e-01 
2.8743244619e-04 2.9536346829e-01 
7.6016806749e-04 1.0000000000e+00 
2.0225093856e-05 1.0000000000e+00 
2.5154426576e-05 3.6404772641e-01 
5.0963590417e-05 3.6445772976e-01 
5.0552929257e-05 3.0440239611e-01 
1.5454776504e-04 3.4112144481e-01 
3.6360527630e-05 1.0000000000e+00 
2.7060411334e-05 3.7425722035e-01 
2.6317201357e-05 2.3526782861e-01 
1.5080234695e-05 5.1157255742e-01 
8.2762326470e-05 5.2327599730e-01 
2.3903694150e-05 3.1009105900e-01 
7.5446350004e-05 3.6172222406e-01 
1.9394890897e-05 1.0000000000e+00 
2.0557931310e-05 3.7503990149e-01 
1.0550242190e-05 3.9633679075e-01 
1.2589070257e-05 5.3949381815e-01 
2.4498869774e-05 3.3777152014e-01 
7.4219914403e-06 1.0000000000e+00 
2.6738427976e-05 1.0000000000e+00 
1.0631831530e-04 3.3498167900e-01 
5.8050351788e-05 3.4105408401e-01 
7.1754946371e-05 3.1575965888e-01 
2.4107861269e-05 3.6880179246e-01 
1.8803112773e-05 4.0458043948e-01 
9.4055522971e-06 2.9324710463e-01 
2.6465531491e-05 1.0000000000e+00 
1.2321038630e-04 3.2289877362e-01 
2.1480573732e-05 3.8243988189e-01 
1.3186761297e-05 4.1373067171e-01 
2.4104084609e-05 4.0283562685e-01 
5.7768445910e-05 3.2565370992e-01 
1.7427090673e-05 1.0000000000e+00 
2.6899529290e-04 2.9989240450e-01 
7.7341106911e-05 3.5211921329e-01 
5.4391872902e-06 1.0000000000e+00 
6.9315352579e-05 3.8006806701e-01 
8.1979739353e-05 3.0930477267e-01 
4.2395703019e-05 2.0615138832e-01 
1.0018140778e-05 1.0000000000e+00 
7.0418824376e-05 3.5072845699e-01 
7.3090897789e-06 4.9132763857e-01 
7.0981941161e-05 3.3432449459e-01 
2.6138241625e-04 2.9946771844e-01 
1.4878518441e-04 3.2699623801e-01 
3.1438297493e-05 3.7199874021e-01 
1.1412244199e-04 3.3255676751e-01 
1.0194391798e-04 3.5268281309e-01 
2.0742647968e-04 3.0805410952e-01 
6.4556177901e-05 3.5764070408e-01 
7.6542003711e-05 3.3560450719e-01 
5.0229127614e-05 3.5301019440e-01 
1.8400801521e-04 3.1245439038e-01 
3.1631958163e-05 3.6222707404e-01 
1.5524261326e-04 3.2009156330e-01 
3.4256295439e-05 3.7711539423e-01 
1.6456355368e-04 3.1398208293e-01 
1.8377955166e-04 3.1396008375e-01 
1.3469916673e-04 3.0866191573e-01 
1.2111341957e-05 2.7319456249e-01 
1.9002953941e-04 3.0553470477e-01 
1.7808190751e-05 3.8048991694e-01 
1.2197446943e-05 4.6450008964e-01 
4.9377001970e-05 3.1394293690e-01 
2.5214658432e-04 3.0355673172e-01 
5.2946623935e-05 3.3558968819e-01 
3.4118563899e-05 2.3933373365e-01 
4.5694843955e-05 2.6203446114e-01 
1.0836360249e-04 3.2299648364e-01 
3.3518620857e-05 4.0426453190e-01 
6.7218100953e-05 3.3328366919e-01 
5.7406965294e-05 2.2614172404e-01 
1.1442925715e-04 3.2712365122e-01 
4.0858873225e-05 3.5570217735e-01 
3.7809678305e-05 3.3272694693e-01 
2.4579140452e-05 2.7070223502e-01 
9.0045018547e-05 3.2373219882e-01 
2.8052837248e-05 2.7904168766e-01 
8.5394329008e-05 7.3277454580e-01 
1.1290716835e-05 2.7881066173e-01 
4.3864917935e-05 3.4704053983e-01 
2.5323180204e-04 3.0243635770e-01 
1.0342093650e-04 3.2887143435e-01 
5.6303641928e-05 3.8437802276e-01 
8.0229161175e-05 2.5355773658e-01 
5.3922029255e-05 1.9730810647e-01 
2.3054516540e-05 2.9105265279e-01 
3.8149421972e-05 3.5240717766e-01 
4.5146097099e-05 3.4869503545e-01 
1.1571904843e-04 3.2792074435e-01 
1.2749382336e-04 3.1950511290e-01 
4.2300009946e-05 3.5354640782e-01 
4.4462041753e-05 3.5226379819e-01 
1.2953866213e-04 1.0000000000e+00 
2.0876362961e-05 2.7150052623e-01 
9.4233762893e-05 3.3026332032e-01 
1.3577380419e-05 4.1772301653e-01 
1.5873352226e-04 1.0000000000e+00 
9.4680246425e-05 1.0000000000e+00 
3.9543646428e-04 2.8583511862e-01 
7.2661354099e-05 3.2838575732e-01 
5.4439987705e-05 2.0161297188e-01 
7.4262224248e-06 4.3772642820e-01 
4.7189565511e-05 2.0736211674e-01 
1.9415497376e-04 3.0949195248e-01 
7.1519147439e-05 3.3108581776e-01 
2.3693557896e-05 2.8896286066e-01 
4.7088459149e-05 3.6503955218e-01 
1.1465422079e-04 3.5777218963e-01 
1.8361301764e-05 3.7764052234e-01 
2.1069258766e-05 4.2170283747e-01 
6.2581263676e-05 3.2737771496e-01 
7.8189042065e-06 1.0000000000e+00 
9.1807899438e-05 3.3287872693e-01 
4.4097195282e-05 3.6034517793e-01 
4.9351810773e-05 3.6338609031e-01 
3.2275780478e-05 3.7328678178e-01 
1.3293726691e-05 1.0000000000e+00 
3.3200028237e-05 2.6882373014e-01 
2.2448439336e-05 3.0840096904e-01 
2.1629465767e-05 2.7495717650e-01 
1.7002352600e-04 3.1324164433e-01 
3.8568498257e-05 3.8750456230e-01 
5.0622064757e-04 2.7653282908e-01 
3.8839064550e-05 3.4438079486e-01 
3.8039553379e-05 2.8707236838e-01 
5.2778338385e-05 3.3294122555e-01 
3.2796771987e-04 3.2653874625e-01 
3.9855780205e-05 3.4812030792e-01 
2.1100027328e-05 2.9951442459e-01 
1.7467536897e-04 3.1788900762e-01 
3.3411811916e-05 3.7691885555e-01 
3.7917522813e-05 3.5625467057e-01 
1.1611977575e-05 1.0000000000e+00 
9.2200728558e-05 1.0000000000e+00 
1.5380972614e-04 4.2387053485e-01 
4.3734081257e-05 3.6434862526e-01 
2.5566904602e-05 3.8792168738e-01 
2.9362966124e-05 2.9129253126e-01 
4.2996494018e-04 3.6828553129e-01 
3.4238706969e-05 1.0000000000e+00 
1.5976170844e-04 3.1431173762e-01 
3.5380765992e-05 3.2125152511e-01 
2.1270353641e-05 3.9455605455e-01 
8.5784635724e-05 3.2371202504e-01 
2.3774870840e-05 3.0454488918e-01 
4.8884607774e-05 3.8612369607e-01 
1.8479396383e-05 4.4452850559e-01 
3.3513727269e-05 2.6811632351e-01 
6.7727484457e-05 3.4422869019e-01 
2.3161204934e-04 3.0497479569e-01 
7.7443597099e-05 3.3583938643e-01 
6.7923293053e-04 2.9392043096e-01 
6.4013634715e-05 3.3056861415e-01 
1.2529417134e-05 3.2347263401e-01 
2.3881518279e-05 3.1780424781e-01 
1.1215335571e-04 3.4267598011e-01 
1.4208887884e-04 3.2134905311e-01 
1.2662757876e-05 5.3300653244e-01 
6.5612225810e-05 3.5357525833e-01 
6.3147847710e-05 4.0415462825e-01 
3.7040604013e-05 2.1405623406e-01 
1.1259469744e-04 9.8759475635e-01 
3.7826407670e-05 2.3174465769e-01 
4.8764695956e-05 3.5160883541e-01 
5.1653299772e-06 1.0000000000e+00 
5.2907638942e-06 1.0000000000e+00 
2.9838284753e-05 2.7300119616e-01 
1.1529311145e-04 3.3757606942e-01 
8.6340183287e-05 4.1411312603e-01 
3.0634827045e-05 3.5963244312e-01 
1.1662109946e-05 5.7148208754e-01 
1.5213388260e-05 5.0870757397e-01 
1.5319497891e-04 3.1948189002e-01 
2.0608682261e-05 1.0000000000e+00 
9.1189863600e-06 1.0000000000e+00 
4.8046795002e-05 3.4959609921e-01 
3.5013268063e-05 3.7360385808e-01 
3.9921774441e-05 1.0000000000e+00 
7.8397135022e-05 3.4782933476e-01 
3.0159141440e-05 2.8313312135e-01 
2.9420752557e-05 3.4079556315e-01 
2.8737956357e-05 2.2674526580e-01 
3.7076861021e-05 2.3646078851e-01 
3.5259176039e-05 3.5157446603e-01 
4.4881899441e-05 2.1133874432e-01 
2.3614423429e-05 2.4109356098e-01 
3.4325320425e-05 3.6752475982e-01 
1.1363221849e-04 3.4712415483e-01 
7.8273301719e-05 3.4621978666e-01 
2.9517603186e-04 2.9726116524e-01 
1.0864722668e-04 3.3426894166e-01 
2.7039479759e-05 3.3384528970e-01 
5.9182468399e-05 2.3432965105e-01 
5.7507647764e-05 3.5420489703e-01 
4.1517342309e-05 3.7616563589e-01 
7.1665073942e-06 1.0000000000e+00 
5.5386514943e-05 3.6177254360e-01 
1.2631354459e-05 3.5447367164e-01 
6.6958753803e-05 3.5210026203e-01 
1.7933374558e-04 3.1732850595e-01 
1.3352471784e-05 1.0000000000e+00 
6.9842678867e-05 3.2711081860e-01 
2.4589827383e-04 3.2895637455e-01 
8.3075229817e-05 3.4728937736e-01 
1.2429004079e-05 1.0000000000e+00 
5.2000502704e-06 1.0000000000e+00 
1.1837806870e-05 4.3839227200e-01 
2.4685641652e-05 2.6677776295e-01 
7.3877215730e-06 1.0000000000e+00 
4.3193476717e-05 1.0000000000e+00 
7.1322815495e-05 3.4195574729e-01 
7.3394643849e-06 1.0000000000e+00 
1.1744328981e-05 1.0000000000e+00 
7.0638654998e-05 3.4454632682e-01 
3.6194033671e-05 3.6545100712e-01 
4.9773155222e-05 2.5677575809e-01 
3.1133881931e-05 3.8291533786e-01 
2.2299718353e-05 2.4298420069e-01 
1.0748911906e-05 1.0000000000e+00 
2.3830214077e-05 3.9814998340e-01 
5.0787830786e-05 2.6759812013e-01 
6.5426139461e-05 1.0000000000e+00 
7.1006144696e-05 3.5066311030e-01 
5.9754899423e-05 3.4707677421e-01 
1.8222884743e-04 3.1488075426e-01 
1.5024721423e-04 1.0000000000e+00 
1.9965064132e-05 3.7768087046e-01 
1.7694324504e-05 4.7466085333e-01 
1.1272127870e-05 1.0000000000e+00 
1.2632990687e-05 2.8419216226e-01 
2.3059351432e-05 3.6992581248e-01 
1.7907871151e-05 2.7107472257e-01 
1.7250840148e-04 3.2164752481e-01 
3.4624232281e-05 3.6729141419e-01 
7.1131094718e-05 2.1684173538e-01 
1.2173995417e-04 3.2886535211e-01 
6.9463530165e-04 1.0000000000e+00 
6.6002353143e-05 2.8568759538e-01 
1.9302269533e-04 3.1564747766e-01 
1.1602438694e-04 3.3914184036e-01 
2.0273818631e-04 3.0720299700e-01 
4.0631913064e-05 3.5096779813e-01 
3.9856694561e-05 2.8970248579e-01 
5.5814423922e-05 1.0000000000e+00 
5.2320493532e-05 2.2729882115e-01 
1.1630607641e-04 3.3473127396e-01 
1.0513852274e-04 2.8927213291e-01 
4.7074938323e-05 3.4608632140e-01 
2.1208637639e-05 3.4183842547e-01 
9.3003290190e-05 2.3199940050e-01 
4.7664362593e-05 3.5307590856e-01 
3.2472575378e-04 1.0000000000e+00 
1.1762249611e-04 3.3512338715e-01 
4.1088677384e-05 3.6898873112e-01 
4.0031796421e-05 3.7085464145e-01 
2.7517575340e-05 3.1582679274e-01 
1.9641520832e-05 4.1276435141e-01 
5.8173318189e-05 3.7030336793e-01 
9.7768374834e-05 3.3623900584e-01 
7.8896398523e-05 3.4185556298e-01 
9.2290693777e-05 8.5744040633e-01 
5.0736861793e-05 3.4145734123e-01 
5.2769249395e-05 2.4746188016e-01 
9.3098742153e-06 2.9726424285e-01 
1.4864670194e-05 2.6491687692e-01 
3.7471768245e-05 3.5405897965e-01 
3.6008567046e-05 3.7337288738e-01 
8.9919195642e-05 3.4330185619e-01 
2.0882008418e-05 3.8561026425e-01 
2.5101737785e-05 3.1514539499e-01 
3.2380992295e-05 3.7309816437e-01 
5.6111974807e-05 3.7001581863e-01 
1.9623576785e-04 3.0917723192e-01 
2.2363113830e-05 5.3390251502e-01 
2.1425849370e-05 3.4084362425e-01 
6.4440160054e-05 3.4089779222e-01 
3.7076576525e-04 2.8710985390e-01 
5.6535464874e-06 4.2945041305e-01 
6.5222003531e-05 3.6476920824e-01 
1.7115987112e-05 4.0263538327e-01 
1.2889045777e-05 3.0206892737e-01 
2.3929306609e-05 5.1596258488e-01 
8.2343512670e-05 2.3765632399e-01 
3.2796021350e-05 3.3214032218e-01 
1.1993865482e-05 1.0000000000e+00 
5.8162095557e-05 3.6156762483e-01 
4.8369330507e-05 1.0000000000e+00 
6.5287174028e-05 1.0000000000e+00 
1.0858454176e-05 4.0916340748e-01 
4.1214390350e-05 3.5361823839e-01 
5.3233426577e-05 2.4057894533e-01 
2.2700386175e-05 3.8151944755e-01 
7.1060071614e-05 3.1557834699e-01 
7.4357207705e-06 1.0000000000e+00 
2.7544316820e-05 3.8784761879e-01 
7.1071948269e-05 3.2361052512e-01 
1.1064609560e-05 1.0000000000e+00 
4.4791131592e-05 3.5970070249e-01 
7.8679240617e-06 1.0000000000e+00 
2.4918876378e-04 3.0550800486e-01 
9.4835793344e-05 3.5089218916e-01 
2.1809830472e-05 3.0692479529e-01 
6.1434691917e-05 3.4371602130e-01 
1.2406444046e-04 3.1781316599e-01 
2.9823624450e-05 3.1695065237e-01 
5.4014896287e-06 1.0000000000e+00 
1.9486216110e-05 4.2151953798e-01 
2.5680457593e-04 3.0222566996e-01 
3.5420304019e-05 2.5421023892e-01 
3.1353082463e-05 2.5381275216e-01 
3.4970867684e-04 2.9392426124e-01 
2.6134437706e-04 1.0000000000e+00 
5.9206746371e-05 3.7218179343e-01 
1.7258801555e-05 3.0448784966e-01 
1.1141353319e-04 3.8747602116e-01 
3.6837270878e-05 3.6954961880e-01 
1.7776816117e-05 2.6498974950e-01 
7.8484700277e-05 1.0000000000e+00 
9.1691922769e-05 3.3502729431e-01 
1.7284791791e-05 3.0929276888e-01 
4.1360546142e-05 2.3911208672e-01 
1.9630398173e-04 1.0000000000e+00 
4.3781391593e-05 3.5797255736e-01 
3.8097379254e-05 1.0000000000e+00 
2.3971688512e-05 3.9540425996e-01 
3.6267354834e-05 2.8245384438e-01 
3.1992192534e-05 2.2487660831e-01 
4.1539156462e-05 2.3904770021e-01 
3.0836373156e-05 3.4556218606e-01 
2.7154723947e-05 1.0000000000e+00 
3.1115111627e-05 3.8618805750e-01 
2.0314284143e-05 1.0000000000e+00 
1.2591134500e-04 3.1926205993e-01 
1.5467798516e-04 3.2850858465e-01 
3.1253090705e-05 3.5853622728e-01 
3.0475860282e-05 3.9831853380e-01 
4.6178646574e-05 3.4366797166e-01 
3.2695692496e-05 3.5558579476e-01 
1.3641849708e-04 1.0000000000e+00 
3.8645887359e-05 1.0000000000e+00 
5.0321106748e-05 1.0000000000e+00 
7.6387650737e-05 3.3589500657e-01 
9.2137069959e-06 1.0000000000e+00 
4.6628755427e-05 2.1491892616e-01 
8.3250347507e-05 3.4146523379e-01 
5.7311385693e-05 3.5681048150e-01 
3.6137692529e-04 3.0165975163e-01 
1.1568594652e-04 3.2846181753e-01 
8.5820446636e-05 3.2751038490e-01 
2.6182540114e-04 1.0000000000e+00 
1.7511983362e-05 4.1070136833e-01 
3.0074760187e-04 2.9408504867e-01 
1.0995468553e-05 1.0000000000e+00 
2.7007988416e-05 3.4206407960e-01 
6.1798358784e-05 3.4016000239e-01 
1.3702251305e-04 3.1978439760e-01 
1.0119354034e-05 1.0000000000e+00 
2.1724871427e-04 3.7806189110e-01 
1.6189477070e-05 4.6691574541e-01 
7.2875056664e-05 3.4693003402e-01 
8.1476461441e-04 2.9175546796e-01 
1.8458038591e-05 3.8620111954e-01 
5.4146840906e-05 3.5682022688e-01 
8.0969433369e-05 3.5229732560e-01 
1.0613175107e-05 1.0000000000e+00 
1.4281645274e-04 3.1490707447e-01 
6.2611747510e-05 3.4183460466e-01 
1.2589343979e-05 5.2466754881e-01 
1.1005086338e-04 3.3332253200e-01 
8.3834348866e-05 3.3328819507e-01 
1.6391256425e-04 3.4518458573e-01 
8.6871931884e-05 3.3205865427e-01 
1.8293770510e-05 5.3220564168e-01 
1.3313663671e-04 3.4702535360e-01 
2.6901810347e-05 1.0000000000e+00 
7.3836884413e-05 3.3045679889e-01 
3.6163145303e-05 2.6216856725e-01 
2.6576712040e-04 2.9890747027e-01 
1.3680675775e-05 1.0000000000e+00 
2.0503992719e-05 4.2030469818e-01 
1.5073431175e-04 3.0893378773e-01 
1.6758750405e-04 3.1649285957e-01 
2.6419170101e-05 3.7802550928e-01 
3.7574116140e-05 2.2367067863e-01 
1.0207781265e-05 5.7633419324e-01 
7.4138271158e-05 3.2609831226e-01 
1.5911651025e-04 3.1541516254e-01 
5.5890733803e-05 3.5181603623e-01 
4.3499535944e-05 3.8536284073e-01 
4.4562453019e-05 3.4482953037e-01 
2.5659172390e-04 3.0843698965e-01 
1.3840156488e-04 3.1629550897e-01 
9.8060308845e-05 3.1611325244e-01 
2.9382595697e-05 2.7509416762e-01 
1.4783987842e-05 1.0000000000e+00 
2.9231211087e-05 4.1118574922e-01 
1.5299578920e-04 3.1475792610e-01 
2.8772736799e-05 2.6033295412e-01 
1.4299789673e-05 3.8836688340e-01 
3.1623574863e-05 3.6706630086e-01 
7.7773624550e-05 3.3303406413e-01 
7.7060853505e-06 1.0000000000e+00 
5.2483452013e-06 1.0000000000e+00 
1.2531633335e-05 4.3705279535e-01 
2.3317823084e-05 4.2294691669e-01 
5.2066066841e-06 1.0000000000e+00 
3.6278185307e-05 1.0000000000e+00 
5.8643746597e-05 3.2667541173e-01 
4.4715597624e-05 3.5506820572e-01 
3.3223903527e-05 2.3144314442e-01 
5.4925559180e-05 3.4107789211e-01 
8.4518982818e-05 3.2993995938e-01 
4.3174074719e-05 3.1152508874e-01 
4.7362792847e-04 2.7849389452e-01 
7.1227572288e-05 3.5098884982e-01 
1.8714625742e-04 3.5703201554e-01 
1.5195792788e-04 3.2595838366e-01 
3.0232580980e-04 2.9483587564e-01 
2.3812751199e-05 2.7434071815e-01 
3.0298298728e-05 2.6717516338e-01 
4.8783833474e-05 3.6126202208e-01 
1.2294829883e-04 3.2616249853e-01 
1.7786549082e-05 1.0000000000e+00 
4.5146673948e-05 3.6119817323e-01 
7.7880645502e-06 1.0000000000e+00 
8.3696327751e-06 1.0000000000e+00 
9.2929213461e-05 3.2168786831e-01 
1.2119509555e-05 2.6701981359e-01 
4.2035766020e-05 2.1769037638e-01 
1.0847876264e-04 3.1876625524e-01 
2.4284531919e-05 3.7608273748e-01 
4.7961973274e-05 1.0000000000e+00 
1.0126797091e-05 1.0000000000e+00 
2.1943435302e-04 3.0885201335e-01 
2.5522730945e-05 2.7211882185e-01 
8.4110643711e-05 3.3542242915e-01 
4.5025476159e-05 3.5304270817e-01 
4.5476660987e-05 3.4741361257e-01 
1.5571863879e-04 3.1980135098e-01 
1.5308476495e-04 3.3426432840e-01 
5.6672763034e-06 1.0000000000e+00 
7.9508179876e-06 1.0000000000e+00 
7.6529221449e-05 3.2718255874e-01 
1.8845697436e-05 3.9382218130e-01 
1.1661174970e-05 3.9333122231e-01 
7.5607794787e-05 8.4518940993e-01 
6.0090286164e-05 2.3903321132e-01 
6.3352457278e-05 2.1274101564e-01 
6.6145540849e-04 2.6807405734e-01 
1.9368082252e-04 3.1334718819e-01 
2.9610136096e-05 2.5343274186e-01 
1.2513644441e-04 1.0000000000e+00 
1.0855194134e-04 3.3023344574e-01 
3.6206399867e-04 1.0000000000e+00 
1.8453076743e-05 3.4472391706e-01 
6.4507204600e-05 7.9622997744e-01 
4.3377056749e-05 3.7164320761e-01 
1.1121415657e-04 3.1954684922e-01 
4.5318210125e-05 3.5516943227e-01 
5.6569388217e-05 3.0081175098e-01 
8.8165823538e-05 3.5210361448e-01 
7.5512690668e-06 1.0000000000e+00 
4.0620631387e-05 3.6833439830e-01 
6.8561648061e-05 3.4359313573e-01 
3.7434047933e-05 1.0000000000e+00 
4.8088200035e-05 3.6222816739e-01 
1.0954655183e-05 3.6645838034e-01 
2.0452619115e-05 2.8301755284e-01 
1.9361229526e-04 3.0881037178e-01 
7.0385882324e-05 3.3808257469e-01 
7.1117794538e-06 1.0000000000e+00 
1.8880408618e-04 3.1129046489e-01 
1.0727210030e-04 3.4233565058e-01 
1.8269386283e-05 2.9426175138e-01 
3.7214934070e-04 9.7550308651e-01 
2.8979725406e-05 3.8087796063e-01 
3.6931211288e-05 3.7162070492e-01 
8.1044333613e-05 3.5954479280e-01 
1.8091782511e-04 3.4008711871e-01 
6.2543389848e-05 2.0481735527e-01 
1.0341002365e-05 1.0000000000e+00 
7.9454875946e-06 1.0000000000e+00 
8.2037409293e-05 3.2957743000e-01 
4.2577686012e-05 3.4442109491e-01 
3.8329811792e-04 2.9245243719e-01 
2.5779057619e-05 3.8312471987e-01 
9.8020132794e-05 1.0000000000e+00 
4.8038721889e-05 3.5300084320e-01 
1.1216397580e-04 3.7530596984e-01 
1.0443680635e-04 3.2638175469e-01 
1.0249091271e-04 1.0000000000e+00 
1.9690772894e-04 3.1107989567e-01 
2.3664007040e-04 3.1210240838e-01 
7.3539158588e-05 3.4724782769e-01 
4.7464863560e-05 2.9797082550e-01 
4.0898583012e-05 3.5977903117e-01 
8.0884579586e-05 3.0875611005e-01 
2.2184158469e-05 3.6178044370e-01 
1.1207854826e-04 3.3137714518e-01 
1.0286534859e-04 3.2785629845e-01 
1.2575754767e-04 1.0000000000e+00 
1.0977160514e-05 1.0000000000e+00 
2.5493000219e-05 5.2184876233e-01 
1.8902976270e-04 3.1833438935e-01 
2.8982839790e-05 3.8638129775e-01 
2.0593993044e-04 1.0000000000e+00 
7.5651567425e-05 3.0544016128e-01 
1.1710755350e-05 1.0000000000e+00 
5.2430610468e-05 3.4168417224e-01 
8.3562228825e-05 3.4399131402e-01 
4.4911508414e-05 3.5967327936e-01 
5.1685515813e-05 2.1485595485e-01 
2.7788744992e-05 2.8580851886e-01 
6.3600451178e-05 2.6461867929e-01 
2.5277217125e-04 3.0243700763e-01 
1.0157796008e-05 3.2132412243e-01 
2.8406492000e-05 3.5557354695e-01 
6.3537168772e-06 1.0000000000e+00 
1.8279208290e-05 2.7660126501e-01 
2.6686328826e-05 2.5440225230e-01 
7.8820031388e-06 1.0000000000e+00 
1.0235614481e-04 2.5801070633e-01 
2.9439663250e-05 4.2197897598e-01 
2.4211930202e-05 2.7425561068e-01 
4.3285832231e-05 2.3623159312e-01 
2.7767574838e-05 2.4898319103e-01 
2.8446572322e-05 3.3190245255e-01 
2.9834831508e-05 3.7417889813e-01 
8.3372756269e-06 1.0000000000e+00 
9.0391124506e-06 1.0000000000e+00 
5.4077829077e-05 2.9259603441e-01 
2.5972018664e-04 3.0199058088e-01 
1.4685824099e-05 1.0000000000e+00 
3.3910886354e-05 2.6607566826e-01 
1.0875242999e-04 3.3421546611e-01 
1.8407145135e-05 4.0587466536e-01 
2.3954481900e-05 3.7962505498e-01 
7.2782539697e-05 3.3610661840e-01 
1.0881396793e-04 3.2243401660e-01 
1.0881783941e-04 3.3308119872e-01 
5.7760196096e-06 1.0000000000e+00 
4.2530303321e-05 3.4453476729e-01 
1.2827274567e-05 1.0000000000e+00 
5.2921401296e-05 3.8025775199e-01 
5.3466240907e-06 1.0000000000e+00 
2.0097538758e-05 4.9048210117e-01 
1.7682957990e-05 4.0771758404e-01 
2.1100783164e-05 3.1151364723e-01 
2.1639964120e-04 3.0789114534e-01 
1.3575866033e-04 3.3162596241e-01 
3.1505186292e-05 1.0000000000e+00 
8.3553335936e-05 3.4667922468e-01 
4.5397929728e-05 3.6666198188e-01 
1.2227864075e-05 1.0000000000e+00 
4.2692788752e-05 3.6234778026e-01 
3.9883624312e-05 3.1180497197e-01 
3.9928384986e-05 2.3911069772e-01 
4.5551641506e-05 1.0000000000e+00 
7.6413224703e-05 3.4775055635e-01 
1.7307090193e-05 3.1681573281e-01 
7.9078858754e-05 3.4111510888e-01 
1.4582784193e-04 3.1768460851e-01 
3.6482434525e-05 1.0000000000e+00 
7.5719196070e-05 3.4136235290e-01 
2.4021183863e-04 2.9958149332e-01 
1.2072084906e-05 1.0000000000e+00 
3.4980263556e-05 2.2533736149e-01 
3.3753663418e-05 3.7029228254e-01 
7.4196172909e-06 1.0000000000e+00 
8.7214140587e-05 3.4146196884e-01 
5.5587265275e-05 1.0000000000e+00 
5.9860192769e-05 3.5872320824e-01 
2.0422877358e-05 2.4538649725e-01 
5.6735272753e-06 4.6228050057e-01 
3.5425285697e-05 3.6203833944e-01 
1.4883461209e-04 3.1465647547e-01 
4.9615393303e-05 3.3244600007e-01 
1.0218729716e-05 1.0000000000e+00 
3.6953624009e-04 2.8907234228e-01 
1.8068636151e-04 1.0000000000e+00 
5.1216157275e-05 2.1718230669e-01 
1.1073233469e-05 4.9942243611e-01 
5.2396792728e-05 3.6071738352e-01 
2.9966573989e-05 1.0000000000e+00 
2.0055930110e-05 1.0000000000e+00 
2.0177218469e-05 4.0024061629e-01 
6.9247858024e-05 3.3838251893e-01 
7.6386764999e-04 1.0000000000e+00 
2.3794933833e-05 3.6468694941e-01 
3.1242646030e-05 2.2481996358e-01 
9.7698893157e-06 3.6633200997e-01 
3.8879364270e-05 3.4732579289e-01 
1.1124524826e-05 1.0000000000e+00 
5.3834512486e-05 3.4158660330e-01 
2.2597223768e-05 3.9218577405e-01 
1.5237723035e-04 3.1875022077e-01 
2.3201186254e-04 3.1946116984e-01 
