3.9556322268e-07 1.1270347872e+04 1.1522537037e+00 
7.6253117727e-08 1.4845138337e+04 5.9184702374e-01 
2.8251544391e-11 1.3000180352e+04 7.8035262803e-01 
6.4245765415e-09 1.6819881058e+04 2.0553253042e-01 
9.9378642699e-10 1.9619108054e+04 5.5987323743e-01 
2.0516106264e-06 1.2227989948e+04 9.3431801871e-01 
1.8903797209e-09 1.2937782834e+04 1.0989078192e+00 
4.5754922945e-11 1.4074829491e+04 6.0970497202e-01 
1.5900745416e-08 1.7317905614e+04 1.2810009493e+00 
4.4600906738e-08 1.5630097164e+04 1.0729513226e+00 
2.6545984115e-10 1.2773763856e+04 7.9354007806e-01 
2.9864107747e-09 2.5000000000e+04 1.1369816827e+00 
7.9550597071e-08 1.3811893573e+04 6.1274168454e-01 
3.4685477109e-08 1.1647707859e+04 2.5895913213e-01 
2.5432106905e-09 1.3868662484e+04 2.6412020503e-01 
2.9047447032e-11 1.8968488030e+04 1.1309702388e+00 
8.8938848790e-10 2.3283646519e+04 7.3794556526e-01 
9.2191226966e-11 1.2636437542e+04 8.2127976400e-01 
1.6097107208e-09 1.6279215327e+04 4.8563686969e-01 
1.7771359132e-07 1.2050806068e+04 9.7470866293e-01 
4.6175074024e-08 1.1930881001e+04 1.2852533418e+00 
8.7268811583e-09 1.2030295187e+04 4.0522713050e-02 
4.0929898660e-12 1.5011488170e+04 1.1369098601e+00 
6.1319003903e-10 1.3320297631e+04 1.3829731914e-01 
2.7089285413e-10 1.6346971186e+04 3.7025106511e-01 
3.4148581672e-10 1.9451381006e+04 7.2782815078e-01 
2.2287437641e-11 1.5829055739e+04 8.2102567850e-01 
2.4287868456e-10 1.3633690290e+04 1.2678218813e+00 
4.8925411239e-08 1.3629446093e+04 4.3039050215e-01 
1.4839030160e-07 1.1973370017e+04 7.7123045029e-01 
1.2822446463e-10 1.1378746484e+04 2.8145354613e-01 
3.3879119814e-11 1.1649596533e+04 5.6457587251e-01 
6.7855764394e-12 1.2394317767e+04 7.7647008307e-02 
8.3269834781e-06 1.1503493480e+04 1.1767034424e+00 
1.2766143127e-10 1.1448471963e+04 9.6995430910e-01 
1.2888811202e-06 1.3167050571e+04 1.2506377006e+00 
7.5546411354e-09 1.3903695893e+04 4.0088526035e-01 
2.0427829913e-08 1.2830353558e+04 1.2287469995e+00 
2.1089930800e-11 1.1441380122e+04 1.2079474255e+00 
1.2900638951e-09 1.3981982953e+04 3.7942430663e-01 
1.0004717829e-10 1.4236216788e+04 8.2286026252e-01 
1.3688780373e-09 1.4438843088e+04 6.7925620014e-01 
9.7512934332e-09 2.3433222949e+04 3.2188649153e-01 
2.0128662555e-07 1.1936506602e+04 9.2201716936e-01 
1.4819647062e-08 1.1523201867e+04 1.3716476578e+00 
4.1310559363e-11 1.1524620693e+04 8.8758028948e-01 
6.5233424409e-08 2.3469894437e+04 1.2727606917e+00 
3.6400794586e-10 1.1275854861e+04 9.5000534675e-01 
2.4090663136e-06 1.2199797103e+04 7.2524485785e-01 
1.8600185605e-08 1.2968675820e+04 1.0105201130e+00 
1.6999029049e-08 1.3058802644e+04 1.3746134607e-01 
4.9612159365e-10 1.4417627965e+04 1.3914526434e+00 
1.7377171575e-10 1.1648589108e+04 1.2816150133e+00 
1.0621611276e-08 2.0933777882e+04 7.6833556574e-01 
4.3616141056e-09 1.2545465143e+04 1.3814298659e+00 
7.5281269269e-11 2.5000000000e+04 8.8842697860e-01 
7.5798724815e-08 1.7714459925e+04 1.2484029432e+00 
2.7983767904e-08 1.1828167594e+04 1.6136057425e-01 
1.6557178234e-08 1.5439407530e+04 1.0684389772e+00 
1.3159807312e-10 1.5339736280e+04 5.2480725973e-01 
2.8073302266e-11 1.2052847368e+04 2.1903986358e-01 
1.1411773393e-09 1.5500369091e+04 8.6936351521e-01 
8.2279918102e-09 1.4312426486e+04 5.0286134773e-01 
2.8976047535e-08 1.1446207147e+04 1.3088719597e+00 
7.2582841094e-09 1.1970163114e+04 3.7759984369e-01 
8.3467465251e-06 1.4893266625e+04 8.2579085617e-01 
7.9660044092e-06 1.1495783546e+04 1.1968236440e-01 
1.7566483218e-10 1.5784457660e+04 1.2971971321e+00 
5.3943105030e-10 1.4322923890e+04 1.4382872866e+00 
3.3145780942e-10 1.4715146381e+04 7.8680510233e-01 
7.2461628644e-09 1.1246524997e+04 5.5167196569e-01 
1.8108393468e-09 1.3629492581e+04 1.0074019888e+00 
3.2267981662e-08 1.5824972127e+04 7.6277490133e-01 
1.0541064290e-08 1.4361790021e+04 1.0066631293e+00 
4.5004241828e-11 1.4226959885e+04 9.4470787436e-01 
1.9207540374e-06 1.2009786623e+04 9.6630447497e-01 
6.1792299289e-11 1.1775089103e+04 1.3425427192e+00 
1.8937000944e-11 1.3379012231e+04 7.6948412052e-01 
2.6337770982e-10 1.1471540785e+04 1.1451162330e+00 
1.5608423124e-06 1.2468837398e+04 3.5589633692e-01 
7.9235306955e-07 1.1856588063e+04 4.1766776214e-01 
9.6101242476e-06 1.3666353606e+04 1.1359500330e+00 
3.8496368900e-10 1.2763284628e+04 2.5036358864e-01 
7.8960946816e-10 1.1979428585e+04 3.5942322714e-01 
4.9417314426e-11 1.1907395429e+04 5.7387437224e-01 
3.1356281661e-08 2.2272015615e+04 1.5173819355e+00 
5.0960003079e-10 1.1525514207e+04 4.7071958991e-01 
5.5308953831e-09 1.3766931373e+04 8.9285671279e-01 
2.1135979949e-08 1.1657675835e+04 4.5429417791e-01 
7.5364095136e-10 1.7199697080e+04 6.3405260575e-01 
5.7237702647e-08 1.2005247845e+04 6.4166930550e-01 
2.1804387510e-09 1.3587829246e+04 5.6594411537e-01 
7.5784833290e-09 2.0402223324e+04 9.5505498991e-01 
3.0022982692e-11 1.1638503062e+04 6.3388683165e-01 
6.0176372753e-11 1.1780991787e+04 4.0535994460e-01 
6.3605544627e-11 1.4925921485e+04 5.0091846596e-01 
3.6401965928e-06 1.3704338676e+04 6.0879441412e-01 
7.6752838089e-08 1.1342910179e+04 4.4104175118e-01 
2.0820729083e-11 1.2740220982e+04 6.2742736499e-01 
6.5991069197e-06 1.2223397075e+04 9.2320755231e-01 
1.0830024574e-10 1.3780315986e+04 5.9334207822e-01 
4.6853939900e-10 1.1759288064e+04 1.3913388789e+00 
2.0478869778e-09 1.2615379939e+04 2.6394515549e-01 
2.3643370730e-09 1.4530439823e+04 1.4098116108e+00 
8.0805916189e-09 1.1489028806e+04 3.5926126054e-01 
1.0718612557e-08 1.2055564717e+04 4.4106606003e-01 
1.0041657770e-07 1.2683768735e+04 1.4232203688e+00 
5.5877503199e-12 1.2106745297e+04 2.4655735555e-01 
7.8429725266e-06 1.4712733102e+04 7.1614773556e-01 
1.5210416791e-10 1.2339292216e+04 5.7588688595e-01 
2.3359002082e-08 1.4007874203e+04 5.3816685120e-01 
1.6079380892e-07 1.5049032952e+04 8.2939322503e-01 
5.2973851554e-09 1.7417639775e+04 9.9446966766e-01 
1.6563895273e-11 1.1995243414e+04 1.0540447623e+00 
2.3612928466e-07 1.2491558329e+04 3.2292139007e-01 
3.9248360171e-07 2.0201032029e+04 1.2299641112e+00 
3.2000090894e-10 1.1751016809e+04 1.0489244071e+00 
2.3699162411e-07 1.3933883031e+04 4.1393008786e-01 
2.8663414492e-09 1.4211127426e+04 4.9995946124e-01 
1.7088329208e-09 1.1905508605e+04 7.2915853590e-01 
3.2133193050e-10 1.2699430961e+04 6.6010847220e-01 
2.4690040803e-10 1.3398611370e+04 6.6572192835e-01 
1.1010314171e-09 2.1672033535e+04 8.9883452776e-01 
1.2729012250e-08 1.7453884253e+04 1.0726554154e+00 
4.6305466483e-08 1.1807113631e+04 1.1518766774e+00 
4.3099478189e-07 1.1679751991e+04 7.9109130228e-01 
2.1786333251e-09 1.2824531066e+04 4.7738304307e-01 
4.0085006887e-09 1.4645349515e+04 3.8155987466e-01 
1.2647845498e-05 1.2710703037e+04 9.5351804706e-01 
4.9300421215e-06 1.1280354973e+04 9.3894299306e-01 
1.6549583141e-09 1.2457225472e+04 5.2669901213e-01 
5.1593382244e-07 1.1493976891e+04 5.1790304538e-01 
4.9030033854e-09 1.4474044997e+04 1.0198616442e+00 
9.0774012770e-10 1.1568861068e+04 4.7316999929e-01 
7.3693741501e-11 1.2196525538e+04 1.0971028373e+00 
9.4595780896e-10 1.3371376207e+04 1.0531206318e+00 
2.7002720632e-09 1.2634082269e+04 1.0883084667e+00 
1.4592082244e-11 1.4799032943e+04 5.1622450345e-01 
3.6573004608e-06 2.2769611101e+04 5.8562225007e-02 
7.8535516676e-09 1.8981625163e+04 6.3352908553e-01 
6.5217419818e-06 1.1695255987e+04 8.7234009596e-01 
2.4146325537e-10 1.7124107982e+04 1.1803455041e+00 
6.8894451361e-10 1.8913028858e+04 8.6158534821e-01 
1.1905120322e-10 1.2681978363e+04 4.9290383016e-01 
3.9855782589e-09 1.3064590015e+04 1.1226640806e+00 
5.3156922153e-10 1.1842095250e+04 5.1398627911e-01 
1.8096694000e-11 1.1998352890e+04 1.0814873533e+00 
6.4970350019e-10 2.5000000000e+04 6.7819496995e-01 
9.4109279506e-08 1.2429799819e+04 9.5494102622e-01 
7.4046965336e-10 1.2026263640e+04 6.5353932988e-01 
1.5117082630e-11 1.7136977553e+04 8.8433719070e-01 
1.8273768151e-07 1.1940106516e+04 1.1162903643e+00 
5.3863687294e-10 1.2687461812e+04 1.0732842431e+00 
1.7787600087e-07 1.4377224248e+04 1.3665566270e+00 
8.6262929828e-09 1.6527331653e+04 1.5773507097e-01 
8.9308122064e-10 1.7059210067e+04 1.2067532276e+00 
1.6749989639e-10 1.5974457215e+04 1.1106739456e+00 
1.4646743477e-09 1.1445151640e+04 1.8228782162e-01 
1.7271180175e-09 1.2327285523e+04 1.0328737783e-01 
1.8804157770e-05 1.1374735603e+04 8.8050800655e-01 
2.5700905708e-10 1.3320610226e+04 4.0298453977e-01 
2.9329647635e-08 1.6565250812e+04 5.9599051800e-01 
1.6732838990e-11 1.2112086763e+04 3.1490219226e-01 
3.9265539740e-12 1.1329347075e+04 8.7785467572e-01 
6.1920549742e-12 1.4345901765e+04 1.0337460537e+00 
3.7560046382e-10 1.2072688346e+04 7.4120935779e-01 
6.0481522423e-10 2.4361467151e+04 5.9936491302e-01 
4.4983380727e-10 1.3234610034e+04 1.0677722448e+00 
6.7809935170e-08 1.2375905075e+04 2.8665602355e-01 
1.9726972013e-09 1.4333625373e+04 1.0194393532e+00 
2.5111995908e-09 1.3710556549e+04 6.6617910888e-01 
7.2952819510e-08 1.7910432427e+04 7.7788343340e-01 
1.7642541518e-08 1.1653384832e+04 1.0986068572e+00 
2.6967822086e-05 1.8966754718e+04 1.2092808954e+00 
1.4654937004e-09 1.2528750426e+04 6.8470627441e-01 
7.3884708868e-09 1.3296777501e+04 5.8451620523e-01 
6.4454674177e-06 1.5227018769e+04 3.1758693852e-01 
5.8727549499e-10 1.2000757803e+04 1.3506452603e+00 
1.0747991634e-06 1.5806728898e+04 3.6863082736e-02 
7.3581576416e-10 1.2692219132e+04 7.3836210560e-01 
1.3131324045e-10 1.2394650226e+04 1.1297296482e+00 
1.1971369522e-05 2.0111006319e+04 1.2207268878e+00 
5.8275974674e-12 1.6331923362e+04 5.0727240527e-01 
1.5705781552e-11 1.3874824833e+04 6.4678398692e-01 
1.1873014906e-09 1.1834609677e+04 7.6098098739e-01 
2.7756132340e-10 1.4018327973e+04 2.2986981751e-01 
1.7962813498e-09 1.2076923703e+04 5.2679002387e-01 
6.2436404808e-10 1.1244898209e+04 3.8551281287e-01 
1.1161429123e-06 1.4244366690e+04 5.6070155499e-01 
9.7013267101e-09 2.5000000000e+04 1.2297133848e+00 
2.0903189118e-07 1.1635525485e+04 5.9123642920e-01 
2.5625195711e-09 1.3406110572e+04 9.2345184954e-01 
9.4971885412e-09 1.2095846744e+04 9.5978462054e-01 
1.4453935075e-10 1.2277324553e+04 1.0451595700e+00 
1.5349967209e-08 1.6263079683e+04 1.0809281249e+00 
1.4135207488e-09 1.1396596905e+04 1.9577287386e-01 
1.0861929442e-08 1.1626513439e+04 1.2112663779e+00 
1.4490858160e-09 1.4695380543e+04 8.4097159893e-01 
