4.2057363025e-05 5.7686949150e-01 
8.7010614725e-05 5.4438272036e-01 
3.4374305365e-05 5.2673152262e-01 
1.2595059063e-04 5.4357798134e-01 
1.1056524053e-05 1.0000000000e+00 
9.3818579424e-06 6.3303477319e-01 
4.9963153018e-06 9.9561012408e-01 
1.2420962709e-05 6.1106388776e-01 
1.1262797323e-04 5.7127554760e-01 
4.3312693110e-05 5.6269652224e-01 
6.4090344886e-05 5.5365320011e-01 
1.4743927658e-05 5.0409309908e-01 
4.7400450588e-05 5.6627392079e-01 
1.4319040537e-05 5.5449387902e-01 
4.9997399990e-06 9.9873049476e-01 
1.1532478424e-05 5.9757637329e-01 
2.7036157956e-05 5.9207797519e-01 
3.2356356774e-05 4.9470818140e-01 
1.7057586312e-04 5.6232261329e-01 
7.5243718881e-06 1.0000000000e+00 
1.1758545343e-04 5.7216070151e-01 
1.0301198850e-05 5.4038678864e-01 
3.2690073287e-05 5.5634413641e-01 
5.2134478463e-05 5.4471131476e-01 
1.6219205171e-05 5.9769309574e-01 
1.1774506678e-05 6.0850246528e-01 
7.6009848829e-06 5.9758100274e-01 
1.3097369711e-05 5.9360920556e-01 
7.1838866308e-05 5.4655455778e-01 
1.8555458767e-05 5.3028717900e-01 
1.9048433703e-05 5.9614046394e-01 
2.6032947861e-05 4.9123720662e-01 
6.9438766838e-05 4.8354610539e-01 
1.3925524811e-05 5.8496232244e-01 
8.8150499412e-06 6.1055095607e-01 
1.0603123101e-04 5.4038652962e-01 
2.5002952667e-05 1.0000000000e+00 
1.5505541724e-05 1.0000000000e+00 
7.1237570341e-05 5.5179664186e-01 
3.3348750579e-05 5.6954519536e-01 
4.2588890991e-05 5.6682430570e-01 
1.0960832303e-05 5.9859040256e-01 
8.5024839080e-05 5.4482863892e-01 
3.9966460891e-05 5.7056939026e-01 
1.0632785705e-05 5.9370315847e-01 
3.1232343711e-05 5.7194071893e-01 
2.1163186452e-05 4.9170018238e-01 
3.1629536540e-05 5.9374181753e-01 
5.6746766417e-05 5.6198934199e-01 
1.1988609301e-05 6.0357685331e-01 
9.9312707137e-05 5.6568167153e-01 
1.7556089135e-05 5.0977935799e-01 
4.9988072356e-06 9.9506520624e-01 
3.1866367362e-05 5.4073815165e-01 
2.9641753260e-05 5.6747938277e-01 
6.4506389175e-05 1.0000000000e+00 
4.5471974128e-05 6.1421515295e-01 
2.2125314973e-05 5.9597250896e-01 
1.2094202322e-05 5.5952072063e-01 
9.6151679809e-06 6.1707030179e-01 
2.3437238082e-05 5.7393114882e-01 
2.3619282026e-05 5.8968038782e-01 
1.6973059646e-05 5.1227627671e-01 
3.5075094407e-05 5.8194097165e-01 
7.4787277616e-05 5.5134721138e-01 
1.4876691952e-05 5.9559413665e-01 
1.9466108478e-05 1.0000000000e+00 
1.7776971566e-05 1.0000000000e+00 
8.8350335652e-06 5.1034472176e-01 
4.0313750299e-05 5.7582668526e-01 
8.1539458999e-05 5.4523666431e-01 
3.2183845259e-05 4.7785816221e-01 
4.9997266204e-06 9.9804759178e-01 
7.7168836684e-06 6.3321408484e-01 
2.1832038955e-05 6.3991128375e-01 
4.3163760678e-05 5.6651196119e-01 
2.9025996563e-05 5.5944604166e-01 
4.9984645922e-06 9.9908445719e-01 
5.7668835409e-05 5.5475790276e-01 
5.8116348053e-05 5.5477532020e-01 
4.5560098849e-05 5.6275420335e-01 
1.0669706959e-05 1.0000000000e+00 
2.9835268928e-05 5.8049546754e-01 
2.5923991040e-05 5.8655664141e-01 
4.0100575845e-05 5.7469499934e-01 
4.1346425082e-05 6.4290294465e-01 
2.0399545730e-05 6.3019552491e-01 
5.7099724638e-05 5.3706552860e-01 
9.7959689844e-06 6.2247790189e-01 
2.7790636845e-05 1.0000000000e+00 
6.0264391111e-05 5.5666387832e-01 
4.4123614481e-05 5.6861789575e-01 
4.9839774422e-06 9.9511251830e-01 
9.2313941554e-06 1.0000000000e+00 
6.3094607201e-05 5.5415522324e-01 
3.8726065894e-05 5.7828768756e-01 
3.7110081184e-05 5.7099452457e-01 
4.9959975526e-06 9.9799025722e-01 
4.9967660368e-06 9.9846988708e-01 
7.3907962760e-05 5.4367568077e-01 
2.9549758599e-05 5.8731593403e-01 
4.9790041126e-06 9.9490882523e-01 
4.9948695264e-06 9.9585126167e-01 
4.9948774376e-06 9.9732357674e-01 
2.6782315910e-05 5.8582211500e-01 
5.8158597392e-06 1.0000000000e+00 
5.3956617833e-05 5.6082609586e-01 
1.7278700115e-05 6.0507325788e-01 
8.1169145639e-06 5.3113418979e-01 
2.0056804225e-05 5.9887603495e-01 
7.0921665473e-06 6.2736286751e-01 
2.7850835743e-05 5.8578152242e-01 
4.4013332467e-05 5.6537446432e-01 
7.4459195521e-05 4.9928290789e-01 
3.7429732406e-05 5.6172949375e-01 
5.3604582248e-06 6.3589680837e-01 
1.2202199270e-04 5.3688761656e-01 
1.3127001898e-05 6.0941584271e-01 
2.9971043463e-05 5.7455695767e-01 
1.0381596480e-04 5.3745013956e-01 
2.9300612882e-05 5.6815742628e-01 
3.7052853262e-05 6.2065047775e-01 
4.9995895235e-06 9.9931711340e-01 
1.0402008056e-05 6.2622912657e-01 
1.1873144743e-04 5.5060712129e-01 
1.6435544603e-05 6.0218622627e-01 
9.5586807316e-05 5.3090309850e-01 
1.0680556619e-05 5.4668420394e-01 
8.7397881695e-06 1.0000000000e+00 
2.2545198068e-05 6.0779285726e-01 
8.1817983578e-06 6.2310882049e-01 
4.9987429404e-06 9.9844762626e-01 
1.0565621601e-05 1.0000000000e+00 
9.7309633649e-06 6.2229861203e-01 
2.8886304419e-05 5.2913253470e-01 
6.8854036576e-06 1.0000000000e+00 
2.3335205995e-05 5.9576221257e-01 
1.5554569479e-05 5.8038401175e-01 
1.9352881229e-05 5.9868563139e-01 
9.6752091373e-06 6.2088595833e-01 
3.2056785223e-05 5.7837533899e-01 
2.1771058633e-05 5.2365969070e-01 
1.2909700699e-05 5.9169617132e-01 
1.6345025072e-05 5.4173495786e-01 
1.2402734132e-05 1.0000000000e+00 
3.2280678152e-05 5.8703231627e-01 
4.9995173695e-06 9.9546816211e-01 
3.9086723275e-05 5.6783841292e-01 
3.4227765146e-05 4.9023423369e-01 
5.5029997775e-05 5.6207933078e-01 
3.3566806357e-05 1.0000000000e+00 
1.7908410789e-05 4.9751138476e-01 
2.7237444379e-05 5.7505894473e-01 
1.9352903849e-05 5.2492728573e-01 
8.8601185000e-05 5.4452199273e-01 
1.7540163464e-04 5.8264381719e-01 
1.6511345262e-05 5.3455591128e-01 
7.9301353968e-05 5.5668167763e-01 
4.9987018448e-06 9.9468832598e-01 
7.6602035292e-05 5.4794951203e-01 
5.3643168051e-05 5.4284616903e-01 
4.9978156784e-06 9.9862749763e-01 
1.7632756146e-04 5.7348482324e-01 
4.0101808196e-05 5.7584606370e-01 
1.7455759618e-05 6.0318710851e-01 
2.3491742897e-05 4.9895439975e-01 
4.4117680969e-05 6.1996276343e-01 
3.6889658745e-05 5.7530249141e-01 
1.7202066167e-05 6.0475548792e-01 
1.2950167194e-04 5.5254365888e-01 
4.9874344759e-05 5.5788784133e-01 
8.5520470600e-06 1.0000000000e+00 
4.9017245862e-05 5.7220506255e-01 
6.8271380513e-05 5.5149148601e-01 
4.4508807838e-05 5.4950341639e-01 
3.0884913597e-05 5.1188386892e-01 
2.8678915654e-05 4.7714477644e-01 
3.3634949831e-05 5.6509723196e-01 
4.9999177451e-06 9.9819024684e-01 
4.9991579785e-06 9.9627532122e-01 
1.3727526875e-05 5.0150291862e-01 
1.3258055610e-05 5.8397130164e-01 
2.0735079503e-05 5.3279276928e-01 
5.4491180256e-06 1.0000000000e+00 
6.8896534056e-06 6.2730542406e-01 
2.6351791342e-05 5.6598587856e-01 
3.0013785280e-05 5.7746949150e-01 
3.1695544938e-05 5.9809906401e-01 
4.9932935566e-06 9.9451750856e-01 
3.9358522422e-05 5.6527883685e-01 
4.9715303775e-05 5.6518357898e-01 
4.9999122375e-06 1.0000000000e+00 
1.2068247762e-04 5.3031552144e-01 
1.1026125542e-05 6.0904298985e-01 
1.2331481236e-05 6.1514534166e-01 
4.3871703814e-05 5.6902191567e-01 
4.5830790427e-05 4.8606746802e-01 
1.4389422016e-04 5.5207882444e-01 
3.4093993838e-05 5.8057816023e-01 
8.2647957878e-06 5.4996046752e-01 
1.3987630634e-05 6.6480690718e-01 
4.4530832505e-05 5.6527602974e-01 
4.8131835000e-05 5.6560521873e-01 
2.1525504237e-05 5.7051205372e-01 
7.6810264545e-05 4.7857049794e-01 
2.5691683341e-05 5.7854180250e-01 
1.0780367170e-05 6.0625387638e-01 
4.9998438821e-06 9.9977556075e-01 
4.9985525903e-06 9.9843298648e-01 
7.3292431228e-05 5.7714535580e-01 
2.9119557900e-05 5.8252420017e-01 
1.4645750925e-05 6.0625383822e-01 
1.2039007421e-04 5.5841737924e-01 
4.6888648952e-05 5.5518627364e-01 
4.4545142785e-05 6.0640756604e-01 
1.1238036034e-04 5.4212955427e-01 
3.0447600524e-05 1.0000000000e+00 
6.9930370154e-05 5.0648622372e-01 
6.8183882574e-05 5.5901944125e-01 
4.2978211245e-05 5.6891433756e-01 
8.0126864650e-06 6.3111780012e-01 
4.9464805697e-05 1.0000000000e+00 
6.1029657894e-05 5.5894008537e-01 
8.5589707970e-05 5.4702464124e-01 
9.3241369329e-06 1.0000000000e+00 
3.0414580200e-05 5.7772080187e-01 
1.3846874174e-04 5.4572669581e-01 
3.7567164478e-05 5.6967043479e-01 
9.7910957565e-06 1.0000000000e+00 
2.7921081845e-05 5.7214188449e-01 
1.7237065143e-05 6.0376079294e-01 
4.9964281156e-06 9.9698645674e-01 
2.1934913528e-05 4.8527606557e-01 
2.5524913215e-05 5.6261961662e-01 
2.7939630688e-05 4.8686390441e-01 
1.0244364463e-05 6.1746766220e-01 
4.9492502494e-05 5.6532732884e-01 
1.0830639228e-05 1.0000000000e+00 
7.9572041000e-06 5.0971650284e-01 
2.1487462120e-05 5.9327171008e-01 
3.1912987729e-05 6.0240412799e-01 
6.8928552958e-06 1.0000000000e+00 
9.3573300757e-05 5.4612511765e-01 
1.7049900849e-05 1.0000000000e+00 
2.2467797432e-05 5.1070851083e-01 
9.2547497965e-05 5.4545596706e-01 
2.1056900417e-05 6.0135090940e-01 
3.3478254325e-05 4.8515341732e-01 
7.1439894018e-05 5.3411606764e-01 
6.1183045995e-05 5.4778855887e-01 
2.5718377640e-05 5.1757284643e-01 
4.9884362304e-05 5.4655104466e-01 
1.3251284583e-05 1.0000000000e+00 
3.4952345193e-05 5.7645562877e-01 
3.0047097091e-05 5.7939131160e-01 
1.3697651847e-05 5.9218991894e-01 
6.0367922547e-05 5.4110322902e-01 
2.2604882433e-05 5.2690299151e-01 
4.9966491150e-06 9.9814810606e-01 
1.3473605699e-04 5.3499700729e-01 
4.9994134283e-06 9.9506568130e-01 
5.6318189250e-05 5.4972434265e-01 
1.8681810524e-05 5.7096697952e-01 
9.3226648564e-06 6.1902741839e-01 
4.7226298871e-05 5.4757588295e-01 
4.4266234271e-05 6.0266924903e-01 
8.0094533707e-05 5.5042666105e-01 
1.0043610751e-04 5.4993821091e-01 
3.5313746061e-05 5.6615666858e-01 
2.1134948887e-05 4.9042548373e-01 
3.2682644255e-05 5.6019405774e-01 
4.4111028089e-05 5.5382899860e-01 
4.0462010469e-05 5.5253196064e-01 
2.1571893087e-04 5.0406407291e-01 
5.6380442434e-06 6.1397431399e-01 
1.5820124638e-05 1.0000000000e+00 
4.2327305559e-05 5.6712151015e-01 
1.3266425229e-05 6.0257696436e-01 
2.1726508810e-05 5.9476185299e-01 
2.0733289431e-05 5.8978276521e-01 
6.0568747920e-05 5.5251237585e-01 
3.7963342652e-05 5.5746381991e-01 
1.4769602891e-05 5.2075306218e-01 
1.8422336369e-04 5.4356623928e-01 
4.9998141000e-06 9.9898539708e-01 
9.7188867233e-06 6.0390769496e-01 
4.1318398678e-05 5.7047857470e-01 
5.8388725048e-05 5.5933763164e-01 
2.9078151576e-05 5.4954982890e-01 
5.3496311188e-05 5.7641043196e-01 
4.9991488531e-06 9.9865674564e-01 
4.6966422002e-05 5.5673244070e-01 
3.0201621950e-05 5.8239961624e-01 
4.7997416747e-05 5.4590434485e-01 
4.8224631404e-05 5.5471818914e-01 
4.6273437746e-05 5.6455131617e-01 
7.6803795350e-05 5.0520367670e-01 
8.0655431796e-06 6.2565753480e-01 
3.7617487734e-05 4.8928382868e-01 
4.9988374872e-06 9.9591748931e-01 
