2.5185988269e-05 3.2779730176e-01 
1.3042371250e-04 2.2460164138e-01 
2.0725779208e-04 1.9603763467e-01 
1.7312738506e-05 3.6040867221e-01 
1.9789031992e-05 3.6579128309e-01 
5.2979260414e-05 2.1799817482e-01 
4.0110850272e-05 1.0000000000e+00 
4.7596991062e-05 1.0000000000e+00 
2.2158858043e-05 2.8277930308e-01 
5.8214133030e-05 1.0000000000e+00 
5.2211281831e-05 2.8928283963e-01 
1.4985027880e-04 1.8890516014e-01 
1.3676006761e-04 2.2566101312e-01 
9.6978404082e-05 2.6575526968e-01 
8.7110973333e-05 2.7432546901e-01 
5.0262670561e-05 1.6856408179e-01 
7.6435502458e-05 2.7138287554e-01 
1.4138941142e-05 5.1809809083e-01 
1.8960031836e-05 4.0334303832e-01 
4.3150965092e-05 2.9899406463e-01 
5.1977079594e-05 2.9589355792e-01 
3.9408712112e-05 2.0016196316e-01 
1.9215633941e-04 1.8529119714e-01 
3.2630101774e-04 5.2172981466e-01 
4.1238482904e-05 3.1084847339e-01 
1.3812520883e-04 2.3883142156e-01 
2.0990460482e-05 1.0000000000e+00 
2.6425351508e-05 2.3103710873e-01 
2.0030148137e-05 2.0288249741e-01 
1.1945455619e-04 2.3735033352e-01 
5.3176906721e-04 2.4670667186e-01 
7.3838031926e-06 1.0000000000e+00 
1.4422183077e-05 1.0000000000e+00 
1.1598347222e-05 1.0000000000e+00 
5.6760705109e-04 0.0000000000e+00 
3.0423874672e-05 3.2593662993e-01 
2.6120352035e-05 3.4396980917e-01 
9.0524346565e-05 4.1403814907e-01 
4.4180288021e-05 1.5455543935e-01 
6.2322555067e-05 2.9167056083e-01 
6.5609313991e-05 2.7776949058e-01 
1.0644111176e-04 2.4408248932e-01 
3.4696640115e-05 2.3423660107e-01 
2.7690017419e-04 1.0211560321e-01 
3.5658490335e-04 1.0000000000e+00 
7.3258821859e-05 1.0000000000e+00 
2.6927207489e-05 3.4278598979e-01 
5.7612983374e-05 2.6940644073e-01 
2.3054599351e-05 3.5311799891e-01 
2.1362182419e-04 1.5669718360e-01 
5.8283557054e-05 2.8668912206e-01 
3.1896345887e-05 2.3180939121e-01 
7.2725970638e-04 0.0000000000e+00 
1.9239525716e-04 1.9777034742e-01 
3.0819528815e-05 2.4447428900e-01 
1.4763502098e-04 2.0218759729e-01 
1.4356287619e-04 2.0591714517e-01 
2.6176150669e-05 2.5550999635e-01 
2.3237600096e-05 2.0140663851e-01 
6.8573386174e-06 1.0000000000e+00 
5.1874592385e-05 1.5321270149e-01 
3.9198032613e-05 1.5515559291e-01 
1.5938171563e-04 2.6487142230e-01 
8.6438120667e-05 3.0859821872e-01 
9.2583313989e-05 1.0000000000e+00 
2.4582405148e-05 2.6877260450e-01 
3.4127175967e-04 4.2787010518e-02 
2.1661609879e-04 1.4564612906e-01 
5.8059284655e-06 1.0000000000e+00 
1.7828906531e-04 2.0752500551e-01 
6.2296966023e-05 2.8434960596e-01 
3.6159685410e-05 2.6457472206e-01 
1.7867247417e-05 2.8523224716e-01 
4.4838806094e-05 1.7626994560e-01 
1.5806693281e-04 1.9697302199e-01 
2.3126335460e-05 3.9429791671e-01 
9.6345509410e-05 3.1900745589e-01 
3.4672714580e-05 3.3579330347e-01 
2.9364701254e-05 2.1001876370e-01 
1.3915853627e-05 2.7827445830e-01 
5.3724528239e-05 2.9649016708e-01 
4.6895663485e-04 0.0000000000e+00 
2.3661240007e-04 1.3215379986e-01 
1.2802636021e-05 3.3982836506e-01 
1.5589346337e-04 2.1061801991e-01 
2.4934883411e-05 2.6821482724e-01 
1.1183760931e-04 2.4022348060e-01 
1.3589106859e-05 1.0000000000e+00 
6.5659703539e-05 2.8345727721e-01 
3.1347124814e-04 8.0311428043e-02 
9.4366141428e-06 3.6863872087e-01 
2.9850283774e-05 1.0000000000e+00 
4.6784884275e-05 2.1866490435e-01 
5.4913548961e-05 1.0000000000e+00 
6.9901581489e-05 2.8047287816e-01 
1.3807123706e-05 4.9269531335e-01 
2.4052563396e-05 3.5956648595e-01 
5.6484905121e-05 2.3590109427e-01 
8.5509191156e-05 2.5669101406e-01 
3.2215408427e-05 3.3287133994e-01 
1.5962063387e-05 2.4850299536e-01 
6.4696528708e-05 2.6774632356e-01 
4.7853231871e-05 3.0880007253e-01 
3.5727889700e-05 3.6248677462e-01 
3.3407118560e-05 2.1146789858e-01 
5.4554385489e-05 1.8471732337e-01 
2.7338568964e-05 3.4265404931e-01 
8.7603905158e-06 3.9292232279e-01 
5.3966941393e-04 0.0000000000e+00 
1.2935141055e-05 4.4666044598e-01 
6.0740135249e-04 0.0000000000e+00 
3.2119961949e-05 2.3200529249e-01 
3.5961518331e-04 4.8704363919e-02 
5.1819499894e-05 1.4801987041e-01 
2.0844842904e-04 1.6002676725e-01 
4.9282746737e-05 3.0445498802e-01 
4.0352223434e-05 3.1573882174e-01 
2.2817979686e-04 1.0000000000e+00 
2.3427982934e-05 2.7820892429e-01 
5.0800680371e-05 1.5980678137e-01 
1.0105664872e-04 2.6353114877e-01 
5.4687096581e-05 4.0274837817e-01 
4.2984893715e-05 2.3710430247e-01 
1.9174350142e-05 3.6606557131e-01 
5.7232637706e-05 3.0947323281e-01 
6.8050135612e-05 2.7102509854e-01 
1.5119237044e-04 2.1779776829e-01 
2.0707837484e-05 3.4346755240e-01 
1.8611227612e-04 1.8048967862e-01 
8.0468368641e-06 3.1032123236e-01 
2.9987754195e-05 3.3333571202e-01 
8.7668149719e-06 4.0650030409e-01 
1.9977373000e-04 1.7893175866e-01 
1.2437504355e-05 3.9196681057e-01 
3.5040949439e-05 3.2943695789e-01 
4.2476034340e-05 2.3103169954e-01 
2.9672114682e-05 3.3493048749e-01 
6.8128407148e-05 3.1905651018e-01 
3.6915201996e-04 0.0000000000e+00 
3.1678206251e-05 2.0052835748e-01 
3.3237875401e-05 1.7221413633e-01 
1.5903742267e-05 3.6523584891e-01 
3.6205968795e-05 2.2440820761e-01 
9.0591318722e-06 1.0000000000e+00 
1.1708111510e-05 2.3085190199e-01 
8.5913615868e-05 2.7600503854e-01 
1.4652549870e-05 1.0000000000e+00 
3.1328005549e-05 2.6867879227e-01 
1.8791924033e-05 3.7323464427e-01 
1.1593940343e-04 2.2926721809e-01 
4.0188223514e-05 1.0000000000e+00 
2.4595825260e-05 2.5024051850e-01 
1.0600386324e-04 2.4055860502e-01 
2.2369044099e-04 1.4364668211e-01 
6.7136091638e-05 2.8800109050e-01 
2.3113312729e-05 2.2629067315e-01 
1.0812701565e-05 3.8654106024e-01 
7.6940867295e-05 2.6194842504e-01 
1.4818579854e-04 1.0000000000e+00 
4.0012322037e-04 9.0711243291e-03 
4.0978988062e-05 3.0859852490e-01 
1.2773269999e-05 5.1379699022e-01 
1.0790653426e-05 1.0000000000e+00 
1.6467392246e-05 1.0000000000e+00 
1.3328459251e-05 1.0000000000e+00 
2.9359467637e-05 2.3203580489e-01 
2.5095571071e-05 2.4044031059e-01 
1.3923731913e-04 2.5834710162e-01 
2.6273521092e-05 3.4053719444e-01 
1.0254449357e-04 2.6206894503e-01 
1.8583515938e-05 2.7628911776e-01 
4.6001262170e-05 3.2296986836e-01 
2.3312027666e-04 1.3606199331e-01 
2.9470544507e-04 9.0322004529e-02 
4.9646929658e-04 0.0000000000e+00 
5.5728291990e-06 1.0000000000e+00 
7.8766485812e-05 2.7736655996e-01 
1.1547991287e-04 1.0000000000e+00 
3.8293750397e-05 3.3850897052e-01 
1.7728331545e-05 1.0000000000e+00 
1.2550717548e-04 2.1962009270e-01 
2.5141836859e-05 2.6525133305e-01 
1.7644393520e-05 2.4484749220e-01 
1.1402127692e-04 1.0000000000e+00 
2.8231201771e-05 2.7808864884e-01 
1.0440845157e-04 2.4545649978e-01 
1.0865748194e-04 2.3720212035e-01 
5.4521078613e-05 3.4157891173e-01 
6.2951515237e-05 2.8203613261e-01 
3.8863425769e-05 3.1325494689e-01 
7.5919461428e-05 2.8818627428e-01 
1.8000389842e-05 3.8432986423e-01 
4.2067047864e-05 1.7492061379e-01 
4.2778468013e-05 1.8510508051e-01 
3.0488271956e-05 3.5355277142e-01 
3.8123761424e-05 2.6630970093e-01 
2.6650563703e-05 2.6502279481e-01 
4.1142093859e-04 4.2526050831e-01 
1.1697983934e-05 1.0000000000e+00 
2.0761586859e-05 3.3122575868e-01 
1.3397547185e-04 2.1250389193e-01 
2.8547110625e-05 2.2912764575e-01 
2.7296430993e-05 3.3593395293e-01 
8.6918035572e-05 2.5853389577e-01 
1.8116961304e-04 1.8824403191e-01 
2.3536736534e-05 1.0000000000e+00 
7.1623199176e-04 0.0000000000e+00 
2.2768176203e-04 1.4360099928e-01 
3.8565538430e-05 1.0000000000e+00 
6.6914249995e-05 2.6909500534e-01 
3.9059938031e-05 3.1265629967e-01 
3.3351067509e-05 2.6741344651e-01 
5.9817283016e-05 2.8681935468e-01 
4.5397396116e-05 1.5545103719e-01 
3.8921389745e-05 3.2710680028e-01 
3.2656430943e-05 2.0755717068e-01 
9.9916634780e-05 2.5619794561e-01 
1.8114009903e-05 2.0709747628e-01 
2.5092463520e-04 1.0000000000e+00 
1.6501547807e-05 2.6636694925e-01 
1.9727343006e-05 2.3282233262e-01 
6.0816267740e-06 1.0000000000e+00 
4.4693908181e-05 3.0285294142e-01 
6.1544405323e-05 3.0622362342e-01 
3.6243902736e-04 9.5416865032e-02 
1.3334639374e-04 2.1350351396e-01 
1.4806775036e-05 3.7830620167e-01 
4.4994274912e-05 3.1050854161e-01 
9.9852141078e-05 1.0000000000e+00 
5.3639025889e-04 1.0000000000e+00 
8.4101700323e-05 2.5483373973e-01 
1.3951981012e-04 1.8741039003e-01 
1.0304094977e-05 3.8550564435e-01 
1.6980720994e-04 1.8954782229e-01 
1.5793383132e-04 1.9919947112e-01 
1.5864950270e-05 5.5172926762e-01 
1.9093246913e-04 2.0213925216e-01 
2.2830874973e-05 2.5815189986e-01 
1.5049759519e-05 3.0252024482e-01 
8.9880699972e-06 2.3179481539e-01 
1.4986698620e-05 1.0000000000e+00 
5.8902897026e-05 1.2806559067e-01 
1.6354267114e-04 1.0000000000e+00 
2.4565459155e-04 1.3576555381e-01 
7.1274523203e-04 0.0000000000e+00 
3.7665009484e-05 2.3490295850e-01 
1.2751386211e-05 3.6693001239e-01 
3.1682324506e-05 3.3053385990e-01 
1.2991683503e-04 2.2462430376e-01 
3.8111649830e-05 3.0275277399e-01 
4.5387724079e-05 2.9661159995e-01 
6.0066400156e-05 5.9383718378e-01 
9.5149434048e-06 1.0000000000e+00 
1.5015160952e-04 2.0159423313e-01 
1.9557708896e-04 1.0000000000e+00 
2.1240525420e-04 1.4428057642e-01 
1.1277456286e-04 2.3256140846e-01 
2.4704283113e-05 3.6956470384e-01 
1.7396364164e-04 1.0000000000e+00 
9.2867564192e-05 2.4881602843e-01 
5.3861786278e-05 1.5262183169e-01 
2.7958434109e-05 2.6473235006e-01 
3.0492493822e-05 3.3853750913e-01 
4.1845733346e-04 0.0000000000e+00 
5.9254300473e-05 2.5939653283e-01 
1.9784050441e-04 1.7874618357e-01 
8.8105350674e-06 3.1565764864e-01 
1.4801722944e-04 1.0000000000e+00 
4.8512022304e-05 1.0000000000e+00 
1.0521636662e-04 2.3957027515e-01 
2.0793639109e-05 1.0000000000e+00 
5.3089663177e-05 1.0000000000e+00 
1.1767823667e-04 2.2602011072e-01 
8.2802094376e-05 1.6992945601e-01 
1.8989641485e-05 1.0000000000e+00 
1.8268176537e-05 3.7087626905e-01 
5.1202281062e-04 0.0000000000e+00 
2.2890861547e-05 4.5780049340e-01 
7.2394765247e-05 2.6821021161e-01 
1.5068651555e-04 2.3848231741e-01 
6.6137943553e-05 2.7401487934e-01 
2.1619108375e-05 3.6886001314e-01 
5.4032670137e-05 1.0000000000e+00 
1.5003720959e-05 2.8499122059e-01 
4.5332290971e-05 1.4339935997e-01 
9.2168338636e-06 2.9962636905e-01 
1.0266434737e-04 2.3954579260e-01 
6.1056558428e-05 2.7925534064e-01 
1.8665545826e-04 1.7897757594e-01 
8.7673870057e-05 2.5628073691e-01 
8.9124884756e-05 1.0000000000e+00 
3.7759571469e-05 1.6282584931e-01 
1.2469843469e-04 2.2412790256e-01 
2.8310563012e-05 2.2252403736e-01 
3.4842635628e-05 1.0000000000e+00 
8.4138584373e-05 2.5683626898e-01 
7.2403233796e-05 1.0000000000e+00 
6.5954289638e-04 0.0000000000e+00 
1.5527439110e-05 3.7308007937e-01 
6.3474778817e-05 1.4379655322e-01 
1.6727798093e-05 3.6305901265e-01 
4.2883812015e-05 1.4981821127e-01 
2.1327531356e-05 3.4623181920e-01 
9.6374579547e-05 2.4768314978e-01 
1.0725876312e-05 1.0000000000e+00 
3.0886638724e-04 1.1666634045e-01 
9.7035106178e-04 0.0000000000e+00 
1.9475819344e-05 4.0573052531e-01 
2.2889736381e-05 1.0000000000e+00 
1.3470050982e-05 1.0000000000e+00 
8.2662081271e-05 2.5194416115e-01 
1.0115613471e-04 2.3415895134e-01 
1.7672955501e-04 1.0000000000e+00 
4.7655027832e-05 2.1053670977e-01 
3.6971281602e-05 1.6071175805e-01 
1.4554572699e-05 3.3193982664e-01 
1.5833956658e-05 1.0000000000e+00 
6.6513642800e-05 1.0000000000e+00 
4.8312869884e-05 3.0497782824e-01 
1.9837370796e-05 3.9177422104e-01 
6.4397460502e-04 0.0000000000e+00 
7.3107838646e-05 2.6545997965e-01 
4.3383205640e-05 5.7095741400e-01 
1.3340360171e-05 1.0000000000e+00 
1.4530524109e-05 4.2720399303e-01 
2.0357202089e-04 1.7980152614e-01 
5.4294332620e-04 0.0000000000e+00 
3.6012799640e-05 1.7165522793e-01 
3.9978866594e-05 1.7988336155e-01 
8.2186605450e-05 2.4383932253e-01 
8.2497496862e-05 2.6898825339e-01 
7.2338195328e-04 0.0000000000e+00 
4.5976748832e-05 3.2718037534e-01 
1.9101282557e-04 1.8292808795e-01 
1.0653836921e-04 2.3889469579e-01 
8.5697775167e-05 1.5611847778e-01 
6.4081471027e-05 2.7330423315e-01 
3.6339364391e-05 1.0000000000e+00 
1.3445461941e-05 4.4816150702e-01 
2.2666152810e-05 2.9630912817e-01 
2.9150826023e-04 1.0608513433e-01 
5.3505826672e-05 2.9906723454e-01 
5.2583999983e-05 3.1290636562e-01 
3.5910711472e-05 3.2261990264e-01 
7.4049916310e-05 1.0000000000e+00 
2.6307766230e-04 1.2033197597e-01 
6.4956860569e-05 2.1419424115e-01 
1.6826168572e-05 3.2572685063e-01 
2.7826229397e-05 3.4081590817e-01 
3.2607996036e-04 1.1834256548e-01 
1.0170100852e-04 2.3277097535e-01 
2.6491611676e-05 3.2791919951e-01 
7.9418570844e-06 1.0000000000e+00 
4.7799242786e-05 1.0000000000e+00 
5.4496853603e-05 2.9201563156e-01 
7.0704495042e-04 0.0000000000e+00 
1.0460405556e-05 2.3373054705e-01 
1.2734624028e-04 2.2758399958e-01 
9.0019008481e-05 2.4928582231e-01 
4.3571423403e-05 3.0380849515e-01 
9.0385643662e-05 2.5525392783e-01 
2.4571866768e-05 1.0000000000e+00 
8.1873867036e-05 2.4885953850e-01 
5.2595413553e-05 2.8985600838e-01 
1.8982350053e-04 1.7777177408e-01 
8.9333550794e-05 2.5014196029e-01 
8.2267284547e-05 2.5942032499e-01 
2.2051486537e-04 1.3857539245e-01 
2.9919366203e-05 2.7033916060e-01 
6.6392151493e-05 2.6039917926e-01 
3.1178208979e-05 3.6637819469e-01 
3.6483043009e-05 3.2457640751e-01 
4.1395850066e-05 3.1572923655e-01 
6.8496033689e-04 0.0000000000e+00 
5.7229143524e-05 2.9216850527e-01 
1.5847856941e-04 2.1071056529e-01 
3.4708304311e-05 2.2613294074e-01 
9.7714932627e-05 2.4740741142e-01 
3.8500555763e-05 1.0000000000e+00 
9.1736494648e-05 7.6842409838e-01 
4.6934239396e-05 1.0000000000e+00 
1.5276579038e-05 1.0000000000e+00 
1.0181536322e-05 1.0000000000e+00 
4.1677092549e-05 1.0000000000e+00 
8.1860701559e-05 2.6744137408e-01 
1.0481862836e-04 2.4591075281e-01 
3.4896851277e-05 1.7546876559e-01 
1.6188741058e-04 2.0234724984e-01 
6.3684286192e-05 2.8564267713e-01 
8.0193985827e-05 2.6893109042e-01 
6.3526269866e-05 2.8230965493e-01 
9.5215835285e-04 1.0000000000e+00 
4.5558826679e-05 1.8517229139e-01 
7.4234113846e-05 2.1662882312e-01 
1.0420144905e-04 2.3520654596e-01 
1.8762454319e-05 1.0000000000e+00 
1.0765636619e-05 2.6804404526e-01 
6.0478893254e-05 2.6894214307e-01 
8.2213772046e-05 2.5996334301e-01 
2.3330003662e-05 3.6121650624e-01 
3.0755104621e-05 2.4091121111e-01 
1.9558824368e-05 2.6770757748e-01 
3.9504684065e-04 1.0000000000e+00 
6.6773057771e-05 2.8213649085e-01 
9.5058992028e-05 2.4786676765e-01 
2.1808734482e-05 3.4339268410e-01 
4.0118818952e-05 1.0000000000e+00 
5.5682316649e-05 1.0000000000e+00 
4.7125720376e-05 3.0580861974e-01 
9.0413878326e-05 2.4885903695e-01 
6.7714522852e-05 2.6857540495e-01 
2.2531086117e-04 2.9194305407e-01 
3.2031746149e-05 3.5046841028e-01 
2.7688319932e-05 2.9984505222e-01 
1.0832491246e-04 2.3892282105e-01 
4.4591570620e-05 3.0845961160e-01 
1.8298028927e-05 2.3752441930e-01 
1.4795093454e-04 2.1171973092e-01 
3.9369244129e-05 3.1689730495e-01 
1.3174675778e-04 1.0000000000e+00 
5.4232630739e-05 1.5998544697e-01 
7.7090634819e-05 2.6260689297e-01 
3.4172509397e-05 2.1756934051e-01 
6.7151189965e-05 2.7831035655e-01 
5.1447615082e-05 2.2446790139e-01 
3.2428773868e-05 2.0514019730e-01 
3.1509566109e-04 1.0000000000e+00 
3.8882994092e-05 1.9339288445e-01 
8.6724366530e-05 2.5773391784e-01 
3.6959662576e-05 3.2247468083e-01 
3.4483500894e-05 1.8854189430e-01 
2.2221478362e-05 2.4846510340e-01 
1.4563418477e-04 2.8073974600e-01 
1.0965125686e-04 2.2933847635e-01 
5.1064128233e-05 1.8264176433e-01 
4.1061508084e-05 7.7826934037e-01 
5.4107615223e-05 2.7215354949e-01 
1.0259663650e-05 1.0000000000e+00 
1.3112760257e-05 3.8194478730e-01 
4.2315417142e-05 3.0756049156e-01 
1.9224943632e-05 3.6573596925e-01 
1.5205139102e-05 1.0000000000e+00 
9.9052674960e-06 1.0000000000e+00 
2.7701471396e-04 1.3552396049e-01 
7.5510268454e-06 4.2778190195e-01 
2.4936240498e-05 3.4114759472e-01 
2.8558371041e-04 2.0528417808e-01 
4.6173092522e-05 3.0418150437e-01 
4.4380013848e-05 2.8062697258e-01 
1.2713818380e-05 3.7943172536e-01 
2.1959546448e-04 1.0000000000e+00 
2.4247943725e-05 3.3308724164e-01 
1.0542823300e-04 2.2058253778e-01 
2.1856343051e-04 1.5201440250e-01 
7.4926645221e-05 1.5620686987e-01 
1.3253073512e-04 2.1394469363e-01 
3.0887209892e-04 1.1939799941e-01 
3.4975880312e-05 1.0000000000e+00 
1.1218765185e-04 2.3624197226e-01 
2.1278280283e-04 9.0778388288e-01 
3.3261613000e-05 2.3637446749e-01 
1.5027437771e-04 2.2545552766e-01 
2.3058347452e-04 1.0000000000e+00 
7.4803170248e-04 0.0000000000e+00 
8.5663482580e-06 1.0000000000e+00 
6.0071240408e-05 2.8474740981e-01 
6.8104787937e-05 2.2503554680e-01 
4.4201302055e-04 0.0000000000e+00 
2.5310347756e-05 2.1099958457e-01 
7.9499914670e-05 2.8919215404e-01 
2.0189012823e-05 3.5659914877e-01 
3.3901509525e-05 3.2789012936e-01 
8.5481253701e-05 1.0000000000e+00 
2.9101128850e-05 3.3259335684e-01 
7.2016397944e-04 0.0000000000e+00 
2.3123864544e-05 3.6122876815e-01 
2.8191422346e-05 3.3695251912e-01 
2.4453431314e-05 2.9371488161e-01 
2.8189992884e-04 1.1277507890e-01 
1.6585899020e-05 3.5373258297e-01 
3.7617503710e-05 3.1158356995e-01 
1.0238719041e-05 1.0000000000e+00 
5.7337671589e-04 0.0000000000e+00 
1.4543389987e-04 2.4698909308e-01 
2.9488055714e-05 2.0149050631e-01 
1.2106299554e-05 2.2511442355e-01 
2.4897682611e-04 9.9099654931e-01 
7.7068576664e-05 2.6786501284e-01 
1.4607326297e-04 2.1113353269e-01 
6.0155068449e-04 0.0000000000e+00 
8.9956884448e-06 3.0841660054e-01 
2.8459528015e-05 3.9452342544e-01 
2.0883859567e-05 3.3784432044e-01 
1.7896709946e-04 1.0000000000e+00 
9.8733112291e-05 1.0000000000e+00 
1.1129526939e-04 2.3523818431e-01 
3.2546203253e-05 3.0303346267e-01 
3.0537284118e-05 3.0556672134e-01 
8.6153854350e-05 2.0923892368e-01 
3.0021490295e-05 2.2992122509e-01 
1.4775953980e-05 2.1395413682e-01 
9.8045151232e-04 1.0000000000e+00 
2.0268197548e-05 2.4757087560e-01 
6.3013442243e-06 1.0000000000e+00 
1.2802053664e-05 1.0000000000e+00 
7.3803433975e-05 2.7163825481e-01 
5.9144906278e-06 4.2057024384e-01 
4.5200287643e-04 3.2986353911e-01 
1.4968698352e-04 8.8939306493e-01 
6.7700018668e-05 2.7549520243e-01 
5.9030969053e-05 1.0000000000e+00 
3.7922032840e-05 1.6695483455e-01 
5.9294123296e-05 2.8661875704e-01 
1.0166059935e-04 2.4878541147e-01 
3.3520058510e-05 3.2956835381e-01 
4.2592779197e-04 0.0000000000e+00 
1.7232763901e-05 2.5035345342e-01 
6.9049317163e-06 5.3087470100e-01 
1.0149092760e-05 1.0000000000e+00 
1.9191270228e-05 4.0474730049e-01 
1.3379821947e-04 2.0581189798e-01 
4.2228020590e-05 3.0879712984e-01 
4.9473817347e-05 2.1946773939e-01 
8.3440132984e-05 2.7324567172e-01 
5.1806300838e-05 2.4064950388e-01 
3.2607748481e-05 1.8816269144e-01 
9.3803046392e-05 2.7023231116e-01 
1.3118680905e-04 2.2226639127e-01 
5.5926349668e-05 2.9864933753e-01 
4.0700408555e-05 2.3809065260e-01 
2.1307374529e-04 1.5172005743e-01 
2.1002885600e-04 1.8790774434e-01 
1.8125236833e-05 4.7712922954e-01 
3.5269347267e-05 1.8524891910e-01 
7.6132374192e-05 2.6657854014e-01 
2.5811281087e-05 2.5117353511e-01 
2.4757487725e-05 4.5457702954e-01 
7.5691581555e-05 2.7899920928e-01 
3.4067250561e-04 5.7193759705e-02 
1.9430208232e-04 2.2867702766e-01 
9.6276654357e-05 2.4529621866e-01 
1.2554692229e-05 1.0000000000e+00 
6.5475347414e-05 7.2348649793e-01 
2.9493963362e-04 9.9589536319e-02 
1.7700203981e-05 1.0000000000e+00 
5.4787643422e-05 2.1815670290e-01 
8.4790188839e-05 1.0000000000e+00 
6.1088812349e-05 2.6479232098e-01 
1.3467975220e-04 2.1889740691e-01 
4.8812888846e-05 1.8993533873e-01 
1.2850684191e-04 2.1439485926e-01 
9.8791460775e-05 2.4977988110e-01 
6.7221045717e-05 2.7113838714e-01 
5.7636827402e-05 1.5715042778e-01 
4.9480755756e-05 1.8948767824e-01 
4.8778289092e-05 3.0406338221e-01 
1.8259843022e-05 1.0000000000e+00 
1.2757671760e-05 1.0000000000e+00 
7.8826322066e-05 2.9335488782e-01 
5.7142869981e-06 1.0000000000e+00 
7.5584614279e-04 1.0000000000e+00 
2.3125707437e-05 2.1405829034e-01 
3.9061316670e-05 2.0224244544e-01 
3.8193878823e-05 6.7947696368e-01 
1.0750012338e-05 3.7801028478e-01 
4.1584243190e-05 1.0000000000e+00 
1.5730613177e-04 1.0000000000e+00 
7.5714839909e-05 2.5272476665e-01 
8.3548002259e-05 2.6260770411e-01 
2.1204910456e-05 2.5838261298e-01 
4.6560311597e-05 2.3421693670e-01 
9.1114664704e-05 2.5175749702e-01 
7.9824139614e-05 2.7465910675e-01 
5.2936313277e-05 2.9523029702e-01 
3.2547252951e-05 2.0496471592e-01 
2.3530084451e-05 1.0000000000e+00 
2.5851421113e-04 1.7285920558e-01 
4.6914155859e-05 1.0000000000e+00 
4.2421461240e-05 2.1973699383e-01 
5.6921495780e-05 2.4400067511e-01 
1.7105931409e-05 3.0215900361e-01 
5.6983454479e-04 0.0000000000e+00 
6.6449292342e-06 1.0000000000e+00 
3.6732109552e-05 1.7747648918e-01 
1.4604800064e-05 4.2715355561e-01 
3.1429575510e-05 2.1063379470e-01 
7.8757262885e-05 2.6306607244e-01 
2.6228239139e-05 3.2387581711e-01 
1.7614373567e-05 3.7090721344e-01 
3.0307675224e-05 3.2533861478e-01 
8.0186810103e-05 2.8067162703e-01 
8.7782214952e-05 2.5338737822e-01 
2.0650324001e-05 3.6300998557e-01 
3.1522242876e-04 8.5889308636e-02 
6.4552118645e-05 2.5432220500e-01 
4.3759228389e-05 3.3586632810e-01 
6.3431348057e-05 3.1763844656e-01 
3.9262668191e-05 1.7513214612e-01 
4.5026243663e-05 1.8444024105e-01 
8.7468436420e-05 2.5686525966e-01 
2.6141984388e-05 1.0000000000e+00 
5.2148576811e-05 3.7734865774e-01 
1.3639947431e-05 2.8991116261e-01 
5.3227156757e-05 2.7762712939e-01 
7.8301421328e-05 2.7806815145e-01 
5.1676883280e-05 1.8379476021e-01 
7.5670875535e-05 6.2273916743e-01 
1.2860817106e-05 3.4600781976e-01 
9.5054699993e-05 2.4791557213e-01 
3.0570803804e-05 3.3686551991e-01 
2.9206207561e-05 2.1163767859e-01 
2.7251015046e-05 2.6374499755e-01 
3.1100417950e-04 1.7749080902e-01 
4.0533582864e-04 6.3977314265e-02 
7.0302697691e-04 0.0000000000e+00 
1.5964671400e-04 1.9206129327e-01 
9.0239450400e-04 0.0000000000e+00 
2.4841762001e-05 3.2847584958e-01 
5.0034869198e-05 3.0425872987e-01 
1.7847945104e-04 2.7623122258e-01 
1.0540018274e-05 1.0000000000e+00 
2.2941297106e-05 2.5845265538e-01 
1.5445652554e-05 1.0000000000e+00 
1.1981678138e-04 1.0000000000e+00 
1.3375725137e-05 3.0669513338e-01 
5.3962269438e-05 3.1763346963e-01 
1.8102899303e-04 1.8095325625e-01 
3.0068019115e-04 9.7079018823e-02 
4.0029785577e-05 3.0063571920e-01 
3.6999872176e-05 3.2412155037e-01 
6.0702098062e-05 3.0722164211e-01 
2.3244992863e-04 1.5240286750e-01 
1.5350243633e-04 1.6789082301e-01 
3.0029876880e-05 2.4740774988e-01 
3.5490410534e-05 3.2601161132e-01 
2.6504334132e-04 1.0000000000e+00 
3.8886382028e-05 3.1857814019e-01 
2.2630350044e-04 1.6384985234e-01 
1.1656623871e-04 2.1744325306e-01 
2.6761081581e-05 2.5121568719e-01 
5.1780428820e-06 1.0000000000e+00 
2.5580313754e-05 3.4584438589e-01 
7.3750700074e-05 2.8743335997e-01 
7.7703334075e-06 2.4459813112e-01 
4.1690291064e-05 2.2481850040e-01 
1.4839083502e-05 3.8145705473e-01 
4.0623719744e-05 2.1904965562e-01 
2.7948304890e-05 3.4983866787e-01 
2.2776717149e-04 1.6000144794e-01 
7.4008650136e-06 1.0000000000e+00 
2.4081018814e-05 3.3345237258e-01 
2.2670587937e-04 1.7481915651e-01 
3.7060616066e-05 3.1830023116e-01 
4.3209084000e-04 0.0000000000e+00 
5.4523045389e-05 1.0000000000e+00 
1.2150953501e-05 1.0000000000e+00 
1.0719913966e-04 2.3556389252e-01 
3.6454433666e-05 2.6519675552e-01 
7.2722260945e-06 1.0000000000e+00 
2.7640493619e-05 2.4060653350e-01 
2.8667109184e-05 2.1463040874e-01 
5.2310723915e-05 3.1321863670e-01 
3.4593068058e-05 1.9183320421e-01 
1.1394756407e-05 1.0000000000e+00 
8.6870493828e-05 1.0000000000e+00 
8.4261418326e-05 2.5732434130e-01 
4.8273368049e-05 2.7456998502e-01 
6.7439372050e-04 0.0000000000e+00 
7.7990265082e-05 2.7028851660e-01 
8.7048028548e-05 2.5386727575e-01 
2.4339976474e-04 1.5048496371e-01 
2.3246310631e-05 4.3643646499e-01 
1.2304435001e-05 1.0000000000e+00 
3.5785952138e-05 1.7831375067e-01 
1.6085240250e-04 1.9362286599e-01 
2.0188074518e-05 1.0000000000e+00 
8.4490337493e-05 2.5582176175e-01 
4.2029376624e-04 0.0000000000e+00 
2.7620280086e-04 7.7885539809e-02 
6.2214955375e-04 7.9411376019e-01 
4.5101940069e-05 2.0388878011e-01 
4.6680096401e-05 3.7632396075e-01 
3.0074399499e-05 2.5465455902e-01 
5.6825200978e-05 2.0283652736e-01 
2.6618239081e-05 2.1018092008e-01 
1.8685891544e-05 1.9777432632e-01 
4.9183972649e-05 2.9840624873e-01 
1.7143036730e-05 3.8336892043e-01 
2.0370376381e-04 2.2256702387e-01 
2.2090540671e-05 3.3339126203e-01 
1.9079170075e-05 3.5456851410e-01 
9.8642240381e-05 2.4208146550e-01 
3.4380882121e-05 1.7624146225e-01 
3.0819805149e-05 1.0000000000e+00 
2.1969793561e-04 1.0000000000e+00 
7.8760462356e-04 0.0000000000e+00 
9.7928214233e-05 2.4350397324e-01 
3.5864227149e-05 3.5958681823e-01 
2.5551544111e-05 3.1277107357e-01 
4.2957431609e-05 2.1676263944e-01 
4.6800140287e-05 3.0302402009e-01 
3.6509859030e-05 1.7792095178e-01 
1.5043670423e-05 2.1940199158e-01 
7.4924074853e-05 2.4737572358e-01 
9.7163006763e-05 2.3812394984e-01 
8.9251865996e-05 2.6105768554e-01 
7.3038149809e-05 2.9906607214e-01 
4.5805209200e-05 3.0739689971e-01 
5.8337330710e-05 1.0000000000e+00 
7.5438404763e-04 1.0000000000e+00 
8.9504769636e-05 2.5211173394e-01 
1.2541576311e-04 2.2445138250e-01 
4.2340287247e-05 3.1612011428e-01 
3.1886632404e-04 8.8427982553e-02 
1.1093909475e-04 2.5349729198e-01 
1.8317841237e-04 1.8006210220e-01 
4.2149934003e-05 3.0883196414e-01 
3.5811267287e-05 2.0683725630e-01 
1.7540488961e-05 2.4184718645e-01 
8.2702995197e-06 1.0000000000e+00 
3.0086460129e-04 1.0000000000e+00 
5.1244784558e-06 1.0000000000e+00 
1.1336959881e-04 2.4345110345e-01 
3.4493882351e-04 8.8134881090e-02 
9.7940572674e-05 2.5826593827e-01 
2.5893794915e-05 2.7895167912e-01 
2.1041803514e-04 1.5599470981e-01 
1.5755998700e-04 1.0000000000e+00 
5.6595213117e-05 1.4232940806e-01 
3.0183085632e-05 3.3271139097e-01 
4.6691849253e-04 1.0000000000e+00 
6.3894957734e-05 2.7159114508e-01 
1.5297553295e-04 1.9855076779e-01 
1.2165309617e-05 3.9200922445e-01 
7.6820291874e-05 2.7813751283e-01 
5.2678250214e-05 2.9753745681e-01 
1.2757493350e-04 2.1934665868e-01 
1.2094341025e-05 2.5902297911e-01 
1.5687795920e-04 2.9625016939e-01 
1.1897860052e-05 1.0000000000e+00 
2.5885749251e-05 3.5228278934e-01 
3.1932332955e-05 3.3164278184e-01 
1.4080832548e-05 2.9420955505e-01 
5.8044653234e-04 0.0000000000e+00 
4.9297372952e-05 1.4968668076e-01 
5.2431244692e-05 1.4718937249e-01 
8.4347168825e-06 1.0000000000e+00 
9.3504251891e-05 3.4777625925e-01 
3.2253973355e-05 3.3230547622e-01 
8.9205062055e-05 2.5541938681e-01 
2.2476250314e-04 1.4970291577e-01 
5.4722070355e-06 1.0000000000e+00 
2.9408530847e-04 1.7706216119e-01 
1.1578431408e-04 1.0000000000e+00 
2.4725858719e-04 1.2594385756e-01 
3.7558621343e-05 1.0000000000e+00 
3.1072441672e-05 3.8670804392e-01 
7.4295904511e-06 4.0741083783e-01 
7.1367187310e-05 2.3175001161e-01 
1.4428161409e-04 2.1181890781e-01 
1.0636827806e-04 1.0000000000e+00 
2.9302600170e-04 1.7318186917e-01 
6.2610029902e-05 2.7915368005e-01 
5.8418309938e-04 1.0000000000e+00 
9.5324427845e-05 4.6291544200e-01 
1.1931064004e-05 3.8837511372e-01 
2.2124170979e-05 3.5648861899e-01 
3.6764224621e-04 6.6660515715e-02 
4.4311848934e-05 3.0759516892e-01 
1.0098803109e-04 2.4262092245e-01 
5.3228875813e-04 0.0000000000e+00 
9.9322392100e-05 2.3964653898e-01 
2.0312019702e-05 2.4568361408e-01 
6.8864324771e-05 2.7775141438e-01 
3.9696077721e-04 0.0000000000e+00 
9.4529133756e-06 1.0000000000e+00 
2.0398790927e-05 3.3601943637e-01 
1.8347788187e-05 1.0000000000e+00 
1.9915697894e-05 2.6274772152e-01 
7.6449998749e-05 2.5847422721e-01 
4.5391628427e-05 2.3394732195e-01 
4.3153941080e-05 1.0000000000e+00 
5.2490992835e-05 3.9145163882e-01 
4.6926632402e-05 2.9619731144e-01 
7.8029778672e-04 0.0000000000e+00 
7.2502579998e-05 2.6697105093e-01 
4.1321086381e-05 5.8940082151e-01 
7.6412416384e-05 2.6528037179e-01 
4.7956922731e-05 2.9190189465e-01 
6.8345968129e-04 1.0000000000e+00 
4.1021156762e-05 2.1601748646e-01 
1.2970636437e-04 3.4016633631e-01 
2.4107292499e-05 2.0507974808e-01 
2.6551906213e-05 3.4636064927e-01 
8.9349775048e-04 1.0000000000e+00 
4.0832238056e-05 2.7390109063e-01 
9.1985121810e-05 2.5379908919e-01 
2.0148092623e-04 1.8286658672e-01 
1.0328985351e-05 1.0000000000e+00 
4.9703410621e-05 2.8883798900e-01 
2.4025806369e-05 2.6075310858e-01 
7.7531643103e-05 7.4299732854e-01 
1.5826224422e-05 1.0000000000e+00 
1.7953741548e-04 1.7852692451e-01 
5.2274957588e-04 6.6855846409e-01 
9.6136174912e-05 2.5024878609e-01 
4.3581269092e-04 0.0000000000e+00 
1.9216055045e-05 4.3450926261e-01 
1.3987341814e-05 4.3435923116e-01 
2.4335686568e-04 1.3733618328e-01 
4.6452384810e-05 1.8705123419e-01 
1.6750539262e-04 1.0000000000e+00 
1.3679934409e-05 1.0000000000e+00 
1.3611053775e-05 3.8376656209e-01 
1.9695431200e-05 4.3632001765e-01 
9.5893124369e-05 3.3418782698e-01 
4.3397995124e-05 1.0000000000e+00 
5.0522818270e-05 1.6847400798e-01 
1.2997078493e-05 3.8322144317e-01 
2.5357939975e-05 2.0375038956e-01 
9.3655458456e-05 2.5793311358e-01 
2.3139531047e-04 1.4528238055e-01 
1.2072669609e-04 2.2944570016e-01 
1.2212476976e-05 2.2858417512e-01 
8.8866621185e-05 3.3047888102e-01 
1.5942941708e-05 1.0000000000e+00 
5.4931326629e-05 1.9088396018e-01 
8.7040857258e-05 1.0000000000e+00 
6.4350337011e-05 3.0004278214e-01 
6.5696918636e-05 1.6223722798e-01 
3.1963228279e-04 1.0511486228e-01 
9.1893968441e-05 2.5986242422e-01 
1.7365085107e-05 3.2326294839e-01 
9.2705860646e-06 1.0000000000e+00 
1.4247704523e-05 2.5262785062e-01 
3.2420432067e-05 3.3167374436e-01 
8.7467238926e-05 1.0000000000e+00 
1.1084605424e-05 2.6129274794e-01 
4.9321548326e-05 1.5451878703e-01 
2.2257928009e-04 1.8442746663e-01 
8.2091949607e-06 1.0000000000e+00 
8.1065188610e-05 2.9163878176e-01 
3.8534195265e-05 1.8205965214e-01 
1.9311406409e-05 2.7164150331e-01 
4.7728158065e-05 2.1018740877e-01 
6.5209443449e-06 1.0000000000e+00 
6.4333706136e-05 3.3527545928e-01 
7.6330009962e-05 9.0297175712e-01 
1.6274987040e-04 1.0000000000e+00 
4.9384811193e-05 3.2334633085e-01 
1.7062156686e-04 1.0000000000e+00 
2.9127773288e-05 1.7398250894e-01 
3.1040098910e-05 1.8406902549e-01 
1.1389021908e-04 1.0000000000e+00 
6.1183931232e-06 1.0000000000e+00 
6.9640482738e-05 2.7946559008e-01 
3.1521731003e-05 3.3512493475e-01 
1.7536082990e-05 2.6720877842e-01 
4.2193573177e-05 2.1860180843e-01 
1.0456249771e-05 2.7291574110e-01 
1.6051599342e-04 1.9748310012e-01 
1.0259792935e-05 1.0000000000e+00 
1.7244800655e-04 1.0000000000e+00 
4.2276733353e-05 2.9345680635e-01 
8.9071171630e-05 2.6558762443e-01 
2.2525055694e-05 2.8550709373e-01 
5.5796036193e-05 2.9669517503e-01 
7.6736302893e-06 3.8980632184e-01 
1.7491926576e-05 1.0000000000e+00 
1.1089382912e-04 8.5108319069e-01 
2.1616597912e-05 3.6163407210e-01 
3.1152897321e-04 1.0000000000e+00 
1.7519656952e-04 1.8362701857e-01 
1.1888317635e-04 2.2584607365e-01 
3.9166132338e-04 0.0000000000e+00 
1.0549769649e-05 1.0000000000e+00 
1.9939018758e-04 2.0081799699e-01 
1.9727822514e-04 2.2957040851e-01 
2.6935330959e-05 3.7245799301e-01 
3.4411396024e-05 1.9123096389e-01 
1.8381237992e-05 4.3310003000e-01 
3.3188425777e-05 3.2699663384e-01 
6.4969447133e-05 2.8181443126e-01 
2.3822621598e-04 1.1994936414e-01 
1.0299021276e-04 2.4647432985e-01 
1.2232526437e-04 2.2360344250e-01 
1.3198273675e-04 2.2036894096e-01 
9.3474350630e-06 3.7867396845e-01 
7.7891434060e-06 3.2267175702e-01 
7.5425927966e-06 1.0000000000e+00 
2.2573012509e-04 1.4992793190e-01 
1.7750594884e-04 1.8902203922e-01 
1.4951668674e-04 2.1295827801e-01 
1.8883777942e-05 2.6758505082e-01 
5.1799255473e-05 1.3614836438e-01 
1.5038690242e-05 3.1858774262e-01 
2.1322101654e-04 2.2271850754e-01 
1.0403103276e-04 2.3053538794e-01 
2.5414547548e-05 3.1393493951e-01 
2.0163873017e-05 3.2087578233e-01 
2.3686102895e-04 1.3933315438e-01 
6.5875309204e-05 2.7382315277e-01 
2.3776717126e-05 3.4787077455e-01 
3.1072467021e-04 1.1068167574e-01 
7.6297562737e-05 2.7933030137e-01 
2.3807998646e-04 1.4625330862e-01 
2.5837308520e-04 1.3542505971e-01 
1.7765088168e-05 3.7192687605e-01 
4.9232270875e-05 2.0724706366e-01 
6.7636307888e-05 1.0000000000e+00 
4.6232596881e-05 3.0590047352e-01 
4.6318111909e-04 0.0000000000e+00 
9.7089543233e-06 5.4522113179e-01 
2.5231941836e-05 2.0948062847e-01 
1.8125872543e-05 1.0000000000e+00 
2.7828935192e-05 1.8669524355e-01 
1.6972088341e-05 4.0376023370e-01 
5.4101326356e-04 0.0000000000e+00 
4.5189555276e-04 0.0000000000e+00 
7.7328920149e-06 4.0407270638e-01 
7.7542985701e-04 0.0000000000e+00 
2.1692967492e-05 2.6614727000e-01 
4.3492410963e-05 3.0130408339e-01 
5.9639434060e-05 2.8693198381e-01 
5.7254112531e-05 1.6718819815e-01 
1.3693589110e-04 2.1539085594e-01 
1.0791048933e-04 2.3416545160e-01 
8.3758041729e-05 2.5889091544e-01 
3.6506076778e-04 4.2542677654e-02 
3.3541275363e-05 1.7552560080e-01 
3.8394160488e-05 3.2047263633e-01 
2.0612478111e-05 3.1120334319e-01 
6.7557292117e-05 1.0000000000e+00 
7.2344469720e-05 2.8848281318e-01 
8.2260599051e-05 2.6237767620e-01 
2.0279128774e-05 2.0460482370e-01 
5.3255017912e-05 1.4639241415e-01 
8.4477667366e-06 4.0315801177e-01 
1.1526239667e-04 2.3129777536e-01 
7.5952482494e-04 0.0000000000e+00 
3.2518017857e-05 3.1613203274e-01 
5.8286225875e-05 3.2634981191e-01 
8.8393165566e-06 4.8576188701e-01 
4.4776737031e-05 2.1723863717e-01 
1.5742985902e-05 2.5446919531e-01 
4.8712879591e-05 1.6188679035e-01 
4.6275117336e-05 2.8453628128e-01 
8.8835099932e-05 2.5986095049e-01 
1.2484124145e-05 3.7357762395e-01 
7.2558497042e-05 1.0000000000e+00 
4.0358305426e-05 1.0000000000e+00 
3.0876664066e-05 3.2863785457e-01 
4.2518389383e-05 1.6978342817e-01 
5.6040769195e-05 2.8365024205e-01 
4.0253843389e-05 2.5463829668e-01 
9.7686108037e-06 1.0000000000e+00 
1.1224664794e-04 2.3285613903e-01 
8.7819407465e-05 2.4449622289e-01 
2.9752377191e-05 3.6203428367e-01 
1.7476001213e-05 3.7341854015e-01 
4.9028900106e-05 5.4493978879e-01 
4.0745600984e-05 3.1162992659e-01 
2.4702568015e-04 1.3427036941e-01 
6.7313728634e-05 2.6465105813e-01 
2.4164817577e-05 2.4885717926e-01 
3.7463508132e-05 3.2243928150e-01 
1.5479878274e-04 2.0139917032e-01 
1.0355069327e-04 2.3462867390e-01 
2.8479264960e-04 1.0650247989e-01 
2.8069294916e-05 3.9120036891e-01 
1.7206468365e-05 1.0000000000e+00 
6.4934191578e-04 0.0000000000e+00 
1.6405653164e-04 1.7221832042e-01 
2.4964358131e-05 2.1142332156e-01 
5.1577518319e-05 2.7513057415e-01 
4.1622298070e-04 0.0000000000e+00 
6.3860475008e-05 2.8145311522e-01 
5.7800846995e-05 2.9234134390e-01 
2.5919193684e-05 3.5807791751e-01 
2.6253569107e-04 1.1192416113e-01 
9.7662754490e-05 1.0000000000e+00 
5.4957983755e-05 2.9846766520e-01 
6.5263740837e-05 2.7084846915e-01 
1.0948179381e-04 2.3611779054e-01 
8.6221873483e-05 1.0000000000e+00 
5.3576858999e-06 1.0000000000e+00 
8.3457511438e-04 0.0000000000e+00 
2.8501619837e-05 2.2335549356e-01 
3.3959414477e-04 1.2482494608e-01 
1.7002067538e-05 5.1479367047e-01 
5.9440366650e-04 0.0000000000e+00 
8.2459858739e-05 2.6255949844e-01 
1.0242415835e-04 2.3861580764e-01 
4.2073168748e-05 3.6572478736e-01 
4.4785960660e-05 3.0807221454e-01 
2.9607479446e-05 3.3634162034e-01 
3.7613076539e-05 3.0917478542e-01 
6.0861771648e-05 2.8500135629e-01 
3.7993463339e-05 1.0000000000e+00 
5.7864462623e-05 2.8282901790e-01 
