5.0297000537e-10 1.1201198020e+04 7.1221250771e-01 2.4000000000e-01 
6.7367467269e-10 1.2174616123e+04 4.9702803119e-01 2.4000000000e-01 
8.0900532488e-09 1.2440136704e+04 1.0797560334e+00 2.4000000000e-01 
1.1057415518e-08 1.2141428681e+04 1.9816455878e-01 2.4000000000e-01 
9.1088151028e-12 1.1666992288e+04 6.6388649391e-01 2.4000000000e-01 
7.0495005409e-11 1.3679845557e+04 1.2466114224e+00 2.4000000000e-01 
6.7320570450e-10 1.1614096980e+04 6.5962809007e-01 2.4000000000e-01 
7.7057660519e-10 1.9524939771e+04 8.6452914064e-01 2.4000000000e-01 
2.9846182476e-07 1.2668726221e+04 3.9176198763e-01 2.4000000000e-01 
1.7311798551e-09 1.1237044281e+04 4.8218573513e-01 2.4000000000e-01 
8.7073562736e-10 1.1405152748e+04 1.4398326552e+00 2.4000000000e-01 
6.5306917002e-08 1.4102274287e+04 4.9249712257e-01 2.4000000000e-01 
7.0588479666e-08 1.1951591917e+04 2.4809793557e-01 2.4000000000e-01 
2.4159906736e-10 1.1938961959e+04 1.1565776248e+00 2.4000000000e-01 
2.0987939528e-08 1.5259159110e+04 1.0731971020e+00 2.4000000000e-01 
2.8990251276e-08 1.4416939333e+04 2.6678367444e-01 2.4000000000e-01 
7.5154990705e-09 1.2990967539e+04 8.7495239027e-01 2.4000000000e-01 
3.5030232762e-06 1.4153155699e+04 9.4818125100e-01 2.4000000000e-01 
5.8640932396e-12 1.1344229106e+04 7.2645476258e-01 2.4000000000e-01 
7.9055118087e-10 2.3511949884e+04 3.4865750523e-01 2.4000000000e-01 
1.0591991899e-09 1.5191375753e+04 1.0398669459e+00 2.4000000000e-01 
7.4108756892e-08 1.5278782545e+04 1.3110301082e+00 2.4000000000e-01 
5.4700364197e-08 2.2025892415e+04 1.0454212881e+00 2.4000000000e-01 
1.6568796953e-09 1.2117896695e+04 5.2575628339e-01 2.4000000000e-01 
1.6606720452e-09 1.2157767769e+04 6.1094000750e-01 2.4000000000e-01 
2.6142918712e-05 1.3079755414e+04 6.3538714085e-01 2.4000000000e-01 
5.7850430005e-09 1.3271757829e+04 8.7072561480e-01 2.4000000000e-01 
5.5641068302e-08 1.2213049079e+04 6.0708143483e-01 2.4000000000e-01 
3.9110929734e-07 2.5000000000e+04 1.0480686075e+00 2.4000000000e-01 
1.2481832150e-09 1.4723435386e+04 6.9481020083e-01 2.4000000000e-01 
3.1860008293e-10 2.5000000000e+04 7.1200803244e-01 2.4000000000e-01 
2.9840502085e-10 1.5337932839e+04 1.2292151045e+00 2.4000000000e-01 
3.1161989770e-08 1.2546818257e+04 1.1601717497e+00 2.4000000000e-01 
2.5586807552e-10 1.4519699699e+04 9.6604930076e-01 2.4000000000e-01 
5.6680103988e-08 1.1336582684e+04 3.1487930260e-01 2.4000000000e-01 
3.1057239972e-09 1.2878411912e+04 1.0005721474e+00 2.4000000000e-01 
7.1817756013e-09 1.1356443662e+04 8.8360961055e-01 2.4000000000e-01 
5.1018571037e-07 1.2414896674e+04 4.3396672382e-01 2.4000000000e-01 
9.4250076752e-09 1.3736068683e+04 1.2026591866e+00 2.4000000000e-01 
1.6960037291e-10 1.5894145352e+04 7.6696947840e-01 2.4000000000e-01 
3.9386387363e-10 1.2810324948e+04 1.0134073522e+00 2.4000000000e-01 
1.6450612789e-07 1.1547586516e+04 1.0378365362e+00 2.4000000000e-01 
1.1497698226e-07 1.1387022378e+04 1.2721100110e+00 2.4000000000e-01 
1.0187295135e-08 1.1798891742e+04 7.3054916849e-01 2.4000000000e-01 
4.4782714473e-09 1.3028357711e+04 5.0296607688e-01 2.4000000000e-01 
1.7601513375e-09 1.1710524159e+04 5.6714800116e-01 2.4000000000e-01 
1.3051256084e-10 1.3999005682e+04 1.1829491449e+00 2.4000000000e-01 
1.8555250321e-09 1.3072969941e+04 4.2537494062e-01 2.4000000000e-01 
4.9100209265e-07 1.4341980057e+04 1.2755137598e+00 2.4000000000e-01 
1.3076816392e-07 1.8914630632e+04 8.4791981573e-01 2.4000000000e-01 
3.2310701377e-10 1.1936076026e+04 4.9773561978e-01 2.4000000000e-01 
1.6174124277e-08 1.2933067843e+04 1.1436990306e+00 2.4000000000e-01 
8.6928605340e-08 1.2003277580e+04 1.0129427453e+00 2.4000000000e-01 
4.7229970573e-06 1.8218678008e+04 4.6444092239e-01 2.4000000000e-01 
8.9161234246e-09 1.6403429515e+04 6.9226702193e-01 2.4000000000e-01 
4.3290266746e-11 1.2754617588e+04 1.0387980777e+00 2.4000000000e-01 
1.1929104459e-09 1.1507852326e+04 9.6500905119e-01 2.4000000000e-01 
1.5508191887e-09 1.2190005846e+04 5.0277402246e-01 2.4000000000e-01 
2.1202126743e-08 1.4082954052e+04 1.3928154545e+00 2.4000000000e-01 
7.1483903298e-09 1.1318281677e+04 1.0888582364e+00 2.4000000000e-01 
4.1351110375e-08 1.6035393840e+04 7.9794694808e-01 2.4000000000e-01 
1.1253480145e-07 2.5000000000e+04 6.6708213016e-01 2.4000000000e-01 
6.8485376120e-11 1.1755234096e+04 1.2971068363e+00 2.4000000000e-01 
3.2405427698e-11 1.2063681551e+04 6.5877103199e-01 2.4000000000e-01 
1.0257004539e-09 1.7424720746e+04 9.0141589669e-01 2.4000000000e-01 
3.7687489602e-09 1.6798170703e+04 1.0913546706e+00 2.4000000000e-01 
1.9770270510e-10 1.5048932158e+04 1.7340742204e-01 2.4000000000e-01 
1.0734795823e-09 1.2672399193e+04 1.0051348293e+00 2.4000000000e-01 
1.2188915265e-10 1.3281355965e+04 1.1072511303e+00 2.4000000000e-01 
4.3715258522e-10 1.1200190099e+04 1.2169488222e+00 2.4000000000e-01 
1.2889108963e-09 1.4167265278e+04 1.4376642293e+00 2.4000000000e-01 
4.1045203188e-09 1.3760480849e+04 9.7570091845e-01 2.4000000000e-01 
2.0520905568e-09 1.1259783824e+04 1.2197997410e+00 2.4000000000e-01 
2.1132426698e-09 1.2913823449e+04 1.1845219211e+00 2.4000000000e-01 
1.7924554202e-09 1.3331758364e+04 1.0883125438e+00 2.4000000000e-01 
3.1810927949e-10 1.8934877094e+04 1.6705474769e-01 2.4000000000e-01 
1.2800128942e-07 1.4140359664e+04 5.2759491825e-01 2.4000000000e-01 
7.3768834902e-08 1.1833696040e+04 4.3819281271e-01 2.4000000000e-01 
3.3368485695e-09 1.1371275971e+04 5.4652712590e-01 2.4000000000e-01 
1.4513521830e-07 1.2873727909e+04 9.0131225265e-01 2.4000000000e-01 
7.8103633482e-07 1.8951531294e+04 1.3058390769e+00 2.4000000000e-01 
7.6886951842e-10 1.2919219129e+04 7.3900090412e-01 2.4000000000e-01 
4.3728559758e-09 1.3525625316e+04 9.7831365392e-01 2.4000000000e-01 
1.8107256447e-09 1.6641598149e+04 1.0522341069e+00 2.4000000000e-01 
2.6623478307e-10 1.2540799317e+04 5.4193120139e-01 2.4000000000e-01 
8.5124366155e-12 1.1749774235e+04 5.7951664606e-01 2.4000000000e-01 
1.1821464430e-10 1.2348773663e+04 6.1531141650e-01 2.4000000000e-01 
7.4526919203e-11 1.2247740101e+04 4.0900533102e-01 2.4000000000e-01 
5.2164230408e-09 2.1268861710e+04 9.9444309274e-01 2.4000000000e-01 
8.1855185800e-10 1.4014386913e+04 6.9343606953e-01 2.4000000000e-01 
1.5250616468e-10 1.1212219657e+04 3.0072817230e-01 2.4000000000e-01 
1.5810866958e-08 1.3532547970e+04 7.9165215646e-01 2.4000000000e-01 
3.7049002645e-07 1.3652828646e+04 8.3872650849e-01 2.4000000000e-01 
1.2999485083e-08 1.5643580671e+04 6.3012453495e-01 2.4000000000e-01 
3.9167310932e-07 1.4226296619e+04 6.1460468869e-01 2.4000000000e-01 
3.9663626570e-08 1.1219315702e+04 2.5618335849e-01 2.4000000000e-01 
2.8812212272e-09 1.5395451939e+04 8.4204266019e-01 2.4000000000e-01 
4.9121496939e-06 2.5000000000e+04 1.1060269891e+00 2.4000000000e-01 
1.4525128416e-09 1.5773121434e+04 4.3525673647e-01 2.4000000000e-01 
9.9413029523e-07 1.1622861954e+04 1.1780387504e-01 2.4000000000e-01 
4.7121099140e-09 1.2559368202e+04 1.0485980903e+00 2.4000000000e-01 
7.0301541207e-10 1.2378925241e+04 1.1015369269e+00 2.4000000000e-01 
7.7909361969e-10 1.7216606880e+04 1.3624729884e+00 2.4000000000e-01 
8.2045127257e-11 1.3680478190e+04 9.3775336856e-01 2.4000000000e-01 
1.2199830584e-09 1.3839864239e+04 1.4908716803e-01 2.4000000000e-01 
3.2918906854e-08 1.5871403384e+04 9.4820468474e-01 2.4000000000e-01 
9.9953705168e-11 1.1293717659e+04 8.6857147078e-01 2.4000000000e-01 
1.0060279807e-07 1.9725203391e+04 1.2413562605e+00 2.4000000000e-01 
7.0143199914e-09 1.2239227639e+04 1.0669075145e-01 2.4000000000e-01 
8.4933233957e-12 2.1728011094e+04 6.4998829631e-01 2.4000000000e-01 
1.0931982556e-09 1.7864400816e+04 3.8241393570e-01 2.4000000000e-01 
1.1045239713e-09 1.1328101190e+04 5.7804808563e-01 2.4000000000e-01 
1.8459974066e-10 1.1910232620e+04 7.5389323111e-01 2.4000000000e-01 
4.6999552358e-09 1.3572795361e+04 1.0363676684e+00 2.4000000000e-01 
9.0223135037e-11 1.2445922144e+04 1.0603487365e+00 2.4000000000e-01 
1.1989483726e-09 1.4630076582e+04 4.5749080977e-01 2.4000000000e-01 
1.0697190397e-09 2.3002399175e+04 9.1729914692e-01 2.4000000000e-01 
2.2877480146e-09 1.9548603140e+04 8.4542744584e-01 2.4000000000e-01 
1.2317636233e-09 1.9761709108e+04 1.1073259667e+00 2.4000000000e-01 
4.1595025109e-07 1.4850105293e+04 2.9514716875e-01 2.4000000000e-01 
1.4960420271e-08 1.3886837175e+04 6.9554649347e-01 2.4000000000e-01 
3.1956054415e-06 1.2853057817e+04 4.8100398095e-01 2.4000000000e-01 
1.4863607114e-07 1.3053101321e+04 1.3758686431e+00 2.4000000000e-01 
4.5130958789e-08 1.3583770721e+04 8.1398181890e-01 2.4000000000e-01 
8.3050744021e-10 2.0154126632e+04 1.2603910133e+00 2.4000000000e-01 
5.6033755616e-07 1.4507054755e+04 1.1778059976e+00 2.4000000000e-01 
2.7412882962e-09 1.7038707734e+04 8.3278241341e-01 2.4000000000e-01 
8.6190419420e-11 1.1726553148e+04 1.9990804684e-01 2.4000000000e-01 
5.6852713749e-08 1.1607962206e+04 8.8751955776e-01 2.4000000000e-01 
2.9278201180e-10 1.4828847153e+04 1.1532943913e+00 2.4000000000e-01 
2.7185328695e-09 1.1488887288e+04 8.0809078776e-01 2.4000000000e-01 
5.2010412942e-10 1.2614960896e+04 1.1401440890e+00 2.4000000000e-01 
3.1767022228e-07 2.5000000000e+04 7.1963096729e-01 2.4000000000e-01 
1.1075243232e-08 1.4413968542e+04 9.3751932213e-01 2.4000000000e-01 
2.0059601006e-09 1.2372364103e+04 8.9097886219e-01 2.4000000000e-01 
1.2363517359e-08 1.5025350243e+04 3.8280836786e-01 2.4000000000e-01 
2.2218433508e-05 1.5193027569e+04 3.5413717739e-01 2.4000000000e-01 
6.3315139832e-11 1.5188850165e+04 6.5066434770e-01 2.4000000000e-01 
2.3927504587e-10 2.0505050338e+04 4.4782646897e-01 2.4000000000e-01 
4.5445919143e-09 1.1970104893e+04 4.2036986897e-01 2.4000000000e-01 
9.0702165420e-09 1.1236193077e+04 4.9167678525e-01 2.4000000000e-01 
1.0194676999e-07 1.1828998831e+04 1.1105965698e+00 2.4000000000e-01 
1.0120956227e-10 1.3205670284e+04 9.2844660376e-01 2.4000000000e-01 
5.4077518394e-06 1.1332722124e+04 8.9621660122e-02 2.4000000000e-01 
8.1294898487e-07 1.1619507813e+04 4.1513914184e-01 2.4000000000e-01 
8.7183192486e-10 1.4771196002e+04 5.1000351364e-01 2.4000000000e-01 
1.4804011235e-08 1.2053971153e+04 7.2265943842e-01 2.4000000000e-01 
1.2800195492e-08 1.1232608466e+04 2.6210643344e-01 2.4000000000e-01 
3.6722214853e-11 1.1642091965e+04 1.1302846799e+00 2.4000000000e-01 
1.3198680906e-07 1.4004843113e+04 5.2451311000e-01 2.4000000000e-01 
3.8532252405e-07 1.2501711028e+04 3.7312032630e-01 2.4000000000e-01 
4.6149698732e-08 1.6954506253e+04 1.4555578992e+00 2.4000000000e-01 
1.2465690607e-06 1.2672335856e+04 7.6479619737e-01 2.4000000000e-01 
9.2094953551e-09 1.2672078255e+04 5.2039076451e-01 2.4000000000e-01 
3.4220921000e-07 1.2989902494e+04 1.2974560797e+00 2.4000000000e-01 
2.4942102864e-10 1.1295787803e+04 1.0741370208e+00 2.4000000000e-01 
4.3193284079e-10 1.1847926825e+04 5.1057891183e-01 2.4000000000e-01 
9.0994928002e-11 1.7316069003e+04 1.1136236202e+00 2.4000000000e-01 
2.1114523959e-11 2.0024361053e+04 6.4041319127e-01 2.4000000000e-01 
3.5534989929e-11 1.6734746340e+04 7.6567687074e-01 2.4000000000e-01 
2.4258857889e-09 1.7518858853e+04 1.2571676623e+00 2.4000000000e-01 
1.2562739258e-06 1.3761440732e+04 1.3234003849e+00 2.4000000000e-01 
1.2947961378e-11 1.2162333049e+04 5.1960376115e-01 2.4000000000e-01 
1.2735599875e-10 1.2355670399e+04 1.0105776290e+00 2.4000000000e-01 
5.7741119090e-08 1.6217614594e+04 4.3595119380e-01 2.4000000000e-01 
1.1841600357e-06 1.3900672345e+04 2.0175735427e-01 2.4000000000e-01 
1.3148948007e-11 1.2687766533e+04 9.7227405378e-01 2.4000000000e-01 
4.2766162122e-11 1.2592419854e+04 1.0968330323e+00 2.4000000000e-01 
2.0340916848e-05 1.1558802820e+04 9.3241382894e-01 2.4000000000e-01 
2.1157400674e-08 2.5000000000e+04 1.0445211803e+00 2.4000000000e-01 
2.8898321451e-06 1.4572535466e+04 5.9346115296e-01 2.4000000000e-01 
7.0987744068e-06 1.2792913164e+04 7.8394729387e-01 2.4000000000e-01 
4.8831652521e-08 1.1257089638e+04 9.9822101772e-01 2.4000000000e-01 
4.8540550325e-09 1.2490644396e+04 1.2201407777e+00 2.4000000000e-01 
6.6104352007e-09 1.4208871696e+04 7.2095099643e-01 2.4000000000e-01 
3.3531804868e-09 2.0571881223e+04 7.3497872726e-01 2.4000000000e-01 
3.0265225836e-08 1.2117805961e+04 1.2180368446e+00 2.4000000000e-01 
8.3774215307e-09 1.1874035153e+04 7.4470759899e-01 2.4000000000e-01 
1.9938642831e-08 1.3723429814e+04 8.4026530518e-01 2.4000000000e-01 
2.5844618237e-09 2.1761417248e+04 3.5957201897e-01 2.4000000000e-01 
4.2201274344e-09 1.1662785171e+04 1.3104865217e+00 2.4000000000e-01 
1.3741890032e-09 1.5931859520e+04 8.2956855099e-01 2.4000000000e-01 
5.8891621009e-10 1.2151663368e+04 6.1237189031e-01 2.4000000000e-01 
2.4144326486e-07 1.4336399157e+04 6.4114576583e-01 2.4000000000e-01 
8.2829801073e-08 1.1203076761e+04 8.7090330986e-01 2.4000000000e-01 
4.8339990880e-09 1.2397756078e+04 3.2982504260e-01 2.4000000000e-01 
7.3312616037e-09 1.4298660271e+04 3.5340851764e-01 2.4000000000e-01 
2.3278321322e-10 1.1847653255e+04 6.1240258907e-01 2.4000000000e-01 
9.8222467000e-09 1.2235753114e+04 1.4352254639e+00 2.4000000000e-01 
1.9084504027e-08 2.0540645462e+04 6.4995466746e-01 2.4000000000e-01 
7.7341643595e-09 1.2088398297e+04 1.0462369703e+00 2.4000000000e-01 
5.1913075858e-08 1.3227223645e+04 7.6471808367e-01 2.4000000000e-01 
2.2899935195e-09 1.1753374341e+04 8.5691642437e-01 2.4000000000e-01 
4.0800617496e-07 1.3465330869e+04 1.2673604362e+00 2.4000000000e-01 
1.0500136567e-10 1.3912109761e+04 1.0296492011e-01 2.4000000000e-01 
6.1497636067e-09 1.1335284087e+04 3.9942568727e-01 2.4000000000e-01 
2.7115165747e-06 1.2792739333e+04 3.7220395323e-01 2.4000000000e-01 
3.3546447920e-10 1.3575530982e+04 8.5774582771e-01 2.4000000000e-01 
3.2683282776e-09 1.1217191756e+04 1.1631561325e+00 2.4000000000e-01 
3.1565208486e-06 1.1360832076e+04 8.4936782748e-01 2.4000000000e-01 
9.7590988895e-11 1.4348898754e+04 9.0058669870e-01 2.4000000000e-01 
9.3348545470e-09 1.2858126187e+04 7.5074830904e-01 2.4000000000e-01 
2.5573724817e-09 1.2726239907e+04 1.3438774690e+00 2.4000000000e-01 
2.7909338616e-08 1.6312652025e+04 6.2209177100e-01 2.4000000000e-01 
1.1228282724e-06 1.1858802110e+04 4.2371756301e-01 2.4000000000e-01 
1.0677506477e-09 1.1745120819e+04 1.1487782441e+00 2.4000000000e-01 
4.3564142274e-07 1.8381429606e+04 1.3620078111e+00 2.4000000000e-01 
1.8291517071e-09 1.3301468482e+04 8.2681112180e-01 2.4000000000e-01 
2.9567726945e-07 1.4012091387e+04 7.5601421533e-01 2.4000000000e-01 
1.3193290370e-08 1.2647796597e+04 1.2299248556e+00 2.4000000000e-01 
2.6438870398e-10 1.1224002636e+04 1.0942074758e+00 2.4000000000e-01 
3.8250152238e-08 1.3797242743e+04 1.0107605849e+00 2.4000000000e-01 
4.1210893857e-08 1.1221906877e+04 2.6357340923e-01 2.4000000000e-01 
2.7072853241e-11 1.5855305153e+04 3.4574624637e-02 2.4000000000e-01 
7.2995418273e-06 1.4324653150e+04 1.4618109970e+00 2.4000000000e-01 
2.7163533863e-08 1.1633496713e+04 1.1870574145e+00 2.4000000000e-01 
1.5740971086e-08 1.2190350030e+04 8.6835505836e-01 2.4000000000e-01 
9.4360065838e-10 1.4967658701e+04 1.1055281119e+00 2.4000000000e-01 
1.7458589547e-09 1.1202623673e+04 8.0712991791e-01 2.4000000000e-01 
1.1677257704e-10 1.1206318586e+04 8.1491815422e-01 2.4000000000e-01 
1.4053536096e-07 1.7971293793e+04 8.3060385517e-01 2.4000000000e-01 
3.9856162640e-08 1.5799502269e+04 1.3522391166e+00 2.4000000000e-01 
9.7056209834e-11 1.3582400710e+04 1.8288705398e-01 2.4000000000e-01 
3.5191206917e-07 1.2151548898e+04 6.0306784271e-01 2.4000000000e-01 
3.2243462936e-11 1.3865327972e+04 1.1196374752e-01 2.4000000000e-01 
3.3910420564e-09 1.2101045705e+04 4.3428458367e-01 2.4000000000e-01 
1.3974608132e-10 1.6082292623e+04 1.1420669415e+00 2.4000000000e-01 
1.1872623661e-07 1.2676025960e+04 3.1083551958e-01 2.4000000000e-01 
9.5149654832e-08 1.1526138815e+04 1.1085538916e+00 2.4000000000e-01 
3.6244059624e-10 1.2037952033e+04 8.5556340730e-01 2.4000000000e-01 
2.3476662409e-10 1.1974916320e+04 7.0504240314e-01 2.4000000000e-01 
2.7836058400e-11 1.4964566144e+04 9.5167194058e-01 2.4000000000e-01 
1.5458771184e-09 1.2566994030e+04 6.4291836266e-01 2.4000000000e-01 
5.3674104307e-06 1.3210515115e+04 1.2092510557e+00 2.4000000000e-01 
1.2274638615e-08 1.9478177719e+04 1.5665470291e-01 2.4000000000e-01 
1.0226958864e-10 1.1859133381e+04 8.3298730124e-01 2.4000000000e-01 
2.2528722550e-11 2.4069526994e+04 9.9068589369e-01 2.4000000000e-01 
1.3866488918e-11 1.4977175985e+04 1.0168976491e+00 2.4000000000e-01 
3.2521158215e-11 1.7161803517e+04 7.4187819125e-01 2.4000000000e-01 
8.8271966723e-06 1.1447875243e+04 7.1452503924e-01 2.4000000000e-01 
3.7806091469e-08 1.6997746484e+04 9.4678210982e-01 2.4000000000e-01 
2.0642320530e-09 1.2167531531e+04 1.1756760388e+00 2.4000000000e-01 
3.7547525211e-10 1.5263027239e+04 8.4459081810e-01 2.4000000000e-01 
7.2373221174e-11 1.2372937691e+04 7.9543326867e-01 2.4000000000e-01 
8.7670161121e-07 1.1710631790e+04 6.5146925521e-01 2.4000000000e-01 
5.2123753346e-07 1.3439299339e+04 6.8988052195e-01 2.4000000000e-01 
6.3197652308e-10 1.3068416735e+04 6.9027213830e-01 2.4000000000e-01 
5.5598594110e-09 1.1324712713e+04 2.7908054264e-01 2.4000000000e-01 
1.0584463888e-07 1.2588615554e+04 8.4068187058e-01 2.4000000000e-01 
1.4534895490e-07 2.0924400911e+04 5.5021969183e-01 2.4000000000e-01 
5.8269576034e-07 1.2403130319e+04 4.5474721251e-01 2.4000000000e-01 
9.7726684421e-10 1.3948502167e+04 4.5347699346e-01 2.4000000000e-01 
5.0877429278e-09 1.1495994265e+04 1.0430235711e+00 2.4000000000e-01 
2.2600397813e-10 1.2636181864e+04 5.8135271448e-01 2.4000000000e-01 
1.5720811356e-08 1.4781169804e+04 8.2212079265e-01 2.4000000000e-01 
6.5016627787e-09 1.1644850267e+04 1.1713979748e+00 2.4000000000e-01 
1.1055505128e-08 1.1856464507e+04 1.1130318299e+00 2.4000000000e-01 
1.6714521898e-05 1.6162677160e+04 7.9570552188e-01 2.4000000000e-01 
2.5778766007e-07 1.7281165125e+04 5.9960370657e-01 2.4000000000e-01 
1.7658080104e-09 1.4270962029e+04 6.9574798286e-01 2.4000000000e-01 
1.0121937043e-08 2.1650310909e+04 4.7516780001e-01 2.4000000000e-01 
1.5394560152e-07 1.2247921468e+04 1.0402601048e+00 2.4000000000e-01 
4.1450526080e-12 1.1709327929e+04 5.1107869275e-01 2.4000000000e-01 
6.0460737591e-07 1.2457033976e+04 7.0025657067e-01 2.4000000000e-01 
6.7641115501e-06 1.5998268710e+04 4.4644599029e-01 2.4000000000e-01 
8.8568227862e-11 1.9366057626e+04 1.1305066695e+00 2.4000000000e-01 
1.6674662294e-09 1.1519452856e+04 9.9294619305e-01 2.4000000000e-01 
4.6802130017e-09 2.0257145582e+04 9.3707066619e-01 2.4000000000e-01 
3.5853234527e-09 1.4014705620e+04 1.1628939018e+00 2.4000000000e-01 
2.3641754603e-08 2.5000000000e+04 3.5058910710e-01 2.4000000000e-01 
3.7969363678e-09 1.1352841305e+04 1.4391549321e+00 2.4000000000e-01 
4.0091921107e-11 1.2313656503e+04 9.6191847638e-01 2.4000000000e-01 
6.4088735286e-09 1.3818661609e+04 1.1125883961e+00 2.4000000000e-01 
3.3158983237e-06 1.2371760423e+04 1.2550765273e-01 2.4000000000e-01 
5.9852177754e-10 1.3699510279e+04 1.0767007086e+00 2.4000000000e-01 
3.1624233980e-10 1.3195690842e+04 2.5644278577e-01 2.4000000000e-01 
1.1059950148e-06 1.2356530863e+04 6.3433199535e-01 2.4000000000e-01 
1.4037697687e-10 1.1870403420e+04 9.9928280204e-01 2.4000000000e-01 
2.1028778741e-10 2.2705187559e+04 1.1878942236e+00 2.4000000000e-01 
1.3573169924e-09 1.4046647234e+04 4.4878791628e-01 2.4000000000e-01 
1.4088643903e-08 1.1589771647e+04 4.6398560893e-01 2.4000000000e-01 
1.3712530345e-08 1.2640590908e+04 7.3750966194e-01 2.4000000000e-01 
4.7521238303e-07 1.3362017549e+04 3.6774331807e-01 2.4000000000e-01 
4.1007745937e-10 1.1819071134e+04 5.2110606582e-01 2.4000000000e-01 
6.2989370916e-10 1.5904963772e+04 1.2448750966e+00 2.4000000000e-01 
1.4952856090e-09 1.5032206967e+04 8.0248088324e-01 2.4000000000e-01 
3.3797615528e-09 1.1236233571e+04 4.3193481562e-01 2.4000000000e-01 
3.8213559631e-09 1.3424044001e+04 1.0717775299e+00 2.4000000000e-01 
2.3594162071e-09 1.4712983252e+04 6.7662568784e-01 2.4000000000e-01 
5.1485411753e-09 1.2011435980e+04 5.6358480834e-01 2.4000000000e-01 
7.7389217667e-08 1.1779225762e+04 1.1081596534e+00 2.4000000000e-01 
1.3669860546e-08 1.1657977203e+04 1.4475278294e+00 2.4000000000e-01 
8.7990545889e-08 1.4913004836e+04 1.2413671595e+00 2.4000000000e-01 
1.1061615223e-09 1.3690286400e+04 3.8165616718e-01 2.4000000000e-01 
8.9190555940e-09 1.1601178014e+04 8.3917837507e-01 2.4000000000e-01 
1.4764425571e-10 1.2164442811e+04 1.1338146108e+00 2.4000000000e-01 
1.8168600237e-07 1.1420552579e+04 3.5974653934e-01 2.4000000000e-01 
3.6204580610e-08 1.1258083028e+04 9.9036791570e-01 2.4000000000e-01 
1.9042079357e-06 1.8863775482e+04 2.6189795735e-01 2.4000000000e-01 
8.8932187339e-10 1.1391015825e+04 5.7861673526e-01 2.4000000000e-01 
1.2533070074e-10 1.1977616138e+04 9.1722518151e-01 2.4000000000e-01 
2.5338608632e-07 1.2130904364e+04 9.1138286586e-01 2.4000000000e-01 
3.6149525779e-08 1.3427907689e+04 7.5515012938e-01 2.4000000000e-01 
6.7348319855e-09 1.2145775015e+04 9.0460933162e-01 2.4000000000e-01 
1.1847199854e-09 1.1737163018e+04 8.7595398121e-02 2.4000000000e-01 
2.4284715572e-08 1.1987197702e+04 1.3627644921e+00 2.4000000000e-01 
2.9619695949e-11 1.3626104906e+04 7.4624827649e-01 2.4000000000e-01 
3.1681123857e-11 1.3098438547e+04 6.8873464945e-01 2.4000000000e-01 
4.9934268274e-09 1.6618229499e+04 1.2098090560e+00 2.4000000000e-01 
2.4995881518e-08 1.3693160305e+04 1.6717326140e-01 2.4000000000e-01 
8.3856324187e-08 1.2656327403e+04 1.3879194741e+00 2.4000000000e-01 
9.9927767683e-07 1.7611471335e+04 1.3117151719e+00 2.4000000000e-01 
4.7390239518e-07 1.4234360500e+04 4.9297499253e-01 2.4000000000e-01 
3.3812621334e-10 1.5060034513e+04 9.8370267509e-01 2.4000000000e-01 
5.8341078109e-07 1.4126412253e+04 1.1701657491e+00 2.4000000000e-01 
5.3853977688e-11 2.2893564748e+04 1.4193813422e-01 2.4000000000e-01 
6.8844242673e-08 1.5105813222e+04 5.5826935163e-01 2.4000000000e-01 
5.2853778801e-10 1.1569824418e+04 8.3978510901e-01 2.4000000000e-01 
4.9044609942e-10 1.2150285785e+04 1.0214795492e+00 2.4000000000e-01 
7.6638107267e-10 1.1269556102e+04 1.2321772241e+00 2.4000000000e-01 
4.6077368301e-08 1.1201192042e+04 7.5875315632e-01 2.4000000000e-01 
3.5761476435e-11 1.2805899877e+04 1.1472409426e+00 2.4000000000e-01 
2.2049474512e-05 1.2182279589e+04 1.1684918143e+00 2.4000000000e-01 
3.5831084939e-11 1.9208235804e+04 1.1059771199e+00 2.4000000000e-01 
2.1048742111e-05 1.2638818398e+04 7.8426560545e-01 2.4000000000e-01 
6.0422299852e-06 1.2321524029e+04 9.7238536671e-01 2.4000000000e-01 
4.5872385795e-07 1.3251530866e+04 5.2595508212e-01 2.4000000000e-01 
5.2802769898e-10 1.5574002281e+04 8.5340587181e-02 2.4000000000e-01 
2.9219840664e-10 1.2231935963e+04 1.0194822944e+00 2.4000000000e-01 
9.2151325946e-12 1.3384685089e+04 7.1061701932e-01 2.4000000000e-01 
5.7631378326e-07 1.1822568288e+04 4.4722620463e-01 2.4000000000e-01 
1.6453420610e-09 1.1719457865e+04 9.7422444030e-01 2.4000000000e-01 
2.1603617647e-07 1.3688925197e+04 4.4985709360e-01 2.4000000000e-01 
2.1632245207e-06 1.1273765505e+04 1.1730520461e+00 2.4000000000e-01 
1.8911833844e-07 1.2850605295e+04 1.1598388617e+00 2.4000000000e-01 
1.1287447965e-08 1.4124326011e+04 6.7459385404e-01 2.4000000000e-01 
6.4190288234e-08 1.1763261693e+04 1.1229328488e+00 2.4000000000e-01 
1.2005441876e-10 2.5000000000e+04 3.0464476237e-01 2.4000000000e-01 
1.6607102304e-07 1.7391004045e+04 9.9072654023e-01 2.4000000000e-01 
9.4095400475e-09 1.5343540107e+04 4.4278046434e-01 2.4000000000e-01 
1.1215933023e-10 1.2756759863e+04 3.0479505379e-01 2.4000000000e-01 
4.7861531616e-09 1.7708226329e+04 1.0950117259e+00 2.4000000000e-01 
3.0534108276e-11 2.5000000000e+04 1.2376047444e+00 2.4000000000e-01 
7.1960568327e-09 1.1418087789e+04 8.1232843918e-01 2.4000000000e-01 
6.8448156575e-08 1.2071924357e+04 1.0217624270e+00 2.4000000000e-01 
2.5789697676e-07 1.1712467196e+04 4.3223975866e-01 2.4000000000e-01 
2.0714532822e-09 1.2938861208e+04 3.3520396846e-01 2.4000000000e-01 
6.8905589729e-10 1.1918867402e+04 1.3801247034e+00 2.4000000000e-01 
3.1093311161e-09 1.1622591288e+04 3.1613080844e-01 2.4000000000e-01 
4.7656277907e-08 2.0955057742e+04 6.4503869020e-01 2.4000000000e-01 
5.9328043412e-09 1.3130213701e+04 1.1816566296e+00 2.4000000000e-01 
1.6809218561e-10 1.2463481032e+04 6.4547435017e-01 2.4000000000e-01 
2.4026906474e-09 1.2239297409e+04 1.0818558732e+00 2.4000000000e-01 
4.5631480711e-11 1.1437391697e+04 1.0227238729e+00 2.4000000000e-01 
7.6663040109e-09 1.1618831582e+04 1.1519476235e-01 2.4000000000e-01 
7.3793158537e-09 1.2998562009e+04 6.7378547601e-01 2.4000000000e-01 
6.3074711335e-08 1.2624430801e+04 6.1169482852e-01 2.4000000000e-01 
3.5200527320e-09 1.5532854972e+04 1.5578804241e-01 2.4000000000e-01 
2.5705610181e-11 1.8165922757e+04 3.9717137456e-01 2.4000000000e-01 
5.7960865195e-10 2.2667426202e+04 5.2652815960e-01 2.4000000000e-01 
1.8786633037e-08 1.1476764602e+04 9.5366063513e-01 2.4000000000e-01 
1.2470422404e-08 1.2778839665e+04 1.3925949971e+00 2.4000000000e-01 
1.3016526093e-07 1.1242703103e+04 3.7410040448e-01 2.4000000000e-01 
2.4344028954e-09 1.4454449117e+04 8.9468796532e-01 2.4000000000e-01 
4.3373848118e-09 1.2826724295e+04 7.1729814265e-01 2.4000000000e-01 
1.8450260028e-06 1.1361865548e+04 6.4275203474e-01 2.4000000000e-01 
1.6184418448e-08 1.1703847463e+04 6.5298267090e-01 2.4000000000e-01 
1.9031152890e-09 1.5243736604e+04 6.6448238933e-01 2.4000000000e-01 
7.7030680034e-09 2.0578934466e+04 1.1648537098e+00 2.4000000000e-01 
1.2595872782e-10 1.1281978932e+04 7.3165671818e-01 2.4000000000e-01 
8.4782290881e-08 1.5064278099e+04 9.4779471803e-01 2.4000000000e-01 
1.2589564188e-08 1.3530817637e+04 2.5896915787e-01 2.4000000000e-01 
3.1648173275e-07 1.3970079331e+04 9.8098330739e-01 2.4000000000e-01 
3.4917941548e-11 1.2791791759e+04 6.4722303752e-01 2.4000000000e-01 
1.9463281953e-10 1.3532828183e+04 1.4005618675e+00 2.4000000000e-01 
8.7994049102e-10 1.5116996431e+04 1.1237143884e+00 2.4000000000e-01 
1.9263599329e-07 1.1386775678e+04 7.1255760201e-01 2.4000000000e-01 
5.9713359902e-07 1.6729475103e+04 9.0219668731e-01 2.4000000000e-01 
1.1919106560e-09 1.4243616733e+04 4.0765435282e-01 2.4000000000e-01 
5.5538281067e-07 1.1628001730e+04 8.0325404530e-01 2.4000000000e-01 
3.3022482886e-08 1.2041388615e+04 2.9444150348e-01 2.4000000000e-01 
6.3006524565e-11 1.6198507079e+04 1.3295410213e+00 2.4000000000e-01 
1.4195316473e-07 1.4600446500e+04 6.4351708054e-01 2.4000000000e-01 
1.3295142281e-09 1.1253247460e+04 1.0175700478e+00 2.4000000000e-01 
3.3411678275e-11 2.1647400677e+04 5.5907807319e-01 2.4000000000e-01 
2.0993282693e-10 1.2792885162e+04 1.0483199051e+00 2.4000000000e-01 
1.0975246623e-09 1.1302487699e+04 7.2124608191e-01 2.4000000000e-01 
1.7735564303e-06 1.1740298699e+04 8.1433582620e-01 2.4000000000e-01 
9.2990075061e-07 1.2488816876e+04 7.2105335831e-01 2.4000000000e-01 
1.8364814946e-07 1.4915579216e+04 1.2452017929e+00 2.4000000000e-01 
1.6543333118e-09 1.3350968915e+04 4.4043922626e-01 2.4000000000e-01 
3.4992997793e-09 1.5972841142e+04 5.5698954130e-01 2.4000000000e-01 
8.3819197707e-07 2.1568883223e+04 5.9423568798e-01 2.4000000000e-01 
2.3694149788e-07 1.1885632475e+04 1.1204208094e-01 2.4000000000e-01 
3.6615229298e-08 1.2554477144e+04 6.2373634992e-01 2.4000000000e-01 
2.3571757158e-08 1.6210024140e+04 7.6185620876e-01 2.4000000000e-01 
1.4871385251e-09 1.1827838434e+04 6.7928278674e-01 2.4000000000e-01 
1.3198139997e-06 1.3901727935e+04 3.8599187506e-01 2.4000000000e-01 
9.5687663635e-08 1.2349298640e+04 1.0478893498e+00 2.4000000000e-01 
4.5292453410e-09 1.1478639911e+04 6.6815473965e-01 2.4000000000e-01 
1.3330379099e-06 1.9403993071e+04 7.5317008055e-01 2.4000000000e-01 
1.2224291975e-07 1.1533352134e+04 3.6136754293e-01 2.4000000000e-01 
2.7079154836e-10 1.6973434734e+04 1.0441441756e+00 2.4000000000e-01 
1.2630914886e-09 1.5392638838e+04 2.6606914750e-01 2.4000000000e-01 
5.8666391230e-09 1.4586087005e+04 1.1776663043e+00 2.4000000000e-01 
1.8384185424e-09 2.2857719380e+04 1.1208029252e+00 2.4000000000e-01 
1.2047730243e-08 1.8160705981e+04 7.0115008566e-01 2.4000000000e-01 
1.2020432365e-05 1.1516511580e+04 9.0296563781e-01 2.4000000000e-01 
7.7283453964e-08 1.1543615378e+04 1.0507007725e+00 2.4000000000e-01 
2.4585723578e-10 1.3148304845e+04 4.2529191630e-01 2.4000000000e-01 
7.9738858186e-10 1.2741082891e+04 3.0646325926e-01 2.4000000000e-01 
1.0743301534e-08 1.1967893410e+04 3.5934619113e-01 2.4000000000e-01 
8.7843411849e-07 1.5315973617e+04 9.4464640738e-01 2.4000000000e-01 
2.6054925741e-07 1.6267872828e+04 1.2907302376e+00 2.4000000000e-01 
9.5402180141e-11 1.2494127617e+04 7.6618472695e-01 2.4000000000e-01 
1.1219838629e-10 1.2788836568e+04 1.2755775436e+00 2.4000000000e-01 
7.1235628388e-08 1.1955572158e+04 3.8931722816e-01 2.4000000000e-01 
5.8560141089e-10 1.1829350367e+04 7.3571181253e-01 2.4000000000e-01 
1.8554700810e-08 1.1413346174e+04 6.7855840123e-01 2.4000000000e-01 
1.8229503522e-10 1.4260216714e+04 9.2753786825e-01 2.4000000000e-01 
4.4538353422e-08 2.5000000000e+04 8.3789502379e-01 2.4000000000e-01 
6.8416868608e-08 1.2234107872e+04 8.1667622460e-01 2.4000000000e-01 
8.4425871629e-09 1.2342332344e+04 8.2022114716e-01 2.4000000000e-01 
3.5306977025e-08 1.3014092138e+04 1.3819454160e+00 2.4000000000e-01 
2.5561200465e-09 1.2313266030e+04 5.7498410722e-01 2.4000000000e-01 
8.6048991825e-09 1.3102315287e+04 1.0774806706e+00 2.4000000000e-01 
8.5652385278e-08 1.2177559773e+04 8.1466772937e-01 2.4000000000e-01 
1.1344075307e-09 1.7797321447e+04 4.5630591519e-01 2.4000000000e-01 
5.2525122290e-12 1.1246361895e+04 6.9500722848e-01 2.4000000000e-01 
2.0051550061e-08 1.1847922179e+04 5.6898159456e-01 2.4000000000e-01 
5.0580607387e-10 1.2171168015e+04 6.7410341316e-01 2.4000000000e-01 
5.6139923883e-09 1.6227198821e+04 9.4454842481e-01 2.4000000000e-01 
1.8640006019e-08 1.5014892242e+04 6.0669946833e-01 2.4000000000e-01 
3.6666041051e-08 1.1329143649e+04 4.6114699401e-01 2.4000000000e-01 
8.1727377665e-06 1.3705017547e+04 2.8705190347e-01 2.4000000000e-01 
8.4644188509e-08 1.1510371393e+04 7.6824595401e-01 2.4000000000e-01 
3.4144086327e-10 1.1619512368e+04 6.1714516995e-01 2.4000000000e-01 
5.1941168057e-09 2.0693546006e+04 4.2600609190e-01 2.4000000000e-01 
2.6408145324e-10 1.2557570386e+04 1.5152107019e+00 2.4000000000e-01 
2.5416328321e-10 1.3909411903e+04 2.2576783891e-01 2.4000000000e-01 
4.2419873689e-08 1.7064314784e+04 5.2547167857e-01 2.4000000000e-01 
7.0629871915e-09 1.2310573916e+04 1.2072515119e+00 2.4000000000e-01 
2.6034501112e-10 1.2032132053e+04 5.6293165315e-01 2.4000000000e-01 
8.3535469412e-08 1.1452128306e+04 7.2644107147e-01 2.4000000000e-01 
7.1395573662e-08 1.1677638521e+04 6.8485874283e-01 2.4000000000e-01 
3.3352711331e-11 1.1381054458e+04 7.2198003083e-01 2.4000000000e-01 
4.9829105204e-09 1.3341389473e+04 2.9807580629e-01 2.4000000000e-01 
1.0277205432e-08 1.1406623558e+04 7.5522048587e-01 2.4000000000e-01 
1.2318541362e-10 1.2447277572e+04 3.3910379009e-02 2.4000000000e-01 
4.1778003436e-06 1.3782275909e+04 8.4866903442e-01 2.4000000000e-01 
5.2363372238e-07 1.2836729406e+04 3.1203829231e-01 2.4000000000e-01 
3.5431629638e-09 1.4174607531e+04 4.4353161880e-01 2.4000000000e-01 
2.3119532727e-09 1.6241361487e+04 7.1210275403e-01 2.4000000000e-01 
2.7933571610e-06 1.4718014207e+04 4.4300056972e-01 2.4000000000e-01 
7.4752597927e-07 1.5706525381e+04 6.9296982128e-01 2.4000000000e-01 
6.6163306593e-09 1.5948081460e+04 7.7789541503e-01 2.4000000000e-01 
6.5512154593e-09 1.2767295428e+04 1.8190486131e-01 2.4000000000e-01 
1.6320538400e-08 1.1962857917e+04 7.6836747723e-01 2.4000000000e-01 
8.8565022036e-08 1.2863898182e+04 9.3587531922e-01 2.4000000000e-01 
1.7115497786e-05 1.8468974307e+04 6.4588778610e-01 2.4000000000e-01 
2.2105696890e-09 1.7758734518e+04 7.0017606883e-01 2.4000000000e-01 
1.4393206507e-11 1.1561080354e+04 8.6637658025e-01 2.4000000000e-01 
4.6278702511e-09 1.6744693463e+04 5.5260578287e-01 2.4000000000e-01 
8.1127961058e-11 1.4111399992e+04 1.0419448276e+00 2.4000000000e-01 
5.2311569911e-09 1.2448708907e+04 1.0418609681e+00 2.4000000000e-01 
1.0446440793e-08 1.1792093359e+04 3.9183200840e-01 2.4000000000e-01 
3.7257325310e-08 1.2554312743e+04 9.9856632615e-01 2.4000000000e-01 
1.3244023678e-05 1.2295063226e+04 8.1094189748e-01 2.4000000000e-01 
7.2753220428e-10 1.1785581094e+04 1.4637548818e-01 2.4000000000e-01 
1.2434303790e-08 1.2882071210e+04 3.2020923717e-01 2.4000000000e-01 
4.0727378720e-08 1.2647479176e+04 9.6862273790e-01 2.4000000000e-01 
7.3220390666e-10 1.3783346668e+04 3.9737867357e-01 2.4000000000e-01 
1.4018517494e-06 1.3131749315e+04 6.6058140959e-01 2.4000000000e-01 
1.1269516933e-10 2.5000000000e+04 8.4318071212e-01 2.4000000000e-01 
1.8142467483e-11 1.4820692886e+04 8.2251163135e-01 2.4000000000e-01 
4.8300678130e-09 1.1531032957e+04 5.3300696787e-01 2.4000000000e-01 
3.9429366094e-08 1.4475931614e+04 1.3610970843e+00 2.4000000000e-01 
2.3274920412e-08 1.9651868127e+04 1.4780697417e+00 2.4000000000e-01 
1.6450218228e-08 1.2061573099e+04 1.3304933721e+00 2.4000000000e-01 
9.8780276259e-09 1.8758237156e+04 1.0466364545e+00 2.4000000000e-01 
5.8207842410e-11 1.1981117154e+04 9.3758495099e-01 2.4000000000e-01 
5.5349969062e-08 2.3934795130e+04 1.9531053015e-01 2.4000000000e-01 
3.0514723524e-10 1.2503684522e+04 9.9870782306e-01 2.4000000000e-01 
1.4117661127e-11 1.1765293938e+04 1.0233506695e+00 2.4000000000e-01 
6.8653995609e-09 2.3734878886e+04 1.3578554067e+00 2.4000000000e-01 
1.0455952253e-10 1.2061626584e+04 9.7258874017e-01 2.4000000000e-01 
1.7185390416e-06 1.3448289033e+04 1.7920848219e-01 2.4000000000e-01 
1.1490820328e-08 2.0964119773e+04 1.1090370992e+00 2.4000000000e-01 
1.5484715541e-09 1.3836676381e+04 4.6668337887e-01 2.4000000000e-01 
7.5668717602e-06 1.6129808877e+04 7.6921750147e-01 2.4000000000e-01 
7.8809923818e-06 1.4705503173e+04 7.4907334503e-01 2.4000000000e-01 
4.2477578846e-06 1.4918776811e+04 7.8429046645e-01 2.4000000000e-01 
3.9704233823e-08 1.6790189017e+04 1.2626517525e+00 2.4000000000e-01 
1.7866102924e-10 1.2374697010e+04 8.7792042088e-01 2.4000000000e-01 
1.9021790435e-09 1.1681930658e+04 7.0822611955e-01 2.4000000000e-01 
9.3583768750e-11 1.4005278019e+04 5.4007026430e-01 2.4000000000e-01 
1.6249990416e-08 1.3958686642e+04 6.0696276631e-01 2.4000000000e-01 
6.1217229786e-09 1.4875454030e+04 6.5074253158e-01 2.4000000000e-01 
4.0397807014e-06 1.3539282847e+04 6.6006650090e-01 2.4000000000e-01 
