1.1748870860e-09 1.7202758457e+04 5.1023526709e-01 3.0000000000e-01 
2.4117495180e-08 1.3654247102e+04 3.8723553491e-01 3.0000000000e-01 
4.8059409733e-09 1.1600467620e+04 1.2026522700e+00 3.0000000000e-01 
1.5406408257e-07 1.4241362873e+04 2.8098393851e-01 3.0000000000e-01 
7.0429126032e-10 1.2204997029e+04 1.1692435897e+00 3.0000000000e-01 
1.2709702656e-10 1.1818589137e+04 2.6475311322e-01 3.0000000000e-01 
2.3266211929e-10 1.2346696449e+04 8.7279514697e-01 3.0000000000e-01 
6.6778521841e-08 1.2355508839e+04 6.8652811322e-01 3.0000000000e-01 
7.4266164051e-11 1.7036081726e+04 5.6440992632e-01 3.0000000000e-01 
2.1989633802e-09 1.2294047871e+04 9.8961123988e-01 3.0000000000e-01 
8.7217995370e-09 1.4479758937e+04 4.2523812759e-01 3.0000000000e-01 
1.9443160680e-10 1.5832642893e+04 9.3691895006e-01 3.0000000000e-01 
2.2365988105e-09 1.2703912185e+04 1.1078448140e+00 3.0000000000e-01 
2.0707242199e-08 2.5000000000e+04 2.5580513518e-01 3.0000000000e-01 
4.1966592013e-11 1.2653846074e+04 1.4436142040e+00 3.0000000000e-01 
1.5514254124e-09 1.1853569250e+04 9.0186581192e-01 3.0000000000e-01 
9.8207642842e-09 1.9077358970e+04 9.9701353284e-01 3.0000000000e-01 
1.9382621940e-07 1.2683493248e+04 1.5830588209e-01 3.0000000000e-01 
2.7312327865e-08 1.4033886424e+04 9.6848105563e-01 3.0000000000e-01 
1.0765658485e-07 1.6434446068e+04 7.3585761573e-01 3.0000000000e-01 
7.1980847619e-09 1.4377762304e+04 7.0740326143e-01 3.0000000000e-01 
5.0059742301e-07 1.1897028016e+04 3.2039363799e-01 3.0000000000e-01 
3.0899614794e-10 1.2128888112e+04 6.1946946389e-01 3.0000000000e-01 
1.0425515304e-09 1.2856454856e+04 4.6701646288e-01 3.0000000000e-01 
3.6857781696e-06 1.2141756760e+04 9.7487736527e-01 3.0000000000e-01 
1.3885395621e-07 1.1664650246e+04 9.6400471536e-01 3.0000000000e-01 
2.0440737248e-09 1.5337155541e+04 7.9466735417e-01 3.0000000000e-01 
8.1684686352e-08 1.1958218067e+04 9.6233983837e-01 3.0000000000e-01 
7.6019099900e-08 1.5043601139e+04 7.3880852027e-01 3.0000000000e-01 
2.0336074668e-10 1.1766164793e+04 7.3815120014e-01 3.0000000000e-01 
8.0277201358e-10 1.4276726369e+04 8.7434933291e-01 3.0000000000e-01 
2.6488473758e-10 1.1457850214e+04 2.2202393534e-01 3.0000000000e-01 
6.9144116019e-06 1.3039948324e+04 6.5895799294e-01 3.0000000000e-01 
4.0096192638e-12 1.1902978102e+04 4.2692780057e-01 3.0000000000e-01 
3.6083537901e-09 1.3519325201e+04 7.8253732707e-01 3.0000000000e-01 
2.8888348450e-10 1.2368476854e+04 6.3794526855e-01 3.0000000000e-01 
1.6222809349e-05 1.1743327251e+04 4.7598681079e-01 3.0000000000e-01 
1.8801468121e-09 1.5254479023e+04 7.6174452036e-01 3.0000000000e-01 
2.7369723408e-09 1.2828959660e+04 3.4755299020e-01 3.0000000000e-01 
4.1623330311e-09 1.3271524861e+04 1.5201632133e+00 3.0000000000e-01 
6.5034004988e-06 1.1404988858e+04 8.6083556194e-01 3.0000000000e-01 
8.8381837102e-12 1.7018564374e+04 7.2165877626e-01 3.0000000000e-01 
1.2633937758e-08 1.5985180514e+04 7.5246258994e-01 3.0000000000e-01 
8.3998872242e-10 1.2117929530e+04 5.0168973946e-01 3.0000000000e-01 
4.1661226112e-10 1.2563008514e+04 4.4041831187e-01 3.0000000000e-01 
2.3305383190e-10 1.1220182555e+04 1.0497420949e+00 3.0000000000e-01 
3.2148580231e-06 1.4889988275e+04 9.9262408534e-01 3.0000000000e-01 
6.8409118934e-08 1.1328366493e+04 1.3211188671e+00 3.0000000000e-01 
1.1286814841e-10 1.6682797525e+04 7.1369975818e-01 3.0000000000e-01 
6.1718675372e-10 1.9961693447e+04 8.7511989273e-01 3.0000000000e-01 
2.6476559995e-09 1.3457382787e+04 1.4447504565e+00 3.0000000000e-01 
1.3498706774e-07 1.6451084026e+04 9.4176132037e-01 3.0000000000e-01 
5.3734999317e-09 1.2907162815e+04 9.5042027194e-01 3.0000000000e-01 
1.1906414572e-09 1.4902306021e+04 5.4892557660e-01 3.0000000000e-01 
2.5183295621e-08 1.3176313780e+04 4.2434172684e-01 3.0000000000e-01 
3.3306149664e-10 1.3294508637e+04 7.1835949365e-01 3.0000000000e-01 
1.1313462060e-09 1.1364891268e+04 1.4586725635e+00 3.0000000000e-01 
3.6037470071e-08 1.3404469415e+04 1.2274309472e+00 3.0000000000e-01 
8.9705630086e-09 1.4882937325e+04 5.1754862609e-01 3.0000000000e-01 
3.5848834504e-11 1.3398112830e+04 6.7728067838e-01 3.0000000000e-01 
1.3656181529e-10 1.5412662415e+04 6.0038657360e-01 3.0000000000e-01 
5.3502222857e-09 1.3644635927e+04 3.5106148767e-01 3.0000000000e-01 
3.9014748920e-07 1.4107361528e+04 4.3315697572e-01 3.0000000000e-01 
1.5413578407e-09 1.8357195074e+04 7.9494739350e-01 3.0000000000e-01 
2.4171852764e-10 2.5000000000e+04 9.4559502022e-01 3.0000000000e-01 
2.4009144901e-10 1.2680467037e+04 4.1930820109e-01 3.0000000000e-01 
8.6715249950e-07 1.3664077263e+04 1.3658372539e+00 3.0000000000e-01 
1.8172240735e-08 2.0378526679e+04 6.0607401225e-01 3.0000000000e-01 
4.1442845049e-09 1.6768398074e+04 6.8724210513e-01 3.0000000000e-01 
8.2570696498e-10 1.4184532265e+04 9.3822037416e-01 3.0000000000e-01 
1.1559260702e-07 1.2084817711e+04 2.1774076452e-01 3.0000000000e-01 
3.8472290963e-08 2.5000000000e+04 5.5398282241e-01 3.0000000000e-01 
3.4670493181e-09 1.3368403119e+04 7.8754811970e-01 3.0000000000e-01 
5.0254405544e-12 1.5799924844e+04 9.0633882646e-01 3.0000000000e-01 
9.3855936098e-07 1.2515636788e+04 6.0052223576e-01 3.0000000000e-01 
4.5075471136e-06 1.3158853251e+04 1.3470697378e+00 3.0000000000e-01 
4.7183007539e-07 1.3741522172e+04 2.7051003644e-01 3.0000000000e-01 
9.7190671446e-10 1.2347395399e+04 7.0639312684e-01 3.0000000000e-01 
6.7971213784e-06 1.2492705092e+04 4.1298149508e-01 3.0000000000e-01 
4.4473641849e-11 1.2233992611e+04 8.0881166351e-01 3.0000000000e-01 
7.8742133708e-10 1.1568186960e+04 9.0877841039e-01 3.0000000000e-01 
6.1175695931e-09 1.6624201204e+04 7.4088355146e-01 3.0000000000e-01 
3.9637108647e-09 1.3255357253e+04 2.7543949145e-01 3.0000000000e-01 
7.4351838087e-07 1.1203849409e+04 3.8706550064e-01 3.0000000000e-01 
2.7001199055e-07 1.1426464736e+04 9.7761968606e-01 3.0000000000e-01 
2.7125908059e-10 1.2195920069e+04 4.2485314640e-01 3.0000000000e-01 
9.5602170116e-11 1.6178700228e+04 1.0075152198e+00 3.0000000000e-01 
3.2931468646e-09 1.9532128021e+04 6.3142532628e-01 3.0000000000e-01 
1.0261133050e-07 1.3248180340e+04 2.1754260342e-01 3.0000000000e-01 
9.4604328948e-10 2.2291092179e+04 1.1642387604e+00 3.0000000000e-01 
4.9853297252e-12 1.3561928254e+04 1.4951373984e-01 3.0000000000e-01 
9.2550163407e-10 1.2017748216e+04 3.3350089266e-01 3.0000000000e-01 
4.6709859958e-12 1.3864678602e+04 1.3521576795e+00 3.0000000000e-01 
2.8956889088e-10 1.9314556899e+04 7.1597555116e-01 3.0000000000e-01 
2.0452024336e-07 1.3932038196e+04 6.0615193404e-01 3.0000000000e-01 
2.1569381234e-09 1.2926435543e+04 9.8030134285e-01 3.0000000000e-01 
7.0383712413e-09 1.1829808224e+04 4.4439035025e-01 3.0000000000e-01 
1.0429804157e-09 1.7632468253e+04 1.3135126183e+00 3.0000000000e-01 
9.8626931044e-10 1.2029514258e+04 3.9857525146e-01 3.0000000000e-01 
2.0583716648e-10 1.4628961113e+04 5.4483536641e-01 3.0000000000e-01 
5.5217350790e-09 1.1438664004e+04 7.7482960188e-01 3.0000000000e-01 
3.7039293871e-10 1.6543051968e+04 6.2688635632e-01 3.0000000000e-01 
1.5986045054e-09 1.1673654351e+04 1.1316053359e+00 3.0000000000e-01 
9.8104754522e-11 2.3281252171e+04 6.7758625688e-01 3.0000000000e-01 
1.6422389332e-07 1.2151916670e+04 1.1780046040e+00 3.0000000000e-01 
9.8150534006e-08 1.4632596275e+04 7.4915294989e-01 3.0000000000e-01 
1.1582926175e-09 1.2481715014e+04 8.4052853356e-01 3.0000000000e-01 
2.8321931306e-08 2.3716722144e+04 1.0161616449e+00 3.0000000000e-01 
2.2085669058e-09 1.2502332561e+04 1.1117259627e+00 3.0000000000e-01 
1.8448952120e-07 1.1512450621e+04 6.1833822041e-01 3.0000000000e-01 
1.6479402335e-09 1.4061925200e+04 9.2284704866e-01 3.0000000000e-01 
1.1371164978e-10 1.2576146753e+04 1.2035391130e+00 3.0000000000e-01 
9.9402398353e-11 1.4344340946e+04 1.2172286020e+00 3.0000000000e-01 
2.0894877337e-10 1.3058851868e+04 7.4991913309e-01 3.0000000000e-01 
1.0102313269e-09 1.2533079841e+04 3.9130790603e-01 3.0000000000e-01 
9.6857808842e-12 1.7429829645e+04 6.0379901711e-01 3.0000000000e-01 
4.7584549911e-09 2.3427828827e+04 5.7487899979e-01 3.0000000000e-01 
7.6200607808e-12 1.2879032301e+04 9.1685520279e-01 3.0000000000e-01 
1.7318157306e-11 1.6457393833e+04 1.1518042625e+00 3.0000000000e-01 
6.9848198934e-11 1.9681869080e+04 2.4375720401e-01 3.0000000000e-01 
2.0637808005e-08 1.5997199196e+04 1.1506736619e+00 3.0000000000e-01 
2.7358268546e-07 1.2061788793e+04 9.8494631916e-01 3.0000000000e-01 
2.4099698725e-08 1.7530805716e+04 2.4518673859e-01 3.0000000000e-01 
2.4867771731e-09 1.5708465172e+04 8.1986201560e-01 3.0000000000e-01 
2.5562335152e-08 1.3028802764e+04 4.8362287030e-01 3.0000000000e-01 
1.5517228070e-06 1.8871890373e+04 3.9287307269e-01 3.0000000000e-01 
7.4260826339e-07 1.1322735678e+04 1.1628511824e+00 3.0000000000e-01 
2.0901908614e-06 1.8896284063e+04 9.2530859313e-01 3.0000000000e-01 
2.0245108918e-09 1.3447953543e+04 1.2504176113e+00 3.0000000000e-01 
3.1116694141e-09 1.2281616740e+04 9.8941310106e-01 3.0000000000e-01 
5.4758587358e-08 1.2635735618e+04 9.3185841909e-01 3.0000000000e-01 
2.6682669055e-09 1.3083307673e+04 3.4391466349e-01 3.0000000000e-01 
3.8234375070e-10 1.8529104726e+04 2.8746493058e-01 3.0000000000e-01 
1.3262744588e-11 1.3665902707e+04 6.7463098926e-01 3.0000000000e-01 
4.1999397644e-09 1.5124669285e+04 7.9763515750e-01 3.0000000000e-01 
9.2328967600e-09 2.5000000000e+04 9.1071461608e-01 3.0000000000e-01 
3.7703965533e-09 1.3839899604e+04 3.1112009913e-01 3.0000000000e-01 
8.9339341326e-11 1.2200288795e+04 4.5874387539e-01 3.0000000000e-01 
1.5701568273e-09 2.2206623047e+04 7.8498185215e-01 3.0000000000e-01 
8.8424277666e-11 2.2068645111e+04 4.5395063691e-01 3.0000000000e-01 
6.9417718965e-09 1.5926668318e+04 1.2628538882e+00 3.0000000000e-01 
3.0064282958e-06 1.2501524859e+04 9.3516784310e-01 3.0000000000e-01 
6.9022770659e-09 1.2952987922e+04 1.0230979984e+00 3.0000000000e-01 
5.0896691454e-09 1.3938031984e+04 1.1540588830e+00 3.0000000000e-01 
2.9390707848e-09 1.8442271737e+04 1.0142120525e+00 3.0000000000e-01 
3.6795547201e-07 1.2952470966e+04 4.3765302273e-01 3.0000000000e-01 
1.9801769218e-09 1.5379775188e+04 7.1883816346e-01 3.0000000000e-01 
2.7228775712e-07 1.2735873053e+04 3.3854163136e-02 3.0000000000e-01 
5.0698338330e-10 1.1762280348e+04 1.3020605174e+00 3.0000000000e-01 
2.0652345835e-10 1.1236757592e+04 9.5719187485e-01 3.0000000000e-01 
5.2998382725e-09 1.2450135520e+04 3.6891659702e-01 3.0000000000e-01 
4.2686712998e-09 2.3122328651e+04 5.3146327723e-01 3.0000000000e-01 
1.0610377165e-08 1.1976872791e+04 9.8711546736e-01 3.0000000000e-01 
9.2863582217e-11 2.0207569035e+04 7.8206810420e-01 3.0000000000e-01 
6.7440600626e-09 1.1524752175e+04 1.0584464260e+00 3.0000000000e-01 
3.7407193527e-06 1.3372182042e+04 1.3237401667e+00 3.0000000000e-01 
3.4216654501e-09 2.0179827789e+04 7.7001916648e-01 3.0000000000e-01 
1.5786505357e-08 1.3574589857e+04 3.2406122716e-01 3.0000000000e-01 
5.3554849337e-08 1.2445678407e+04 8.7005751637e-01 3.0000000000e-01 
8.2369312689e-07 1.2033045628e+04 1.2807730147e+00 3.0000000000e-01 
5.2691288142e-10 1.6514938697e+04 7.4448001835e-01 3.0000000000e-01 
9.1744622271e-10 1.9254063285e+04 5.8358717512e-01 3.0000000000e-01 
4.6017119327e-09 1.1226728347e+04 7.2713747846e-01 3.0000000000e-01 
9.5729312075e-11 1.4706241947e+04 8.3356242553e-01 3.0000000000e-01 
1.4550888339e-09 1.2470775845e+04 3.5593789713e-01 3.0000000000e-01 
4.8998030958e-07 1.2103533997e+04 8.1275376149e-01 3.0000000000e-01 
3.3737825461e-09 1.1321401215e+04 6.3014148945e-01 3.0000000000e-01 
4.0489241739e-07 1.2818784822e+04 1.3559251596e+00 3.0000000000e-01 
2.5483038259e-08 1.6495235228e+04 8.5079146672e-01 3.0000000000e-01 
7.5434025156e-08 1.4467135251e+04 1.1212525304e+00 3.0000000000e-01 
1.1139135723e-10 1.3152509816e+04 7.0320352848e-01 3.0000000000e-01 
6.2308729635e-08 1.2707844463e+04 9.9810092676e-01 3.0000000000e-01 
1.4399394456e-07 1.3317549714e+04 8.2394984999e-01 3.0000000000e-01 
4.9301052116e-11 1.7693909449e+04 5.8973970832e-01 3.0000000000e-01 
1.1656715273e-09 1.1559529169e+04 5.9523714749e-01 3.0000000000e-01 
1.5845388994e-07 1.2217842989e+04 6.9732379261e-01 3.0000000000e-01 
1.6276731008e-10 1.2449035667e+04 1.1945963717e+00 3.0000000000e-01 
1.4293109020e-05 1.4609677199e+04 6.0028665908e-01 3.0000000000e-01 
1.6891443685e-08 1.1680226901e+04 1.1946993153e+00 3.0000000000e-01 
2.4750374642e-10 1.8648887819e+04 1.1111438966e+00 3.0000000000e-01 
5.7968407738e-09 1.1359249781e+04 9.9959329562e-01 3.0000000000e-01 
5.2228664535e-09 1.1940428293e+04 2.6894767979e-01 3.0000000000e-01 
3.3161921092e-10 1.8847119452e+04 1.3493783247e+00 3.0000000000e-01 
3.3224986524e-09 1.3091158854e+04 4.9835524943e-01 3.0000000000e-01 
6.4489123174e-08 1.2783658844e+04 4.6278739388e-01 3.0000000000e-01 
2.4575224088e-08 1.1290899795e+04 6.5973497012e-01 3.0000000000e-01 
2.2160127221e-06 2.3180182058e+04 9.4828035945e-01 3.0000000000e-01 
2.0024699954e-09 1.1977358610e+04 4.3961311963e-01 3.0000000000e-01 
8.5572259625e-08 1.4030260567e+04 5.1939859222e-01 3.0000000000e-01 
1.2953762094e-10 1.2030842762e+04 3.1737178845e-01 3.0000000000e-01 
1.5040388738e-09 2.1519748147e+04 9.4540718027e-01 3.0000000000e-01 
1.8352840386e-10 1.5796619681e+04 5.3990534424e-01 3.0000000000e-01 
1.6864269910e-08 1.3772284893e+04 9.3658424873e-01 3.0000000000e-01 
2.5382727700e-08 1.4363645112e+04 6.2147545855e-01 3.0000000000e-01 
2.5249354240e-10 1.7172483064e+04 8.0566774320e-01 3.0000000000e-01 
1.7089635210e-09 1.1534681094e+04 4.9797473195e-01 3.0000000000e-01 
7.6225077885e-09 1.1503293334e+04 8.9729023447e-01 3.0000000000e-01 
5.0438900775e-09 1.1768667983e+04 4.6213797175e-01 3.0000000000e-01 
5.0408717670e-12 1.5829702989e+04 1.0239399637e+00 3.0000000000e-01 
1.9607294205e-09 2.5000000000e+04 5.5290008476e-01 3.0000000000e-01 
