1.7956542395e-05 1.2249756687e+04 9.8369881894e-01 5.7000000000e-01 
5.8360138718e-07 1.1707862553e+04 7.5350698533e-01 5.7000000000e-01 
8.7414032360e-08 1.7323210426e+04 8.5377148123e-01 5.7000000000e-01 
5.5241744287e-11 1.6747173539e+04 8.5537925110e-01 5.7000000000e-01 
2.0121985183e-10 1.1630188158e+04 6.0976915128e-01 5.7000000000e-01 
6.1453987040e-10 1.4447617025e+04 1.4681616066e+00 5.7000000000e-01 
8.3671433087e-08 2.5000000000e+04 9.5519201647e-01 5.7000000000e-01 
5.2528170836e-09 1.2057986052e+04 9.5058696887e-01 5.7000000000e-01 
6.5040224886e-09 1.1473385406e+04 3.6053476523e-01 5.7000000000e-01 
9.9002133474e-09 1.2965018213e+04 6.8498953760e-01 5.7000000000e-01 
1.0170659126e-09 2.2552762569e+04 1.0475850868e+00 5.7000000000e-01 
2.0272015529e-07 1.1836879070e+04 1.9568313788e-01 5.7000000000e-01 
2.2140079659e-07 1.5085443938e+04 8.2509578140e-01 5.7000000000e-01 
6.3297482501e-08 2.2204666854e+04 1.4129799695e+00 5.7000000000e-01 
3.5461127097e-09 1.4908049225e+04 1.3773767279e+00 5.7000000000e-01 
2.6065163608e-06 1.2221437471e+04 1.0605932512e+00 5.7000000000e-01 
4.7629283995e-09 1.2138408931e+04 3.7840297451e-01 5.7000000000e-01 
1.2784122241e-09 1.4336798813e+04 8.4013289283e-01 5.7000000000e-01 
6.7446121663e-11 1.7852537443e+04 5.9734671200e-01 5.7000000000e-01 
1.5107664148e-05 1.3262332102e+04 9.5231381160e-01 5.7000000000e-01 
2.2886483348e-10 1.1311369245e+04 8.1791450265e-01 5.7000000000e-01 
4.4907945902e-07 1.8413945175e+04 1.2317600331e+00 5.7000000000e-01 
1.5860802660e-10 1.1462397162e+04 7.7878513965e-01 5.7000000000e-01 
2.4369582248e-09 1.3461216929e+04 1.4270776889e+00 5.7000000000e-01 
1.9896362170e-09 1.1645574379e+04 1.0203207846e+00 5.7000000000e-01 
8.5860793278e-08 1.2200717668e+04 1.3137220642e+00 5.7000000000e-01 
5.7390009746e-10 2.5000000000e+04 8.5002111600e-01 5.7000000000e-01 
6.3337350991e-11 2.3200915929e+04 1.4758770347e+00 5.7000000000e-01 
1.7018578508e-10 1.1238940034e+04 9.8620520153e-01 5.7000000000e-01 
2.0280203971e-08 1.1823629613e+04 9.9250821223e-01 5.7000000000e-01 
9.3688421109e-08 1.5340704379e+04 8.7026747583e-01 5.7000000000e-01 
6.9636401641e-11 1.4266249398e+04 4.4467809050e-01 5.7000000000e-01 
5.6829238692e-11 1.1581899677e+04 9.2851983326e-01 5.7000000000e-01 
3.6718555136e-09 1.3129015834e+04 4.0714138860e-01 5.7000000000e-01 
6.6360209300e-10 1.2835625440e+04 1.0127121990e+00 5.7000000000e-01 
3.0140876574e-06 1.4540247333e+04 6.9477271866e-01 5.7000000000e-01 
8.8191500077e-11 1.5620315132e+04 3.4281806198e-01 5.7000000000e-01 
3.2247631232e-09 1.7882590482e+04 7.5468393044e-01 5.7000000000e-01 
9.0834114302e-09 1.2298107518e+04 7.9111057842e-01 5.7000000000e-01 
1.4514696250e-05 1.2019603576e+04 9.8362092961e-01 5.7000000000e-01 
8.2823193147e-10 1.1223232954e+04 7.5133896927e-01 5.7000000000e-01 
2.1149627465e-07 1.1600913009e+04 1.2144875603e+00 5.7000000000e-01 
2.0353510990e-09 1.2318066909e+04 7.5717663492e-01 5.7000000000e-01 
1.0336454021e-08 1.4445331692e+04 6.4145009722e-01 5.7000000000e-01 
6.9209363583e-09 1.1283267615e+04 1.3458278782e+00 5.7000000000e-01 
1.5301722766e-10 1.2396540538e+04 2.9525825485e-01 5.7000000000e-01 
2.5438669762e-09 1.2670881658e+04 1.2418631319e+00 5.7000000000e-01 
1.5130290179e-09 1.3798075832e+04 8.6106192310e-01 5.7000000000e-01 
2.9294894288e-07 1.2484393077e+04 5.8875158024e-01 5.7000000000e-01 
1.4937357986e-06 1.9638737049e+04 7.9620803723e-01 5.7000000000e-01 
4.9384510134e-06 1.6243734718e+04 8.0822911459e-01 5.7000000000e-01 
1.0217813124e-08 1.7819585725e+04 1.1720304979e+00 5.7000000000e-01 
8.9012417477e-08 1.1670326845e+04 1.6449286565e-01 5.7000000000e-01 
6.1133583403e-11 1.4390167072e+04 3.3382223265e-01 5.7000000000e-01 
3.9915101219e-11 1.3316972657e+04 1.0243723770e+00 5.7000000000e-01 
1.0576911003e-10 1.2736213209e+04 4.2457341130e-01 5.7000000000e-01 
1.2640337575e-07 1.3428317666e+04 1.1899137521e+00 5.7000000000e-01 
3.7737746153e-09 1.2190276854e+04 1.0057630168e+00 5.7000000000e-01 
7.8471308652e-11 1.2215114589e+04 8.0631447443e-01 5.7000000000e-01 
1.9994069913e-10 1.6093483883e+04 1.3042222887e-01 5.7000000000e-01 
8.9044887179e-09 1.2681261624e+04 9.6139798491e-01 5.7000000000e-01 
3.2956347549e-08 1.5074192498e+04 9.6276984961e-01 5.7000000000e-01 
1.0734913886e-08 1.2049105059e+04 1.3885217373e+00 5.7000000000e-01 
2.0726881796e-09 1.2526885150e+04 4.7631350075e-01 5.7000000000e-01 
6.9689052637e-08 1.3035530299e+04 1.9067197775e-01 5.7000000000e-01 
1.8604284478e-10 1.2393344432e+04 1.0615623472e+00 5.7000000000e-01 
9.3462350948e-10 2.3999910158e+04 7.4508242387e-01 5.7000000000e-01 
8.5471991145e-11 1.5107076394e+04 6.7451412677e-01 5.7000000000e-01 
5.5094579470e-07 1.1653725459e+04 1.3289975940e+00 5.7000000000e-01 
1.9759364038e-08 1.3506133954e+04 5.1574539328e-01 5.7000000000e-01 
3.2057966763e-09 1.1898198596e+04 3.5997613042e-01 5.7000000000e-01 
1.1959375608e-09 1.1626540889e+04 1.0316746348e+00 5.7000000000e-01 
1.7341635066e-11 2.5000000000e+04 1.0850543855e+00 5.7000000000e-01 
2.7392259854e-07 1.2268416755e+04 1.0995784903e+00 5.7000000000e-01 
6.0287070129e-09 2.5000000000e+04 7.4936996132e-01 5.7000000000e-01 
1.9765201505e-07 1.9630588642e+04 1.0764724755e+00 5.7000000000e-01 
4.4661655088e-11 1.3515881844e+04 9.7232614243e-01 5.7000000000e-01 
9.4257793535e-10 1.3792986796e+04 1.3192678205e+00 5.7000000000e-01 
1.1100237315e-09 1.1400645014e+04 1.2708322498e+00 5.7000000000e-01 
1.8421743304e-07 1.4868317304e+04 1.3393645107e+00 5.7000000000e-01 
3.8217782985e-10 1.2796109777e+04 1.3776026258e+00 5.7000000000e-01 
2.6019402623e-07 1.2903596787e+04 1.2445007758e+00 5.7000000000e-01 
1.4003304301e-09 1.1683844592e+04 1.0413840675e+00 5.7000000000e-01 
4.7613069087e-10 1.4911115217e+04 1.1270842052e+00 5.7000000000e-01 
2.0977909339e-10 1.3207436242e+04 7.5748030721e-01 5.7000000000e-01 
2.0022989214e-10 1.3200300960e+04 8.3458999671e-01 5.7000000000e-01 
5.2036275736e-10 1.8550693912e+04 5.8469424083e-01 5.7000000000e-01 
1.7515336328e-08 1.5154521913e+04 9.0539962835e-01 5.7000000000e-01 
2.0470024309e-09 1.1793381874e+04 7.0452767124e-01 5.7000000000e-01 
1.0254033015e-07 1.6943496110e+04 7.4866760276e-01 5.7000000000e-01 
1.1447006156e-08 1.4592616978e+04 8.2480501346e-01 5.7000000000e-01 
2.9422098910e-10 1.3559454921e+04 1.0648565326e+00 5.7000000000e-01 
7.5778254253e-08 1.2169381076e+04 9.9285635912e-01 5.7000000000e-01 
8.2733925077e-10 1.2034089708e+04 9.0453382599e-01 5.7000000000e-01 
5.1956831216e-08 2.3259594341e+04 7.5146749715e-01 5.7000000000e-01 
7.2190633876e-08 1.3030867442e+04 1.0096317443e+00 5.7000000000e-01 
1.5165200699e-08 1.4049844996e+04 1.3233286352e+00 5.7000000000e-01 
2.2084153798e-07 1.2625696486e+04 1.2680345822e+00 5.7000000000e-01 
1.6156690131e-10 1.1474361202e+04 1.3522026518e+00 5.7000000000e-01 
8.9091845068e-08 1.4273194430e+04 3.5886452568e-01 5.7000000000e-01 
2.2037131363e-08 1.1201108631e+04 1.3408617751e+00 5.7000000000e-01 
5.7558800717e-09 1.4784933911e+04 2.5638943216e-01 5.7000000000e-01 
5.5605368447e-10 1.2030159449e+04 4.7223945006e-01 5.7000000000e-01 
1.1447948742e-09 2.1415252487e+04 6.4283291458e-01 5.7000000000e-01 
6.4628646095e-08 1.4798302960e+04 1.2301382148e+00 5.7000000000e-01 
2.9234486356e-08 1.1254846193e+04 4.5209517682e-01 5.7000000000e-01 
1.9526668272e-10 1.8701047595e+04 1.3467626468e+00 5.7000000000e-01 
4.8587112697e-10 1.2692125467e+04 6.9612481728e-01 5.7000000000e-01 
3.3319869126e-09 1.3530619244e+04 7.6535186064e-01 5.7000000000e-01 
2.5605048400e-11 1.2990757247e+04 7.4957025920e-01 5.7000000000e-01 
2.3017067616e-10 1.4521675076e+04 7.4809582089e-01 5.7000000000e-01 
2.7529534131e-08 1.3690001443e+04 7.9858790130e-01 5.7000000000e-01 
3.0333135157e-08 1.3385862011e+04 5.2466066003e-01 5.7000000000e-01 
7.9343664581e-10 1.6038626577e+04 1.8800606328e-01 5.7000000000e-01 
5.6363110493e-10 1.3191031216e+04 1.1645092650e+00 5.7000000000e-01 
3.4811646441e-10 1.8347556010e+04 7.6750536350e-01 5.7000000000e-01 
4.9981811108e-11 1.6104489910e+04 2.3931827835e-01 5.7000000000e-01 
2.2079995005e-06 1.5024697808e+04 1.0169227748e+00 5.7000000000e-01 
2.8391942821e-05 1.2019636983e+04 5.5930773634e-01 5.7000000000e-01 
1.2500490093e-09 1.7849464741e+04 3.0800773511e-01 5.7000000000e-01 
4.8481366353e-10 1.2477218243e+04 1.0002580966e+00 5.7000000000e-01 
3.3452393880e-11 1.2260154029e+04 4.1329660322e-01 5.7000000000e-01 
5.6569647598e-07 1.3900622838e+04 4.3700139369e-01 5.7000000000e-01 
1.7152173586e-08 1.8116211949e+04 1.1458143818e+00 5.7000000000e-01 
1.3410197777e-11 1.2707042597e+04 5.8925275782e-01 5.7000000000e-01 
2.0660034301e-08 1.5050419184e+04 1.0345325762e+00 5.7000000000e-01 
1.4085706210e-10 1.4300036033e+04 3.6702074061e-01 5.7000000000e-01 
9.0152815626e-06 1.1408383318e+04 3.7995539298e-01 5.7000000000e-01 
1.6510337744e-07 1.8859402342e+04 1.9264440738e-01 5.7000000000e-01 
2.2342041788e-09 1.1999914150e+04 9.4710383420e-01 5.7000000000e-01 
5.7071265688e-08 1.4705276110e+04 1.2581862074e+00 5.7000000000e-01 
1.4951360496e-07 1.1735298730e+04 1.4038266231e+00 5.7000000000e-01 
1.3431353758e-09 1.5904177490e+04 9.8518563157e-01 5.7000000000e-01 
2.8176188353e-10 1.2588565911e+04 4.4894656718e-01 5.7000000000e-01 
4.2781153545e-07 1.3753979015e+04 1.1599005849e+00 5.7000000000e-01 
5.7826415210e-07 1.2620216228e+04 9.0370659979e-01 5.7000000000e-01 
1.4607555034e-10 1.6888909315e+04 7.9766060799e-01 5.7000000000e-01 
1.3856869644e-08 1.1310843929e+04 2.3462888866e-01 5.7000000000e-01 
6.4798812758e-08 2.5000000000e+04 4.8836712287e-01 5.7000000000e-01 
8.4057737780e-09 1.5724047381e+04 7.0609211406e-01 5.7000000000e-01 
4.9533607196e-08 1.2666404830e+04 1.0047659425e+00 5.7000000000e-01 
1.1261674822e-08 1.1654254358e+04 7.8676281123e-01 5.7000000000e-01 
1.5506979026e-09 1.7632498088e+04 1.3438681124e+00 5.7000000000e-01 
2.3648657067e-09 2.3827433568e+04 1.1746400325e+00 5.7000000000e-01 
2.4000105612e-06 1.3576381679e+04 3.7039873993e-01 5.7000000000e-01 
4.3458339673e-10 1.2260019032e+04 1.0493909947e+00 5.7000000000e-01 
2.0750156806e-10 1.4052988802e+04 8.0031364042e-01 5.7000000000e-01 
3.6433708407e-07 1.1247923507e+04 1.0596701189e+00 5.7000000000e-01 
1.5140138573e-07 1.2552384950e+04 4.3784980459e-01 5.7000000000e-01 
1.0715399860e-10 2.5000000000e+04 1.1478388035e+00 5.7000000000e-01 
3.8653676500e-10 1.1724332358e+04 1.1756462335e+00 5.7000000000e-01 
1.2487414155e-08 1.1996028911e+04 1.3039855554e+00 5.7000000000e-01 
1.7131000822e-11 1.1261280644e+04 8.8328996558e-01 5.7000000000e-01 
4.9944238095e-06 2.1945775639e+04 9.3811344636e-01 5.7000000000e-01 
2.9787467881e-11 1.7103297421e+04 6.5251428760e-01 5.7000000000e-01 
1.5476021901e-09 1.3635308038e+04 4.6114568421e-01 5.7000000000e-01 
2.4259531023e-09 1.3674864191e+04 6.5019379365e-01 5.7000000000e-01 
3.8533554814e-11 1.2465909892e+04 3.9136734408e-01 5.7000000000e-01 
1.5847762931e-09 1.6180245088e+04 1.0148281911e+00 5.7000000000e-01 
9.4457803897e-09 1.2965635326e+04 5.9578026359e-01 5.7000000000e-01 
1.5391705095e-08 1.5157128831e+04 1.2731653621e+00 5.7000000000e-01 
3.6805618776e-09 1.5736039223e+04 6.2016059691e-01 5.7000000000e-01 
1.5908120729e-06 1.7569177178e+04 4.8617203244e-01 5.7000000000e-01 
3.8609802781e-10 1.9012290902e+04 8.1335307066e-01 5.7000000000e-01 
1.0754200776e-09 1.3992512526e+04 1.0459573025e+00 5.7000000000e-01 
8.1808658144e-08 2.5000000000e+04 9.7808615706e-01 5.7000000000e-01 
2.2329571718e-07 1.1271719488e+04 3.3781524347e-01 5.7000000000e-01 
6.4552547494e-08 1.5946802639e+04 7.2385825862e-01 5.7000000000e-01 
9.7204763946e-08 1.1915198308e+04 9.5126626576e-01 5.7000000000e-01 
2.2722393268e-10 1.2943036012e+04 1.0257781114e+00 5.7000000000e-01 
1.9669276086e-08 1.6627342474e+04 4.1055034655e-01 5.7000000000e-01 
6.3624978781e-09 1.1337675230e+04 4.3435059389e-01 5.7000000000e-01 
2.9362584633e-10 1.2110015050e+04 7.6248102807e-01 5.7000000000e-01 
6.5732250822e-10 1.1878074890e+04 7.7556628268e-01 5.7000000000e-01 
8.6264544364e-10 1.1543553629e+04 6.9528635583e-01 5.7000000000e-01 
2.6737250178e-09 1.1392530418e+04 8.5948785757e-01 5.7000000000e-01 
5.4865957034e-10 2.5000000000e+04 1.2895125517e+00 5.7000000000e-01 
1.7296954727e-06 1.1455439645e+04 1.2774786226e+00 5.7000000000e-01 
3.9922758698e-10 1.1754169744e+04 4.6585887951e-01 5.7000000000e-01 
1.3250108833e-11 2.1461121122e+04 8.7920505740e-01 5.7000000000e-01 
5.9201233965e-09 1.1730177938e+04 6.6359247090e-01 5.7000000000e-01 
5.7260171818e-09 1.6462636768e+04 8.6009920249e-01 5.7000000000e-01 
1.3789368589e-06 1.1732908796e+04 3.0025913698e-01 5.7000000000e-01 
3.2244399317e-09 1.3649883578e+04 1.0439874493e+00 5.7000000000e-01 
2.1846235178e-08 1.3212830534e+04 2.5699916658e-01 5.7000000000e-01 
2.5665447305e-07 1.2399779879e+04 1.5872511851e-01 5.7000000000e-01 
1.4858661810e-09 1.5995609685e+04 5.3414860408e-01 5.7000000000e-01 
1.2531975779e-09 1.1533354901e+04 7.0640157766e-01 5.7000000000e-01 
1.6699196183e-11 1.2032912206e+04 6.8897356741e-01 5.7000000000e-01 
1.6950371061e-08 1.1795206000e+04 5.4154575234e-01 5.7000000000e-01 
9.0362341035e-10 1.2818450962e+04 6.9691970524e-01 5.7000000000e-01 
2.6201434298e-09 1.1883959257e+04 3.9504063228e-01 5.7000000000e-01 
1.7148726454e-10 1.1356015863e+04 7.9670618770e-01 5.7000000000e-01 
2.2176840882e-07 1.4320702270e+04 8.2664463366e-01 5.7000000000e-01 
5.9568975429e-09 1.3965132554e+04 5.0101803408e-01 5.7000000000e-01 
5.1540284829e-12 1.6658750288e+04 7.6780432441e-01 5.7000000000e-01 
4.1980791666e-09 1.4740618365e+04 1.2188195360e+00 5.7000000000e-01 
3.0291243375e-09 1.6151201671e+04 9.7417143488e-01 5.7000000000e-01 
4.2815351260e-07 1.5842544926e+04 8.8947435170e-01 5.7000000000e-01 
2.0143340098e-10 1.5412947462e+04 7.7576728458e-01 5.7000000000e-01 
1.9363096640e-07 2.2814682664e+04 1.0704636420e+00 5.7000000000e-01 
8.7535315200e-11 1.2943576511e+04 1.2097071828e+00 5.7000000000e-01 
2.8370893118e-10 1.1668965230e+04 1.1937302253e+00 5.7000000000e-01 
1.7797147460e-11 1.3997975639e+04 1.2558097062e+00 5.7000000000e-01 
9.9364319934e-11 1.2968345979e+04 9.9305821913e-01 5.7000000000e-01 
2.2543436808e-09 1.1362748809e+04 7.4435266988e-01 5.7000000000e-01 
5.8292866125e-09 1.8997438297e+04 5.1896967678e-01 5.7000000000e-01 
7.8866853861e-07 1.8829353700e+04 8.4074026879e-01 5.7000000000e-01 
7.1797412845e-10 2.5000000000e+04 5.9118762164e-01 5.7000000000e-01 
1.1457060949e-05 1.3773209408e+04 6.7081864315e-01 5.7000000000e-01 
5.6833263530e-10 1.2002608642e+04 9.4580334599e-01 5.7000000000e-01 
1.6031587588e-08 1.5223921426e+04 7.1615907760e-01 5.7000000000e-01 
5.6914512166e-09 1.3897405254e+04 1.6543690411e-01 5.7000000000e-01 
1.7136766151e-09 1.3548458630e+04 1.1772337078e+00 5.7000000000e-01 
1.1284091256e-10 2.2507110984e+04 9.4498520829e-01 5.7000000000e-01 
4.0156118589e-10 1.2085532284e+04 1.2872071451e+00 5.7000000000e-01 
1.7391034209e-08 1.5399737458e+04 1.3385671209e+00 5.7000000000e-01 
4.1833692910e-10 1.2235581651e+04 6.6438573321e-01 5.7000000000e-01 
1.3583854602e-08 1.2821014188e+04 6.1226071637e-01 5.7000000000e-01 
2.3034178766e-11 1.2031367278e+04 3.0604798695e-01 5.7000000000e-01 
5.7805627241e-08 1.5300507328e+04 1.2614233435e+00 5.7000000000e-01 
6.1782285048e-09 1.8363206123e+04 8.5750094310e-01 5.7000000000e-01 
5.9440146598e-07 1.5799876474e+04 1.3118939800e+00 5.7000000000e-01 
1.1169506792e-08 1.5887589891e+04 1.0267478319e+00 5.7000000000e-01 
1.7383854160e-09 1.3432998157e+04 3.7653103780e-01 5.7000000000e-01 
2.3168926041e-09 1.2816968978e+04 1.3027443568e+00 5.7000000000e-01 
3.2591380120e-11 1.2166174019e+04 2.4652522319e-01 5.7000000000e-01 
4.6855081720e-09 1.1736228288e+04 6.5284124451e-01 5.7000000000e-01 
2.8384892418e-10 1.1374746825e+04 1.9841205928e-01 5.7000000000e-01 
1.0109914100e-11 1.3681369123e+04 1.2687190088e-01 5.7000000000e-01 
3.6246601566e-10 1.4874854293e+04 1.1593912847e+00 5.7000000000e-01 
9.5472386545e-11 1.7874337855e+04 5.1962992432e-01 5.7000000000e-01 
6.4334885924e-09 1.1800465497e+04 1.3692083086e+00 5.7000000000e-01 
1.2722565981e-08 1.5842883870e+04 1.0523733499e+00 5.7000000000e-01 
2.5905033306e-11 1.2182923340e+04 6.3367532055e-01 5.7000000000e-01 
2.3544634213e-07 1.1895506331e+04 8.4719052091e-01 5.7000000000e-01 
1.9898244939e-09 1.4685348955e+04 5.5615458386e-01 5.7000000000e-01 
1.7136639972e-08 1.1733657498e+04 4.8836699563e-01 5.7000000000e-01 
6.1580852087e-09 1.2455602124e+04 1.3297831875e+00 5.7000000000e-01 
5.2036588984e-09 1.7248837508e+04 5.5964913010e-01 5.7000000000e-01 
3.5943828299e-11 1.4285715666e+04 6.3557447892e-01 5.7000000000e-01 
1.4064170645e-08 1.2532455506e+04 1.0665416581e+00 5.7000000000e-01 
2.4629181191e-10 1.6181651956e+04 2.5058145054e-01 5.7000000000e-01 
3.3150642496e-09 2.2103842728e+04 7.1810296060e-01 5.7000000000e-01 
8.3398667854e-08 1.1593024814e+04 4.7240067751e-01 5.7000000000e-01 
7.7198250435e-10 1.3302421251e+04 6.5528780004e-01 5.7000000000e-01 
3.7338934119e-08 1.3270331762e+04 4.0466175862e-01 5.7000000000e-01 
5.4438627439e-08 1.4381965463e+04 8.5893342779e-01 5.7000000000e-01 
1.9305813036e-09 1.1460625145e+04 3.0951585067e-01 5.7000000000e-01 
7.4187315855e-11 1.6890919462e+04 1.8940191534e-01 5.7000000000e-01 
4.5829733613e-09 1.1402623077e+04 6.8027976507e-01 5.7000000000e-01 
2.8789152343e-06 1.1473103662e+04 3.7408888217e-01 5.7000000000e-01 
1.4817814979e-09 1.1302759924e+04 6.4238512920e-01 5.7000000000e-01 
2.0239729528e-08 1.2412516141e+04 5.5456659032e-01 5.7000000000e-01 
1.5599090963e-09 1.4690035320e+04 4.8148958580e-01 5.7000000000e-01 
5.1674455730e-06 1.1742207299e+04 1.2692648512e+00 5.7000000000e-01 
1.6843924724e-06 1.2416275865e+04 1.0163468625e+00 5.7000000000e-01 
5.2768911239e-09 1.4271643712e+04 7.0294778143e-01 5.7000000000e-01 
2.0825317001e-06 1.3553180027e+04 4.3207703085e-01 5.7000000000e-01 
2.3069523181e-10 1.5726989094e+04 2.5289326875e-01 5.7000000000e-01 
4.6796886652e-08 1.3152458449e+04 5.3081462011e-01 5.7000000000e-01 
2.7934290215e-06 2.0007201362e+04 1.1058622920e+00 5.7000000000e-01 
5.4417180878e-11 1.1830330336e+04 7.1223546075e-01 5.7000000000e-01 
5.0225771544e-09 1.2603885528e+04 7.1258279861e-01 5.7000000000e-01 
2.2688667379e-09 1.2712451349e+04 1.2370245013e+00 5.7000000000e-01 
4.0289956290e-11 1.1202842379e+04 1.3191536611e+00 5.7000000000e-01 
1.9254128811e-10 1.5719459570e+04 4.9533072770e-01 5.7000000000e-01 
5.7307783570e-10 1.4546911829e+04 8.4159287426e-01 5.7000000000e-01 
3.0235727715e-07 1.3369215263e+04 6.4106242802e-01 5.7000000000e-01 
7.8990421877e-10 1.3432373824e+04 1.0150050090e+00 5.7000000000e-01 
1.1146237757e-09 1.5276047962e+04 4.2709986543e-01 5.7000000000e-01 
8.6195566095e-11 1.1420681788e+04 1.0817251398e+00 5.7000000000e-01 
2.2373861969e-09 1.1773665026e+04 8.7921973042e-01 5.7000000000e-01 
8.4198721543e-10 1.4375423571e+04 8.2850532848e-01 5.7000000000e-01 
3.8376003750e-11 1.3600884464e+04 1.5248804630e+00 5.7000000000e-01 
8.6989411259e-09 1.5212222367e+04 5.4763153485e-01 5.7000000000e-01 
8.4094729760e-10 1.2472859368e+04 5.4876479489e-01 5.7000000000e-01 
1.5789865272e-10 1.6162425003e+04 1.1173984635e+00 5.7000000000e-01 
3.4785515662e-09 1.1599268194e+04 4.7265434642e-01 5.7000000000e-01 
2.3647993998e-10 1.5931889582e+04 4.8588496522e-01 5.7000000000e-01 
2.9858557525e-09 1.1228720281e+04 1.2056565649e+00 5.7000000000e-01 
4.7864270689e-06 1.1560795285e+04 6.4753508900e-01 5.7000000000e-01 
2.3942305059e-09 1.6947357775e+04 3.5302993184e-01 5.7000000000e-01 
6.4436695626e-10 1.4833988186e+04 5.6211526449e-01 5.7000000000e-01 
9.0918027276e-11 1.4059311906e+04 8.5624148077e-01 5.7000000000e-01 
2.6628380486e-10 2.4859995045e+04 7.2030881122e-01 5.7000000000e-01 
4.4361632920e-08 1.1436178880e+04 7.3503371628e-01 5.7000000000e-01 
1.2860418026e-08 1.3496008481e+04 4.9351769648e-01 5.7000000000e-01 
2.9688250126e-07 1.3012694412e+04 1.0265786881e+00 5.7000000000e-01 
4.6322771119e-09 1.2231007533e+04 2.7434788565e-01 5.7000000000e-01 
2.8926033548e-08 1.5350610770e+04 4.5649482173e-01 5.7000000000e-01 
8.5732722251e-11 1.1248456683e+04 5.7950054191e-01 5.7000000000e-01 
4.3339503159e-08 1.5312355785e+04 8.0091114943e-01 5.7000000000e-01 
8.0919644781e-07 1.2059935022e+04 6.4103996684e-01 5.7000000000e-01 
4.1096246550e-09 1.2064940027e+04 7.4541205384e-01 5.7000000000e-01 
2.1253088186e-09 1.1755127581e+04 8.7846376913e-01 5.7000000000e-01 
6.6116091349e-09 1.8417042652e+04 9.0965805104e-01 5.7000000000e-01 
2.0650102624e-07 1.2227355218e+04 1.1930028198e+00 5.7000000000e-01 
6.6461589660e-09 1.6323903586e+04 4.6998902314e-01 5.7000000000e-01 
2.3091044976e-10 2.5000000000e+04 1.1420910658e+00 5.7000000000e-01 
2.6125621178e-09 1.5366937608e+04 9.9370316688e-01 5.7000000000e-01 
7.7593726710e-12 2.5000000000e+04 1.4366420916e+00 5.7000000000e-01 
2.8783147986e-11 2.5000000000e+04 9.8683769755e-01 5.7000000000e-01 
1.6844214836e-06 1.1370439411e+04 1.3601183374e+00 5.7000000000e-01 
3.4002822573e-08 2.5000000000e+04 1.1595017798e+00 5.7000000000e-01 
3.4304473130e-08 1.3857695922e+04 5.5172571144e-01 5.7000000000e-01 
1.7181399104e-09 1.2149880380e+04 7.3408534179e-01 5.7000000000e-01 
3.0257329903e-06 1.5289791777e+04 1.4242181231e+00 5.7000000000e-01 
2.0845118999e-10 1.4051402222e+04 1.3186404129e+00 5.7000000000e-01 
5.1691367511e-09 1.1246621802e+04 4.6859648333e-01 5.7000000000e-01 
3.1920688383e-09 1.1751238800e+04 1.0792955299e+00 5.7000000000e-01 
6.0681932250e-08 1.2899873846e+04 9.3155056822e-01 5.7000000000e-01 
3.0661156715e-10 1.6620668161e+04 8.2274173802e-01 5.7000000000e-01 
2.0164869153e-07 1.1559853263e+04 5.3475731177e-01 5.7000000000e-01 
2.0271969366e-10 1.3525410251e+04 7.0436623345e-01 5.7000000000e-01 
1.2384407973e-10 1.1771062039e+04 7.0502993368e-01 5.7000000000e-01 
2.4575064917e-06 1.3698829797e+04 7.2900145062e-01 5.7000000000e-01 
3.3698290439e-10 1.3301822871e+04 2.5998500485e-01 5.7000000000e-01 
2.6472647339e-11 1.1284024645e+04 8.9067227994e-01 5.7000000000e-01 
8.9615892883e-08 1.2423479041e+04 3.4138453910e-01 5.7000000000e-01 
1.3263703851e-08 1.6184044503e+04 8.9558874614e-01 5.7000000000e-01 
7.4045641242e-11 1.1945426729e+04 5.1167443999e-01 5.7000000000e-01 
4.2270508973e-10 1.1682401571e+04 5.5876628249e-01 5.7000000000e-01 
1.7487580623e-08 1.2228939636e+04 3.8240106397e-01 5.7000000000e-01 
3.7446222254e-07 2.5000000000e+04 9.3905856851e-01 5.7000000000e-01 
3.7924910281e-10 1.1607582331e+04 1.0645031607e+00 5.7000000000e-01 
5.7027219223e-11 1.4174848779e+04 3.5638290748e-01 5.7000000000e-01 
1.4640457819e-05 1.4924992384e+04 7.1835711279e-01 5.7000000000e-01 
1.6318277265e-06 1.1231263357e+04 1.2705603349e+00 5.7000000000e-01 
6.3916676596e-09 1.1402884308e+04 9.2512604795e-01 5.7000000000e-01 
1.5869392220e-10 1.6580915608e+04 6.1863367495e-01 5.7000000000e-01 
2.0011936360e-11 1.2002434419e+04 8.0670586009e-01 5.7000000000e-01 
1.5507801055e-09 1.1351384227e+04 5.7058759819e-01 5.7000000000e-01 
1.3456922635e-10 2.3548804498e+04 3.6517659912e-01 5.7000000000e-01 
8.9924531555e-09 1.1387290050e+04 5.7026956619e-01 5.7000000000e-01 
5.3055972082e-09 1.1932935885e+04 1.2655420887e+00 5.7000000000e-01 
3.5251032319e-10 1.7391355245e+04 1.1119206868e+00 5.7000000000e-01 
8.8593555186e-08 1.3187094642e+04 1.3198376983e+00 5.7000000000e-01 
1.4432407164e-07 1.2417420174e+04 5.1384133631e-01 5.7000000000e-01 
2.0181215480e-11 1.1439917354e+04 8.3746615351e-01 5.7000000000e-01 
1.0119360365e-07 1.3515753899e+04 6.2430765992e-01 5.7000000000e-01 
2.1071764541e-11 2.1435180193e+04 1.0676908283e-01 5.7000000000e-01 
2.5988643475e-08 1.3370385986e+04 1.2850000717e+00 5.7000000000e-01 
3.0244474865e-10 1.3465102735e+04 1.2115007585e+00 5.7000000000e-01 
1.1625903503e-10 2.2452127327e+04 6.1909081594e-01 5.7000000000e-01 
7.5865548347e-11 1.1619803888e+04 9.3902100813e-01 5.7000000000e-01 
1.4248289217e-08 1.1752239317e+04 1.0890083439e+00 5.7000000000e-01 
3.2820232929e-09 1.1628010358e+04 9.6359017447e-01 5.7000000000e-01 
1.2126098652e-08 1.4215166725e+04 2.3935131713e-01 5.7000000000e-01 
1.9800093413e-08 1.1967491811e+04 1.2737874266e+00 5.7000000000e-01 
7.6573764511e-07 1.3595510833e+04 9.2315858057e-01 5.7000000000e-01 
2.7482505300e-09 2.1587528736e+04 1.4882333255e-01 5.7000000000e-01 
2.8561639032e-06 1.1604340378e+04 6.9328823935e-01 5.7000000000e-01 
1.9741113541e-11 1.1274926054e+04 1.3484992655e+00 5.7000000000e-01 
1.0166889939e-06 1.3060061423e+04 1.0952518339e+00 5.7000000000e-01 
1.5777097527e-09 1.6096354988e+04 3.4752145076e-01 5.7000000000e-01 
4.8838156655e-09 1.6093980369e+04 4.3183903187e-01 5.7000000000e-01 
5.9213848009e-10 1.6428330361e+04 3.3697174663e-01 5.7000000000e-01 
1.2185804162e-10 1.5558896338e+04 1.0888486625e+00 5.7000000000e-01 
1.0464738380e-07 1.4562638699e+04 5.0969567137e-01 5.7000000000e-01 
7.8073677448e-07 1.1354788557e+04 4.6099300503e-01 5.7000000000e-01 
1.8923760689e-08 1.3873260090e+04 1.0981430140e+00 5.7000000000e-01 
6.1310574624e-09 2.5000000000e+04 1.1588405266e+00 5.7000000000e-01 
1.6679936294e-10 1.2475668113e+04 9.0423687935e-01 5.7000000000e-01 
1.3867933502e-08 1.1819011426e+04 4.4231513613e-01 5.7000000000e-01 
1.5877813868e-05 2.5000000000e+04 4.9256002752e-01 5.7000000000e-01 
4.3063200423e-07 1.5736821205e+04 8.9645477892e-01 5.7000000000e-01 
1.6630683562e-08 1.6374137219e+04 2.2195094257e-01 5.7000000000e-01 
1.0857253174e-07 1.4316030199e+04 3.9939156625e-01 5.7000000000e-01 
5.9718208251e-09 1.3050280340e+04 9.1945339962e-01 5.7000000000e-01 
7.6480608151e-09 1.2817022954e+04 1.0713278972e+00 5.7000000000e-01 
2.0907662018e-09 1.9522902757e+04 4.6743478085e-01 5.7000000000e-01 
7.8976334205e-10 1.8813239110e+04 9.3356107170e-01 5.7000000000e-01 
4.7156437601e-12 1.4136624122e+04 1.7080877609e-01 5.7000000000e-01 
4.7391798366e-09 1.3170676789e+04 1.1488020908e+00 5.7000000000e-01 
4.6889308593e-10 1.2880614216e+04 9.2085560372e-01 5.7000000000e-01 
2.4319022261e-11 1.3305180780e+04 8.6144688712e-01 5.7000000000e-01 
9.2334128640e-07 1.6761058619e+04 1.1163136267e+00 5.7000000000e-01 
8.2138088955e-10 1.3708955966e+04 1.0616504138e+00 5.7000000000e-01 
3.0311920339e-10 1.6262823391e+04 6.6091162175e-01 5.7000000000e-01 
8.2554063954e-09 1.1709734997e+04 7.3737601212e-01 5.7000000000e-01 
9.8123440132e-08 1.1510826666e+04 4.7950948360e-01 5.7000000000e-01 
8.6325094318e-10 1.7007446196e+04 9.4293132532e-01 5.7000000000e-01 
4.5675890573e-11 1.8005500782e+04 1.2331871128e+00 5.7000000000e-01 
2.6855872977e-08 1.1208438614e+04 8.4298000612e-01 5.7000000000e-01 
2.9979182375e-09 2.3617758916e+04 9.9446293094e-01 5.7000000000e-01 
4.5717257404e-10 2.1157796941e+04 7.3215710242e-01 5.7000000000e-01 
5.7037428446e-08 1.2497106779e+04 1.3769809637e+00 5.7000000000e-01 
3.2643772154e-10 1.6582962884e+04 1.7683282051e-01 5.7000000000e-01 
2.1026123252e-09 1.2999773904e+04 1.0322399660e+00 5.7000000000e-01 
1.5532320782e-09 1.8032157181e+04 1.2488617086e+00 5.7000000000e-01 
1.0595455453e-09 1.3125014815e+04 9.5088500170e-01 5.7000000000e-01 
2.1062750887e-07 1.4616798981e+04 1.2531492846e+00 5.7000000000e-01 
8.1768248435e-10 1.2083462536e+04 1.4656424860e+00 5.7000000000e-01 
8.6929624153e-06 1.1812802252e+04 4.8654655484e-01 5.7000000000e-01 
1.0268585555e-08 1.3548627611e+04 3.1493363940e-01 5.7000000000e-01 
4.8114469415e-10 1.1259608499e+04 8.6714782607e-01 5.7000000000e-01 
1.5051570391e-08 1.6017057955e+04 1.4848695543e+00 5.7000000000e-01 
4.6764848277e-09 1.1553187862e+04 9.5016619148e-01 5.7000000000e-01 
2.4948626845e-11 1.2970684444e+04 8.7287375140e-01 5.7000000000e-01 
1.2655925319e-08 1.1470660109e+04 1.1935659331e+00 5.7000000000e-01 
7.4986790168e-10 1.4233385110e+04 4.9485638595e-01 5.7000000000e-01 
5.4447275198e-08 1.1876009218e+04 1.6670697958e-01 5.7000000000e-01 
2.2362209669e-08 1.2091356805e+04 4.8892667186e-01 5.7000000000e-01 
1.8006146302e-06 1.1469836294e+04 1.0097150311e+00 5.7000000000e-01 
7.0170268546e-09 1.2949526660e+04 1.3181226599e+00 5.7000000000e-01 
1.7693550257e-11 1.3657498933e+04 8.5423882494e-01 5.7000000000e-01 
2.9496411891e-08 1.2710968081e+04 1.1060414494e+00 5.7000000000e-01 
8.7967036045e-12 1.3032512326e+04 1.0528608082e+00 5.7000000000e-01 
7.4419145312e-10 1.3035072258e+04 7.7768647443e-01 5.7000000000e-01 
4.1939652032e-09 1.2116516957e+04 8.8797930110e-01 5.7000000000e-01 
3.3124275089e-06 1.4098853942e+04 7.9871719674e-01 5.7000000000e-01 
3.1423400233e-11 1.3261002321e+04 9.2134257314e-01 5.7000000000e-01 
1.0229884902e-09 1.1251381499e+04 5.3956779337e-01 5.7000000000e-01 
2.6043870535e-07 1.1830197519e+04 1.3496769822e+00 5.7000000000e-01 
3.3413160915e-07 1.5988046931e+04 7.0468306296e-01 5.7000000000e-01 
6.2828491839e-09 1.1743732944e+04 5.3560380122e-01 5.7000000000e-01 
4.4157695044e-09 1.2499497438e+04 3.7873292655e-01 5.7000000000e-01 
2.6119856334e-08 1.1375794840e+04 8.0763481162e-01 5.7000000000e-01 
3.0559636808e-08 1.2797363292e+04 5.4678046933e-01 5.7000000000e-01 
1.2213072667e-11 1.1938837827e+04 5.8727668510e-01 5.7000000000e-01 
2.0836476753e-09 1.7004563862e+04 7.6588058890e-01 5.7000000000e-01 
2.3080307583e-09 1.4784496816e+04 5.8069899326e-01 5.7000000000e-01 
3.8730975062e-08 1.1804981758e+04 6.1650231336e-01 5.7000000000e-01 
4.1974119627e-08 1.3320883124e+04 8.2279710927e-01 5.7000000000e-01 
1.2229849481e-10 1.1817091727e+04 6.5595604510e-01 5.7000000000e-01 
3.8683598398e-10 2.3552301476e+04 3.2158652004e-01 5.7000000000e-01 
3.1090168209e-10 1.2925974836e+04 8.0473231290e-01 5.7000000000e-01 
1.5622990671e-11 1.2355578480e+04 3.4965414777e-01 5.7000000000e-01 
6.7796494901e-08 1.2247810314e+04 1.1363104664e+00 5.7000000000e-01 
5.3212583738e-09 1.1329940527e+04 8.1139387745e-01 5.7000000000e-01 
1.0891143531e-07 1.7037517030e+04 8.4699215769e-01 5.7000000000e-01 
9.5382533320e-10 1.1471448072e+04 2.3718528579e-01 5.7000000000e-01 
4.2988358556e-08 1.1960646780e+04 2.7594559396e-01 5.7000000000e-01 
4.9112760119e-09 2.5000000000e+04 6.7655338364e-01 5.7000000000e-01 
3.4960473349e-07 1.3758797405e+04 9.8302095469e-01 5.7000000000e-01 
1.7151951336e-08 1.1434499128e+04 7.9796821914e-01 5.7000000000e-01 
5.4897754816e-10 1.1933157292e+04 7.3896172972e-01 5.7000000000e-01 
2.2162407436e-09 1.1202552275e+04 8.8790852539e-01 5.7000000000e-01 
2.1049472955e-07 1.1775068889e+04 9.2666119284e-01 5.7000000000e-01 
4.4239177954e-10 1.1850704106e+04 6.3563915627e-01 5.7000000000e-01 
3.8183273421e-11 1.2034381391e+04 6.6478664101e-01 5.7000000000e-01 
3.1047342384e-09 1.2357243756e+04 9.1951487497e-01 5.7000000000e-01 
1.6709487890e-10 1.8151084172e+04 8.7664952838e-01 5.7000000000e-01 
2.8892506150e-11 1.2363595382e+04 5.6918625587e-01 5.7000000000e-01 
1.1096378470e-06 1.2431159109e+04 4.3742088571e-01 5.7000000000e-01 
5.9379348026e-10 1.3064113817e+04 3.3120141638e-01 5.7000000000e-01 
2.0953769411e-08 1.2435956559e+04 7.7663602320e-01 5.7000000000e-01 
8.8778884906e-07 1.4140041190e+04 3.2392013155e-01 5.7000000000e-01 
1.8532978808e-08 1.4317927071e+04 1.4263248269e+00 5.7000000000e-01 
9.8528976173e-08 1.4567018851e+04 1.7228429458e-01 5.7000000000e-01 
2.0296000691e-08 1.1633479147e+04 1.7541860382e-01 5.7000000000e-01 
2.2474152189e-11 1.3380404957e+04 7.5430862724e-01 5.7000000000e-01 
3.4139552287e-10 1.4825772490e+04 1.1795155411e+00 5.7000000000e-01 
4.1687949526e-11 1.3928762052e+04 1.1816171798e+00 5.7000000000e-01 
2.3980910877e-08 1.9906933529e+04 5.7643428693e-01 5.7000000000e-01 
1.0276223283e-07 1.1872603747e+04 9.9186691380e-01 5.7000000000e-01 
8.8252233693e-07 1.2132322064e+04 7.0000598378e-01 5.7000000000e-01 
2.8383296442e-08 1.3667414690e+04 1.0254156901e+00 5.7000000000e-01 
2.9116225790e-05 1.1455206772e+04 6.5582360331e-01 5.7000000000e-01 
8.9108766693e-11 1.1373821600e+04 9.3456786433e-01 5.7000000000e-01 
1.4542859211e-09 1.8315007352e+04 6.9654663583e-01 5.7000000000e-01 
3.8561910350e-09 1.5016810132e+04 1.1028071055e+00 5.7000000000e-01 
2.2938174522e-09 1.2818481399e+04 1.4459526861e+00 5.7000000000e-01 
1.3943399437e-10 1.1703678145e+04 9.9815282208e-01 5.7000000000e-01 
2.1819017359e-08 1.4468609257e+04 3.2836991628e-01 5.7000000000e-01 
5.6510784927e-09 1.2540398632e+04 3.9826837440e-01 5.7000000000e-01 
2.2284903810e-09 1.1226516206e+04 4.0464834025e-01 5.7000000000e-01 
3.4230924808e-10 1.3008751612e+04 8.1200803158e-01 5.7000000000e-01 
3.1083679061e-10 1.6064359808e+04 1.4209227105e+00 5.7000000000e-01 
4.7330711124e-10 1.9683842275e+04 5.7283866855e-01 5.7000000000e-01 
6.4830211965e-11 1.2254607204e+04 4.6742281406e-01 5.7000000000e-01 
3.6800494251e-09 1.1555844269e+04 7.6168217539e-01 5.7000000000e-01 
4.0005195649e-08 1.2243521854e+04 1.0055152831e+00 5.7000000000e-01 
1.6646203691e-10 1.4498965537e+04 3.1002033260e-01 5.7000000000e-01 
8.5443861352e-11 1.2365413522e+04 7.1479150881e-01 5.7000000000e-01 
1.2061973787e-08 1.6076033384e+04 4.8066889826e-01 5.7000000000e-01 
1.3971169385e-08 1.2675341096e+04 8.4136115881e-01 5.7000000000e-01 
6.8528801312e-07 1.2295888061e+04 1.0641878449e+00 5.7000000000e-01 
6.8977850065e-09 1.1944175701e+04 1.3298692531e+00 5.7000000000e-01 
2.8091032740e-08 1.5337782421e+04 6.6009974274e-01 5.7000000000e-01 
2.1203743259e-09 1.1460117845e+04 8.9700338701e-01 5.7000000000e-01 
2.1335102819e-09 1.1310260077e+04 1.0741782479e+00 5.7000000000e-01 
1.5938938794e-08 1.3012378966e+04 1.0133316503e+00 5.7000000000e-01 
2.6180372252e-10 1.5530881341e+04 5.0623476944e-01 5.7000000000e-01 
8.9361096941e-10 1.3251356344e+04 9.4691724206e-01 5.7000000000e-01 
1.6426005101e-10 1.3804407101e+04 1.0859627229e+00 5.7000000000e-01 
2.9737773724e-07 1.2138805081e+04 7.5906084384e-01 5.7000000000e-01 
1.8579183507e-09 1.2078081689e+04 4.0924182239e-01 5.7000000000e-01 
9.1975375446e-07 1.9409526925e+04 5.1167837349e-01 5.7000000000e-01 
3.3030869488e-09 1.1342712716e+04 5.8707240940e-01 5.7000000000e-01 
1.1597960687e-09 1.1545765233e+04 1.0962304366e+00 5.7000000000e-01 
4.2943051752e-06 1.2282885919e+04 8.8314926393e-01 5.7000000000e-01 
7.3943250187e-11 1.1494818332e+04 1.0612465297e+00 5.7000000000e-01 
1.5490423139e-09 1.9439639386e+04 1.1137294431e+00 5.7000000000e-01 
9.4821863194e-09 1.4501299913e+04 1.0312019776e-01 5.7000000000e-01 
4.4703481295e-10 1.9394569790e+04 1.3974193472e+00 5.7000000000e-01 
4.0671645008e-10 1.1555599296e+04 3.5848530479e-01 5.7000000000e-01 
3.3610403622e-09 1.6573618075e+04 3.3574903126e-01 5.7000000000e-01 
