1.9473738184e-04 1.1293268866e+04 7.6272233653e-01 
2.6762369215e-05 1.6112046568e+04 9.5987883203e-01 
1.0272995534e-04 1.3459102965e+04 2.7064662702e-01 
2.0030666166e-05 1.1216671967e+04 3.9919464979e-01 
1.4463187189e-05 1.2060642877e+04 8.3521020912e-01 
9.4791164933e-05 1.3794824352e+04 1.1909082975e+00 
5.2298046415e-05 1.4041060124e+04 1.2510446792e+00 
3.0331542606e-05 1.8881672251e+04 6.1316580258e-01 
7.7409686242e-04 1.2468452044e+04 9.5662093988e-01 
8.6616392496e-05 2.5000000000e+04 1.2230076231e+00 
1.6515063598e-04 1.1298178524e+04 1.5192669640e+00 
8.8780099974e-05 1.1360471591e+04 1.0119648623e+00 
1.9376859341e-04 1.9158080297e+04 5.5277691105e-01 
3.5342054714e-05 1.6067295497e+04 7.2718476611e-01 
1.1032301989e-05 1.6773312310e+04 4.8840233650e-01 
5.9200148706e-05 1.5263301408e+04 9.0021918048e-01 
7.5773955035e-05 1.3439992797e+04 7.2463397057e-01 
2.7034296289e-04 1.1503889116e+04 4.9069564445e-01 
1.5662970560e-05 1.2212864131e+04 7.0728077276e-01 
4.1738712249e-05 1.4051090809e+04 1.2242830964e+00 
2.4395261777e-04 1.2581713644e+04 4.4596522599e-01 
4.9420046994e-05 1.1270768070e+04 9.7946389697e-01 
1.0975649391e-04 1.2843084632e+04 6.8530328107e-01 
3.6430488154e-05 1.2901018804e+04 6.7670266064e-01 
3.2217194271e-05 1.1953109904e+04 5.0758056980e-01 
1.1807052098e-04 1.2395815287e+04 1.5689242454e-01 
7.5514345660e-05 2.0999525660e+04 2.8099930284e-01 
1.3725569589e-04 2.0101948206e+04 1.0666990747e+00 
4.5390635632e-05 1.3826544485e+04 1.3409811536e+00 
2.1544771025e-04 1.6945086917e+04 2.4878623489e-01 
3.8511251458e-04 1.1882936278e+04 4.0646402064e-01 
2.8854394010e-05 1.2630823068e+04 1.1081480067e+00 
1.5959246728e-04 1.1473936177e+04 7.9391880968e-01 
4.1101725117e-05 2.5000000000e+04 4.9536459961e-01 
9.2963078518e-06 1.2069318299e+04 5.8180290978e-01 
1.7406399504e-05 1.2254396414e+04 7.5491156178e-01 
1.7771351239e-04 1.1956862872e+04 8.4363435792e-01 
9.5880878591e-05 2.1950912639e+04 8.2446142555e-02 
4.6688875548e-04 1.7927295622e+04 9.3490469051e-01 
5.4898658050e-05 1.2072410694e+04 6.8928707310e-01 
2.8165486433e-05 1.4768591242e+04 1.0434124884e+00 
4.2631498901e-04 1.1768214032e+04 7.5205991440e-01 
5.6820454664e-05 1.1996376096e+04 4.1705593300e-01 
9.1471593092e-06 1.1922172905e+04 9.9887190226e-01 
7.9178378307e-06 1.5509788682e+04 1.0968979720e+00 
6.2017637701e-05 1.7914062870e+04 5.9410059925e-01 
1.2911963104e-05 1.2332293984e+04 7.8690174827e-01 
3.9521953317e-05 2.0217081099e+04 1.1170924717e+00 
1.0202581708e-05 2.5000000000e+04 1.0837527427e+00 
1.5940222794e-05 1.5396899527e+04 1.0480848126e+00 
1.7929936730e-05 1.3120356183e+04 7.4884188078e-01 
5.6692406737e-05 2.5000000000e+04 1.0275184843e+00 
4.7150542310e-05 1.3021417552e+04 3.9121715277e-01 
1.4541426835e-05 1.2184820775e+04 2.4762091372e-01 
5.1552048070e-05 1.2111804650e+04 1.0395310726e+00 
2.6254531202e-04 1.1572544081e+04 9.9621901860e-01 
1.2728959709e-05 1.1230827428e+04 5.2683916450e-01 
4.8181254158e-05 1.4298583113e+04 1.1142590259e+00 
5.0181553693e-06 1.3022969794e+04 9.2097757379e-01 
4.4410757680e-05 1.4242758777e+04 4.5221404813e-01 
1.0073576144e-04 1.6049920237e+04 8.9584638950e-01 
4.2588815443e-05 1.1875130350e+04 8.4981791818e-01 
6.2052540174e-05 1.1420510553e+04 5.5928724267e-01 
2.4884314068e-05 1.2160560608e+04 1.4432261062e+00 
2.0542243443e-04 1.5510164990e+04 1.0569581571e+00 
1.3079869557e-04 1.4430383772e+04 7.5918082490e-01 
2.5552014959e-04 1.5459431217e+04 5.4863210436e-01 
8.0342653157e-05 2.5000000000e+04 1.3720891221e+00 
3.7428771630e-04 1.1643923901e+04 7.8644131174e-01 
3.4414652108e-04 1.6942787535e+04 1.3738796346e+00 
6.1552338187e-05 1.1807192311e+04 7.9461277750e-01 
2.7275678089e-05 1.1478327163e+04 9.7488623880e-01 
3.3864218689e-04 1.8390061507e+04 7.3730108625e-01 
6.6459088918e-05 1.6675220093e+04 2.0722865161e-01 
6.0958371173e-05 1.1510008985e+04 1.1012855698e+00 
1.4617086933e-04 1.3261831150e+04 6.4811728619e-01 
1.3344120733e-05 1.1748280535e+04 8.7072505374e-01 
1.5881737440e-05 1.3854949272e+04 9.1407463283e-01 
7.7688317265e-05 1.2962960320e+04 1.1099007478e-01 
3.1570604218e-05 1.5669415421e+04 5.2626176525e-01 
2.1093059092e-04 1.2083643600e+04 5.7678215330e-01 
4.6145861785e-04 1.2995777102e+04 1.7423903301e-01 
1.5352481603e-04 1.5191306260e+04 2.7616116326e-01 
1.6335072943e-05 1.1278424419e+04 3.3232156913e-01 
1.7057498988e-05 1.3337840153e+04 1.4428301227e+00 
6.4484867124e-05 1.1724536894e+04 5.9309401626e-01 
8.1144467877e-05 1.3392121714e+04 1.0466899958e+00 
8.4617621524e-05 1.9565685150e+04 6.7393892164e-01 
7.7707970326e-05 1.2062431606e+04 5.0379258583e-01 
1.5933951208e-04 1.2240470462e+04 9.1839146151e-01 
4.1734708269e-05 1.4982948399e+04 4.9617973435e-01 
3.7328757390e-05 1.1304106334e+04 9.4469036159e-01 
8.0397557715e-05 1.1506501454e+04 1.1853915318e+00 
9.4732345189e-05 1.5076393379e+04 7.0467165684e-01 
4.5498832840e-05 1.6986256203e+04 1.0354724678e+00 
9.5194014459e-06 1.3353557870e+04 6.5634344911e-01 
2.4806528979e-05 1.7282692179e+04 8.5055757742e-01 
3.2047532462e-05 1.2817799960e+04 6.2989304650e-01 
4.5888852081e-04 1.3215342049e+04 1.0600341378e+00 
3.4982896055e-05 1.7508687303e+04 1.4677800566e-01 
1.7496950353e-05 1.2186111241e+04 9.7896071476e-01 
2.2946464981e-05 1.2143134330e+04 6.1929630007e-01 
9.2299992428e-05 1.2463008616e+04 1.0315604217e+00 
8.7684402113e-05 1.1356877436e+04 7.6402926354e-01 
2.5104163977e-04 1.2914501900e+04 5.0907426904e-01 
9.7498830035e-05 1.3631939748e+04 9.9293976558e-01 
2.0157486063e-05 1.5264739769e+04 5.4690648580e-01 
1.6373310045e-04 1.2343301418e+04 9.4285320348e-01 
1.5442664292e-04 1.4038715455e+04 1.0997627684e+00 
1.1607280346e-05 1.5108073479e+04 3.8580207960e-01 
2.2356337816e-05 1.5156594697e+04 3.3944335083e-01 
1.3562247380e-04 1.3218646526e+04 1.5045058160e+00 
7.6788040949e-04 1.9785190033e+04 5.2835434194e-01 
1.3488991894e-04 1.3420868363e+04 1.2675688636e+00 
1.7601240980e-05 1.7666550224e+04 7.1653613591e-01 
1.8373287414e-04 1.3796751712e+04 2.1284725334e-01 
1.2135582857e-05 1.6011839746e+04 4.5221661377e-01 
4.2330466814e-04 1.2073489145e+04 7.4072995490e-01 
3.2586400857e-05 1.3459151374e+04 1.1189521328e+00 
1.1908645570e-04 1.1671033159e+04 1.0445077316e+00 
9.9035647266e-05 1.8015431603e+04 1.1538510657e+00 
8.7910602132e-05 1.1437752503e+04 6.8496624280e-01 
5.4614548224e-05 1.1812600939e+04 6.3559883961e-01 
2.9892064135e-04 1.4167970830e+04 8.7155219255e-01 
3.5789345595e-05 1.1878372317e+04 2.4438938282e-01 
5.0190242897e-05 1.3202953447e+04 1.4583043210e-01 
2.3151277686e-05 1.5136071700e+04 1.0749240477e+00 
3.0026626482e-04 1.1264770256e+04 1.3310973052e+00 
2.7132804546e-05 1.4350191647e+04 6.2601167331e-01 
2.2781205090e-05 1.6038092448e+04 7.9098685540e-01 
8.4970556256e-06 2.5000000000e+04 5.8040182331e-01 
1.9380603380e-05 1.4676696329e+04 1.2127826051e+00 
5.0529602702e-05 1.3426628602e+04 4.0656725600e-01 
7.5862234102e-05 1.3592135758e+04 5.0023356021e-01 
5.8663361709e-05 1.4531799081e+04 1.4319843428e+00 
2.5431237828e-05 1.2677227476e+04 1.2604437938e+00 
2.5128212932e-05 1.4148823934e+04 5.8053105541e-01 
2.5959005175e-05 1.5298173269e+04 1.0846312211e+00 
4.7527499793e-05 1.3106563457e+04 3.7846499622e-01 
6.1141314655e-05 1.9934561885e+04 4.4905678625e-01 
2.6596896215e-05 1.2792327552e+04 8.9099207048e-01 
4.6951808518e-05 1.7487023489e+04 3.9315349907e-01 
3.3633254909e-05 1.3346291362e+04 5.4002590352e-01 
2.4736043382e-05 1.1827017381e+04 4.4785317031e-02 
9.2814645740e-05 1.2547643665e+04 2.1937468568e-01 
2.0152608767e-04 1.4124695588e+04 1.0204903292e+00 
1.1347126169e-04 2.2623504119e+04 1.1871734139e-01 
9.0231973172e-05 2.1167331524e+04 9.5981435666e-01 
4.3063459997e-05 1.4237742424e+04 1.0067176983e+00 
2.8176567184e-05 1.8759555680e+04 7.4168121750e-01 
1.0423126801e-05 1.5868076255e+04 1.5473748830e-01 
1.8881639796e-04 1.2650675468e+04 9.9085485445e-01 
7.1090194474e-05 1.1837241386e+04 4.2886581008e-01 
3.5611232453e-04 1.3977906083e+04 7.0974122729e-01 
1.2052013860e-04 1.2112426650e+04 1.5909676373e-01 
1.4829427868e-05 1.2097911474e+04 5.7388874405e-01 
2.4257901804e-05 1.5835044229e+04 8.4619107918e-01 
1.9180366154e-05 2.0629566655e+04 5.1028617560e-01 
5.2311329704e-04 1.4734710269e+04 1.3113327572e+00 
5.9138746526e-05 1.4590052787e+04 1.3542815150e+00 
1.1003594402e-04 1.3688008548e+04 6.0016551893e-01 
2.5602004233e-05 1.3178290199e+04 4.8539033701e-01 
9.4225349971e-05 1.2387056422e+04 7.2564499424e-01 
6.5521842409e-05 2.4731543220e+04 8.0291331530e-01 
3.6901170414e-05 1.4535697200e+04 1.4551815638e+00 
3.3255954248e-05 2.0660741569e+04 1.2016794080e+00 
9.9570656708e-05 2.0149579795e+04 5.7478594774e-01 
9.4374275092e-05 1.2380576261e+04 1.3348465685e+00 
3.1364615513e-04 1.2255816822e+04 1.3706740434e+00 
5.7967449143e-06 1.2426119537e+04 8.2685588174e-01 
7.6390954904e-05 1.2186432997e+04 5.8809285226e-02 
1.1044773107e-04 1.3776318201e+04 4.7378556198e-01 
4.5353366682e-05 1.4956483106e+04 4.2243442000e-01 
6.7388258286e-05 1.2118068254e+04 5.8251502447e-01 
3.1536105691e-05 1.5240760225e+04 6.3351645212e-01 
4.4535008354e-05 1.4631281580e+04 4.9373479849e-01 
1.9956177430e-05 1.1509661932e+04 1.0011357374e+00 
3.3076602161e-04 2.0540133201e+04 9.0923451476e-01 
4.1978696770e-05 1.1403045745e+04 8.1557807706e-01 
3.1161326375e-04 1.1216648685e+04 1.3204950280e+00 
9.7087299157e-05 1.5163834641e+04 1.1044975072e+00 
8.7101174911e-05 1.1570760196e+04 1.1068675336e+00 
2.8327004826e-05 1.3860981904e+04 1.4224159410e+00 
6.0395665068e-04 1.6808976224e+04 9.1293759500e-01 
3.8945172587e-05 1.1390469310e+04 9.6956667405e-01 
1.0005420698e-05 1.2301563269e+04 4.3802284421e-01 
6.1234869876e-04 1.3150987478e+04 1.1600831333e+00 
3.9300973431e-05 1.3635673719e+04 7.7788143793e-01 
4.3035407563e-04 1.1746441305e+04 1.4213019736e+00 
6.1465780680e-05 2.3703556083e+04 1.1512856647e+00 
2.5405849016e-05 1.6839369032e+04 1.2931413299e+00 
3.9896259007e-05 1.5466666266e+04 1.1344610473e+00 
8.8306859713e-04 1.2245140046e+04 1.9195132994e-01 
1.4495604458e-05 1.3151559108e+04 1.1912029399e+00 
3.0008041286e-04 1.5774578853e+04 8.8022042182e-01 
6.1590936918e-05 1.2054795517e+04 1.3336853664e+00 
1.1365758057e-04 1.4180351019e+04 1.2668412182e+00 
5.3182155908e-05 2.1866008171e+04 8.1499927100e-01 
1.3123151873e-05 2.0477004883e+04 3.8331320780e-01 
3.4517144609e-04 1.4313593358e+04 1.2737959665e+00 
3.2317022850e-05 1.3721417287e+04 1.0214179455e+00 
4.7118930301e-05 1.2169239539e+04 3.6354594820e-01 
1.3423264205e-04 1.8407640231e+04 1.0010003768e+00 
3.8675140489e-05 1.3350417292e+04 1.0046849290e+00 
2.6003620274e-04 1.3521259067e+04 7.4433394572e-01 
9.3563307760e-05 1.3441326329e+04 1.1098089740e+00 
1.5298577530e-05 1.1779443058e+04 1.2944530852e+00 
1.6754060302e-05 1.7756447023e+04 1.1341790568e+00 
1.4657529371e-04 1.8943002171e+04 9.1443308516e-01 
2.5137360942e-05 1.2166461368e+04 4.3540966601e-01 
3.3424987720e-05 1.1614078677e+04 7.8613207671e-01 
2.4500246241e-04 1.2198072746e+04 9.5967849266e-01 
6.9720331728e-06 1.1830824224e+04 1.3246391396e+00 
8.3006076500e-04 1.1950827136e+04 1.2986190388e+00 
4.2623950214e-04 1.3207353816e+04 1.2284710990e+00 
1.0250699688e-04 1.6616037937e+04 5.4595698846e-01 
3.7189177321e-05 1.6950910533e+04 1.0853049529e+00 
2.1694690411e-04 1.3409146750e+04 8.9882679552e-01 
5.0014834345e-05 1.4565460833e+04 2.9497781595e-01 
3.4265913528e-04 1.1550627569e+04 2.3718622332e-01 
6.1110265889e-05 1.2631296047e+04 2.7042794400e-01 
2.2657443783e-05 1.4372278840e+04 1.0488824220e+00 
2.4575123869e-05 1.2239126510e+04 1.5159450347e+00 
9.7201380078e-05 1.2522358218e+04 4.9915430508e-01 
2.4080598353e-05 1.1996396208e+04 5.8827243090e-01 
1.4194844644e-05 1.7605993497e+04 5.9757693419e-01 
1.7641011813e-05 1.1638150599e+04 4.5783026919e-01 
5.3333285398e-05 1.1371125779e+04 4.8198323688e-01 
2.0403681428e-04 1.2322377323e+04 8.6314745299e-01 
5.3850117111e-05 1.2603420305e+04 5.7641508229e-01 
1.1804561546e-04 1.1622880720e+04 6.4566936689e-01 
5.6376054292e-05 1.1618359247e+04 8.7151881910e-01 
2.1766284369e-05 1.1432012675e+04 1.0044182272e+00 
1.5632422760e-04 1.5599902896e+04 1.0409473636e+00 
3.3228249656e-04 1.4177185718e+04 6.4656082114e-01 
1.0714003522e-04 1.3706247633e+04 6.3275663024e-01 
5.6572039856e-05 1.8142640750e+04 8.0214399845e-01 
1.4487248029e-04 1.1205180990e+04 1.0770589639e+00 
1.8569602158e-05 1.1915768714e+04 1.0044406086e+00 
1.0713172025e-04 1.6740981754e+04 5.0294710323e-01 
2.2096092835e-04 1.4022548320e+04 7.7069146219e-01 
1.1370525268e-04 1.4105139575e+04 4.9405796040e-01 
6.9845917940e-05 1.3789961127e+04 8.5975245803e-01 
7.0764820431e-05 1.3144347227e+04 2.3595602067e-01 
3.2861993446e-04 1.4658555013e+04 8.8651416656e-01 
7.1308909767e-05 1.1281349309e+04 7.8186555932e-01 
9.0545114873e-05 1.7560950636e+04 5.3725386613e-01 
5.8705225373e-05 1.6460369465e+04 9.6732387659e-01 
5.8312236033e-04 1.1271861954e+04 6.9974238337e-01 
5.0648181022e-04 2.1027593284e+04 6.5808234493e-01 
9.1322224783e-05 1.2255633926e+04 4.8188266893e-01 
1.1883369123e-04 1.7621345851e+04 6.7496906143e-01 
1.0081917339e-05 1.3886496072e+04 6.1258555033e-01 
6.8149551681e-05 1.4392638582e+04 9.0593932079e-01 
3.6829859056e-05 1.1273981000e+04 7.3820487006e-01 
7.2902337588e-05 1.1520347746e+04 2.6755643272e-01 
5.9033109629e-05 2.0963681166e+04 9.9989712454e-01 
4.3831247866e-05 1.1499619835e+04 8.9358163486e-01 
6.2450015990e-05 1.1747286058e+04 6.1218551976e-01 
5.4626161355e-06 1.2271002734e+04 6.7681477401e-01 
1.6274260638e-05 1.3384689902e+04 1.4926627253e+00 
4.3924993572e-05 1.3989562170e+04 1.3477111355e+00 
1.6414467974e-04 1.7669813108e+04 7.4506903950e-01 
3.9711601851e-05 1.1943863368e+04 2.4197312458e-01 
4.1209327291e-05 1.4380852702e+04 1.0674020889e+00 
1.9852265818e-05 1.9335123721e+04 8.8538568107e-01 
9.7678229511e-04 1.2755897483e+04 5.1207794905e-01 
7.6791699025e-05 1.1377053667e+04 8.6709121624e-01 
4.9096429186e-05 1.2139626264e+04 5.6710759291e-01 
5.3519784194e-05 1.1270406200e+04 1.0222844848e+00 
9.4759294537e-06 1.1716541513e+04 1.1439566663e+00 
2.0809985908e-05 1.6687366165e+04 7.3498964062e-01 
3.6885837756e-05 1.2297366703e+04 4.1633612733e-01 
8.0164318219e-05 1.3249932968e+04 5.8837793571e-01 
2.7576102367e-05 1.3241014976e+04 4.0126275906e-01 
8.5070636096e-05 1.6928985655e+04 1.0970537863e+00 
5.2360038566e-05 1.4229178061e+04 7.7888526031e-01 
3.2878567215e-04 2.5000000000e+04 9.0370677167e-01 
5.6640632483e-05 1.3712574236e+04 7.8893923762e-01 
3.2852174414e-04 1.4983232105e+04 1.4112303590e-01 
1.5177278289e-04 1.2817706901e+04 6.6589900119e-01 
9.3795535661e-05 1.1251458059e+04 8.7771945838e-01 
8.0818562116e-06 1.5886444490e+04 6.0114078530e-01 
4.2863508955e-05 1.1713394485e+04 5.0191053167e-01 
4.9424407589e-05 1.2544675549e+04 3.2728163835e-01 
7.8160429718e-05 1.2435131973e+04 8.1661054939e-01 
7.6334091799e-05 1.8457403834e+04 3.2112598747e-01 
4.0725276964e-05 1.2600197445e+04 6.1460635436e-01 
1.1133273974e-04 1.2015277830e+04 9.3841993891e-01 
6.5825610328e-06 1.7996745667e+04 2.8701081681e-01 
1.2759765597e-04 1.3101679556e+04 4.6231033568e-01 
1.1666599449e-05 2.0013572387e+04 9.6286106912e-01 
4.2194031794e-04 1.3056805434e+04 1.1761880489e+00 
5.1101664883e-05 2.5000000000e+04 8.5364409035e-01 
5.3437932887e-05 1.1458089226e+04 1.0413512146e+00 
1.5007818945e-04 1.4280203268e+04 3.0776575222e-02 
1.6009113358e-04 2.0567590832e+04 6.0830041582e-01 
1.8539740775e-04 1.5865308585e+04 5.7486689047e-01 
3.2149977209e-04 1.2844871685e+04 1.0855614790e+00 
4.4405529267e-05 1.2958901952e+04 6.5607511467e-01 
2.1767787016e-04 1.3392268989e+04 3.2150929175e-01 
8.8473868600e-05 1.4045335002e+04 4.4941930774e-01 
1.2346549684e-05 1.2954065320e+04 5.4545158350e-01 
1.2315172443e-05 2.0677414443e+04 1.1403201793e+00 
2.2260918345e-05 1.2793619997e+04 8.2741258531e-01 
2.1041816623e-04 1.8908896079e+04 1.1738665717e+00 
6.1762180808e-04 2.5000000000e+04 1.1955917684e+00 
5.9351991247e-05 1.1348138949e+04 4.9413428989e-01 
1.2732735509e-04 1.3722706934e+04 5.6715321409e-01 
9.1242377607e-04 1.8474618134e+04 1.2082657630e+00 
2.1180294917e-05 1.1325329101e+04 1.0763355187e+00 
3.0042032505e-05 1.1725312928e+04 7.6199790997e-01 
1.3354782095e-04 1.2914124726e+04 7.6202232689e-01 
1.6760676356e-04 1.4862041168e+04 9.0547021372e-01 
2.8312791978e-05 1.2427810987e+04 9.3723438740e-01 
2.7288719776e-05 1.8509435402e+04 9.9821942735e-01 
1.9079956430e-05 1.3339848986e+04 5.3359285781e-01 
1.1197501723e-05 1.1661040859e+04 8.1459702419e-01 
2.5370118117e-04 1.6817730752e+04 8.6132605935e-01 
7.9148652380e-05 1.2684580257e+04 1.2094259061e+00 
1.8381863631e-05 1.3119746408e+04 4.3769099095e-01 
5.0329251447e-04 1.5903369897e+04 7.1400376708e-01 
5.3825332058e-04 1.2941156533e+04 4.8819940181e-01 
1.3758514609e-05 1.2770643559e+04 1.0048720124e+00 
8.6150882841e-05 1.4031000806e+04 1.2441942351e+00 
1.9880156809e-05 2.0768577516e+04 1.3294859270e+00 
3.3390769505e-05 1.5475517369e+04 1.2150660798e+00 
1.3389008810e-04 1.6002708857e+04 8.6226416793e-01 
1.9966301021e-04 1.2327386057e+04 1.0512342271e+00 
8.8657571165e-06 1.1250896002e+04 8.2983720854e-01 
2.0513765870e-05 1.7995725307e+04 9.6334773519e-01 
2.7725792673e-05 1.2708699394e+04 1.1327479222e+00 
6.1627689158e-06 1.3347323324e+04 8.5072541151e-01 
8.6139899131e-05 1.3624262878e+04 5.1094085228e-01 
1.2633713418e-05 1.3174764346e+04 3.6986567133e-01 
3.9797023555e-05 2.3458548030e+04 6.1723083192e-01 
2.6119967754e-05 1.5232964908e+04 1.1359585493e+00 
1.4536224707e-04 1.2538106466e+04 7.5607699894e-01 
4.5968521066e-05 1.6185851656e+04 1.1503760382e+00 
5.0938031262e-04 1.3446129422e+04 1.0240146624e+00 
1.6863288301e-04 1.4041135172e+04 5.3150210864e-01 
2.6746511581e-05 1.2515113693e+04 8.9689732589e-01 
1.0515876787e-04 1.1963415417e+04 5.6167026194e-01 
1.5580982888e-05 1.2200183196e+04 1.3729009919e-01 
2.2983571978e-05 1.2846126470e+04 2.6083272466e-01 
5.9647646199e-06 1.1796055860e+04 1.2053147692e+00 
6.1141087534e-05 2.5000000000e+04 1.3638738165e+00 
2.6426122200e-04 1.1653599196e+04 1.2345161282e+00 
1.3087262236e-04 1.4754654523e+04 8.7802931987e-01 
2.4132297375e-05 1.2084272100e+04 7.9075616157e-01 
5.8168060424e-05 1.6220985445e+04 9.0655763590e-01 
1.1184132297e-05 1.1222011788e+04 8.2862173083e-01 
5.2583803750e-05 1.4765674820e+04 6.5893675939e-01 
6.1988095219e-05 1.1840926113e+04 3.9960069794e-01 
5.6223379951e-05 1.1275388372e+04 3.3069199955e-01 
5.8209650045e-06 1.3598305743e+04 7.4146102380e-01 
3.2951917289e-05 1.1839299046e+04 7.4289492132e-01 
2.2888006232e-04 1.2103682380e+04 1.0886989445e-01 
1.9038648653e-05 1.8363135471e+04 8.7912859976e-01 
5.5488798773e-05 1.1390295879e+04 7.5520629840e-01 
9.4331202642e-04 1.1809512363e+04 7.2476589844e-01 
1.1706474568e-04 1.2769498325e+04 1.1680909459e+00 
3.0093903538e-05 1.1505478436e+04 2.5324620680e-01 
1.1499785946e-05 1.1704963878e+04 1.1231031135e+00 
4.4365425381e-05 1.1204662188e+04 5.5170924654e-01 
3.2840048779e-05 1.2712922865e+04 1.1458125406e+00 
2.0975207420e-05 1.1964662147e+04 1.1171934837e+00 
4.1758406826e-05 1.3210970070e+04 6.1480876625e-01 
7.3765132578e-06 1.1748125448e+04 1.2254479123e+00 
7.1802379273e-05 1.1473660731e+04 8.8153088900e-01 
8.0779639203e-05 1.1983486945e+04 7.3448971676e-01 
6.8373993389e-05 1.2255092444e+04 1.0599237672e-01 
3.5667084045e-04 1.3561813285e+04 1.0108606379e+00 
5.3575097429e-05 1.2617365399e+04 9.8220965854e-01 
1.5104755232e-04 1.2267559795e+04 5.5228405908e-01 
3.6997291125e-05 1.6662080541e+04 6.0159571613e-01 
2.0420402504e-05 1.4283465330e+04 5.1586618172e-01 
7.3579350538e-05 2.5000000000e+04 9.8807896729e-02 
1.6466344178e-04 1.1511637766e+04 1.1835338222e+00 
4.5301716643e-05 1.3279299200e+04 6.2561484944e-01 
1.2528773912e-05 2.5000000000e+04 5.5721825866e-01 
4.0617836404e-05 1.2976251375e+04 8.4855169565e-01 
1.6782855280e-04 1.1270542156e+04 8.8327358661e-01 
9.8899954521e-06 1.2080041772e+04 1.5594998863e+00 
1.4599900646e-04 1.2319332853e+04 1.1117829771e+00 
3.4886513546e-05 1.1787060199e+04 6.1964811194e-01 
3.9710556345e-05 1.6448459648e+04 1.0444156748e+00 
7.3901968041e-06 1.1540140481e+04 1.4747381704e-01 
1.3081397121e-04 1.4625260608e+04 1.0538587831e+00 
3.7232355761e-04 1.3005185577e+04 1.0818354763e+00 
1.3837551990e-04 1.2231656646e+04 6.7231951526e-01 
8.5234386330e-05 1.4531548975e+04 1.2612018157e+00 
4.7607029138e-05 1.2430325872e+04 5.2219219708e-01 
6.8039620127e-05 2.0392355518e+04 1.8397590032e-01 
4.5832849002e-05 1.5469713980e+04 9.4914054785e-01 
5.0580889414e-05 1.3846343198e+04 4.0930953429e-01 
1.6135036718e-04 2.5000000000e+04 9.0511081357e-01 
6.3090892655e-05 1.7695722377e+04 7.2716191971e-01 
1.1357962571e-05 1.1896718453e+04 1.2114015134e+00 
1.9209625567e-05 2.5000000000e+04 1.0191345755e+00 
1.0870216351e-05 1.5294579063e+04 6.6561570287e-01 
2.2106120259e-05 1.1437277566e+04 9.0115074899e-01 
3.4374094699e-04 1.4415409136e+04 1.3892574323e+00 
1.9837882544e-05 1.1312360093e+04 8.5258417638e-01 
1.1302693067e-04 1.2399476879e+04 6.5247831711e-01 
3.8270469248e-05 1.2385238438e+04 7.5672778023e-01 
6.6217449442e-05 1.2628228428e+04 1.3536344423e+00 
2.6643170481e-05 2.5000000000e+04 5.3677595058e-01 
2.1701566655e-04 1.1843004254e+04 4.5961821849e-01 
1.0238732318e-05 1.4419528066e+04 6.9445246541e-01 
4.4308980697e-05 1.3056848741e+04 5.1472801562e-01 
6.0096874628e-04 1.3826012042e+04 1.0607034634e+00 
5.5331473716e-05 1.2186148433e+04 1.3255991845e+00 
1.1349781096e-04 1.2803431792e+04 7.1562708706e-01 
1.1444402613e-04 1.2848862621e+04 9.3177434652e-01 
3.0749300784e-04 1.6452200009e+04 1.1461485338e+00 
2.9181197368e-05 1.8398138592e+04 1.1072820503e+00 
1.3706819472e-05 1.1470134431e+04 4.2086541812e-01 
4.3231705355e-05 1.2041013571e+04 9.5793916890e-01 
7.2042549567e-05 1.1236969497e+04 7.7165643271e-01 
1.1100179711e-04 1.2145315172e+04 7.7650661464e-01 
3.2529388997e-05 1.2035893738e+04 1.0012357861e+00 
4.8446220171e-05 1.1783837678e+04 5.2510182838e-01 
2.5223719893e-04 1.3318121463e+04 1.2563381948e+00 
6.6557285583e-04 1.1323911711e+04 8.8373100004e-01 
5.1608399855e-05 1.1540143819e+04 9.7378733059e-01 
6.1911871084e-05 1.1202915964e+04 8.8446851336e-01 
1.2975618077e-05 1.2318409683e+04 1.0687311413e+00 
1.1663312015e-04 1.2381356992e+04 1.4001999940e+00 
1.3856574151e-04 1.7010089688e+04 1.1700059909e+00 
2.8590116769e-05 1.4411857416e+04 5.9365942226e-01 
3.9417438960e-05 1.3091175133e+04 6.7253694673e-01 
6.8829807202e-05 1.6014089735e+04 1.1922738502e+00 
2.2726050336e-04 2.2543708904e+04 2.0429721895e-01 
6.0630622942e-04 1.3428459393e+04 9.9904377345e-01 
2.9258258601e-05 1.2180175132e+04 5.7279214115e-01 
3.3719520551e-05 1.2198897958e+04 4.5257806850e-01 
3.6159032715e-05 1.4069513792e+04 1.4315442033e-01 
1.9440546179e-04 1.1867210685e+04 9.1404999523e-01 
3.0403515664e-05 1.3203377383e+04 5.9065890330e-01 
2.4224395046e-05 1.1231331693e+04 9.9059991994e-01 
3.8597397644e-04 1.1745388241e+04 3.0534589367e-01 
4.7541396744e-05 1.2943537527e+04 6.7269082131e-01 
4.3069562118e-05 1.1341872666e+04 1.1647995169e+00 
3.2723001173e-05 1.5277859111e+04 1.4237700128e+00 
6.2881356624e-05 1.3246818762e+04 1.2289386996e+00 
1.3904181374e-04 1.3840905231e+04 1.1695423160e+00 
4.0743289743e-05 1.2727752590e+04 1.0948616959e+00 
9.6289024392e-05 1.2203613483e+04 5.3277628618e-01 
4.0147681084e-05 1.8440430569e+04 8.3092888102e-01 
1.7982612888e-04 1.1315498376e+04 7.0177434625e-01 
2.5815880240e-04 1.3292014325e+04 9.1363512562e-01 
1.6352218253e-04 1.4737416225e+04 8.4212972118e-01 
2.7008230708e-05 1.4537112519e+04 9.4083722322e-01 
1.2146713882e-04 1.6342427256e+04 5.6390617986e-01 
3.3608455206e-05 1.2499350390e+04 3.7394763674e-01 
4.0826432203e-04 1.3381006205e+04 1.1994381864e+00 
3.2216995422e-05 1.4056360014e+04 7.0031157577e-01 
6.1215135610e-06 1.7399382460e+04 7.7925785214e-01 
1.1359557184e-04 1.2510018033e+04 1.2171432478e+00 
2.1965533742e-05 1.4154311684e+04 9.9580337210e-01 
1.1428460239e-04 1.4534304950e+04 8.6790352908e-01 
3.1405468783e-05 1.3286912356e+04 3.9618565997e-01 
5.1386187777e-05 1.4380731994e+04 1.2874818774e+00 
5.4764796163e-05 1.9781662415e+04 7.6924981045e-01 
8.9960687372e-05 1.8968410778e+04 5.5722280474e-01 
2.7650541398e-04 1.3840854766e+04 1.2168314254e+00 
7.6249219160e-05 2.4246237197e+04 3.0584096891e-01 
2.8406433823e-05 1.1887134675e+04 1.2298448713e+00 
3.0146439332e-05 1.1660541805e+04 4.1394199291e-01 
2.9104247340e-05 1.2220395280e+04 8.7560264714e-01 
1.3054593826e-04 1.1568277655e+04 7.2496750739e-01 
7.3981248903e-05 1.2268317307e+04 2.9079898175e-01 
5.8668457234e-04 1.5746695005e+04 8.5361240144e-01 
4.6887202923e-05 1.1219906517e+04 5.4337648815e-01 
2.0655454775e-04 1.2269005060e+04 4.3813719404e-01 
1.4680845060e-05 1.1357659597e+04 6.9668231596e-01 
3.1603263710e-04 1.1708464246e+04 9.9010515705e-01 
2.6366269099e-04 1.1235674015e+04 1.0832659701e+00 
1.2510668854e-05 1.2499878393e+04 9.9145693588e-01 
1.2629714422e-05 1.1448431790e+04 5.3188771713e-01 
4.2813611614e-05 1.1437039760e+04 7.5324216072e-01 
6.1808073745e-06 1.2369062072e+04 6.1692237907e-01 
1.9739423904e-05 1.2167673275e+04 1.0582607265e+00 
5.0577091054e-04 1.1217221099e+04 7.8539456409e-01 
9.4221613990e-06 2.0495152772e+04 2.4895022159e-01 
6.0854401993e-05 1.2700725363e+04 1.0285942774e+00 
8.1049054799e-05 1.2017668830e+04 4.8058316228e-01 
5.6405791186e-04 1.1418288043e+04 7.0265925034e-01 
1.8925527675e-04 1.3819291733e+04 1.1355049383e+00 
6.6844288336e-06 1.7753403796e+04 1.3107862724e+00 
1.9474277269e-04 2.5000000000e+04 1.0213335274e+00 
5.9490158236e-05 1.3403623785e+04 5.7920649319e-01 
1.3885998282e-05 1.1285283884e+04 9.7074116087e-01 
6.4284965714e-06 1.3812484416e+04 4.7870812460e-01 
1.0225123128e-05 1.4031859634e+04 5.9711055620e-01 
1.3231406029e-05 1.1640266084e+04 6.8834327424e-01 
3.6337146489e-05 1.7840900841e+04 3.6935869025e-01 
1.1123064336e-05 1.3073570636e+04 6.4921239758e-01 
1.2272902693e-05 1.9159653004e+04 4.4631699152e-01 
