9.8168985272e-10 1.5550354741e+04 1.7197588219e-01 6.6000000000e-01 
1.4395487250e-07 1.1219242955e+04 4.9314981012e-01 6.6000000000e-01 
1.1731935142e-08 1.1205321661e+04 6.0547912858e-01 6.6000000000e-01 
4.9824771640e-08 1.1902716879e+04 4.4054256245e-01 6.6000000000e-01 
2.2486025083e-07 1.1338978649e+04 1.3413733738e+00 6.6000000000e-01 
1.0208039182e-09 1.3063829419e+04 9.6129934229e-01 6.6000000000e-01 
3.8741606351e-12 1.2863234378e+04 3.3060371299e-01 6.6000000000e-01 
8.0318178144e-10 2.3321272527e+04 3.1980060545e-01 6.6000000000e-01 
1.0305216495e-10 1.4314287679e+04 5.0627758517e-01 6.6000000000e-01 
7.5808844380e-10 1.2580508452e+04 2.4329715347e-01 6.6000000000e-01 
3.0210563102e-11 1.1365600830e+04 1.0469885818e+00 6.6000000000e-01 
4.7226328201e-10 1.1992221364e+04 3.1162855209e-01 6.6000000000e-01 
7.7729524161e-08 1.2685889776e+04 1.0495987364e+00 6.6000000000e-01 
1.3418389784e-08 1.4521736428e+04 5.7956069345e-01 6.6000000000e-01 
1.5838256341e-07 1.4184371633e+04 1.0100172119e+00 6.6000000000e-01 
2.3796229238e-10 1.4588919904e+04 1.0491113955e+00 6.6000000000e-01 
1.7738520085e-10 1.1228064346e+04 6.7803897144e-01 6.6000000000e-01 
6.4004371089e-10 1.1896421161e+04 1.6369673826e-01 6.6000000000e-01 
1.3970734791e-06 1.4332886614e+04 2.1516791938e-01 6.6000000000e-01 
2.3487171968e-10 1.2239082159e+04 6.7248781534e-01 6.6000000000e-01 
1.6554853896e-10 1.5515993293e+04 1.7543784927e-01 6.6000000000e-01 
4.6632452367e-09 1.1309519543e+04 3.2620343886e-01 6.6000000000e-01 
5.9383793470e-06 1.1753216354e+04 3.2433014738e-01 6.6000000000e-01 
4.0137457859e-08 1.3650984846e+04 5.5563714001e-01 6.6000000000e-01 
5.3308219647e-10 1.1602895766e+04 1.3994619851e+00 6.6000000000e-01 
2.1009299501e-08 2.1543031278e+04 1.1487587596e+00 6.6000000000e-01 
4.9115084916e-10 1.2413298449e+04 1.4853872325e+00 6.6000000000e-01 
5.4789996060e-12 1.4097700599e+04 1.1186809066e+00 6.6000000000e-01 
3.2639935632e-11 2.0484320291e+04 9.5195963313e-01 6.6000000000e-01 
2.4231132063e-08 1.3518642347e+04 8.2446618067e-01 6.6000000000e-01 
1.2004347212e-07 1.9380811742e+04 1.1580068448e+00 6.6000000000e-01 
2.1990741224e-09 1.4409687433e+04 6.1871123565e-01 6.6000000000e-01 
1.5519534917e-08 1.2628054460e+04 8.2364188993e-01 6.6000000000e-01 
5.3110127174e-11 1.4533050048e+04 9.6539205395e-01 6.6000000000e-01 
5.3074562170e-12 1.2130655819e+04 1.0780264833e+00 6.6000000000e-01 
5.3530890518e-09 1.3240852755e+04 4.2328943543e-01 6.6000000000e-01 
1.6689202230e-07 1.3336240358e+04 7.2907522159e-01 6.6000000000e-01 
3.5890666262e-10 1.4061816895e+04 1.0870285639e+00 6.6000000000e-01 
6.1745279598e-08 1.1466950035e+04 1.1058024813e+00 6.6000000000e-01 
2.5921464386e-08 2.4495190875e+04 1.3498021010e+00 6.6000000000e-01 
1.0889064364e-08 2.5000000000e+04 1.0939809129e+00 6.6000000000e-01 
1.8170648505e-09 1.2856636718e+04 5.6961979806e-01 6.6000000000e-01 
3.3969805627e-10 1.2831588614e+04 8.3127121927e-01 6.6000000000e-01 
2.3641132443e-10 1.4120682156e+04 7.6155723834e-01 6.6000000000e-01 
6.4520203984e-10 1.6715055659e+04 3.1590692862e-01 6.6000000000e-01 
3.5466757608e-11 2.3382297774e+04 6.3309856096e-01 6.6000000000e-01 
6.6511402540e-08 1.1808239429e+04 1.3291018662e+00 6.6000000000e-01 
5.8489216456e-08 1.3283115990e+04 1.9472535273e-01 6.6000000000e-01 
1.8039310975e-07 1.3043341261e+04 1.0482113755e+00 6.6000000000e-01 
1.0953468920e-10 1.2807273394e+04 6.9865516433e-01 6.6000000000e-01 
9.7893823276e-10 1.1619533784e+04 6.0247526613e-01 6.6000000000e-01 
9.5047604024e-09 2.5000000000e+04 1.5570416360e+00 6.6000000000e-01 
1.0962670103e-07 2.1316491857e+04 1.1044832997e+00 6.6000000000e-01 
1.2257874039e-08 1.2475897141e+04 7.6106278088e-01 6.6000000000e-01 
3.3553998006e-08 1.3815496115e+04 8.0653062959e-01 6.6000000000e-01 
8.7768750189e-10 1.2936728368e+04 8.3025422365e-01 6.6000000000e-01 
6.6949691914e-06 1.1944121017e+04 1.5120564869e+00 6.6000000000e-01 
4.0108819335e-10 1.1426529106e+04 1.0400161768e+00 6.6000000000e-01 
9.1240314625e-09 1.1292143621e+04 8.0881118466e-01 6.6000000000e-01 
3.1675567429e-09 1.5409628295e+04 4.4685455248e-01 6.6000000000e-01 
1.8391926141e-08 1.2682962887e+04 1.2399895518e+00 6.6000000000e-01 
3.6191999138e-09 1.3824121291e+04 4.1517383563e-01 6.6000000000e-01 
4.7103845635e-09 1.3620552171e+04 1.0196779716e+00 6.6000000000e-01 
1.9476185593e-08 2.5000000000e+04 1.1209373259e+00 6.6000000000e-01 
7.2759534837e-10 1.1965695364e+04 2.9969202508e-01 6.6000000000e-01 
4.9551624639e-06 1.2951655961e+04 1.0573084128e+00 6.6000000000e-01 
1.9910340688e-10 2.5000000000e+04 1.0785390873e+00 6.6000000000e-01 
5.6846933783e-11 1.2009518525e+04 1.1426412886e+00 6.6000000000e-01 
1.5465487977e-07 1.4740104847e+04 1.0755224937e+00 6.6000000000e-01 
2.2886464217e-10 2.1942538718e+04 7.1566662420e-01 6.6000000000e-01 
8.8439058715e-08 1.3568028747e+04 1.0337385252e-01 6.6000000000e-01 
2.2435423924e-09 1.1544985838e+04 7.1917517661e-01 6.6000000000e-01 
1.5899556141e-07 1.2607402613e+04 8.0054828804e-01 6.6000000000e-01 
2.4018081300e-06 1.3062991531e+04 1.9980504159e-01 6.6000000000e-01 
4.4553081387e-08 1.2570303952e+04 1.1260193362e+00 6.6000000000e-01 
3.8720408408e-11 2.5000000000e+04 4.2199536319e-01 6.6000000000e-01 
1.3449507143e-10 1.3437194824e+04 9.4711764963e-01 6.6000000000e-01 
2.2086910835e-08 1.3256469028e+04 6.5486992523e-01 6.6000000000e-01 
1.3847588821e-05 1.1428645573e+04 9.4738956145e-01 6.6000000000e-01 
1.3810398322e-07 1.3581458144e+04 5.8368597251e-01 6.6000000000e-01 
3.4077053266e-09 1.4312784755e+04 7.7018739918e-01 6.6000000000e-01 
5.9884473215e-11 1.2218409715e+04 5.8987620382e-01 6.6000000000e-01 
6.0157517609e-07 1.7454849063e+04 1.3090691742e+00 6.6000000000e-01 
9.1151893531e-11 1.7257266614e+04 8.6376838766e-01 6.6000000000e-01 
2.7964417389e-08 1.1870603739e+04 7.9745731487e-01 6.6000000000e-01 
9.4016716011e-10 1.1638649671e+04 1.0073814541e+00 6.6000000000e-01 
1.2543595764e-05 1.1692985102e+04 1.4450163678e+00 6.6000000000e-01 
1.8790274870e-09 1.4757485488e+04 6.0711680961e-01 6.6000000000e-01 
3.7554908835e-07 1.1325976674e+04 7.3772619229e-01 6.6000000000e-01 
5.5850076881e-09 1.4164749255e+04 9.3880660694e-01 6.6000000000e-01 
3.4668243235e-09 1.4163426550e+04 5.6994831546e-01 6.6000000000e-01 
7.7008719741e-11 1.2473662577e+04 1.2167459450e+00 6.6000000000e-01 
9.2898488374e-08 1.1386143141e+04 8.4560220801e-01 6.6000000000e-01 
5.0993698337e-10 1.3999449673e+04 1.3638620775e-01 6.6000000000e-01 
9.3462780053e-08 1.1607597900e+04 7.0120359764e-01 6.6000000000e-01 
1.8283301779e-05 1.1426480071e+04 5.0061868686e-01 6.6000000000e-01 
5.0496513703e-06 1.4611387821e+04 7.9395144027e-01 6.6000000000e-01 
1.0726954088e-10 1.4525281867e+04 1.1587083785e+00 6.6000000000e-01 
1.7064524953e-09 1.6307945977e+04 9.8990603636e-01 6.6000000000e-01 
1.6469246242e-10 1.1822357742e+04 9.0454115981e-01 6.6000000000e-01 
3.5439843198e-06 1.8588063432e+04 1.0384445198e+00 6.6000000000e-01 
6.4002752410e-10 2.0399730478e+04 1.0848047693e+00 6.6000000000e-01 
9.1766723149e-10 2.5000000000e+04 3.9779373338e-01 6.6000000000e-01 
3.3797953793e-09 1.1952112152e+04 5.3256388782e-01 6.6000000000e-01 
2.6777883028e-10 1.3441546440e+04 6.8784948754e-01 6.6000000000e-01 
9.4819228314e-10 1.2210893946e+04 5.5687408159e-01 6.6000000000e-01 
1.7452084948e-09 1.4105061980e+04 4.6654400751e-01 6.6000000000e-01 
1.7337811487e-11 1.1726739623e+04 7.9585364966e-01 6.6000000000e-01 
1.6927602152e-06 2.5000000000e+04 1.0611595942e+00 6.6000000000e-01 
2.4062166738e-07 1.2093183240e+04 7.7642305438e-01 6.6000000000e-01 
4.2569956622e-11 1.9806193265e+04 9.0286010056e-01 6.6000000000e-01 
8.1234895496e-08 1.1839662285e+04 6.0253875509e-01 6.6000000000e-01 
4.2191851572e-08 1.9135054738e+04 9.2921297312e-01 6.6000000000e-01 
1.0025783620e-09 2.5000000000e+04 9.5952223134e-01 6.6000000000e-01 
1.0922167612e-11 1.1920166260e+04 1.4649724246e+00 6.6000000000e-01 
6.0219992384e-06 1.3627538076e+04 8.8218537528e-01 6.6000000000e-01 
5.9304067455e-09 1.2596730944e+04 5.2150817183e-01 6.6000000000e-01 
6.6776294987e-09 1.2198011142e+04 6.3288451165e-01 6.6000000000e-01 
3.3834725852e-11 1.1356932239e+04 1.1069042261e+00 6.6000000000e-01 
1.7975028578e-08 1.2042334500e+04 9.8807459188e-01 6.6000000000e-01 
1.2596714169e-06 1.2023182206e+04 9.5488401754e-01 6.6000000000e-01 
2.2665979108e-06 2.1905209655e+04 4.8963417263e-01 6.6000000000e-01 
2.5022916182e-09 1.1398813774e+04 5.7846622366e-01 6.6000000000e-01 
4.7727918061e-10 1.2022254818e+04 8.0047262234e-01 6.6000000000e-01 
1.1542911682e-09 1.1611617663e+04 8.5476084470e-01 6.6000000000e-01 
2.3702701532e-10 1.9513194391e+04 7.0541993745e-01 6.6000000000e-01 
1.7725970324e-05 1.5676931965e+04 3.9368815961e-01 6.6000000000e-01 
3.2553344882e-06 1.2204244018e+04 9.2633332787e-01 6.6000000000e-01 
1.6143595699e-09 1.1741525555e+04 6.0589928654e-01 6.6000000000e-01 
6.7535930038e-10 1.4135797289e+04 8.8669208006e-01 6.6000000000e-01 
7.9182388743e-07 1.3856288216e+04 5.9070548275e-01 6.6000000000e-01 
9.2989929603e-09 1.1833772211e+04 1.1287742721e+00 6.6000000000e-01 
5.4409693196e-09 1.1386773750e+04 3.2368497206e-01 6.6000000000e-01 
7.0117956356e-10 1.1809244245e+04 9.1495613099e-01 6.6000000000e-01 
7.3719100304e-10 1.6663193258e+04 1.3753881546e-01 6.6000000000e-01 
5.4601952102e-11 1.4650359854e+04 6.2086456376e-01 6.6000000000e-01 
3.0360471699e-08 1.1721355029e+04 1.0508309280e+00 6.6000000000e-01 
8.9202019392e-09 1.4677759031e+04 3.7956239821e-01 6.6000000000e-01 
1.9317640264e-09 1.3789426587e+04 5.3485124046e-01 6.6000000000e-01 
3.8071793684e-10 1.5661732856e+04 2.3950774214e-01 6.6000000000e-01 
3.9310336965e-08 1.2202688409e+04 6.7615490942e-01 6.6000000000e-01 
3.2563467576e-08 1.5651116077e+04 1.2177949074e+00 6.6000000000e-01 
4.3354813946e-07 1.1563819955e+04 8.2099127277e-01 6.6000000000e-01 
1.1716574642e-08 1.5367360623e+04 4.8033282902e-01 6.6000000000e-01 
2.3662584894e-09 1.4455177018e+04 6.8324997621e-01 6.6000000000e-01 
3.2297264949e-08 1.4763356389e+04 2.4516405594e-01 6.6000000000e-01 
2.9671403245e-10 1.2528016464e+04 6.0201889047e-01 6.6000000000e-01 
6.1052906879e-09 1.1805296045e+04 2.7151825984e-01 6.6000000000e-01 
9.5588424028e-07 1.3754883590e+04 8.6647130128e-01 6.6000000000e-01 
1.7128887145e-07 1.2549714569e+04 9.0961834256e-01 6.6000000000e-01 
3.3736144730e-09 1.8383038077e+04 1.1544318396e+00 6.6000000000e-01 
2.5109569111e-09 1.5120514298e+04 1.3661984169e+00 6.6000000000e-01 
5.2543425432e-07 1.4898058157e+04 1.7188806249e-01 6.6000000000e-01 
2.9932674776e-09 1.2833507152e+04 7.4674892027e-01 6.6000000000e-01 
1.9415299202e-10 1.4582084399e+04 4.2444712991e-01 6.6000000000e-01 
1.9443059407e-10 1.2607971452e+04 7.2602651555e-01 6.6000000000e-01 
1.0186427103e-06 1.1221242137e+04 3.6817201471e-01 6.6000000000e-01 
1.0464789083e-08 1.2767644576e+04 7.0284572638e-01 6.6000000000e-01 
2.3936077240e-10 1.2222620277e+04 9.9976308445e-01 6.6000000000e-01 
2.0846036922e-08 1.5173775553e+04 1.4569994636e+00 6.6000000000e-01 
1.0609901701e-08 1.4845256942e+04 9.1732292491e-01 6.6000000000e-01 
1.7591631918e-10 1.1370472828e+04 4.9893013450e-01 6.6000000000e-01 
1.1193450925e-10 1.1884337263e+04 7.1196602362e-01 6.6000000000e-01 
1.2297874040e-08 1.9781050972e+04 8.0828711990e-01 6.6000000000e-01 
4.1217427022e-10 1.6939016088e+04 9.0372252274e-01 6.6000000000e-01 
1.9967298889e-07 1.2121762317e+04 9.4624198627e-01 6.6000000000e-01 
1.5761661405e-09 1.1319402134e+04 1.3141229118e+00 6.6000000000e-01 
5.0735347755e-08 1.2956547952e+04 6.3561759160e-01 6.6000000000e-01 
1.1378270363e-08 1.8304548188e+04 9.2483789820e-01 6.6000000000e-01 
8.7410167768e-11 1.6135296610e+04 3.6327930219e-01 6.6000000000e-01 
1.1804425319e-05 1.2676974378e+04 8.8384608888e-01 6.6000000000e-01 
1.2741082369e-10 1.6831996449e+04 5.8314414331e-01 6.6000000000e-01 
2.4358316103e-07 1.2082983318e+04 8.8140924750e-01 6.6000000000e-01 
4.7243101616e-11 1.3541357476e+04 7.7462076983e-01 6.6000000000e-01 
7.9724955314e-09 1.6684598529e+04 6.9825475309e-01 6.6000000000e-01 
1.0429318541e-08 1.3800319666e+04 8.2397694440e-01 6.6000000000e-01 
4.2931124411e-10 2.3737197858e+04 1.1125132570e+00 6.6000000000e-01 
4.7398110324e-07 1.8007655778e+04 1.4156275320e+00 6.6000000000e-01 
1.7470907720e-10 1.6748797763e+04 8.7339888859e-01 6.6000000000e-01 
1.0647267025e-08 1.1943738951e+04 6.2706277743e-01 6.6000000000e-01 
9.3232720617e-09 1.4674691541e+04 9.2863226729e-01 6.6000000000e-01 
3.6823297974e-12 1.2887666424e+04 9.1019412319e-01 6.6000000000e-01 
6.2596715773e-06 1.8452472217e+04 1.2235562934e+00 6.6000000000e-01 
1.5843904202e-11 1.3908937379e+04 8.1603240895e-01 6.6000000000e-01 
2.2781988461e-07 1.6868504422e+04 1.2999424919e+00 6.6000000000e-01 
5.2941201016e-08 1.3631023130e+04 7.2857230891e-01 6.6000000000e-01 
6.8248446793e-10 1.9976864867e+04 8.4764991368e-01 6.6000000000e-01 
6.3525204488e-10 1.4711489723e+04 1.0500363959e+00 6.6000000000e-01 
3.2097022282e-10 1.2725398181e+04 7.5650707674e-01 6.6000000000e-01 
2.3886196801e-06 1.9789624542e+04 7.4222915780e-01 6.6000000000e-01 
1.2041245332e-06 1.2225238087e+04 1.0383243396e+00 6.6000000000e-01 
3.9266429975e-11 1.3669924938e+04 1.0834105241e+00 6.6000000000e-01 
8.9555873948e-09 1.2221358913e+04 4.5542011045e-01 6.6000000000e-01 
1.5251217474e-07 1.2082886779e+04 8.8886116397e-01 6.6000000000e-01 
7.6934106014e-11 1.1444964624e+04 1.5258670943e+00 6.6000000000e-01 
2.5262176998e-09 2.3502079136e+04 4.9970377012e-01 6.6000000000e-01 
1.9458037202e-11 1.4332583342e+04 9.0533174275e-01 6.6000000000e-01 
1.3727370928e-08 1.1386409544e+04 3.9591615903e-01 6.6000000000e-01 
2.9255684340e-09 1.4704321500e+04 8.8541703841e-01 6.6000000000e-01 
4.9095960026e-09 2.5000000000e+04 1.2852125823e+00 6.6000000000e-01 
6.9543711759e-08 2.0972222475e+04 1.4708680173e+00 6.6000000000e-01 
8.6193251499e-06 1.7976242051e+04 4.0241230919e-01 6.6000000000e-01 
9.0131374851e-09 1.2336889750e+04 7.8403598230e-01 6.6000000000e-01 
8.4407648932e-12 1.6147957502e+04 4.8429637132e-01 6.6000000000e-01 
1.9890561784e-09 1.1972638845e+04 5.4124764935e-01 6.6000000000e-01 
1.2175757891e-09 1.4381802323e+04 6.8308647463e-01 6.6000000000e-01 
1.0713653099e-09 1.3612385387e+04 4.4617894637e-01 6.6000000000e-01 
1.3047834759e-07 1.2573952139e+04 4.4794043670e-01 6.6000000000e-01 
6.7699110181e-08 1.2642756790e+04 6.8741760860e-01 6.6000000000e-01 
1.0707535011e-07 1.7015448328e+04 9.5731737241e-01 6.6000000000e-01 
4.2213846078e-11 1.2516567730e+04 1.4158906554e+00 6.6000000000e-01 
3.4153660415e-10 1.2379078791e+04 4.9029780484e-01 6.6000000000e-01 
3.3988993304e-08 1.4892355819e+04 5.9290820054e-01 6.6000000000e-01 
1.9696933037e-08 1.1666520664e+04 1.3571840735e+00 6.6000000000e-01 
6.9434099963e-07 2.1596622455e+04 8.9734729458e-01 6.6000000000e-01 
9.8723482934e-09 1.2241574744e+04 9.8983350782e-01 6.6000000000e-01 
2.4966756306e-08 1.4003435525e+04 1.2319448328e+00 6.6000000000e-01 
2.3181073409e-08 1.3062144142e+04 7.9914849730e-01 6.6000000000e-01 
1.9852912835e-10 1.5462148298e+04 3.3441961434e-01 6.6000000000e-01 
3.1191623908e-10 2.5000000000e+04 1.2869308360e+00 6.6000000000e-01 
7.2020800238e-11 1.1204698644e+04 1.1271395176e+00 6.6000000000e-01 
2.5816948070e-05 1.2474302507e+04 1.0581155038e-01 6.6000000000e-01 
1.7332873665e-08 2.0694453019e+04 8.7749343897e-02 6.6000000000e-01 
1.5219960035e-05 1.7445336114e+04 7.3461984164e-01 6.6000000000e-01 
1.2864392565e-09 1.3441714543e+04 4.9776494202e-01 6.6000000000e-01 
1.5616487191e-10 1.1741669449e+04 3.6549572937e-01 6.6000000000e-01 
2.0817125664e-08 1.3587335422e+04 6.7840827737e-01 6.6000000000e-01 
7.7229017186e-08 1.5175573391e+04 1.2339401489e-01 6.6000000000e-01 
3.4556973782e-09 1.1829231240e+04 1.2620894495e+00 6.6000000000e-01 
2.0908864479e-07 1.4963021192e+04 1.0459615810e+00 6.6000000000e-01 
8.4564521970e-11 2.1441246788e+04 7.6469962657e-01 6.6000000000e-01 
1.4782158721e-08 1.7373156456e+04 8.2657838534e-01 6.6000000000e-01 
2.1217656561e-09 1.9196670954e+04 8.3129027307e-01 6.6000000000e-01 
7.5945571483e-06 1.3646204054e+04 9.6005112569e-01 6.6000000000e-01 
1.5810662053e-07 1.6404837716e+04 2.4112907968e-01 6.6000000000e-01 
1.4933802315e-06 1.9522851341e+04 4.7937291977e-01 6.6000000000e-01 
5.9718527228e-12 1.6742234262e+04 9.0191869629e-01 6.6000000000e-01 
3.6564213314e-08 1.7890302630e+04 4.1178635697e-01 6.6000000000e-01 
2.8062189514e-11 1.1875315404e+04 5.7136507534e-01 6.6000000000e-01 
1.8087683175e-07 1.4990641627e+04 1.2050549890e+00 6.6000000000e-01 
6.3733552988e-08 1.1804202010e+04 6.6146111373e-01 6.6000000000e-01 
4.5658589899e-07 1.2637499092e+04 1.3881754658e+00 6.6000000000e-01 
1.0346472927e-09 1.1254990017e+04 1.0606368492e+00 6.6000000000e-01 
3.1696173948e-09 1.1449229780e+04 9.9573859842e-01 6.6000000000e-01 
1.0768898001e-11 1.5938848782e+04 1.4064091160e+00 6.6000000000e-01 
2.8834810505e-06 1.3531802551e+04 1.0724367866e+00 6.6000000000e-01 
3.6262662054e-11 1.1953936106e+04 1.0928939100e+00 6.6000000000e-01 
4.0417054839e-09 1.1781727073e+04 1.2556012291e+00 6.6000000000e-01 
2.0045231328e-10 1.2232154933e+04 9.6046522738e-01 6.6000000000e-01 
9.4490493424e-10 2.5000000000e+04 1.2378152707e+00 6.6000000000e-01 
6.6964274088e-08 1.3494196471e+04 9.0093685783e-01 6.6000000000e-01 
1.1150730612e-07 2.5000000000e+04 7.6434387963e-01 6.6000000000e-01 
1.5890229722e-06 1.3979119714e+04 1.1291591290e+00 6.6000000000e-01 
4.7167659583e-07 1.6203039445e+04 7.5593919624e-01 6.6000000000e-01 
9.7599185609e-11 1.6471083599e+04 6.1985581459e-01 6.6000000000e-01 
7.2710013400e-10 1.5782940027e+04 9.0810806001e-01 6.6000000000e-01 
1.2120944108e-09 1.3121444500e+04 1.3614866431e+00 6.6000000000e-01 
3.3358026631e-08 1.2021528177e+04 5.1165734192e-01 6.6000000000e-01 
9.6086589041e-08 1.7967303713e+04 5.9719115932e-01 6.6000000000e-01 
6.7795847263e-10 1.4459016093e+04 9.8887632949e-01 6.6000000000e-01 
2.0242329291e-06 1.4843495609e+04 7.5930433956e-01 6.6000000000e-01 
9.2906258993e-06 1.1252993235e+04 1.1687511347e+00 6.6000000000e-01 
2.6705898889e-11 1.3902899970e+04 7.5722691842e-01 6.6000000000e-01 
1.0873428066e-10 1.5147049812e+04 3.9350606363e-01 6.6000000000e-01 
2.3390392643e-11 1.2218270619e+04 1.2478276315e+00 6.6000000000e-01 
6.4657463782e-08 1.3168560733e+04 6.0496464444e-01 6.6000000000e-01 
2.2107544083e-06 1.3619587118e+04 5.7797271281e-01 6.6000000000e-01 
6.5298954742e-07 1.7906915560e+04 1.4192416584e+00 6.6000000000e-01 
1.6110016464e-08 1.2160766766e+04 1.2278830584e+00 6.6000000000e-01 
1.4720983161e-07 1.3650690302e+04 9.6619843922e-01 6.6000000000e-01 
4.8951798576e-09 1.1575604085e+04 4.6062759479e-01 6.6000000000e-01 
1.1181123965e-09 1.4902515644e+04 5.2588728083e-01 6.6000000000e-01 
7.1564423305e-08 1.1578259263e+04 1.3204702283e-01 6.6000000000e-01 
1.7262911720e-11 2.5000000000e+04 5.5993421693e-01 6.6000000000e-01 
1.4804492440e-09 1.2285304728e+04 3.7753479426e-01 6.6000000000e-01 
1.7669717948e-10 1.7579944360e+04 5.5976894853e-01 6.6000000000e-01 
3.0719101523e-07 1.3470410647e+04 1.4677703012e+00 6.6000000000e-01 
6.4600315424e-12 2.5000000000e+04 4.8603729301e-01 6.6000000000e-01 
2.2731908852e-09 1.5575088289e+04 7.8491448919e-01 6.6000000000e-01 
1.9695303774e-08 1.6548662145e+04 1.3712799485e+00 6.6000000000e-01 
3.8154939935e-10 1.1418864161e+04 9.1693843221e-01 6.6000000000e-01 
1.8843164368e-06 1.1207005024e+04 3.3768615365e-01 6.6000000000e-01 
2.6342041514e-09 1.1446469842e+04 8.4029799998e-01 6.6000000000e-01 
4.6801416664e-10 1.5562926056e+04 4.9460367459e-01 6.6000000000e-01 
6.3655128385e-11 1.2444909504e+04 6.1189010696e-01 6.6000000000e-01 
5.9835887614e-10 1.6475506165e+04 5.7026024135e-01 6.6000000000e-01 
5.1110902016e-11 1.5856861428e+04 6.8679854827e-01 6.6000000000e-01 
5.8748814683e-09 1.1750860972e+04 1.0920401956e+00 6.6000000000e-01 
6.7370283911e-07 1.1932072606e+04 1.0388462238e+00 6.6000000000e-01 
4.8882138545e-06 1.1290306949e+04 9.0468146261e-01 6.6000000000e-01 
1.5717788570e-09 1.3969638274e+04 5.6437498401e-01 6.6000000000e-01 
3.0614172125e-09 1.1902591840e+04 6.1107644889e-01 6.6000000000e-01 
1.7725408114e-11 1.2349170729e+04 7.6346354616e-01 6.6000000000e-01 
2.2578213832e-07 1.6823332799e+04 6.6619209840e-01 6.6000000000e-01 
1.2971842337e-09 1.5581930500e+04 1.2430681196e+00 6.6000000000e-01 
1.6920801261e-09 1.2290315395e+04 4.3590136908e-01 6.6000000000e-01 
8.2348665806e-09 1.4007754876e+04 8.3826200847e-01 6.6000000000e-01 
5.0395534183e-10 1.3566713335e+04 5.9072325238e-01 6.6000000000e-01 
7.0822910697e-09 1.1978188940e+04 9.8223750530e-01 6.6000000000e-01 
9.6055276124e-08 1.2341581689e+04 1.1847518302e+00 6.6000000000e-01 
3.1723435253e-10 1.5149135840e+04 2.2335652012e-01 6.6000000000e-01 
4.3227069032e-10 1.5029210969e+04 9.6312509380e-01 6.6000000000e-01 
1.6612900671e-07 1.9838212192e+04 2.5445796917e-01 6.6000000000e-01 
9.1059924127e-07 1.8973635854e+04 6.5703314879e-01 6.6000000000e-01 
6.7837882652e-07 1.5122687081e+04 4.7109818783e-01 6.6000000000e-01 
5.1668544552e-08 1.5855153544e+04 8.7974775326e-01 6.6000000000e-01 
9.9010458597e-09 1.4868154957e+04 9.7029059306e-01 6.6000000000e-01 
2.9364943421e-07 1.2338204126e+04 6.1933523114e-01 6.6000000000e-01 
5.2843458021e-10 1.5577224872e+04 3.0516450870e-01 6.6000000000e-01 
1.1358381656e-10 1.4849056248e+04 1.0903044882e+00 6.6000000000e-01 
3.2938825719e-09 1.2526317709e+04 6.3204228706e-01 6.6000000000e-01 
7.2534376154e-10 1.2068443732e+04 2.9120378308e-01 6.6000000000e-01 
1.9432179438e-07 1.3717097049e+04 1.2816831664e+00 6.6000000000e-01 
3.8041427036e-08 1.5278689396e+04 1.5077422650e+00 6.6000000000e-01 
1.5916260113e-10 1.9090057765e+04 6.3873231817e-01 6.6000000000e-01 
1.1011351044e-09 1.3186284187e+04 8.0820971828e-01 6.6000000000e-01 
4.4097211090e-12 2.5000000000e+04 1.0067891001e+00 6.6000000000e-01 
1.9493832392e-07 1.1615686670e+04 1.2212404881e+00 6.6000000000e-01 
1.0038782761e-05 1.1291793139e+04 1.3088733181e+00 6.6000000000e-01 
3.1647620897e-08 1.2745923510e+04 3.6265806500e-01 6.6000000000e-01 
3.4444278689e-06 1.1713531450e+04 1.7532657258e-01 6.6000000000e-01 
4.3760285878e-10 1.2378248124e+04 1.8379233483e-01 6.6000000000e-01 
3.9534491800e-08 1.1293044752e+04 7.9121390309e-01 6.6000000000e-01 
1.6061140644e-09 1.1366792765e+04 8.5012467397e-01 6.6000000000e-01 
2.2556693957e-11 2.4099295468e+04 1.0581141033e+00 6.6000000000e-01 
1.5664873184e-06 1.2626033693e+04 8.6439088675e-01 6.6000000000e-01 
6.7962120437e-08 1.2549784484e+04 8.0236326100e-01 6.6000000000e-01 
1.0541170278e-08 1.1878155411e+04 9.1771037078e-01 6.6000000000e-01 
1.9813797460e-09 1.2744863338e+04 1.0586417415e+00 6.6000000000e-01 
1.3922422165e-08 1.6306813440e+04 3.8644727156e-01 6.6000000000e-01 
2.6754280500e-08 1.1325797315e+04 9.2400391897e-01 6.6000000000e-01 
1.5308450636e-07 1.2357874644e+04 1.1339008096e+00 6.6000000000e-01 
2.5216101186e-09 1.6305943416e+04 1.2260740842e+00 6.6000000000e-01 
3.2828461328e-09 1.1838558963e+04 6.9865276827e-01 6.6000000000e-01 
4.2509057706e-08 1.2078998671e+04 1.0427185177e+00 6.6000000000e-01 
3.8625078426e-10 1.2204988600e+04 3.0297782710e-01 6.6000000000e-01 
9.3244118733e-11 1.7181925207e+04 1.0831542784e+00 6.6000000000e-01 
4.8802127884e-10 1.1579945990e+04 3.7093189542e-01 6.6000000000e-01 
6.8445224976e-08 2.1567844192e+04 4.3109731670e-01 6.6000000000e-01 
1.6688575521e-09 1.1708909661e+04 6.3612315874e-01 6.6000000000e-01 
3.4624051801e-09 2.0042247230e+04 4.7020460678e-01 6.6000000000e-01 
4.7519458040e-06 1.9832303238e+04 6.5799619859e-01 6.6000000000e-01 
4.4758086441e-07 1.2422870968e+04 9.8010768232e-01 6.6000000000e-01 
9.4452452265e-08 1.1778601778e+04 6.9938752993e-01 6.6000000000e-01 
3.8081982134e-09 1.2090448797e+04 1.2600896681e+00 6.6000000000e-01 
4.9471683842e-10 1.2654173807e+04 8.5023123096e-01 6.6000000000e-01 
6.3506702065e-07 1.2689944036e+04 8.1700547419e-01 6.6000000000e-01 
6.3919665693e-09 1.6064683322e+04 8.5074624095e-01 6.6000000000e-01 
4.6676080115e-07 1.1657289733e+04 9.2796174142e-01 6.6000000000e-01 
3.0392423905e-09 1.2277029921e+04 1.2916508004e+00 6.6000000000e-01 
9.7546679953e-07 1.2757647859e+04 4.8447330783e-01 6.6000000000e-01 
1.8169101320e-09 1.6322412594e+04 4.3597765035e-01 6.6000000000e-01 
1.3236598323e-09 1.2319043943e+04 5.5814084619e-01 6.6000000000e-01 
6.1253606564e-10 1.1563558452e+04 7.4489008505e-01 6.6000000000e-01 
9.8525505369e-11 1.1662129090e+04 1.4335627793e+00 6.6000000000e-01 
1.2687731978e-10 1.1908565286e+04 8.6114264766e-01 6.6000000000e-01 
4.4062786198e-09 1.9042206825e+04 7.6716172084e-01 6.6000000000e-01 
5.5721878811e-08 1.3508759145e+04 1.0909328962e+00 6.6000000000e-01 
6.2111976617e-11 1.2054341232e+04 8.3936443857e-01 6.6000000000e-01 
6.2893651467e-07 1.4786671505e+04 1.1594273092e+00 6.6000000000e-01 
1.4298158100e-10 1.1500730572e+04 3.8127315446e-01 6.6000000000e-01 
1.6831084988e-09 1.8872110467e+04 8.0679666142e-01 6.6000000000e-01 
1.8787533202e-09 1.3239437836e+04 1.5104191531e+00 6.6000000000e-01 
3.4670727619e-08 1.3277887577e+04 1.0248915362e+00 6.6000000000e-01 
2.4029330047e-08 2.3247617231e+04 3.3420131052e-01 6.6000000000e-01 
3.4309108765e-09 1.1712804506e+04 2.6748072791e-01 6.6000000000e-01 
2.5010807910e-07 1.2725837006e+04 5.9481430856e-01 6.6000000000e-01 
2.1893802822e-10 1.2351115313e+04 1.0412995230e+00 6.6000000000e-01 
1.1532753170e-08 1.1386629547e+04 5.2345006334e-01 6.6000000000e-01 
1.7849743856e-09 1.6284945545e+04 1.0700529585e+00 6.6000000000e-01 
1.6874505854e-09 1.9258210528e+04 5.9312664792e-01 6.6000000000e-01 
7.3944152363e-12 2.2245143776e+04 1.0003063936e+00 6.6000000000e-01 
5.4339661437e-07 1.8823940082e+04 9.1677668430e-01 6.6000000000e-01 
8.8051830122e-12 1.8922506110e+04 9.8686457466e-01 6.6000000000e-01 
1.8468253373e-08 1.1487224315e+04 2.8540311362e-01 6.6000000000e-01 
4.5444926158e-10 1.1725288705e+04 2.7296942072e-01 6.6000000000e-01 
2.2225483803e-09 1.3390826570e+04 1.1510594477e+00 6.6000000000e-01 
2.1112730191e-07 1.1546389846e+04 9.6007071612e-01 6.6000000000e-01 
2.4080704015e-10 1.2053349989e+04 5.2633519764e-01 6.6000000000e-01 
1.9834241435e-10 1.1744870732e+04 3.8593970725e-01 6.6000000000e-01 
3.5964035644e-10 1.2117470928e+04 1.1665630360e+00 6.6000000000e-01 
1.3295884729e-09 1.2028619148e+04 1.0211736588e+00 6.6000000000e-01 
5.6512111292e-10 1.1807957713e+04 7.3872049522e-01 6.6000000000e-01 
3.9403870008e-09 2.2670279902e+04 4.4169453772e-01 6.6000000000e-01 
1.8107679257e-10 1.1257055482e+04 9.3997140820e-01 6.6000000000e-01 
1.0152449172e-07 1.2268145355e+04 5.6261472034e-01 6.6000000000e-01 
4.0609258918e-07 1.1592422861e+04 1.7960487773e-01 6.6000000000e-01 
1.3658582164e-08 1.2311962575e+04 6.4789771375e-01 6.6000000000e-01 
2.6471256191e-08 1.2717223242e+04 1.1581606832e+00 6.6000000000e-01 
4.9613876944e-06 1.3090659014e+04 3.3033256676e-01 6.6000000000e-01 
8.5272973919e-10 1.1760765454e+04 1.3716345448e+00 6.6000000000e-01 
3.7330261325e-06 1.1317082142e+04 8.7283045936e-01 6.6000000000e-01 
5.1237348180e-10 1.8431234828e+04 3.8992825201e-01 6.6000000000e-01 
1.3773874097e-07 1.1650284338e+04 5.7077960611e-01 6.6000000000e-01 
5.7851025371e-10 1.3492104047e+04 3.6902706095e-01 6.6000000000e-01 
8.5532583204e-07 1.5194691434e+04 5.3150511428e-01 6.6000000000e-01 
1.0472134293e-09 1.1475568127e+04 1.4770603300e+00 6.6000000000e-01 
2.6022699603e-06 1.1493637814e+04 1.4189262379e+00 6.6000000000e-01 
1.0712528047e-10 1.2661252537e+04 9.7612272422e-01 6.6000000000e-01 
9.3916679408e-08 1.2350643180e+04 6.6380709744e-01 6.6000000000e-01 
1.9265747780e-08 1.1797354199e+04 1.3769704217e+00 6.6000000000e-01 
2.0749741443e-10 1.1902103762e+04 8.6316869805e-01 6.6000000000e-01 
2.6930901548e-09 1.1582022819e+04 6.3572150245e-01 6.6000000000e-01 
2.9637794261e-11 2.1476531300e+04 4.3712453209e-01 6.6000000000e-01 
8.2925943373e-09 1.2148899885e+04 1.1110717755e+00 6.6000000000e-01 
1.5332633646e-07 1.2325736012e+04 1.2106533723e+00 6.6000000000e-01 
8.9422632969e-08 1.6500323786e+04 1.1094347572e+00 6.6000000000e-01 
1.0066601613e-10 1.2963940637e+04 1.3983905705e+00 6.6000000000e-01 
6.1398047343e-07 1.2589503968e+04 5.6292497062e-01 6.6000000000e-01 
2.7476645480e-06 1.1437382744e+04 3.6789722785e-01 6.6000000000e-01 
6.3757129626e-09 1.8415443791e+04 1.6202651631e-01 6.6000000000e-01 
1.6494911974e-07 1.1293247124e+04 2.8970213993e-01 6.6000000000e-01 
8.1374364280e-09 2.5000000000e+04 1.0437289276e+00 6.6000000000e-01 
2.4329460480e-08 1.6770080018e+04 4.4738253199e-01 6.6000000000e-01 
3.4478682974e-09 1.1980002731e+04 3.4324491099e-02 6.6000000000e-01 
1.0452349338e-08 1.7108339421e+04 7.7142260244e-01 6.6000000000e-01 
2.9279789605e-08 1.3584215114e+04 5.0217362418e-01 6.6000000000e-01 
4.9438327993e-12 1.2327213326e+04 4.2100304281e-01 6.6000000000e-01 
1.4221083500e-08 2.2875804175e+04 5.8295572185e-01 6.6000000000e-01 
2.0314902219e-07 1.3245851195e+04 8.1289834283e-01 6.6000000000e-01 
7.8106209153e-11 1.2529917129e+04 6.0856696789e-01 6.6000000000e-01 
2.1127235819e-08 1.5691304461e+04 1.3439221397e+00 6.6000000000e-01 
1.1686946108e-08 1.1606443442e+04 6.3412003196e-01 6.6000000000e-01 
7.6837251130e-10 1.2721354187e+04 6.3932287404e-01 6.6000000000e-01 
7.3616797825e-12 2.5000000000e+04 7.2154826001e-01 6.6000000000e-01 
2.6769822080e-09 1.1305198581e+04 8.0996517335e-01 6.6000000000e-01 
5.8329062836e-11 1.9678005461e+04 3.6696527709e-01 6.6000000000e-01 
4.9790848177e-12 1.4549767761e+04 7.4945716093e-01 6.6000000000e-01 
4.5043616706e-09 1.2321477500e+04 6.0094132844e-01 6.6000000000e-01 
6.7190200242e-09 1.1280979709e+04 1.6190203728e-01 6.6000000000e-01 
3.0030649593e-06 1.2251202849e+04 1.1737370843e+00 6.6000000000e-01 
1.2175351041e-10 1.2293746281e+04 7.7024706453e-01 6.6000000000e-01 
4.3154208008e-08 1.5700106132e+04 1.3324475025e+00 6.6000000000e-01 
3.4209535888e-07 1.2856329842e+04 3.8752074013e-02 6.6000000000e-01 
5.9808082234e-08 1.2548633503e+04 7.9115301834e-01 6.6000000000e-01 
6.6122339198e-08 1.2410903778e+04 1.1418970929e+00 6.6000000000e-01 
8.4061677566e-11 1.1359954492e+04 2.0098245786e-01 6.6000000000e-01 
8.5621063701e-08 1.2704006914e+04 1.3380928903e+00 6.6000000000e-01 
2.7714366456e-06 1.1701876910e+04 7.8676777262e-01 6.6000000000e-01 
2.5357736017e-09 1.1525446318e+04 1.0395902435e-01 6.6000000000e-01 
5.3058753784e-11 1.5024437661e+04 1.3512576319e+00 6.6000000000e-01 
1.6606629438e-10 1.8285033174e+04 8.8213300037e-01 6.6000000000e-01 
4.9697262253e-08 1.3474459149e+04 8.2835605962e-01 6.6000000000e-01 
3.6100019648e-06 1.3886979801e+04 8.3818941246e-01 6.6000000000e-01 
6.9294145658e-09 1.1414183591e+04 1.1482989138e+00 6.6000000000e-01 
6.3452331839e-09 1.1792695159e+04 9.7964299765e-01 6.6000000000e-01 
6.5393217574e-08 1.4515125352e+04 3.7636365769e-01 6.6000000000e-01 
1.0908508188e-11 1.2940468604e+04 1.2174780010e+00 6.6000000000e-01 
5.0462589683e-08 1.2083027049e+04 7.3965505424e-01 6.6000000000e-01 
4.8452909084e-09 1.3001728027e+04 4.3994583093e-01 6.6000000000e-01 
5.2781884767e-09 1.1661954060e+04 4.2837278899e-01 6.6000000000e-01 
2.3319888730e-11 2.3347360341e+04 1.1109804289e+00 6.6000000000e-01 
2.4937422659e-08 1.1987546917e+04 4.0973123042e-01 6.6000000000e-01 
6.6427083289e-11 1.2544455837e+04 1.3036236740e+00 6.6000000000e-01 
2.6698894746e-05 1.1786042817e+04 9.9400848530e-01 6.6000000000e-01 
1.0579228239e-07 1.2233973568e+04 6.4639977031e-01 6.6000000000e-01 
7.6689690697e-11 1.2248991093e+04 6.9454913927e-01 6.6000000000e-01 
1.1539410930e-09 1.9162811667e+04 7.1854268128e-01 6.6000000000e-01 
9.1122953647e-09 1.2800080101e+04 5.6708783208e-01 6.6000000000e-01 
5.0373445020e-11 1.8378824875e+04 8.8297486256e-01 6.6000000000e-01 
7.0194144747e-10 1.2271039491e+04 4.1495414143e-01 6.6000000000e-01 
1.0542226454e-09 1.1414599249e+04 9.9396557300e-01 6.6000000000e-01 
3.9799482898e-09 1.1417902489e+04 7.0727063116e-01 6.6000000000e-01 
1.3141116746e-09 1.2655615593e+04 1.1257279011e+00 6.6000000000e-01 
2.8686231869e-08 1.2287205474e+04 8.5478103012e-01 6.6000000000e-01 
6.6411527266e-08 1.7255881186e+04 1.4049200824e+00 6.6000000000e-01 
8.9467252239e-10 1.6218776866e+04 1.0319740509e+00 6.6000000000e-01 
2.2859516683e-09 1.1348636523e+04 1.0302864701e+00 6.6000000000e-01 
6.2088480969e-12 1.6366134379e+04 4.2767803611e-01 6.6000000000e-01 
4.2139751376e-08 1.1625840417e+04 1.2402899013e+00 6.6000000000e-01 
1.1294017710e-10 1.3932184442e+04 7.6955216253e-01 6.6000000000e-01 
1.2868427013e-07 1.4542969714e+04 9.2140615622e-01 6.6000000000e-01 
1.0989183330e-08 1.5352990658e+04 5.6412284845e-01 6.6000000000e-01 
1.4942885996e-10 1.3133547811e+04 1.2306585049e+00 6.6000000000e-01 
1.1903816136e-09 1.2990461602e+04 1.0249536622e+00 6.6000000000e-01 
1.2481054229e-06 1.3227255098e+04 9.6285148968e-01 6.6000000000e-01 
1.4548413067e-07 1.8383411698e+04 5.9267333289e-01 6.6000000000e-01 
1.4416530845e-07 1.1213514408e+04 5.2060623628e-01 6.6000000000e-01 
2.4914793872e-11 2.0947606551e+04 5.8686051949e-01 6.6000000000e-01 
5.4858101398e-09 1.2824907329e+04 9.5742633485e-01 6.6000000000e-01 
7.4340128728e-08 1.2548847254e+04 6.8683297370e-01 6.6000000000e-01 
1.9997615726e-07 1.1472776567e+04 2.1575533909e-01 6.6000000000e-01 
2.6898883249e-10 2.0001284691e+04 7.9144568828e-01 6.6000000000e-01 
2.5564714322e-10 1.1339866126e+04 9.5008955126e-02 6.6000000000e-01 
3.6585740954e-08 1.6151518478e+04 5.7499657589e-02 6.6000000000e-01 
7.8756212564e-11 1.1700190158e+04 9.5224615538e-01 6.6000000000e-01 
1.0408587297e-09 1.8179826352e+04 3.4331167585e-01 6.6000000000e-01 
9.0061481566e-06 1.1473620432e+04 9.1498126806e-01 6.6000000000e-01 
4.2468262886e-06 1.3686033987e+04 5.7387642333e-01 6.6000000000e-01 
1.8021875431e-07 1.4568641059e+04 6.0273194214e-01 6.6000000000e-01 
2.6117432057e-10 1.6756524780e+04 1.1366711121e-01 6.6000000000e-01 
1.1475447442e-05 1.2012337737e+04 5.9229739464e-01 6.6000000000e-01 
1.0181865889e-07 1.5618062984e+04 1.3112349580e+00 6.6000000000e-01 
6.3547429709e-09 1.5132857791e+04 7.9061188212e-01 6.6000000000e-01 
1.2527543643e-10 1.9131601213e+04 1.1838823046e+00 6.6000000000e-01 
6.2436185448e-10 1.1455087115e+04 1.0183333962e+00 6.6000000000e-01 
5.5284869266e-09 1.1243500470e+04 9.8330980469e-01 6.6000000000e-01 
5.0547359021e-08 1.4081640005e+04 9.3348370190e-01 6.6000000000e-01 
1.5985690293e-10 1.1704746132e+04 2.8947507116e-01 6.6000000000e-01 
3.5412529052e-07 1.1447248930e+04 1.0526312382e+00 6.6000000000e-01 
