2.0869805895e-05 3.9258012384e-01 
1.2919437032e-04 3.0015282080e-01 
8.1115827097e-05 2.2564665221e-01 
8.9751106101e-05 3.1879428812e-01 
2.3235394871e-04 2.1454531198e-01 
3.8397711487e-05 2.6281205922e-01 
5.0906651609e-06 1.0000000000e+00 
4.9970745682e-06 9.9466677902e-01 
1.7799487563e-05 2.7212773533e-01 
3.4072027242e-05 2.2740922357e-01 
1.0099649839e-05 1.0000000000e+00 
2.9822530218e-05 2.6009043669e-01 
1.1093322058e-04 3.3782731283e-01 
3.9623764738e-05 3.7377675976e-01 
7.9998658856e-05 3.6363666062e-01 
2.3217758832e-05 3.4131732452e-01 
1.7901715413e-05 1.0000000000e+00 
3.3002647994e-05 2.3882416937e-01 
7.8898694246e-05 3.2601350998e-01 
2.3003190691e-05 3.6646185027e-01 
1.8384582973e-05 3.3369842618e-01 
6.1305621294e-05 2.1044686728e-01 
2.4250717450e-04 2.5255154838e-01 
5.7503480920e-05 3.5395909281e-01 
2.6294714432e-05 1.0000000000e+00 
8.0596762822e-06 4.7930143038e-01 
2.5586413644e-05 1.0000000000e+00 
5.7169289934e-06 1.0000000000e+00 
1.0960943017e-05 3.3164519528e-01 
6.3699021966e-05 3.5491219442e-01 
1.8017639061e-05 4.4891485371e-01 
3.4263926034e-05 3.7192693222e-01 
7.3491672499e-05 3.3595155946e-01 
1.2920506404e-05 5.7525449912e-01 
5.6567393331e-06 1.0000000000e+00 
4.6326409195e-05 3.5044697174e-01 
8.3755280088e-05 3.4180891855e-01 
2.6508369669e-05 3.5808120721e-01 
1.4028101942e-04 2.3539427818e-01 
9.7124905266e-06 5.0941402019e-01 
4.9998505052e-06 9.9917867928e-01 
4.3269332612e-05 2.5832352947e-01 
2.6330100345e-05 3.2573520354e-01 
2.3479514410e-05 2.6466738533e-01 
1.5440290233e-05 4.0909774504e-01 
4.9995547182e-06 9.9794292319e-01 
1.5533075827e-04 2.5035984818e-01 
6.2076047977e-05 3.4210656419e-01 
1.1531228992e-04 3.4289992219e-01 
1.7472171352e-05 4.2334619383e-01 
3.8074034242e-05 2.6052285961e-01 
6.8693900192e-05 1.0000000000e+00 
7.4777583870e-06 4.7102093596e-01 
7.0591113676e-05 3.3198439721e-01 
6.0864658612e-05 3.5967451656e-01 
3.6469298337e-05 2.4635963619e-01 
6.1120558098e-04 1.0000000000e+00 
2.3672361664e-05 1.0000000000e+00 
7.8137622830e-05 2.0466504350e-01 
2.5409479520e-05 3.9247711648e-01 
9.9740881906e-05 2.3042470609e-01 
3.8355304534e-05 3.6255085741e-01 
5.8170277871e-05 2.8517330441e-01 
4.9992202374e-06 9.9862720520e-01 
3.4401791305e-05 2.3449692923e-01 
2.0986900674e-04 3.1443782238e-01 
4.9984121544e-06 9.9679356788e-01 
1.2467419650e-05 1.0000000000e+00 
7.3382713863e-05 3.7510743907e-01 
4.9998406437e-06 9.9726412979e-01 
6.0711942711e-05 3.4388355166e-01 
5.0176388994e-05 2.3030828490e-01 
1.0487506427e-04 3.3070461817e-01 
1.3257159680e-04 2.9407683934e-01 
1.1393071678e-04 3.3305834399e-01 
4.9985746664e-06 9.9805607209e-01 
1.8401559412e-05 4.6497096300e-01 
6.1068733697e-05 3.4893173054e-01 
3.7513644162e-04 2.5939069705e-01 
7.1321949057e-05 3.4533906979e-01 
4.0149461768e-05 3.7003593618e-01 
1.2467366425e-05 1.0000000000e+00 
6.3026948482e-05 4.2396638277e-01 
1.6341162214e-05 2.7598080236e-01 
9.3147018118e-05 3.1923008910e-01 
3.6060854989e-05 4.0470983581e-01 
7.5349165785e-04 1.0000000000e+00 
3.0899794867e-05 3.7819884519e-01 
1.6354961505e-04 2.9860698689e-01 
5.0332028269e-05 3.6624549439e-01 
3.7212844924e-05 3.6956320055e-01 
1.3794821717e-05 1.0000000000e+00 
1.3056682711e-04 3.0804126709e-01 
2.7282069955e-05 3.0307399357e-01 
1.1644160344e-04 3.1258808406e-01 
3.5776455675e-04 2.2396454917e-01 
1.0661380482e-04 3.2757076544e-01 
1.5158236577e-05 1.0000000000e+00 
2.9687103056e-05 3.9685926810e-01 
1.7566532172e-05 1.0000000000e+00 
2.6637127009e-05 4.0725017774e-01 
1.2355058509e-05 4.4880389249e-01 
4.9953379159e-06 9.9490116909e-01 
5.4501012383e-05 2.2886031732e-01 
2.4540260949e-05 2.7226778376e-01 
3.7450665147e-05 2.3213069291e-01 
3.3610119740e-05 3.6549236203e-01 
8.3911398836e-06 1.0000000000e+00 
4.9947652095e-06 9.9290245655e-01 
1.2678891150e-04 3.1873568002e-01 
1.1726365509e-05 3.4957977485e-01 
1.0380643844e-04 3.1735545977e-01 
1.2715394307e-05 4.4433498705e-01 
4.9915486067e-06 9.9334377962e-01 
7.1951645288e-06 1.0000000000e+00 
1.5905019916e-04 3.1209136993e-01 
5.5700296179e-05 3.3473286629e-01 
6.3369886317e-05 2.9641344245e-01 
1.0488561616e-05 1.0000000000e+00 
9.2093227739e-05 2.5375918003e-01 
1.9352605449e-04 3.0760265333e-01 
4.9996124753e-06 9.9621099984e-01 
5.1823420804e-05 2.1555267417e-01 
2.9343069903e-05 3.4573793755e-01 
3.9862961496e-05 3.0669272177e-01 
9.0055830689e-06 4.4093539902e-01 
8.5631904344e-05 3.0907373699e-01 
2.1886462419e-04 2.9700474817e-01 
4.4830559161e-05 2.2675202762e-01 
3.2753021828e-05 2.4489462775e-01 
8.8686061520e-05 3.3290082583e-01 
8.0567887625e-05 2.3874970020e-01 
6.3359466012e-05 2.2265008421e-01 
3.3100623338e-05 3.6957012311e-01 
1.5167734301e-05 4.0918352322e-01 
1.4270371310e-05 3.2702235701e-01 
1.1147098025e-04 2.3504980838e-01 
3.3726156589e-05 3.7792173292e-01 
3.7380886141e-05 3.5811065425e-01 
1.9334078075e-05 3.8637977920e-01 
8.6714995378e-05 3.2696035127e-01 
6.4093648582e-05 3.9450805451e-01 
1.6462051863e-04 3.0417568413e-01 
2.9417115127e-05 3.8888061114e-01 
3.5392390275e-05 3.7261359750e-01 
3.7405922342e-05 3.7154031771e-01 
2.5349062989e-05 2.9993216886e-01 
6.1489040808e-05 2.9029572128e-01 
1.0672612394e-04 3.3855856316e-01 
1.1519569579e-04 3.3129637177e-01 
2.4228615863e-05 4.2978697407e-01 
4.7766008922e-05 5.1589289765e-01 
5.4185706709e-05 3.4939359853e-01 
5.0852941168e-05 2.6196849620e-01 
2.1272100541e-05 2.5238380939e-01 
2.1546335155e-05 3.7239051277e-01 
1.8809080490e-04 2.7604841115e-01 
6.2917023972e-05 3.3961801380e-01 
1.9761799125e-05 1.0000000000e+00 
8.9250834286e-05 1.0000000000e+00 
4.4534410912e-05 3.8195782334e-01 
2.0180663893e-05 4.6443702929e-01 
1.5335471850e-05 1.0000000000e+00 
8.4150478388e-06 4.5568903756e-01 
2.1844619036e-05 3.9417863821e-01 
1.3473835542e-04 3.2271104292e-01 
3.7689190274e-05 1.0000000000e+00 
7.3863861789e-05 3.4077021038e-01 
1.6122687272e-05 4.3663224660e-01 
1.5579211151e-05 2.9344789603e-01 
2.4676491044e-04 2.8265709520e-01 
1.6231287592e-05 3.8130744134e-01 
1.3481977734e-04 3.2001181810e-01 
1.1381039593e-05 1.0000000000e+00 
2.1384861272e-05 4.1332081159e-01 
5.3347842905e-05 3.6313702976e-01 
4.9999142777e-06 9.9645788480e-01 
2.5899015167e-04 7.4044793610e-01 
1.9742986070e-05 2.9165135543e-01 
7.2235235787e-05 3.1791931305e-01 
4.6478639937e-05 3.7863475755e-01 
5.0076975952e-06 1.0000000000e+00 
4.0758938734e-05 4.1530394150e-01 
8.0990489905e-06 1.0000000000e+00 
6.8308615066e-05 4.1620898045e-01 
6.4962864871e-05 3.5416212335e-01 
8.8194791979e-06 4.5293140619e-01 
3.2458493782e-05 2.5901960787e-01 
2.5908373142e-05 3.1598019944e-01 
1.1806772524e-05 4.1186437168e-01 
1.9341656843e-04 3.1597121839e-01 
1.0998399141e-05 1.0000000000e+00 
6.3013738201e-05 3.2693788689e-01 
1.2496473237e-04 3.2209915891e-01 
1.3792534769e-05 1.0000000000e+00 
4.9998803676e-06 9.9939863742e-01 
8.6552842005e-06 1.0000000000e+00 
7.8876293891e-05 3.0491263615e-01 
3.9713638258e-05 3.7448259039e-01 
5.5605186623e-06 5.1338309064e-01 
1.3335943261e-04 1.0000000000e+00 
2.8891594295e-05 3.5978557761e-01 
6.9548608742e-05 3.0569142498e-01 
7.3851876718e-06 4.2995359074e-01 
4.7159101409e-05 2.1776055704e-01 
3.3664812093e-05 3.6400882169e-01 
3.4488907119e-05 3.1255519168e-01 
8.9726492568e-05 3.2601131632e-01 
8.5585458634e-05 3.3373663294e-01 
2.9762259532e-05 4.1162308373e-01 
1.1291615753e-05 1.0000000000e+00 
2.6678012036e-05 2.7965694427e-01 
4.0037754189e-05 3.7577028983e-01 
9.7556138388e-05 4.5627010464e-01 
4.9998967629e-06 9.9753868965e-01 
7.8044575178e-05 2.3197837504e-01 
9.4975644320e-05 3.5561240509e-01 
6.9613514808e-05 3.4631689662e-01 
1.9495227199e-05 3.3527743793e-01 
1.0112784310e-05 4.7788343109e-01 
1.3491434320e-05 1.0000000000e+00 
2.7863050069e-04 2.2821033226e-01 
4.9998381210e-06 9.9915400499e-01 
4.4363098481e-05 3.5381281240e-01 
3.6962246347e-05 3.0308400335e-01 
1.9841223777e-05 4.0166848222e-01 
5.6310296137e-05 3.5581958055e-01 
3.6458755334e-05 3.7298496555e-01 
5.3972274689e-05 4.8736046504e-01 
6.8720528853e-05 3.7628449487e-01 
6.1078664180e-06 4.5885088802e-01 
1.9854942925e-05 4.2262305855e-01 
1.0582559792e-05 4.4790436893e-01 
1.7297562329e-04 3.1384956720e-01 
2.6907622818e-05 3.8634026309e-01 
1.1108317449e-05 4.0818327942e-01 
5.8061118860e-06 1.0000000000e+00 
1.3871093736e-05 4.2169270211e-01 
9.8248550437e-06 1.0000000000e+00 
8.6367420260e-05 3.8345386577e-01 
1.0245832541e-04 3.1780845843e-01 
2.8536711764e-04 2.3177189451e-01 
3.5973735107e-05 4.9916217512e-01 
5.6178132360e-05 2.8071573715e-01 
7.1613495280e-06 1.0000000000e+00 
1.6185870123e-04 3.3278418519e-01 
1.0732820223e-05 1.0000000000e+00 
5.7752144293e-05 4.4595306990e-01 
1.8617755375e-05 1.0000000000e+00 
5.5452962365e-06 5.0566747186e-01 
7.7855711345e-05 3.5264653206e-01 
4.9987282048e-06 9.9626854387e-01 
1.3630204047e-04 3.4973485981e-01 
4.0023938885e-05 3.8180012898e-01 
1.6319326405e-05 2.8705619063e-01 
2.8957007655e-05 3.7678464724e-01 
3.4515164597e-05 1.0000000000e+00 
8.3050350612e-05 3.2245477897e-01 
1.5942563451e-05 4.1882816419e-01 
3.3018340129e-05 2.5011562652e-01 
8.1381045722e-05 3.4330949060e-01 
4.1648397448e-04 2.8375804893e-01 
9.5023689966e-06 1.0000000000e+00 
1.7625253981e-05 2.5589696116e-01 
9.2743366306e-06 1.0000000000e+00 
7.1648659430e-05 3.4279813332e-01 
1.1613557711e-04 3.1415335135e-01 
2.8116413835e-04 1.0000000000e+00 
9.6600975822e-05 2.4149079756e-01 
8.8098519528e-05 3.5366770447e-01 
6.1420258162e-05 2.2376592111e-01 
2.7430454556e-05 3.7842199692e-01 
9.8868443810e-05 3.1030622085e-01 
4.9999336072e-06 9.9894633201e-01 
4.2050080316e-05 2.2616370479e-01 
1.3484838737e-05 4.1023609427e-01 
2.1881341960e-04 1.0000000000e+00 
4.9999239109e-06 9.9913874360e-01 
2.8849496528e-05 3.9156130585e-01 
9.7185866618e-05 2.8089917887e-01 
2.5211831085e-05 5.6115241942e-01 
2.1554722198e-04 2.6484319445e-01 
5.3042003089e-05 2.4663204635e-01 
2.1765134002e-05 3.8319118494e-01 
1.2643109807e-05 1.0000000000e+00 
1.8336160015e-05 4.0248200565e-01 
1.4015994450e-05 2.8456355856e-01 
6.9175908828e-05 2.5628775643e-01 
1.8752162102e-04 3.1582575294e-01 
3.0151570049e-04 2.7242573258e-01 
3.5545872385e-05 3.6022891878e-01 
5.3844418643e-05 2.1846557938e-01 
8.4469622535e-06 1.0000000000e+00 
2.7703004568e-05 3.9477870796e-01 
4.1195523281e-05 2.7562373393e-01 
4.3794865836e-05 2.2746257382e-01 
4.9907720174e-05 3.6636645392e-01 
2.9634831722e-05 2.3854884304e-01 
7.2275408309e-05 2.1791949414e-01 
1.4567047267e-04 3.2829603982e-01 
2.1362499323e-05 3.7297807494e-01 
2.8252766615e-05 2.5402082531e-01 
7.0666859313e-06 4.3315613763e-01 
1.4196009374e-05 4.1100526774e-01 
5.5126715060e-05 3.5366425602e-01 
3.7495139320e-05 3.9565558594e-01 
4.6537068155e-05 3.8245333997e-01 
1.1586236788e-04 3.1752923048e-01 
2.0435735612e-05 3.8819308859e-01 
1.7320653149e-05 4.7163365253e-01 
5.2119124783e-05 2.6412033954e-01 
3.4296919151e-05 2.3128010424e-01 
1.4627179500e-04 3.6100947904e-01 
1.0906616691e-04 1.0000000000e+00 
9.6900785608e-06 4.3174235897e-01 
3.8731485674e-05 2.3450263485e-01 
5.8228690503e-06 3.1717434404e-01 
1.9717101362e-04 2.7635569493e-01 
5.1183234276e-04 2.9925948902e-01 
6.6692875573e-05 3.3690255507e-01 
2.1319941012e-04 2.6060590028e-01 
2.8996777155e-05 2.4121344393e-01 
1.1058805397e-04 3.0436092742e-01 
4.4671474596e-05 2.9326022861e-01 
7.1604424309e-06 4.4743446021e-01 
1.6264757346e-04 3.1155441860e-01 
9.2811332532e-05 3.3352905511e-01 
7.9833637511e-05 2.2600647855e-01 
4.7945494146e-05 2.6694762094e-01 
2.1693641503e-05 4.0367768624e-01 
1.0670582664e-04 2.2860361387e-01 
1.4595639002e-04 3.3111260272e-01 
4.6966247023e-05 3.0954032996e-01 
5.5731173831e-05 2.1507399949e-01 
1.1372199425e-04 3.2181392794e-01 
2.7860637709e-05 2.6274763990e-01 
1.7033435696e-05 3.0956159744e-01 
3.0050009170e-05 2.8879250649e-01 
4.9995780939e-06 9.9844747774e-01 
4.5375754480e-05 2.2967270519e-01 
5.8525129612e-06 4.5969431337e-01 
1.2243090398e-05 4.0020692002e-01 
1.4713483259e-04 3.2515002388e-01 
1.1210418525e-04 3.1588665993e-01 
5.7024155915e-05 4.2536209721e-01 
2.9982075883e-05 3.0892892153e-01 
1.3156247636e-04 3.2148187292e-01 
2.8722134022e-05 4.0337488744e-01 
1.7303838549e-04 3.0840823177e-01 
5.0594082475e-05 5.4436589980e-01 
1.2506925802e-04 3.0790786699e-01 
1.8858534086e-05 4.0599776505e-01 
4.1282772881e-05 2.2350010871e-01 
3.1965505437e-05 3.3983110253e-01 
1.4978006244e-05 1.0000000000e+00 
1.6110077846e-05 1.0000000000e+00 
1.0352580567e-05 4.4710565849e-01 
9.1551912598e-05 3.5533893861e-01 
1.2783133155e-05 1.0000000000e+00 
9.7710231940e-05 3.7130076644e-01 
1.8926442771e-05 4.5080389504e-01 
1.1418448036e-05 4.4322907119e-01 
4.0015449884e-05 1.0000000000e+00 
8.3993029976e-05 3.5115055113e-01 
4.9994470832e-06 9.9861762376e-01 
5.4416483356e-05 2.2803003105e-01 
1.0055125372e-04 3.2608071606e-01 
1.9280777986e-05 1.0000000000e+00 
7.7800408972e-05 2.6017265466e-01 
3.4039364946e-05 3.9101434051e-01 
8.3055898684e-06 4.4998276429e-01 
7.1919797891e-06 3.0808981162e-01 
1.7060408281e-05 4.2416730931e-01 
7.3915960944e-06 4.5211799600e-01 
8.0227608235e-05 3.1021815122e-01 
2.9402385503e-05 2.7663354389e-01 
4.9703013201e-05 2.7062348135e-01 
1.5688788637e-04 3.1158377913e-01 
2.3367101714e-05 3.4458968706e-01 
2.1709623127e-05 3.7235127006e-01 
2.2932944307e-05 1.0000000000e+00 
4.1462213262e-05 3.3191243267e-01 
3.1248324719e-05 3.2516610205e-01 
4.9997062567e-06 9.9933806478e-01 
1.8261757130e-05 1.0000000000e+00 
9.5969021517e-05 3.2372503513e-01 
1.3818188630e-04 2.9373282352e-01 
7.0507372996e-05 3.2924667461e-01 
1.0398416606e-04 2.7033701472e-01 
1.5630737554e-04 2.8315874852e-01 
3.0750119747e-05 1.0000000000e+00 
2.7832514627e-04 2.7503201883e-01 
9.6736305293e-06 4.3521292802e-01 
1.1820052178e-04 3.1033753914e-01 
3.0131247125e-05 2.5072955683e-01 
5.6912981059e-05 3.5347832358e-01 
3.2931854241e-05 1.0000000000e+00 
5.2525757906e-04 2.2190056770e-01 
1.5234746369e-05 1.0000000000e+00 
9.6179159917e-05 3.2673872132e-01 
8.5036395217e-05 1.0000000000e+00 
2.0380273266e-05 5.8498983321e-01 
5.2852809987e-05 2.1487893599e-01 
4.9998920526e-06 9.9850537340e-01 
7.7101324741e-05 2.2907372372e-01 
1.6398354773e-04 3.2895771573e-01 
4.2788552295e-05 4.0896712417e-01 
1.5085696694e-05 1.0000000000e+00 
1.2213365788e-04 3.1244330431e-01 
2.2183904895e-04 2.6321284372e-01 
9.6103284092e-06 4.3629305384e-01 
1.2577156518e-04 2.9805917249e-01 
4.9997339739e-06 9.9917223967e-01 
2.0035655845e-05 4.0838791573e-01 
5.2360708434e-05 2.6484153880e-01 
2.0157438733e-05 4.1930374147e-01 
5.4971458646e-05 3.5343536769e-01 
5.5229275036e-06 1.0000000000e+00 
4.9996748954e-06 9.9923897847e-01 
9.2641827773e-05 3.4084384788e-01 
1.5223928288e-05 4.9126419204e-01 
9.6665800261e-05 2.9534013780e-01 
7.7630465520e-05 2.7053195994e-01 
3.4774318317e-05 2.3518572888e-01 
4.9999126801e-06 9.9909844497e-01 
5.3346913478e-05 2.4712971647e-01 
7.2939449060e-06 4.3485501190e-01 
5.5270428422e-06 1.0000000000e+00 
5.6835501205e-05 2.7706303459e-01 
6.6775812798e-05 2.3420510474e-01 
2.6036407537e-04 3.1624356045e-01 
1.7338049152e-05 5.3979814379e-01 
9.9856813890e-05 3.8498867521e-01 
9.4132844228e-05 3.1757362059e-01 
9.0408299207e-05 3.3369463554e-01 
1.2762397895e-04 3.3006657111e-01 
1.3925936903e-05 1.0000000000e+00 
1.6551107250e-04 2.2921874482e-01 
2.2785748486e-04 2.8285761612e-01 
5.0653529790e-05 2.1065740142e-01 
1.2185578779e-05 1.0000000000e+00 
1.5601891426e-05 4.0712327398e-01 
7.1248224009e-05 3.5242324034e-01 
1.2925455491e-04 3.2172987074e-01 
7.2673144025e-05 2.9551597601e-01 
7.0416074166e-05 2.2018578915e-01 
4.5524554050e-05 3.6426477849e-01 
7.1921505911e-06 1.0000000000e+00 
9.5547028114e-05 3.2431186068e-01 
4.8428049200e-05 3.4473151911e-01 
6.1778715715e-05 2.3952506484e-01 
9.5877856391e-06 3.5926049276e-01 
7.7667848474e-05 3.2189066732e-01 
1.3133553000e-05 1.0000000000e+00 
4.0524773420e-04 2.5784534974e-01 
1.0034363334e-04 3.2390251477e-01 
1.3527130500e-05 1.0000000000e+00 
9.5622123309e-06 4.4623983255e-01 
5.7781137532e-05 3.4056055242e-01 
1.3367398486e-05 2.8390008544e-01 
3.3884363757e-05 2.3284731396e-01 
3.7471229002e-05 4.0496024044e-01 
6.0182285821e-05 2.1054353213e-01 
4.1029648090e-05 3.5064524425e-01 
8.8669326964e-05 3.2870898353e-01 
1.4950694958e-04 2.9692057695e-01 
3.1333159051e-05 3.6947708851e-01 
4.9612511232e-05 3.3843939637e-01 
6.6155232559e-06 4.4976713696e-01 
1.3271964644e-04 2.2034119651e-01 
1.8135370442e-05 3.4037166137e-01 
6.4562581837e-05 3.6865993199e-01 
3.0380202991e-05 3.8970395042e-01 
1.7183727996e-05 1.0000000000e+00 
4.0391150601e-05 2.7742922665e-01 
1.3934531202e-04 3.3010658727e-01 
1.4136579560e-05 4.2153030313e-01 
1.3026820186e-04 3.0009163265e-01 
6.5775761568e-06 4.3707986853e-01 
6.3239737666e-05 2.4980643376e-01 
8.8918473802e-05 3.3199442078e-01 
1.2403028259e-04 2.9946392705e-01 
8.5826407923e-06 4.4686801703e-01 
2.3778159831e-05 3.5484220667e-01 
2.3982216234e-05 3.9304063055e-01 
1.3875608779e-05 1.0000000000e+00 
1.0280214793e-05 4.3374973307e-01 
3.3100531237e-04 2.6583968334e-01 
1.3023504726e-04 3.0421987905e-01 
5.5692845494e-05 3.6009421561e-01 
1.4245856844e-05 4.0448830979e-01 
2.7403727965e-04 2.5245653440e-01 
9.6553151959e-05 3.9428571177e-01 
3.5215669170e-05 3.8754049185e-01 
1.8551596088e-05 2.8616532337e-01 
2.9983653056e-05 5.3587934819e-01 
6.7957106067e-05 2.4748064035e-01 
6.5894042300e-05 3.6493540092e-01 
2.0071301031e-05 3.9127100707e-01 
1.8911770947e-04 3.0945453523e-01 
