1.4011461679e-06 2.4959928570e+04 7.9442339271e-01 9.0000000000e-02 
3.2719231351e-10 1.2251638052e+04 4.9294171036e-01 9.0000000000e-02 
5.6681487671e-10 1.1683527144e+04 1.0909180541e+00 9.0000000000e-02 
1.6338769595e-09 1.1318997042e+04 8.8908002685e-01 9.0000000000e-02 
1.2858989032e-10 1.3067283197e+04 1.1124448559e+00 9.0000000000e-02 
1.0087101718e-08 1.2451330334e+04 1.3333096912e+00 9.0000000000e-02 
4.5123161364e-06 1.1721877347e+04 1.0490581581e+00 9.0000000000e-02 
5.7001581997e-12 1.3958467997e+04 1.3474941932e+00 9.0000000000e-02 
2.2214375901e-07 1.2987589657e+04 3.3777622947e-01 9.0000000000e-02 
8.4620469600e-09 1.2495992536e+04 1.0921576340e+00 9.0000000000e-02 
4.4540091034e-10 1.6122561888e+04 4.2955235486e-01 9.0000000000e-02 
4.2288721627e-08 1.1342954399e+04 9.9484111633e-01 9.0000000000e-02 
4.4384628820e-10 1.7778411326e+04 1.0958530640e+00 9.0000000000e-02 
6.6825588695e-06 1.2067144236e+04 9.8558546037e-01 9.0000000000e-02 
3.8250521269e-09 1.3102464056e+04 4.9928330916e-01 9.0000000000e-02 
6.7672864706e-11 1.1214858495e+04 5.0049701257e-01 9.0000000000e-02 
3.3079456695e-10 1.1864316312e+04 8.2664817362e-01 9.0000000000e-02 
3.0239969964e-08 1.4749990598e+04 4.7391688752e-01 9.0000000000e-02 
3.3755237834e-09 1.1537027847e+04 8.0216013004e-01 9.0000000000e-02 
2.8736056758e-06 1.2353990696e+04 2.8879152927e-01 9.0000000000e-02 
1.7461922226e-08 1.6872630464e+04 6.1911479868e-01 9.0000000000e-02 
1.7895953089e-09 1.4205775200e+04 5.4665012603e-01 9.0000000000e-02 
4.4725692587e-11 1.2539479408e+04 6.1576390943e-01 9.0000000000e-02 
3.1666750465e-07 1.2160568044e+04 6.8455818572e-01 9.0000000000e-02 
7.9569123642e-11 1.4664381983e+04 5.5618311037e-01 9.0000000000e-02 
7.7132283894e-08 2.1858404041e+04 9.5958996376e-01 9.0000000000e-02 
3.5020877470e-09 1.1250403907e+04 3.5753552047e-01 9.0000000000e-02 
5.6394845577e-10 1.5925981832e+04 1.4156932936e+00 9.0000000000e-02 
3.5567162588e-10 1.6751398125e+04 5.1594342075e-01 9.0000000000e-02 
1.3823236842e-07 1.1418864715e+04 4.4455055621e-01 9.0000000000e-02 
9.7446606406e-10 1.5528437102e+04 1.0931623272e+00 9.0000000000e-02 
2.2637337426e-06 2.1489432176e+04 9.4404011761e-01 9.0000000000e-02 
1.0284094480e-06 1.8193149996e+04 6.1523312052e-01 9.0000000000e-02 
1.4513070874e-09 1.2281615615e+04 1.0723027393e+00 9.0000000000e-02 
9.7501494223e-09 1.3374605067e+04 6.8135134163e-01 9.0000000000e-02 
6.6178110583e-08 1.6038632532e+04 7.1797798105e-01 9.0000000000e-02 
7.3852096880e-12 1.6116379690e+04 2.6950403134e-01 9.0000000000e-02 
8.7632148549e-06 1.1265718774e+04 4.8043793108e-01 9.0000000000e-02 
1.8544187087e-06 1.3710592987e+04 7.4536487363e-01 9.0000000000e-02 
4.4377982491e-10 1.2739745928e+04 1.1687609072e+00 9.0000000000e-02 
1.1314495135e-08 1.1635995746e+04 6.0686408347e-01 9.0000000000e-02 
1.9413884218e-06 1.7974460729e+04 1.3727214292e+00 9.0000000000e-02 
2.3716667756e-08 1.5846299051e+04 9.8117254553e-01 9.0000000000e-02 
3.7761131731e-10 1.5559673417e+04 1.1299821648e+00 9.0000000000e-02 
3.2152779477e-08 1.1418944769e+04 1.1072943200e+00 9.0000000000e-02 
3.3003530258e-08 1.2750365449e+04 9.4253876760e-01 9.0000000000e-02 
3.5151024632e-06 1.5141533049e+04 8.7434045328e-01 9.0000000000e-02 
5.3520910546e-10 1.6314829055e+04 6.2583038110e-01 9.0000000000e-02 
2.6719611956e-09 2.2875575819e+04 8.5110615641e-01 9.0000000000e-02 
8.5544350728e-09 1.3422836267e+04 4.7268146000e-01 9.0000000000e-02 
5.3540785092e-09 1.1295607156e+04 7.2418741163e-01 9.0000000000e-02 
6.8679587175e-08 1.1809986383e+04 6.6331318211e-01 9.0000000000e-02 
6.5449598796e-07 1.1417476831e+04 1.4091460203e+00 9.0000000000e-02 
1.0168458864e-07 1.1557640021e+04 9.6558176322e-01 9.0000000000e-02 
3.7743054545e-08 1.4103267119e+04 1.5197056283e+00 9.0000000000e-02 
3.5632375929e-11 1.1274245785e+04 9.3011382511e-01 9.0000000000e-02 
5.6728144714e-11 1.6111749316e+04 9.5968550224e-01 9.0000000000e-02 
2.3733253153e-07 1.1342763463e+04 1.3007621388e+00 9.0000000000e-02 
1.8953727817e-09 2.3286371838e+04 1.1955260476e+00 9.0000000000e-02 
2.3929088972e-09 1.2412071087e+04 8.9458854576e-01 9.0000000000e-02 
2.1887587281e-08 2.0666962391e+04 3.7586009808e-01 9.0000000000e-02 
2.5085570857e-06 1.2423778733e+04 1.1939594905e+00 9.0000000000e-02 
1.1907427346e-09 1.2751522789e+04 1.2975581840e+00 9.0000000000e-02 
1.6740816171e-09 1.2508861752e+04 5.4659234609e-01 9.0000000000e-02 
1.8348897417e-10 2.0233189615e+04 4.0871116894e-01 9.0000000000e-02 
5.6324581586e-10 1.6831659027e+04 3.6679640793e-01 9.0000000000e-02 
5.8089763197e-07 1.2222581644e+04 3.3250471636e-01 9.0000000000e-02 
4.3526736740e-10 1.3607020073e+04 5.8827307484e-01 9.0000000000e-02 
5.8549618993e-12 1.1871056288e+04 5.7970368791e-01 9.0000000000e-02 
3.9700027906e-09 1.3424117315e+04 8.7073597566e-01 9.0000000000e-02 
1.5582214942e-10 1.1373666975e+04 5.6684484130e-01 9.0000000000e-02 
2.2820134242e-08 1.4303636228e+04 4.5920526584e-01 9.0000000000e-02 
3.4709856141e-09 1.5938019482e+04 7.3655047495e-01 9.0000000000e-02 
1.4010360004e-09 1.3145560342e+04 3.6615205788e-01 9.0000000000e-02 
9.6694283820e-07 1.1773335925e+04 4.5362067323e-01 9.0000000000e-02 
2.7174919801e-09 1.4534674358e+04 8.7716379370e-01 9.0000000000e-02 
3.9788803839e-10 1.5106086847e+04 8.3033168957e-01 9.0000000000e-02 
1.6409873662e-10 2.4613632130e+04 6.4100900747e-01 9.0000000000e-02 
9.3300941775e-09 1.4571075940e+04 4.9967001207e-01 9.0000000000e-02 
3.3199695337e-06 2.0800705308e+04 1.4251115688e+00 9.0000000000e-02 
1.8931460560e-08 1.5543253248e+04 9.2339879594e-01 9.0000000000e-02 
7.2585864307e-11 1.2948048372e+04 1.0637964146e+00 9.0000000000e-02 
1.5241281377e-08 1.2248542819e+04 8.0898737927e-01 9.0000000000e-02 
2.5083208520e-09 1.9520957216e+04 1.1771039589e+00 9.0000000000e-02 
6.5461887343e-07 1.1461278723e+04 7.7205964879e-01 9.0000000000e-02 
2.5968012208e-08 2.2640851018e+04 1.0678755238e+00 9.0000000000e-02 
6.2135520984e-11 1.4556952627e+04 5.1647213564e-01 9.0000000000e-02 
2.3558459746e-06 1.3118800568e+04 6.4873706620e-02 9.0000000000e-02 
1.9697880743e-10 1.3033847435e+04 1.0719658475e+00 9.0000000000e-02 
1.4267532298e-10 1.5454385495e+04 6.8584594204e-01 9.0000000000e-02 
4.6337094429e-10 1.2293460742e+04 1.2313826109e+00 9.0000000000e-02 
2.8046587038e-07 1.1673022251e+04 3.9577027753e-01 9.0000000000e-02 
1.6374667903e-08 1.2912466535e+04 3.5818907728e-01 9.0000000000e-02 
2.8942467558e-11 1.5443520181e+04 8.0186101004e-01 9.0000000000e-02 
6.7630888722e-10 1.1752769956e+04 2.9144467119e-02 9.0000000000e-02 
2.1265918957e-08 1.2833731217e+04 1.2260227741e+00 9.0000000000e-02 
9.6452280783e-10 1.5397653002e+04 3.6041779480e-01 9.0000000000e-02 
3.3527525416e-06 1.1454478444e+04 9.5751693541e-01 9.0000000000e-02 
4.2140993588e-09 1.2889231847e+04 1.2800595941e+00 9.0000000000e-02 
7.4001641579e-08 1.5119759483e+04 7.8270735403e-01 9.0000000000e-02 
1.7687203283e-07 1.1587423994e+04 9.0122951900e-01 9.0000000000e-02 
5.9155402019e-06 1.1530192322e+04 4.1450806312e-01 9.0000000000e-02 
5.1309164341e-07 1.7832132595e+04 7.6694049713e-01 9.0000000000e-02 
1.0312359829e-08 1.4412017497e+04 9.9433911448e-01 9.0000000000e-02 
1.0310896495e-07 1.2401995647e+04 1.7177872512e-01 9.0000000000e-02 
7.2758323378e-07 1.2434889591e+04 8.4748071781e-01 9.0000000000e-02 
6.0667401340e-07 1.5599254149e+04 1.0802029144e+00 9.0000000000e-02 
9.0319579595e-09 1.5001590967e+04 9.0101657364e-01 9.0000000000e-02 
2.1540279453e-06 1.9856248741e+04 6.8064412218e-01 9.0000000000e-02 
3.4257130181e-08 1.3226110056e+04 6.4948853487e-01 9.0000000000e-02 
1.4304867096e-06 1.4420997249e+04 3.4260231100e-01 9.0000000000e-02 
6.4110299785e-09 1.3100853765e+04 1.0836272317e+00 9.0000000000e-02 
9.0506121501e-09 1.1487599271e+04 5.7485671227e-01 9.0000000000e-02 
3.2457737209e-09 1.2164275786e+04 4.7280242795e-01 9.0000000000e-02 
5.4964091735e-08 2.4982214768e+04 1.1080476557e+00 9.0000000000e-02 
2.5231802211e-09 1.3353059729e+04 1.2276839142e+00 9.0000000000e-02 
8.6599835985e-08 1.8887618474e+04 6.6508450035e-01 9.0000000000e-02 
2.4207472961e-08 1.2108185242e+04 1.3938559750e+00 9.0000000000e-02 
7.6093769242e-07 1.5001758737e+04 1.2445497752e+00 9.0000000000e-02 
2.8018355377e-10 1.1792345779e+04 9.1821200016e-01 9.0000000000e-02 
2.1250889864e-09 1.7655403472e+04 9.3893260527e-01 9.0000000000e-02 
2.2336085810e-10 1.1334042891e+04 1.1238081951e+00 9.0000000000e-02 
4.5723072494e-09 1.3034449231e+04 4.0391415235e-01 9.0000000000e-02 
1.9207494772e-07 1.1556718551e+04 9.9112732795e-01 9.0000000000e-02 
3.4643194097e-06 1.2161778110e+04 1.3389398391e+00 9.0000000000e-02 
4.6595597967e-06 1.1933416093e+04 1.2291569976e+00 9.0000000000e-02 
1.0812343324e-08 1.3165156737e+04 9.6015646689e-01 9.0000000000e-02 
1.6219833552e-10 1.2940886113e+04 1.2825533853e+00 9.0000000000e-02 
2.5760942967e-10 1.2226651024e+04 4.2264234219e-01 9.0000000000e-02 
1.7549426979e-09 1.7556836330e+04 1.0918135174e+00 9.0000000000e-02 
8.4921144415e-09 1.3401941447e+04 1.0934322140e+00 9.0000000000e-02 
4.3518743002e-08 2.5000000000e+04 7.9099256003e-01 9.0000000000e-02 
9.0947189134e-09 2.1976979300e+04 1.4018769904e+00 9.0000000000e-02 
7.6003166315e-09 1.1968654375e+04 1.3679185897e+00 9.0000000000e-02 
4.4520302196e-08 1.4029028659e+04 2.3441695465e-01 9.0000000000e-02 
3.1907217646e-09 1.2195179348e+04 5.4475567149e-01 9.0000000000e-02 
1.9391904990e-11 1.1877061358e+04 1.1954226843e+00 9.0000000000e-02 
2.0705720208e-11 1.1589834623e+04 1.1573523501e+00 9.0000000000e-02 
7.2662997855e-10 1.2139348010e+04 8.6911914816e-01 9.0000000000e-02 
6.3347537198e-06 1.2280439205e+04 1.1814192063e+00 9.0000000000e-02 
9.4157176732e-08 2.2610124176e+04 1.0469620593e+00 9.0000000000e-02 
4.7089659414e-08 1.5524468117e+04 1.0224931381e-01 9.0000000000e-02 
4.7665059527e-07 2.5000000000e+04 1.0738318607e+00 9.0000000000e-02 
4.5738694062e-09 1.5909549161e+04 1.1943847316e+00 9.0000000000e-02 
2.5196271582e-07 1.8507506731e+04 9.3880507411e-01 9.0000000000e-02 
7.6659383804e-09 1.1722988924e+04 1.0237925079e+00 9.0000000000e-02 
1.6706050689e-09 1.4702621148e+04 1.1704322726e+00 9.0000000000e-02 
2.9760270840e-06 1.5896123717e+04 1.2925530696e-01 9.0000000000e-02 
3.8935638989e-07 1.2424695666e+04 1.3007079669e+00 9.0000000000e-02 
1.2024658787e-06 1.5408164466e+04 6.8607633158e-01 9.0000000000e-02 
1.2122442730e-05 1.2512025759e+04 2.6362531894e-01 9.0000000000e-02 
1.7240264520e-11 1.1713996371e+04 1.2534913246e+00 9.0000000000e-02 
2.7026993837e-08 1.2601571978e+04 3.7110521170e-01 9.0000000000e-02 
1.3498632964e-08 1.6387335561e+04 6.3143097814e-01 9.0000000000e-02 
6.7753224311e-08 1.1687028054e+04 7.5353018769e-01 9.0000000000e-02 
6.7597134753e-08 1.7419158950e+04 8.7431081734e-01 9.0000000000e-02 
9.3671905220e-08 1.8142109217e+04 5.6521117983e-01 9.0000000000e-02 
9.6972686346e-08 1.5992919414e+04 7.4335850628e-01 9.0000000000e-02 
1.1055633716e-09 1.1426997217e+04 4.3645448202e-01 9.0000000000e-02 
2.7855962584e-10 1.3229183666e+04 7.9039931442e-01 9.0000000000e-02 
2.5664241763e-07 1.3929444884e+04 5.3328642900e-01 9.0000000000e-02 
1.4712120857e-10 1.5381854740e+04 3.5546077373e-01 9.0000000000e-02 
4.4172567973e-09 1.5192812231e+04 6.3547381773e-01 9.0000000000e-02 
4.3182212435e-11 1.3337182011e+04 2.7126471258e-01 9.0000000000e-02 
1.5678781564e-10 1.7162804202e+04 1.1667502570e+00 9.0000000000e-02 
9.9076913202e-09 1.5306798734e+04 4.1924901177e-01 9.0000000000e-02 
2.4204846719e-06 1.2565802371e+04 7.6000230892e-01 9.0000000000e-02 
1.7525042380e-05 1.2123462859e+04 1.1137979696e+00 9.0000000000e-02 
1.5013124830e-06 1.1620261612e+04 9.8853899544e-01 9.0000000000e-02 
5.1686923822e-07 1.4141870287e+04 2.8550568111e-01 9.0000000000e-02 
1.2881995317e-09 1.7944391808e+04 6.5288619359e-01 9.0000000000e-02 
1.2408728044e-10 1.4062483263e+04 9.5967400682e-01 9.0000000000e-02 
8.5363470417e-09 2.5000000000e+04 6.2857525242e-01 9.0000000000e-02 
1.9690716059e-08 1.1286907993e+04 9.3169479575e-01 9.0000000000e-02 
6.2153242179e-10 1.3287038640e+04 1.1771593601e+00 9.0000000000e-02 
1.4289639496e-10 1.2292667648e+04 1.1170695895e+00 9.0000000000e-02 
1.6181716898e-07 1.6047795070e+04 1.0322375574e+00 9.0000000000e-02 
1.4703040806e-06 1.1486862824e+04 7.3078752985e-01 9.0000000000e-02 
1.8837582631e-10 1.3198633822e+04 3.6332765782e-01 9.0000000000e-02 
4.1588912628e-11 1.1980562787e+04 5.9155790445e-01 9.0000000000e-02 
6.2415327817e-11 1.1768743369e+04 1.1578662973e+00 9.0000000000e-02 
3.2750835336e-11 1.9306362031e+04 6.0081402823e-01 9.0000000000e-02 
4.5922735687e-08 1.6816423707e+04 4.1536562926e-01 9.0000000000e-02 
1.0681498943e-07 1.3209402501e+04 8.3296296326e-01 9.0000000000e-02 
2.5851917267e-09 1.5146062780e+04 7.7743202326e-01 9.0000000000e-02 
3.6943772507e-11 1.8789451050e+04 1.4755361891e+00 9.0000000000e-02 
1.6765967986e-08 1.4451814023e+04 1.5845663242e-01 9.0000000000e-02 
1.3384052959e-07 1.1577082777e+04 4.0913701039e-01 9.0000000000e-02 
3.7518239374e-09 1.7955738765e+04 7.9738545290e-01 9.0000000000e-02 
3.4102405930e-08 1.1881363496e+04 1.5152252478e-01 9.0000000000e-02 
2.9291105531e-10 1.9374205320e+04 3.5897684087e-01 9.0000000000e-02 
1.2820759920e-09 1.7898311043e+04 1.1304641705e+00 9.0000000000e-02 
4.3189073865e-10 1.3386169867e+04 2.7748336652e-01 9.0000000000e-02 
6.3937846133e-10 1.3293381744e+04 6.6275072921e-01 9.0000000000e-02 
2.6701220242e-10 1.3279620874e+04 4.3879590515e-01 9.0000000000e-02 
5.6867223810e-07 1.3390014165e+04 4.6295750582e-01 9.0000000000e-02 
1.8859554919e-07 1.3602893755e+04 7.6566809533e-01 9.0000000000e-02 
1.9690927454e-11 1.4981494537e+04 1.0591790100e+00 9.0000000000e-02 
4.7650159302e-08 1.4997926163e+04 7.7740276139e-01 9.0000000000e-02 
2.7082088952e-09 1.6030913992e+04 9.8823410301e-01 9.0000000000e-02 
