5.0000000000e-06 1.1200000000e+04 0.0000000000e+00 
5.0000000000e-06 1.1200000000e+04 7.8539816340e-01 
5.0000000000e-06 1.1200000000e+04 1.2217304764e+00 
5.0000000000e-06 1.1983333333e+04 0.0000000000e+00 
5.0000000000e-06 1.1983333333e+04 7.8539816340e-01 
5.0000000000e-06 1.1983333333e+04 1.2217304764e+00 
5.0000000000e-06 1.2766666667e+04 0.0000000000e+00 
5.0000000000e-06 1.2766666667e+04 7.8539816340e-01 
5.0000000000e-06 1.2766666667e+04 1.2217304764e+00 
5.0000000000e-06 1.3550000000e+04 0.0000000000e+00 
5.0000000000e-06 1.3550000000e+04 7.8539816340e-01 
5.0000000000e-06 1.3550000000e+04 1.2217304764e+00 
5.0000000000e-06 1.4333333333e+04 0.0000000000e+00 
5.0000000000e-06 1.4333333333e+04 7.8539816340e-01 
5.0000000000e-06 1.4333333333e+04 1.2217304764e+00 
5.0000000000e-06 1.5116666667e+04 0.0000000000e+00 
5.0000000000e-06 1.5116666667e+04 7.8539816340e-01 
5.0000000000e-06 1.5116666667e+04 1.2217304764e+00 
5.0000000000e-06 1.5900000000e+04 0.0000000000e+00 
5.0000000000e-06 1.5900000000e+04 7.8539816340e-01 
5.0000000000e-06 1.5900000000e+04 1.2217304764e+00 
5.0000000000e-06 1.6683333333e+04 0.0000000000e+00 
5.0000000000e-06 1.6683333333e+04 7.8539816340e-01 
5.0000000000e-06 1.6683333333e+04 1.2217304764e+00 
5.0000000000e-06 1.7466666667e+04 0.0000000000e+00 
5.0000000000e-06 1.7466666667e+04 7.8539816340e-01 
5.0000000000e-06 1.7466666667e+04 1.2217304764e+00 
5.0000000000e-06 1.8250000000e+04 0.0000000000e+00 
5.0000000000e-06 1.8250000000e+04 7.8539816340e-01 
5.0000000000e-06 1.8250000000e+04 1.2217304764e+00 
5.0000000000e-06 1.9033333333e+04 0.0000000000e+00 
5.0000000000e-06 1.9033333333e+04 7.8539816340e-01 
5.0000000000e-06 1.9033333333e+04 1.2217304764e+00 
5.0000000000e-06 1.9816666667e+04 0.0000000000e+00 
5.0000000000e-06 1.9816666667e+04 7.8539816340e-01 
5.0000000000e-06 1.9816666667e+04 1.2217304764e+00 
5.0000000000e-06 2.0600000000e+04 0.0000000000e+00 
5.0000000000e-06 2.0600000000e+04 7.8539816340e-01 
5.0000000000e-06 2.0600000000e+04 1.2217304764e+00 
5.0000000000e-06 2.1383333333e+04 0.0000000000e+00 
5.0000000000e-06 2.1383333333e+04 7.8539816340e-01 
5.0000000000e-06 2.1383333333e+04 1.2217304764e+00 
5.0000000000e-06 2.2166666667e+04 0.0000000000e+00 
5.0000000000e-06 2.2166666667e+04 7.8539816340e-01 
5.0000000000e-06 2.2166666667e+04 1.2217304764e+00 
5.0000000000e-06 2.2950000000e+04 0.0000000000e+00 
5.0000000000e-06 2.2950000000e+04 7.8539816340e-01 
5.0000000000e-06 2.2950000000e+04 1.2217304764e+00 
5.0000000000e-06 2.3733333333e+04 0.0000000000e+00 
5.0000000000e-06 2.3733333333e+04 7.8539816340e-01 
5.0000000000e-06 2.3733333333e+04 1.2217304764e+00 
5.0000000000e-06 2.4516666667e+04 0.0000000000e+00 
5.0000000000e-06 2.4516666667e+04 7.8539816340e-01 
5.0000000000e-06 2.4516666667e+04 1.2217304764e+00 
5.0000000000e-06 2.5300000000e+04 0.0000000000e+00 
5.0000000000e-06 2.5300000000e+04 7.8539816340e-01 
5.0000000000e-06 2.5300000000e+04 1.2217304764e+00 
5.0000000000e-06 2.6083333333e+04 0.0000000000e+00 
5.0000000000e-06 2.6083333333e+04 7.8539816340e-01 
5.0000000000e-06 2.6083333333e+04 1.2217304764e+00 
5.0000000000e-06 2.6866666667e+04 0.0000000000e+00 
5.0000000000e-06 2.6866666667e+04 7.8539816340e-01 
5.0000000000e-06 2.6866666667e+04 1.2217304764e+00 
5.0000000000e-06 2.7650000000e+04 0.0000000000e+00 
5.0000000000e-06 2.7650000000e+04 7.8539816340e-01 
5.0000000000e-06 2.7650000000e+04 1.2217304764e+00 
5.0000000000e-06 2.8433333333e+04 0.0000000000e+00 
5.0000000000e-06 2.8433333333e+04 7.8539816340e-01 
5.0000000000e-06 2.8433333333e+04 1.2217304764e+00 
5.0000000000e-06 2.9216666667e+04 0.0000000000e+00 
5.0000000000e-06 2.9216666667e+04 7.8539816340e-01 
5.0000000000e-06 2.9216666667e+04 1.2217304764e+00 
5.0000000000e-06 3.0000000000e+04 0.0000000000e+00 
5.0000000000e-06 3.0000000000e+04 7.8539816340e-01 
5.0000000000e-06 3.0000000000e+04 1.2217304764e+00 
4.6458333333e-05 1.1200000000e+04 0.0000000000e+00 
4.6458333333e-05 1.1200000000e+04 7.8539816340e-01 
4.6458333333e-05 1.1200000000e+04 1.2217304764e+00 
4.6458333333e-05 1.1983333333e+04 0.0000000000e+00 
4.6458333333e-05 1.1983333333e+04 7.8539816340e-01 
4.6458333333e-05 1.1983333333e+04 1.2217304764e+00 
4.6458333333e-05 1.2766666667e+04 0.0000000000e+00 
4.6458333333e-05 1.2766666667e+04 7.8539816340e-01 
4.6458333333e-05 1.2766666667e+04 1.2217304764e+00 
4.6458333333e-05 1.3550000000e+04 0.0000000000e+00 
4.6458333333e-05 1.3550000000e+04 7.8539816340e-01 
4.6458333333e-05 1.3550000000e+04 1.2217304764e+00 
4.6458333333e-05 1.4333333333e+04 0.0000000000e+00 
4.6458333333e-05 1.4333333333e+04 7.8539816340e-01 
4.6458333333e-05 1.4333333333e+04 1.2217304764e+00 
4.6458333333e-05 1.5116666667e+04 0.0000000000e+00 
4.6458333333e-05 1.5116666667e+04 7.8539816340e-01 
4.6458333333e-05 1.5116666667e+04 1.2217304764e+00 
4.6458333333e-05 1.5900000000e+04 0.0000000000e+00 
4.6458333333e-05 1.5900000000e+04 7.8539816340e-01 
4.6458333333e-05 1.5900000000e+04 1.2217304764e+00 
4.6458333333e-05 1.6683333333e+04 0.0000000000e+00 
4.6458333333e-05 1.6683333333e+04 7.8539816340e-01 
4.6458333333e-05 1.6683333333e+04 1.2217304764e+00 
4.6458333333e-05 1.7466666667e+04 0.0000000000e+00 
4.6458333333e-05 1.7466666667e+04 7.8539816340e-01 
4.6458333333e-05 1.7466666667e+04 1.2217304764e+00 
4.6458333333e-05 1.8250000000e+04 0.0000000000e+00 
4.6458333333e-05 1.8250000000e+04 7.8539816340e-01 
4.6458333333e-05 1.8250000000e+04 1.2217304764e+00 
4.6458333333e-05 1.9033333333e+04 0.0000000000e+00 
4.6458333333e-05 1.9033333333e+04 7.8539816340e-01 
4.6458333333e-05 1.9033333333e+04 1.2217304764e+00 
4.6458333333e-05 1.9816666667e+04 0.0000000000e+00 
4.6458333333e-05 1.9816666667e+04 7.8539816340e-01 
4.6458333333e-05 1.9816666667e+04 1.2217304764e+00 
4.6458333333e-05 2.0600000000e+04 0.0000000000e+00 
4.6458333333e-05 2.0600000000e+04 7.8539816340e-01 
4.6458333333e-05 2.0600000000e+04 1.2217304764e+00 
4.6458333333e-05 2.1383333333e+04 0.0000000000e+00 
4.6458333333e-05 2.1383333333e+04 7.8539816340e-01 
4.6458333333e-05 2.1383333333e+04 1.2217304764e+00 
4.6458333333e-05 2.2166666667e+04 0.0000000000e+00 
4.6458333333e-05 2.2166666667e+04 7.8539816340e-01 
4.6458333333e-05 2.2166666667e+04 1.2217304764e+00 
4.6458333333e-05 2.2950000000e+04 0.0000000000e+00 
4.6458333333e-05 2.2950000000e+04 7.8539816340e-01 
4.6458333333e-05 2.2950000000e+04 1.2217304764e+00 
4.6458333333e-05 2.3733333333e+04 0.0000000000e+00 
4.6458333333e-05 2.3733333333e+04 7.8539816340e-01 
4.6458333333e-05 2.3733333333e+04 1.2217304764e+00 
4.6458333333e-05 2.4516666667e+04 0.0000000000e+00 
4.6458333333e-05 2.4516666667e+04 7.8539816340e-01 
4.6458333333e-05 2.4516666667e+04 1.2217304764e+00 
4.6458333333e-05 2.5300000000e+04 0.0000000000e+00 
4.6458333333e-05 2.5300000000e+04 7.8539816340e-01 
4.6458333333e-05 2.5300000000e+04 1.2217304764e+00 
4.6458333333e-05 2.6083333333e+04 0.0000000000e+00 
4.6458333333e-05 2.6083333333e+04 7.8539816340e-01 
4.6458333333e-05 2.6083333333e+04 1.2217304764e+00 
4.6458333333e-05 2.6866666667e+04 0.0000000000e+00 
4.6458333333e-05 2.6866666667e+04 7.8539816340e-01 
4.6458333333e-05 2.6866666667e+04 1.2217304764e+00 
4.6458333333e-05 2.7650000000e+04 0.0000000000e+00 
4.6458333333e-05 2.7650000000e+04 7.8539816340e-01 
4.6458333333e-05 2.7650000000e+04 1.2217304764e+00 
4.6458333333e-05 2.8433333333e+04 0.0000000000e+00 
4.6458333333e-05 2.8433333333e+04 7.8539816340e-01 
4.6458333333e-05 2.8433333333e+04 1.2217304764e+00 
4.6458333333e-05 2.9216666667e+04 0.0000000000e+00 
4.6458333333e-05 2.9216666667e+04 7.8539816340e-01 
4.6458333333e-05 2.9216666667e+04 1.2217304764e+00 
4.6458333333e-05 3.0000000000e+04 0.0000000000e+00 
4.6458333333e-05 3.0000000000e+04 7.8539816340e-01 
4.6458333333e-05 3.0000000000e+04 1.2217304764e+00 
8.7916666667e-05 1.1200000000e+04 0.0000000000e+00 
8.7916666667e-05 1.1200000000e+04 7.8539816340e-01 
8.7916666667e-05 1.1200000000e+04 1.2217304764e+00 
8.7916666667e-05 1.1983333333e+04 0.0000000000e+00 
8.7916666667e-05 1.1983333333e+04 7.8539816340e-01 
8.7916666667e-05 1.1983333333e+04 1.2217304764e+00 
8.7916666667e-05 1.2766666667e+04 0.0000000000e+00 
8.7916666667e-05 1.2766666667e+04 7.8539816340e-01 
8.7916666667e-05 1.2766666667e+04 1.2217304764e+00 
8.7916666667e-05 1.3550000000e+04 0.0000000000e+00 
8.7916666667e-05 1.3550000000e+04 7.8539816340e-01 
8.7916666667e-05 1.3550000000e+04 1.2217304764e+00 
8.7916666667e-05 1.4333333333e+04 0.0000000000e+00 
8.7916666667e-05 1.4333333333e+04 7.8539816340e-01 
8.7916666667e-05 1.4333333333e+04 1.2217304764e+00 
8.7916666667e-05 1.5116666667e+04 0.0000000000e+00 
8.7916666667e-05 1.5116666667e+04 7.8539816340e-01 
8.7916666667e-05 1.5116666667e+04 1.2217304764e+00 
8.7916666667e-05 1.5900000000e+04 0.0000000000e+00 
8.7916666667e-05 1.5900000000e+04 7.8539816340e-01 
8.7916666667e-05 1.5900000000e+04 1.2217304764e+00 
8.7916666667e-05 1.6683333333e+04 0.0000000000e+00 
8.7916666667e-05 1.6683333333e+04 7.8539816340e-01 
8.7916666667e-05 1.6683333333e+04 1.2217304764e+00 
8.7916666667e-05 1.7466666667e+04 0.0000000000e+00 
8.7916666667e-05 1.7466666667e+04 7.8539816340e-01 
8.7916666667e-05 1.7466666667e+04 1.2217304764e+00 
8.7916666667e-05 1.8250000000e+04 0.0000000000e+00 
8.7916666667e-05 1.8250000000e+04 7.8539816340e-01 
8.7916666667e-05 1.8250000000e+04 1.2217304764e+00 
8.7916666667e-05 1.9033333333e+04 0.0000000000e+00 
8.7916666667e-05 1.9033333333e+04 7.8539816340e-01 
8.7916666667e-05 1.9033333333e+04 1.2217304764e+00 
8.7916666667e-05 1.9816666667e+04 0.0000000000e+00 
8.7916666667e-05 1.9816666667e+04 7.8539816340e-01 
8.7916666667e-05 1.9816666667e+04 1.2217304764e+00 
8.7916666667e-05 2.0600000000e+04 0.0000000000e+00 
8.7916666667e-05 2.0600000000e+04 7.8539816340e-01 
8.7916666667e-05 2.0600000000e+04 1.2217304764e+00 
8.7916666667e-05 2.1383333333e+04 0.0000000000e+00 
8.7916666667e-05 2.1383333333e+04 7.8539816340e-01 
8.7916666667e-05 2.1383333333e+04 1.2217304764e+00 
8.7916666667e-05 2.2166666667e+04 0.0000000000e+00 
8.7916666667e-05 2.2166666667e+04 7.8539816340e-01 
8.7916666667e-05 2.2166666667e+04 1.2217304764e+00 
8.7916666667e-05 2.2950000000e+04 0.0000000000e+00 
8.7916666667e-05 2.2950000000e+04 7.8539816340e-01 
8.7916666667e-05 2.2950000000e+04 1.2217304764e+00 
8.7916666667e-05 2.3733333333e+04 0.0000000000e+00 
8.7916666667e-05 2.3733333333e+04 7.8539816340e-01 
8.7916666667e-05 2.3733333333e+04 1.2217304764e+00 
8.7916666667e-05 2.4516666667e+04 0.0000000000e+00 
8.7916666667e-05 2.4516666667e+04 7.8539816340e-01 
8.7916666667e-05 2.4516666667e+04 1.2217304764e+00 
8.7916666667e-05 2.5300000000e+04 0.0000000000e+00 
8.7916666667e-05 2.5300000000e+04 7.8539816340e-01 
8.7916666667e-05 2.5300000000e+04 1.2217304764e+00 
8.7916666667e-05 2.6083333333e+04 0.0000000000e+00 
8.7916666667e-05 2.6083333333e+04 7.8539816340e-01 
8.7916666667e-05 2.6083333333e+04 1.2217304764e+00 
8.7916666667e-05 2.6866666667e+04 0.0000000000e+00 
8.7916666667e-05 2.6866666667e+04 7.8539816340e-01 
8.7916666667e-05 2.6866666667e+04 1.2217304764e+00 
8.7916666667e-05 2.7650000000e+04 0.0000000000e+00 
8.7916666667e-05 2.7650000000e+04 7.8539816340e-01 
8.7916666667e-05 2.7650000000e+04 1.2217304764e+00 
8.7916666667e-05 2.8433333333e+04 0.0000000000e+00 
8.7916666667e-05 2.8433333333e+04 7.8539816340e-01 
8.7916666667e-05 2.8433333333e+04 1.2217304764e+00 
8.7916666667e-05 2.9216666667e+04 0.0000000000e+00 
8.7916666667e-05 2.9216666667e+04 7.8539816340e-01 
8.7916666667e-05 2.9216666667e+04 1.2217304764e+00 
8.7916666667e-05 3.0000000000e+04 0.0000000000e+00 
8.7916666667e-05 3.0000000000e+04 7.8539816340e-01 
8.7916666667e-05 3.0000000000e+04 1.2217304764e+00 
1.2937500000e-04 1.1200000000e+04 0.0000000000e+00 
1.2937500000e-04 1.1200000000e+04 7.8539816340e-01 
1.2937500000e-04 1.1200000000e+04 1.2217304764e+00 
1.2937500000e-04 1.1983333333e+04 0.0000000000e+00 
1.2937500000e-04 1.1983333333e+04 7.8539816340e-01 
1.2937500000e-04 1.1983333333e+04 1.2217304764e+00 
1.2937500000e-04 1.2766666667e+04 0.0000000000e+00 
1.2937500000e-04 1.2766666667e+04 7.8539816340e-01 
1.2937500000e-04 1.2766666667e+04 1.2217304764e+00 
1.2937500000e-04 1.3550000000e+04 0.0000000000e+00 
1.2937500000e-04 1.3550000000e+04 7.8539816340e-01 
1.2937500000e-04 1.3550000000e+04 1.2217304764e+00 
1.2937500000e-04 1.4333333333e+04 0.0000000000e+00 
1.2937500000e-04 1.4333333333e+04 7.8539816340e-01 
1.2937500000e-04 1.4333333333e+04 1.2217304764e+00 
1.2937500000e-04 1.5116666667e+04 0.0000000000e+00 
1.2937500000e-04 1.5116666667e+04 7.8539816340e-01 
1.2937500000e-04 1.5116666667e+04 1.2217304764e+00 
1.2937500000e-04 1.5900000000e+04 0.0000000000e+00 
1.2937500000e-04 1.5900000000e+04 7.8539816340e-01 
1.2937500000e-04 1.5900000000e+04 1.2217304764e+00 
1.2937500000e-04 1.6683333333e+04 0.0000000000e+00 
1.2937500000e-04 1.6683333333e+04 7.8539816340e-01 
1.2937500000e-04 1.6683333333e+04 1.2217304764e+00 
1.2937500000e-04 1.7466666667e+04 0.0000000000e+00 
1.2937500000e-04 1.7466666667e+04 7.8539816340e-01 
1.2937500000e-04 1.7466666667e+04 1.2217304764e+00 
1.2937500000e-04 1.8250000000e+04 0.0000000000e+00 
1.2937500000e-04 1.8250000000e+04 7.8539816340e-01 
1.2937500000e-04 1.8250000000e+04 1.2217304764e+00 
1.2937500000e-04 1.9033333333e+04 0.0000000000e+00 
1.2937500000e-04 1.9033333333e+04 7.8539816340e-01 
1.2937500000e-04 1.9033333333e+04 1.2217304764e+00 
1.2937500000e-04 1.9816666667e+04 0.0000000000e+00 
1.2937500000e-04 1.9816666667e+04 7.8539816340e-01 
1.2937500000e-04 1.9816666667e+04 1.2217304764e+00 
1.2937500000e-04 2.0600000000e+04 0.0000000000e+00 
1.2937500000e-04 2.0600000000e+04 7.8539816340e-01 
1.2937500000e-04 2.0600000000e+04 1.2217304764e+00 
1.2937500000e-04 2.1383333333e+04 0.0000000000e+00 
1.2937500000e-04 2.1383333333e+04 7.8539816340e-01 
1.2937500000e-04 2.1383333333e+04 1.2217304764e+00 
1.2937500000e-04 2.2166666667e+04 0.0000000000e+00 
1.2937500000e-04 2.2166666667e+04 7.8539816340e-01 
1.2937500000e-04 2.2166666667e+04 1.2217304764e+00 
1.2937500000e-04 2.2950000000e+04 0.0000000000e+00 
1.2937500000e-04 2.2950000000e+04 7.8539816340e-01 
1.2937500000e-04 2.2950000000e+04 1.2217304764e+00 
1.2937500000e-04 2.3733333333e+04 0.0000000000e+00 
1.2937500000e-04 2.3733333333e+04 7.8539816340e-01 
1.2937500000e-04 2.3733333333e+04 1.2217304764e+00 
1.2937500000e-04 2.4516666667e+04 0.0000000000e+00 
1.2937500000e-04 2.4516666667e+04 7.8539816340e-01 
1.2937500000e-04 2.4516666667e+04 1.2217304764e+00 
1.2937500000e-04 2.5300000000e+04 0.0000000000e+00 
1.2937500000e-04 2.5300000000e+04 7.8539816340e-01 
1.2937500000e-04 2.5300000000e+04 1.2217304764e+00 
1.2937500000e-04 2.6083333333e+04 0.0000000000e+00 
1.2937500000e-04 2.6083333333e+04 7.8539816340e-01 
1.2937500000e-04 2.6083333333e+04 1.2217304764e+00 
1.2937500000e-04 2.6866666667e+04 0.0000000000e+00 
1.2937500000e-04 2.6866666667e+04 7.8539816340e-01 
1.2937500000e-04 2.6866666667e+04 1.2217304764e+00 
1.2937500000e-04 2.7650000000e+04 0.0000000000e+00 
1.2937500000e-04 2.7650000000e+04 7.8539816340e-01 
1.2937500000e-04 2.7650000000e+04 1.2217304764e+00 
1.2937500000e-04 2.8433333333e+04 0.0000000000e+00 
1.2937500000e-04 2.8433333333e+04 7.8539816340e-01 
1.2937500000e-04 2.8433333333e+04 1.2217304764e+00 
1.2937500000e-04 2.9216666667e+04 0.0000000000e+00 
1.2937500000e-04 2.9216666667e+04 7.8539816340e-01 
1.2937500000e-04 2.9216666667e+04 1.2217304764e+00 
1.2937500000e-04 3.0000000000e+04 0.0000000000e+00 
1.2937500000e-04 3.0000000000e+04 7.8539816340e-01 
1.2937500000e-04 3.0000000000e+04 1.2217304764e+00 
1.7083333333e-04 1.1200000000e+04 0.0000000000e+00 
1.7083333333e-04 1.1200000000e+04 7.8539816340e-01 
1.7083333333e-04 1.1200000000e+04 1.2217304764e+00 
1.7083333333e-04 1.1983333333e+04 0.0000000000e+00 
1.7083333333e-04 1.1983333333e+04 7.8539816340e-01 
1.7083333333e-04 1.1983333333e+04 1.2217304764e+00 
1.7083333333e-04 1.2766666667e+04 0.0000000000e+00 
1.7083333333e-04 1.2766666667e+04 7.8539816340e-01 
1.7083333333e-04 1.2766666667e+04 1.2217304764e+00 
1.7083333333e-04 1.3550000000e+04 0.0000000000e+00 
1.7083333333e-04 1.3550000000e+04 7.8539816340e-01 
1.7083333333e-04 1.3550000000e+04 1.2217304764e+00 
1.7083333333e-04 1.4333333333e+04 0.0000000000e+00 
1.7083333333e-04 1.4333333333e+04 7.8539816340e-01 
1.7083333333e-04 1.4333333333e+04 1.2217304764e+00 
1.7083333333e-04 1.5116666667e+04 0.0000000000e+00 
1.7083333333e-04 1.5116666667e+04 7.8539816340e-01 
1.7083333333e-04 1.5116666667e+04 1.2217304764e+00 
1.7083333333e-04 1.5900000000e+04 0.0000000000e+00 
1.7083333333e-04 1.5900000000e+04 7.8539816340e-01 
1.7083333333e-04 1.5900000000e+04 1.2217304764e+00 
1.7083333333e-04 1.6683333333e+04 0.0000000000e+00 
1.7083333333e-04 1.6683333333e+04 7.8539816340e-01 
1.7083333333e-04 1.6683333333e+04 1.2217304764e+00 
1.7083333333e-04 1.7466666667e+04 0.0000000000e+00 
1.7083333333e-04 1.7466666667e+04 7.8539816340e-01 
1.7083333333e-04 1.7466666667e+04 1.2217304764e+00 
1.7083333333e-04 1.8250000000e+04 0.0000000000e+00 
1.7083333333e-04 1.8250000000e+04 7.8539816340e-01 
1.7083333333e-04 1.8250000000e+04 1.2217304764e+00 
1.7083333333e-04 1.9033333333e+04 0.0000000000e+00 
1.7083333333e-04 1.9033333333e+04 7.8539816340e-01 
1.7083333333e-04 1.9033333333e+04 1.2217304764e+00 
1.7083333333e-04 1.9816666667e+04 0.0000000000e+00 
1.7083333333e-04 1.9816666667e+04 7.8539816340e-01 
1.7083333333e-04 1.9816666667e+04 1.2217304764e+00 
1.7083333333e-04 2.0600000000e+04 0.0000000000e+00 
1.7083333333e-04 2.0600000000e+04 7.8539816340e-01 
1.7083333333e-04 2.0600000000e+04 1.2217304764e+00 
1.7083333333e-04 2.1383333333e+04 0.0000000000e+00 
1.7083333333e-04 2.1383333333e+04 7.8539816340e-01 
1.7083333333e-04 2.1383333333e+04 1.2217304764e+00 
1.7083333333e-04 2.2166666667e+04 0.0000000000e+00 
1.7083333333e-04 2.2166666667e+04 7.8539816340e-01 
1.7083333333e-04 2.2166666667e+04 1.2217304764e+00 
1.7083333333e-04 2.2950000000e+04 0.0000000000e+00 
1.7083333333e-04 2.2950000000e+04 7.8539816340e-01 
1.7083333333e-04 2.2950000000e+04 1.2217304764e+00 
1.7083333333e-04 2.3733333333e+04 0.0000000000e+00 
1.7083333333e-04 2.3733333333e+04 7.8539816340e-01 
1.7083333333e-04 2.3733333333e+04 1.2217304764e+00 
1.7083333333e-04 2.4516666667e+04 0.0000000000e+00 
1.7083333333e-04 2.4516666667e+04 7.8539816340e-01 
1.7083333333e-04 2.4516666667e+04 1.2217304764e+00 
1.7083333333e-04 2.5300000000e+04 0.0000000000e+00 
1.7083333333e-04 2.5300000000e+04 7.8539816340e-01 
1.7083333333e-04 2.5300000000e+04 1.2217304764e+00 
1.7083333333e-04 2.6083333333e+04 0.0000000000e+00 
1.7083333333e-04 2.6083333333e+04 7.8539816340e-01 
1.7083333333e-04 2.6083333333e+04 1.2217304764e+00 
1.7083333333e-04 2.6866666667e+04 0.0000000000e+00 
1.7083333333e-04 2.6866666667e+04 7.8539816340e-01 
1.7083333333e-04 2.6866666667e+04 1.2217304764e+00 
1.7083333333e-04 2.7650000000e+04 0.0000000000e+00 
1.7083333333e-04 2.7650000000e+04 7.8539816340e-01 
1.7083333333e-04 2.7650000000e+04 1.2217304764e+00 
1.7083333333e-04 2.8433333333e+04 0.0000000000e+00 
1.7083333333e-04 2.8433333333e+04 7.8539816340e-01 
1.7083333333e-04 2.8433333333e+04 1.2217304764e+00 
1.7083333333e-04 2.9216666667e+04 0.0000000000e+00 
1.7083333333e-04 2.9216666667e+04 7.8539816340e-01 
1.7083333333e-04 2.9216666667e+04 1.2217304764e+00 
1.7083333333e-04 3.0000000000e+04 0.0000000000e+00 
1.7083333333e-04 3.0000000000e+04 7.8539816340e-01 
1.7083333333e-04 3.0000000000e+04 1.2217304764e+00 
2.1229166667e-04 1.1200000000e+04 0.0000000000e+00 
2.1229166667e-04 1.1200000000e+04 7.8539816340e-01 
2.1229166667e-04 1.1200000000e+04 1.2217304764e+00 
2.1229166667e-04 1.1983333333e+04 0.0000000000e+00 
2.1229166667e-04 1.1983333333e+04 7.8539816340e-01 
2.1229166667e-04 1.1983333333e+04 1.2217304764e+00 
2.1229166667e-04 1.2766666667e+04 0.0000000000e+00 
2.1229166667e-04 1.2766666667e+04 7.8539816340e-01 
2.1229166667e-04 1.2766666667e+04 1.2217304764e+00 
2.1229166667e-04 1.3550000000e+04 0.0000000000e+00 
2.1229166667e-04 1.3550000000e+04 7.8539816340e-01 
2.1229166667e-04 1.3550000000e+04 1.2217304764e+00 
2.1229166667e-04 1.4333333333e+04 0.0000000000e+00 
2.1229166667e-04 1.4333333333e+04 7.8539816340e-01 
2.1229166667e-04 1.4333333333e+04 1.2217304764e+00 
2.1229166667e-04 1.5116666667e+04 0.0000000000e+00 
2.1229166667e-04 1.5116666667e+04 7.8539816340e-01 
2.1229166667e-04 1.5116666667e+04 1.2217304764e+00 
2.1229166667e-04 1.5900000000e+04 0.0000000000e+00 
2.1229166667e-04 1.5900000000e+04 7.8539816340e-01 
2.1229166667e-04 1.5900000000e+04 1.2217304764e+00 
2.1229166667e-04 1.6683333333e+04 0.0000000000e+00 
2.1229166667e-04 1.6683333333e+04 7.8539816340e-01 
2.1229166667e-04 1.6683333333e+04 1.2217304764e+00 
2.1229166667e-04 1.7466666667e+04 0.0000000000e+00 
2.1229166667e-04 1.7466666667e+04 7.8539816340e-01 
2.1229166667e-04 1.7466666667e+04 1.2217304764e+00 
2.1229166667e-04 1.8250000000e+04 0.0000000000e+00 
2.1229166667e-04 1.8250000000e+04 7.8539816340e-01 
2.1229166667e-04 1.8250000000e+04 1.2217304764e+00 
2.1229166667e-04 1.9033333333e+04 0.0000000000e+00 
2.1229166667e-04 1.9033333333e+04 7.8539816340e-01 
2.1229166667e-04 1.9033333333e+04 1.2217304764e+00 
2.1229166667e-04 1.9816666667e+04 0.0000000000e+00 
2.1229166667e-04 1.9816666667e+04 7.8539816340e-01 
2.1229166667e-04 1.9816666667e+04 1.2217304764e+00 
2.1229166667e-04 2.0600000000e+04 0.0000000000e+00 
2.1229166667e-04 2.0600000000e+04 7.8539816340e-01 
2.1229166667e-04 2.0600000000e+04 1.2217304764e+00 
2.1229166667e-04 2.1383333333e+04 0.0000000000e+00 
2.1229166667e-04 2.1383333333e+04 7.8539816340e-01 
2.1229166667e-04 2.1383333333e+04 1.2217304764e+00 
2.1229166667e-04 2.2166666667e+04 0.0000000000e+00 
2.1229166667e-04 2.2166666667e+04 7.8539816340e-01 
2.1229166667e-04 2.2166666667e+04 1.2217304764e+00 
2.1229166667e-04 2.2950000000e+04 0.0000000000e+00 
2.1229166667e-04 2.2950000000e+04 7.8539816340e-01 
2.1229166667e-04 2.2950000000e+04 1.2217304764e+00 
2.1229166667e-04 2.3733333333e+04 0.0000000000e+00 
2.1229166667e-04 2.3733333333e+04 7.8539816340e-01 
2.1229166667e-04 2.3733333333e+04 1.2217304764e+00 
2.1229166667e-04 2.4516666667e+04 0.0000000000e+00 
2.1229166667e-04 2.4516666667e+04 7.8539816340e-01 
2.1229166667e-04 2.4516666667e+04 1.2217304764e+00 
2.1229166667e-04 2.5300000000e+04 0.0000000000e+00 
2.1229166667e-04 2.5300000000e+04 7.8539816340e-01 
2.1229166667e-04 2.5300000000e+04 1.2217304764e+00 
2.1229166667e-04 2.6083333333e+04 0.0000000000e+00 
2.1229166667e-04 2.6083333333e+04 7.8539816340e-01 
2.1229166667e-04 2.6083333333e+04 1.2217304764e+00 
2.1229166667e-04 2.6866666667e+04 0.0000000000e+00 
2.1229166667e-04 2.6866666667e+04 7.8539816340e-01 
2.1229166667e-04 2.6866666667e+04 1.2217304764e+00 
2.1229166667e-04 2.7650000000e+04 0.0000000000e+00 
2.1229166667e-04 2.7650000000e+04 7.8539816340e-01 
2.1229166667e-04 2.7650000000e+04 1.2217304764e+00 
2.1229166667e-04 2.8433333333e+04 0.0000000000e+00 
2.1229166667e-04 2.8433333333e+04 7.8539816340e-01 
2.1229166667e-04 2.8433333333e+04 1.2217304764e+00 
2.1229166667e-04 2.9216666667e+04 0.0000000000e+00 
2.1229166667e-04 2.9216666667e+04 7.8539816340e-01 
2.1229166667e-04 2.9216666667e+04 1.2217304764e+00 
2.1229166667e-04 3.0000000000e+04 0.0000000000e+00 
2.1229166667e-04 3.0000000000e+04 7.8539816340e-01 
2.1229166667e-04 3.0000000000e+04 1.2217304764e+00 
2.5375000000e-04 1.1200000000e+04 0.0000000000e+00 
2.5375000000e-04 1.1200000000e+04 7.8539816340e-01 
2.5375000000e-04 1.1200000000e+04 1.2217304764e+00 
2.5375000000e-04 1.1983333333e+04 0.0000000000e+00 
2.5375000000e-04 1.1983333333e+04 7.8539816340e-01 
2.5375000000e-04 1.1983333333e+04 1.2217304764e+00 
2.5375000000e-04 1.2766666667e+04 0.0000000000e+00 
2.5375000000e-04 1.2766666667e+04 7.8539816340e-01 
2.5375000000e-04 1.2766666667e+04 1.2217304764e+00 
2.5375000000e-04 1.3550000000e+04 0.0000000000e+00 
2.5375000000e-04 1.3550000000e+04 7.8539816340e-01 
2.5375000000e-04 1.3550000000e+04 1.2217304764e+00 
2.5375000000e-04 1.4333333333e+04 0.0000000000e+00 
2.5375000000e-04 1.4333333333e+04 7.8539816340e-01 
2.5375000000e-04 1.4333333333e+04 1.2217304764e+00 
2.5375000000e-04 1.5116666667e+04 0.0000000000e+00 
2.5375000000e-04 1.5116666667e+04 7.8539816340e-01 
2.5375000000e-04 1.5116666667e+04 1.2217304764e+00 
2.5375000000e-04 1.5900000000e+04 0.0000000000e+00 
2.5375000000e-04 1.5900000000e+04 7.8539816340e-01 
2.5375000000e-04 1.5900000000e+04 1.2217304764e+00 
2.5375000000e-04 1.6683333333e+04 0.0000000000e+00 
2.5375000000e-04 1.6683333333e+04 7.8539816340e-01 
2.5375000000e-04 1.6683333333e+04 1.2217304764e+00 
2.5375000000e-04 1.7466666667e+04 0.0000000000e+00 
2.5375000000e-04 1.7466666667e+04 7.8539816340e-01 
2.5375000000e-04 1.7466666667e+04 1.2217304764e+00 
2.5375000000e-04 1.8250000000e+04 0.0000000000e+00 
2.5375000000e-04 1.8250000000e+04 7.8539816340e-01 
2.5375000000e-04 1.8250000000e+04 1.2217304764e+00 
2.5375000000e-04 1.9033333333e+04 0.0000000000e+00 
2.5375000000e-04 1.9033333333e+04 7.8539816340e-01 
2.5375000000e-04 1.9033333333e+04 1.2217304764e+00 
2.5375000000e-04 1.9816666667e+04 0.0000000000e+00 
2.5375000000e-04 1.9816666667e+04 7.8539816340e-01 
2.5375000000e-04 1.9816666667e+04 1.2217304764e+00 
2.5375000000e-04 2.0600000000e+04 0.0000000000e+00 
2.5375000000e-04 2.0600000000e+04 7.8539816340e-01 
2.5375000000e-04 2.0600000000e+04 1.2217304764e+00 
2.5375000000e-04 2.1383333333e+04 0.0000000000e+00 
2.5375000000e-04 2.1383333333e+04 7.8539816340e-01 
2.5375000000e-04 2.1383333333e+04 1.2217304764e+00 
2.5375000000e-04 2.2166666667e+04 0.0000000000e+00 
2.5375000000e-04 2.2166666667e+04 7.8539816340e-01 
2.5375000000e-04 2.2166666667e+04 1.2217304764e+00 
2.5375000000e-04 2.2950000000e+04 0.0000000000e+00 
2.5375000000e-04 2.2950000000e+04 7.8539816340e-01 
2.5375000000e-04 2.2950000000e+04 1.2217304764e+00 
2.5375000000e-04 2.3733333333e+04 0.0000000000e+00 
2.5375000000e-04 2.3733333333e+04 7.8539816340e-01 
2.5375000000e-04 2.3733333333e+04 1.2217304764e+00 
2.5375000000e-04 2.4516666667e+04 0.0000000000e+00 
2.5375000000e-04 2.4516666667e+04 7.8539816340e-01 
2.5375000000e-04 2.4516666667e+04 1.2217304764e+00 
2.5375000000e-04 2.5300000000e+04 0.0000000000e+00 
2.5375000000e-04 2.5300000000e+04 7.8539816340e-01 
2.5375000000e-04 2.5300000000e+04 1.2217304764e+00 
2.5375000000e-04 2.6083333333e+04 0.0000000000e+00 
2.5375000000e-04 2.6083333333e+04 7.8539816340e-01 
2.5375000000e-04 2.6083333333e+04 1.2217304764e+00 
2.5375000000e-04 2.6866666667e+04 0.0000000000e+00 
2.5375000000e-04 2.6866666667e+04 7.8539816340e-01 
2.5375000000e-04 2.6866666667e+04 1.2217304764e+00 
2.5375000000e-04 2.7650000000e+04 0.0000000000e+00 
2.5375000000e-04 2.7650000000e+04 7.8539816340e-01 
2.5375000000e-04 2.7650000000e+04 1.2217304764e+00 
2.5375000000e-04 2.8433333333e+04 0.0000000000e+00 
2.5375000000e-04 2.8433333333e+04 7.8539816340e-01 
2.5375000000e-04 2.8433333333e+04 1.2217304764e+00 
2.5375000000e-04 2.9216666667e+04 0.0000000000e+00 
2.5375000000e-04 2.9216666667e+04 7.8539816340e-01 
2.5375000000e-04 2.9216666667e+04 1.2217304764e+00 
2.5375000000e-04 3.0000000000e+04 0.0000000000e+00 
2.5375000000e-04 3.0000000000e+04 7.8539816340e-01 
2.5375000000e-04 3.0000000000e+04 1.2217304764e+00 
2.9520833333e-04 1.1200000000e+04 0.0000000000e+00 
2.9520833333e-04 1.1200000000e+04 7.8539816340e-01 
2.9520833333e-04 1.1200000000e+04 1.2217304764e+00 
2.9520833333e-04 1.1983333333e+04 0.0000000000e+00 
2.9520833333e-04 1.1983333333e+04 7.8539816340e-01 
2.9520833333e-04 1.1983333333e+04 1.2217304764e+00 
2.9520833333e-04 1.2766666667e+04 0.0000000000e+00 
2.9520833333e-04 1.2766666667e+04 7.8539816340e-01 
2.9520833333e-04 1.2766666667e+04 1.2217304764e+00 
2.9520833333e-04 1.3550000000e+04 0.0000000000e+00 
2.9520833333e-04 1.3550000000e+04 7.8539816340e-01 
2.9520833333e-04 1.3550000000e+04 1.2217304764e+00 
2.9520833333e-04 1.4333333333e+04 0.0000000000e+00 
2.9520833333e-04 1.4333333333e+04 7.8539816340e-01 
2.9520833333e-04 1.4333333333e+04 1.2217304764e+00 
2.9520833333e-04 1.5116666667e+04 0.0000000000e+00 
2.9520833333e-04 1.5116666667e+04 7.8539816340e-01 
2.9520833333e-04 1.5116666667e+04 1.2217304764e+00 
2.9520833333e-04 1.5900000000e+04 0.0000000000e+00 
2.9520833333e-04 1.5900000000e+04 7.8539816340e-01 
2.9520833333e-04 1.5900000000e+04 1.2217304764e+00 
2.9520833333e-04 1.6683333333e+04 0.0000000000e+00 
2.9520833333e-04 1.6683333333e+04 7.8539816340e-01 
2.9520833333e-04 1.6683333333e+04 1.2217304764e+00 
2.9520833333e-04 1.7466666667e+04 0.0000000000e+00 
2.9520833333e-04 1.7466666667e+04 7.8539816340e-01 
2.9520833333e-04 1.7466666667e+04 1.2217304764e+00 
2.9520833333e-04 1.8250000000e+04 0.0000000000e+00 
2.9520833333e-04 1.8250000000e+04 7.8539816340e-01 
2.9520833333e-04 1.8250000000e+04 1.2217304764e+00 
2.9520833333e-04 1.9033333333e+04 0.0000000000e+00 
2.9520833333e-04 1.9033333333e+04 7.8539816340e-01 
2.9520833333e-04 1.9033333333e+04 1.2217304764e+00 
2.9520833333e-04 1.9816666667e+04 0.0000000000e+00 
2.9520833333e-04 1.9816666667e+04 7.8539816340e-01 
2.9520833333e-04 1.9816666667e+04 1.2217304764e+00 
2.9520833333e-04 2.0600000000e+04 0.0000000000e+00 
2.9520833333e-04 2.0600000000e+04 7.8539816340e-01 
2.9520833333e-04 2.0600000000e+04 1.2217304764e+00 
2.9520833333e-04 2.1383333333e+04 0.0000000000e+00 
2.9520833333e-04 2.1383333333e+04 7.8539816340e-01 
2.9520833333e-04 2.1383333333e+04 1.2217304764e+00 
2.9520833333e-04 2.2166666667e+04 0.0000000000e+00 
2.9520833333e-04 2.2166666667e+04 7.8539816340e-01 
2.9520833333e-04 2.2166666667e+04 1.2217304764e+00 
2.9520833333e-04 2.2950000000e+04 0.0000000000e+00 
2.9520833333e-04 2.2950000000e+04 7.8539816340e-01 
2.9520833333e-04 2.2950000000e+04 1.2217304764e+00 
2.9520833333e-04 2.3733333333e+04 0.0000000000e+00 
2.9520833333e-04 2.3733333333e+04 7.8539816340e-01 
2.9520833333e-04 2.3733333333e+04 1.2217304764e+00 
2.9520833333e-04 2.4516666667e+04 0.0000000000e+00 
2.9520833333e-04 2.4516666667e+04 7.8539816340e-01 
2.9520833333e-04 2.4516666667e+04 1.2217304764e+00 
2.9520833333e-04 2.5300000000e+04 0.0000000000e+00 
2.9520833333e-04 2.5300000000e+04 7.8539816340e-01 
2.9520833333e-04 2.5300000000e+04 1.2217304764e+00 
2.9520833333e-04 2.6083333333e+04 0.0000000000e+00 
2.9520833333e-04 2.6083333333e+04 7.8539816340e-01 
2.9520833333e-04 2.6083333333e+04 1.2217304764e+00 
2.9520833333e-04 2.6866666667e+04 0.0000000000e+00 
2.9520833333e-04 2.6866666667e+04 7.8539816340e-01 
2.9520833333e-04 2.6866666667e+04 1.2217304764e+00 
2.9520833333e-04 2.7650000000e+04 0.0000000000e+00 
2.9520833333e-04 2.7650000000e+04 7.8539816340e-01 
2.9520833333e-04 2.7650000000e+04 1.2217304764e+00 
2.9520833333e-04 2.8433333333e+04 0.0000000000e+00 
2.9520833333e-04 2.8433333333e+04 7.8539816340e-01 
2.9520833333e-04 2.8433333333e+04 1.2217304764e+00 
2.9520833333e-04 2.9216666667e+04 0.0000000000e+00 
2.9520833333e-04 2.9216666667e+04 7.8539816340e-01 
2.9520833333e-04 2.9216666667e+04 1.2217304764e+00 
2.9520833333e-04 3.0000000000e+04 0.0000000000e+00 
2.9520833333e-04 3.0000000000e+04 7.8539816340e-01 
2.9520833333e-04 3.0000000000e+04 1.2217304764e+00 
3.3666666667e-04 1.1200000000e+04 0.0000000000e+00 
3.3666666667e-04 1.1200000000e+04 7.8539816340e-01 
3.3666666667e-04 1.1200000000e+04 1.2217304764e+00 
3.3666666667e-04 1.1983333333e+04 0.0000000000e+00 
3.3666666667e-04 1.1983333333e+04 7.8539816340e-01 
3.3666666667e-04 1.1983333333e+04 1.2217304764e+00 
3.3666666667e-04 1.2766666667e+04 0.0000000000e+00 
3.3666666667e-04 1.2766666667e+04 7.8539816340e-01 
3.3666666667e-04 1.2766666667e+04 1.2217304764e+00 
3.3666666667e-04 1.3550000000e+04 0.0000000000e+00 
3.3666666667e-04 1.3550000000e+04 7.8539816340e-01 
3.3666666667e-04 1.3550000000e+04 1.2217304764e+00 
3.3666666667e-04 1.4333333333e+04 0.0000000000e+00 
3.3666666667e-04 1.4333333333e+04 7.8539816340e-01 
3.3666666667e-04 1.4333333333e+04 1.2217304764e+00 
3.3666666667e-04 1.5116666667e+04 0.0000000000e+00 
3.3666666667e-04 1.5116666667e+04 7.8539816340e-01 
3.3666666667e-04 1.5116666667e+04 1.2217304764e+00 
3.3666666667e-04 1.5900000000e+04 0.0000000000e+00 
3.3666666667e-04 1.5900000000e+04 7.8539816340e-01 
3.3666666667e-04 1.5900000000e+04 1.2217304764e+00 
3.3666666667e-04 1.6683333333e+04 0.0000000000e+00 
3.3666666667e-04 1.6683333333e+04 7.8539816340e-01 
3.3666666667e-04 1.6683333333e+04 1.2217304764e+00 
3.3666666667e-04 1.7466666667e+04 0.0000000000e+00 
3.3666666667e-04 1.7466666667e+04 7.8539816340e-01 
3.3666666667e-04 1.7466666667e+04 1.2217304764e+00 
3.3666666667e-04 1.8250000000e+04 0.0000000000e+00 
3.3666666667e-04 1.8250000000e+04 7.8539816340e-01 
3.3666666667e-04 1.8250000000e+04 1.2217304764e+00 
3.3666666667e-04 1.9033333333e+04 0.0000000000e+00 
3.3666666667e-04 1.9033333333e+04 7.8539816340e-01 
3.3666666667e-04 1.9033333333e+04 1.2217304764e+00 
3.3666666667e-04 1.9816666667e+04 0.0000000000e+00 
3.3666666667e-04 1.9816666667e+04 7.8539816340e-01 
3.3666666667e-04 1.9816666667e+04 1.2217304764e+00 
3.3666666667e-04 2.0600000000e+04 0.0000000000e+00 
3.3666666667e-04 2.0600000000e+04 7.8539816340e-01 
3.3666666667e-04 2.0600000000e+04 1.2217304764e+00 
3.3666666667e-04 2.1383333333e+04 0.0000000000e+00 
3.3666666667e-04 2.1383333333e+04 7.8539816340e-01 
3.3666666667e-04 2.1383333333e+04 1.2217304764e+00 
3.3666666667e-04 2.2166666667e+04 0.0000000000e+00 
3.3666666667e-04 2.2166666667e+04 7.8539816340e-01 
3.3666666667e-04 2.2166666667e+04 1.2217304764e+00 
3.3666666667e-04 2.2950000000e+04 0.0000000000e+00 
3.3666666667e-04 2.2950000000e+04 7.8539816340e-01 
3.3666666667e-04 2.2950000000e+04 1.2217304764e+00 
3.3666666667e-04 2.3733333333e+04 0.0000000000e+00 
3.3666666667e-04 2.3733333333e+04 7.8539816340e-01 
3.3666666667e-04 2.3733333333e+04 1.2217304764e+00 
3.3666666667e-04 2.4516666667e+04 0.0000000000e+00 
3.3666666667e-04 2.4516666667e+04 7.8539816340e-01 
3.3666666667e-04 2.4516666667e+04 1.2217304764e+00 
3.3666666667e-04 2.5300000000e+04 0.0000000000e+00 
3.3666666667e-04 2.5300000000e+04 7.8539816340e-01 
3.3666666667e-04 2.5300000000e+04 1.2217304764e+00 
3.3666666667e-04 2.6083333333e+04 0.0000000000e+00 
3.3666666667e-04 2.6083333333e+04 7.8539816340e-01 
3.3666666667e-04 2.6083333333e+04 1.2217304764e+00 
3.3666666667e-04 2.6866666667e+04 0.0000000000e+00 
3.3666666667e-04 2.6866666667e+04 7.8539816340e-01 
3.3666666667e-04 2.6866666667e+04 1.2217304764e+00 
3.3666666667e-04 2.7650000000e+04 0.0000000000e+00 
3.3666666667e-04 2.7650000000e+04 7.8539816340e-01 
3.3666666667e-04 2.7650000000e+04 1.2217304764e+00 
3.3666666667e-04 2.8433333333e+04 0.0000000000e+00 
3.3666666667e-04 2.8433333333e+04 7.8539816340e-01 
3.3666666667e-04 2.8433333333e+04 1.2217304764e+00 
3.3666666667e-04 2.9216666667e+04 0.0000000000e+00 
3.3666666667e-04 2.9216666667e+04 7.8539816340e-01 
3.3666666667e-04 2.9216666667e+04 1.2217304764e+00 
3.3666666667e-04 3.0000000000e+04 0.0000000000e+00 
3.3666666667e-04 3.0000000000e+04 7.8539816340e-01 
3.3666666667e-04 3.0000000000e+04 1.2217304764e+00 
3.7812500000e-04 1.1200000000e+04 0.0000000000e+00 
3.7812500000e-04 1.1200000000e+04 7.8539816340e-01 
3.7812500000e-04 1.1200000000e+04 1.2217304764e+00 
3.7812500000e-04 1.1983333333e+04 0.0000000000e+00 
3.7812500000e-04 1.1983333333e+04 7.8539816340e-01 
3.7812500000e-04 1.1983333333e+04 1.2217304764e+00 
3.7812500000e-04 1.2766666667e+04 0.0000000000e+00 
3.7812500000e-04 1.2766666667e+04 7.8539816340e-01 
3.7812500000e-04 1.2766666667e+04 1.2217304764e+00 
3.7812500000e-04 1.3550000000e+04 0.0000000000e+00 
3.7812500000e-04 1.3550000000e+04 7.8539816340e-01 
3.7812500000e-04 1.3550000000e+04 1.2217304764e+00 
3.7812500000e-04 1.4333333333e+04 0.0000000000e+00 
3.7812500000e-04 1.4333333333e+04 7.8539816340e-01 
3.7812500000e-04 1.4333333333e+04 1.2217304764e+00 
3.7812500000e-04 1.5116666667e+04 0.0000000000e+00 
3.7812500000e-04 1.5116666667e+04 7.8539816340e-01 
3.7812500000e-04 1.5116666667e+04 1.2217304764e+00 
3.7812500000e-04 1.5900000000e+04 0.0000000000e+00 
3.7812500000e-04 1.5900000000e+04 7.8539816340e-01 
3.7812500000e-04 1.5900000000e+04 1.2217304764e+00 
3.7812500000e-04 1.6683333333e+04 0.0000000000e+00 
3.7812500000e-04 1.6683333333e+04 7.8539816340e-01 
3.7812500000e-04 1.6683333333e+04 1.2217304764e+00 
3.7812500000e-04 1.7466666667e+04 0.0000000000e+00 
3.7812500000e-04 1.7466666667e+04 7.8539816340e-01 
3.7812500000e-04 1.7466666667e+04 1.2217304764e+00 
3.7812500000e-04 1.8250000000e+04 0.0000000000e+00 
3.7812500000e-04 1.8250000000e+04 7.8539816340e-01 
3.7812500000e-04 1.8250000000e+04 1.2217304764e+00 
3.7812500000e-04 1.9033333333e+04 0.0000000000e+00 
3.7812500000e-04 1.9033333333e+04 7.8539816340e-01 
3.7812500000e-04 1.9033333333e+04 1.2217304764e+00 
3.7812500000e-04 1.9816666667e+04 0.0000000000e+00 
3.7812500000e-04 1.9816666667e+04 7.8539816340e-01 
3.7812500000e-04 1.9816666667e+04 1.2217304764e+00 
3.7812500000e-04 2.0600000000e+04 0.0000000000e+00 
3.7812500000e-04 2.0600000000e+04 7.8539816340e-01 
3.7812500000e-04 2.0600000000e+04 1.2217304764e+00 
3.7812500000e-04 2.1383333333e+04 0.0000000000e+00 
3.7812500000e-04 2.1383333333e+04 7.8539816340e-01 
3.7812500000e-04 2.1383333333e+04 1.2217304764e+00 
3.7812500000e-04 2.2166666667e+04 0.0000000000e+00 
3.7812500000e-04 2.2166666667e+04 7.8539816340e-01 
3.7812500000e-04 2.2166666667e+04 1.2217304764e+00 
3.7812500000e-04 2.2950000000e+04 0.0000000000e+00 
3.7812500000e-04 2.2950000000e+04 7.8539816340e-01 
3.7812500000e-04 2.2950000000e+04 1.2217304764e+00 
3.7812500000e-04 2.3733333333e+04 0.0000000000e+00 
3.7812500000e-04 2.3733333333e+04 7.8539816340e-01 
3.7812500000e-04 2.3733333333e+04 1.2217304764e+00 
3.7812500000e-04 2.4516666667e+04 0.0000000000e+00 
3.7812500000e-04 2.4516666667e+04 7.8539816340e-01 
3.7812500000e-04 2.4516666667e+04 1.2217304764e+00 
3.7812500000e-04 2.5300000000e+04 0.0000000000e+00 
3.7812500000e-04 2.5300000000e+04 7.8539816340e-01 
3.7812500000e-04 2.5300000000e+04 1.2217304764e+00 
3.7812500000e-04 2.6083333333e+04 0.0000000000e+00 
3.7812500000e-04 2.6083333333e+04 7.8539816340e-01 
3.7812500000e-04 2.6083333333e+04 1.2217304764e+00 
3.7812500000e-04 2.6866666667e+04 0.0000000000e+00 
3.7812500000e-04 2.6866666667e+04 7.8539816340e-01 
3.7812500000e-04 2.6866666667e+04 1.2217304764e+00 
3.7812500000e-04 2.7650000000e+04 0.0000000000e+00 
3.7812500000e-04 2.7650000000e+04 7.8539816340e-01 
3.7812500000e-04 2.7650000000e+04 1.2217304764e+00 
3.7812500000e-04 2.8433333333e+04 0.0000000000e+00 
3.7812500000e-04 2.8433333333e+04 7.8539816340e-01 
3.7812500000e-04 2.8433333333e+04 1.2217304764e+00 
3.7812500000e-04 2.9216666667e+04 0.0000000000e+00 
3.7812500000e-04 2.9216666667e+04 7.8539816340e-01 
3.7812500000e-04 2.9216666667e+04 1.2217304764e+00 
3.7812500000e-04 3.0000000000e+04 0.0000000000e+00 
3.7812500000e-04 3.0000000000e+04 7.8539816340e-01 
3.7812500000e-04 3.0000000000e+04 1.2217304764e+00 
4.1958333333e-04 1.1200000000e+04 0.0000000000e+00 
4.1958333333e-04 1.1200000000e+04 7.8539816340e-01 
4.1958333333e-04 1.1200000000e+04 1.2217304764e+00 
4.1958333333e-04 1.1983333333e+04 0.0000000000e+00 
4.1958333333e-04 1.1983333333e+04 7.8539816340e-01 
4.1958333333e-04 1.1983333333e+04 1.2217304764e+00 
4.1958333333e-04 1.2766666667e+04 0.0000000000e+00 
4.1958333333e-04 1.2766666667e+04 7.8539816340e-01 
4.1958333333e-04 1.2766666667e+04 1.2217304764e+00 
4.1958333333e-04 1.3550000000e+04 0.0000000000e+00 
4.1958333333e-04 1.3550000000e+04 7.8539816340e-01 
4.1958333333e-04 1.3550000000e+04 1.2217304764e+00 
4.1958333333e-04 1.4333333333e+04 0.0000000000e+00 
4.1958333333e-04 1.4333333333e+04 7.8539816340e-01 
4.1958333333e-04 1.4333333333e+04 1.2217304764e+00 
4.1958333333e-04 1.5116666667e+04 0.0000000000e+00 
4.1958333333e-04 1.5116666667e+04 7.8539816340e-01 
4.1958333333e-04 1.5116666667e+04 1.2217304764e+00 
4.1958333333e-04 1.5900000000e+04 0.0000000000e+00 
4.1958333333e-04 1.5900000000e+04 7.8539816340e-01 
4.1958333333e-04 1.5900000000e+04 1.2217304764e+00 
4.1958333333e-04 1.6683333333e+04 0.0000000000e+00 
4.1958333333e-04 1.6683333333e+04 7.8539816340e-01 
4.1958333333e-04 1.6683333333e+04 1.2217304764e+00 
4.1958333333e-04 1.7466666667e+04 0.0000000000e+00 
4.1958333333e-04 1.7466666667e+04 7.8539816340e-01 
4.1958333333e-04 1.7466666667e+04 1.2217304764e+00 
4.1958333333e-04 1.8250000000e+04 0.0000000000e+00 
4.1958333333e-04 1.8250000000e+04 7.8539816340e-01 
4.1958333333e-04 1.8250000000e+04 1.2217304764e+00 
4.1958333333e-04 1.9033333333e+04 0.0000000000e+00 
4.1958333333e-04 1.9033333333e+04 7.8539816340e-01 
4.1958333333e-04 1.9033333333e+04 1.2217304764e+00 
4.1958333333e-04 1.9816666667e+04 0.0000000000e+00 
4.1958333333e-04 1.9816666667e+04 7.8539816340e-01 
4.1958333333e-04 1.9816666667e+04 1.2217304764e+00 
4.1958333333e-04 2.0600000000e+04 0.0000000000e+00 
4.1958333333e-04 2.0600000000e+04 7.8539816340e-01 
4.1958333333e-04 2.0600000000e+04 1.2217304764e+00 
4.1958333333e-04 2.1383333333e+04 0.0000000000e+00 
4.1958333333e-04 2.1383333333e+04 7.8539816340e-01 
4.1958333333e-04 2.1383333333e+04 1.2217304764e+00 
4.1958333333e-04 2.2166666667e+04 0.0000000000e+00 
4.1958333333e-04 2.2166666667e+04 7.8539816340e-01 
4.1958333333e-04 2.2166666667e+04 1.2217304764e+00 
4.1958333333e-04 2.2950000000e+04 0.0000000000e+00 
4.1958333333e-04 2.2950000000e+04 7.8539816340e-01 
4.1958333333e-04 2.2950000000e+04 1.2217304764e+00 
4.1958333333e-04 2.3733333333e+04 0.0000000000e+00 
4.1958333333e-04 2.3733333333e+04 7.8539816340e-01 
4.1958333333e-04 2.3733333333e+04 1.2217304764e+00 
4.1958333333e-04 2.4516666667e+04 0.0000000000e+00 
4.1958333333e-04 2.4516666667e+04 7.8539816340e-01 
4.1958333333e-04 2.4516666667e+04 1.2217304764e+00 
4.1958333333e-04 2.5300000000e+04 0.0000000000e+00 
4.1958333333e-04 2.5300000000e+04 7.8539816340e-01 
4.1958333333e-04 2.5300000000e+04 1.2217304764e+00 
4.1958333333e-04 2.6083333333e+04 0.0000000000e+00 
4.1958333333e-04 2.6083333333e+04 7.8539816340e-01 
4.1958333333e-04 2.6083333333e+04 1.2217304764e+00 
4.1958333333e-04 2.6866666667e+04 0.0000000000e+00 
4.1958333333e-04 2.6866666667e+04 7.8539816340e-01 
4.1958333333e-04 2.6866666667e+04 1.2217304764e+00 
4.1958333333e-04 2.7650000000e+04 0.0000000000e+00 
4.1958333333e-04 2.7650000000e+04 7.8539816340e-01 
4.1958333333e-04 2.7650000000e+04 1.2217304764e+00 
4.1958333333e-04 2.8433333333e+04 0.0000000000e+00 
4.1958333333e-04 2.8433333333e+04 7.8539816340e-01 
4.1958333333e-04 2.8433333333e+04 1.2217304764e+00 
4.1958333333e-04 2.9216666667e+04 0.0000000000e+00 
4.1958333333e-04 2.9216666667e+04 7.8539816340e-01 
4.1958333333e-04 2.9216666667e+04 1.2217304764e+00 
4.1958333333e-04 3.0000000000e+04 0.0000000000e+00 
4.1958333333e-04 3.0000000000e+04 7.8539816340e-01 
4.1958333333e-04 3.0000000000e+04 1.2217304764e+00 
4.6104166667e-04 1.1200000000e+04 0.0000000000e+00 
4.6104166667e-04 1.1200000000e+04 7.8539816340e-01 
4.6104166667e-04 1.1200000000e+04 1.2217304764e+00 
4.6104166667e-04 1.1983333333e+04 0.0000000000e+00 
4.6104166667e-04 1.1983333333e+04 7.8539816340e-01 
4.6104166667e-04 1.1983333333e+04 1.2217304764e+00 
4.6104166667e-04 1.2766666667e+04 0.0000000000e+00 
4.6104166667e-04 1.2766666667e+04 7.8539816340e-01 
4.6104166667e-04 1.2766666667e+04 1.2217304764e+00 
4.6104166667e-04 1.3550000000e+04 0.0000000000e+00 
4.6104166667e-04 1.3550000000e+04 7.8539816340e-01 
4.6104166667e-04 1.3550000000e+04 1.2217304764e+00 
4.6104166667e-04 1.4333333333e+04 0.0000000000e+00 
4.6104166667e-04 1.4333333333e+04 7.8539816340e-01 
4.6104166667e-04 1.4333333333e+04 1.2217304764e+00 
4.6104166667e-04 1.5116666667e+04 0.0000000000e+00 
4.6104166667e-04 1.5116666667e+04 7.8539816340e-01 
4.6104166667e-04 1.5116666667e+04 1.2217304764e+00 
4.6104166667e-04 1.5900000000e+04 0.0000000000e+00 
4.6104166667e-04 1.5900000000e+04 7.8539816340e-01 
4.6104166667e-04 1.5900000000e+04 1.2217304764e+00 
4.6104166667e-04 1.6683333333e+04 0.0000000000e+00 
4.6104166667e-04 1.6683333333e+04 7.8539816340e-01 
4.6104166667e-04 1.6683333333e+04 1.2217304764e+00 
4.6104166667e-04 1.7466666667e+04 0.0000000000e+00 
4.6104166667e-04 1.7466666667e+04 7.8539816340e-01 
4.6104166667e-04 1.7466666667e+04 1.2217304764e+00 
4.6104166667e-04 1.8250000000e+04 0.0000000000e+00 
4.6104166667e-04 1.8250000000e+04 7.8539816340e-01 
4.6104166667e-04 1.8250000000e+04 1.2217304764e+00 
4.6104166667e-04 1.9033333333e+04 0.0000000000e+00 
4.6104166667e-04 1.9033333333e+04 7.8539816340e-01 
4.6104166667e-04 1.9033333333e+04 1.2217304764e+00 
4.6104166667e-04 1.9816666667e+04 0.0000000000e+00 
4.6104166667e-04 1.9816666667e+04 7.8539816340e-01 
4.6104166667e-04 1.9816666667e+04 1.2217304764e+00 
4.6104166667e-04 2.0600000000e+04 0.0000000000e+00 
4.6104166667e-04 2.0600000000e+04 7.8539816340e-01 
4.6104166667e-04 2.0600000000e+04 1.2217304764e+00 
4.6104166667e-04 2.1383333333e+04 0.0000000000e+00 
4.6104166667e-04 2.1383333333e+04 7.8539816340e-01 
4.6104166667e-04 2.1383333333e+04 1.2217304764e+00 
4.6104166667e-04 2.2166666667e+04 0.0000000000e+00 
4.6104166667e-04 2.2166666667e+04 7.8539816340e-01 
4.6104166667e-04 2.2166666667e+04 1.2217304764e+00 
4.6104166667e-04 2.2950000000e+04 0.0000000000e+00 
4.6104166667e-04 2.2950000000e+04 7.8539816340e-01 
4.6104166667e-04 2.2950000000e+04 1.2217304764e+00 
4.6104166667e-04 2.3733333333e+04 0.0000000000e+00 
4.6104166667e-04 2.3733333333e+04 7.8539816340e-01 
4.6104166667e-04 2.3733333333e+04 1.2217304764e+00 
4.6104166667e-04 2.4516666667e+04 0.0000000000e+00 
4.6104166667e-04 2.4516666667e+04 7.8539816340e-01 
4.6104166667e-04 2.4516666667e+04 1.2217304764e+00 
4.6104166667e-04 2.5300000000e+04 0.0000000000e+00 
4.6104166667e-04 2.5300000000e+04 7.8539816340e-01 
4.6104166667e-04 2.5300000000e+04 1.2217304764e+00 
4.6104166667e-04 2.6083333333e+04 0.0000000000e+00 
4.6104166667e-04 2.6083333333e+04 7.8539816340e-01 
4.6104166667e-04 2.6083333333e+04 1.2217304764e+00 
4.6104166667e-04 2.6866666667e+04 0.0000000000e+00 
4.6104166667e-04 2.6866666667e+04 7.8539816340e-01 
4.6104166667e-04 2.6866666667e+04 1.2217304764e+00 
4.6104166667e-04 2.7650000000e+04 0.0000000000e+00 
4.6104166667e-04 2.7650000000e+04 7.8539816340e-01 
4.6104166667e-04 2.7650000000e+04 1.2217304764e+00 
4.6104166667e-04 2.8433333333e+04 0.0000000000e+00 
4.6104166667e-04 2.8433333333e+04 7.8539816340e-01 
4.6104166667e-04 2.8433333333e+04 1.2217304764e+00 
4.6104166667e-04 2.9216666667e+04 0.0000000000e+00 
4.6104166667e-04 2.9216666667e+04 7.8539816340e-01 
4.6104166667e-04 2.9216666667e+04 1.2217304764e+00 
4.6104166667e-04 3.0000000000e+04 0.0000000000e+00 
4.6104166667e-04 3.0000000000e+04 7.8539816340e-01 
4.6104166667e-04 3.0000000000e+04 1.2217304764e+00 
5.0250000000e-04 1.1200000000e+04 0.0000000000e+00 
5.0250000000e-04 1.1200000000e+04 7.8539816340e-01 
5.0250000000e-04 1.1200000000e+04 1.2217304764e+00 
5.0250000000e-04 1.1983333333e+04 0.0000000000e+00 
5.0250000000e-04 1.1983333333e+04 7.8539816340e-01 
5.0250000000e-04 1.1983333333e+04 1.2217304764e+00 
5.0250000000e-04 1.2766666667e+04 0.0000000000e+00 
5.0250000000e-04 1.2766666667e+04 7.8539816340e-01 
5.0250000000e-04 1.2766666667e+04 1.2217304764e+00 
5.0250000000e-04 1.3550000000e+04 0.0000000000e+00 
5.0250000000e-04 1.3550000000e+04 7.8539816340e-01 
5.0250000000e-04 1.3550000000e+04 1.2217304764e+00 
5.0250000000e-04 1.4333333333e+04 0.0000000000e+00 
5.0250000000e-04 1.4333333333e+04 7.8539816340e-01 
5.0250000000e-04 1.4333333333e+04 1.2217304764e+00 
5.0250000000e-04 1.5116666667e+04 0.0000000000e+00 
5.0250000000e-04 1.5116666667e+04 7.8539816340e-01 
5.0250000000e-04 1.5116666667e+04 1.2217304764e+00 
5.0250000000e-04 1.5900000000e+04 0.0000000000e+00 
5.0250000000e-04 1.5900000000e+04 7.8539816340e-01 
5.0250000000e-04 1.5900000000e+04 1.2217304764e+00 
5.0250000000e-04 1.6683333333e+04 0.0000000000e+00 
5.0250000000e-04 1.6683333333e+04 7.8539816340e-01 
5.0250000000e-04 1.6683333333e+04 1.2217304764e+00 
5.0250000000e-04 1.7466666667e+04 0.0000000000e+00 
5.0250000000e-04 1.7466666667e+04 7.8539816340e-01 
5.0250000000e-04 1.7466666667e+04 1.2217304764e+00 
5.0250000000e-04 1.8250000000e+04 0.0000000000e+00 
5.0250000000e-04 1.8250000000e+04 7.8539816340e-01 
5.0250000000e-04 1.8250000000e+04 1.2217304764e+00 
5.0250000000e-04 1.9033333333e+04 0.0000000000e+00 
5.0250000000e-04 1.9033333333e+04 7.8539816340e-01 
5.0250000000e-04 1.9033333333e+04 1.2217304764e+00 
5.0250000000e-04 1.9816666667e+04 0.0000000000e+00 
5.0250000000e-04 1.9816666667e+04 7.8539816340e-01 
5.0250000000e-04 1.9816666667e+04 1.2217304764e+00 
5.0250000000e-04 2.0600000000e+04 0.0000000000e+00 
5.0250000000e-04 2.0600000000e+04 7.8539816340e-01 
5.0250000000e-04 2.0600000000e+04 1.2217304764e+00 
5.0250000000e-04 2.1383333333e+04 0.0000000000e+00 
5.0250000000e-04 2.1383333333e+04 7.8539816340e-01 
5.0250000000e-04 2.1383333333e+04 1.2217304764e+00 
5.0250000000e-04 2.2166666667e+04 0.0000000000e+00 
5.0250000000e-04 2.2166666667e+04 7.8539816340e-01 
5.0250000000e-04 2.2166666667e+04 1.2217304764e+00 
5.0250000000e-04 2.2950000000e+04 0.0000000000e+00 
5.0250000000e-04 2.2950000000e+04 7.8539816340e-01 
5.0250000000e-04 2.2950000000e+04 1.2217304764e+00 
5.0250000000e-04 2.3733333333e+04 0.0000000000e+00 
5.0250000000e-04 2.3733333333e+04 7.8539816340e-01 
5.0250000000e-04 2.3733333333e+04 1.2217304764e+00 
5.0250000000e-04 2.4516666667e+04 0.0000000000e+00 
5.0250000000e-04 2.4516666667e+04 7.8539816340e-01 
5.0250000000e-04 2.4516666667e+04 1.2217304764e+00 
5.0250000000e-04 2.5300000000e+04 0.0000000000e+00 
5.0250000000e-04 2.5300000000e+04 7.8539816340e-01 
5.0250000000e-04 2.5300000000e+04 1.2217304764e+00 
5.0250000000e-04 2.6083333333e+04 0.0000000000e+00 
5.0250000000e-04 2.6083333333e+04 7.8539816340e-01 
5.0250000000e-04 2.6083333333e+04 1.2217304764e+00 
5.0250000000e-04 2.6866666667e+04 0.0000000000e+00 
5.0250000000e-04 2.6866666667e+04 7.8539816340e-01 
5.0250000000e-04 2.6866666667e+04 1.2217304764e+00 
5.0250000000e-04 2.7650000000e+04 0.0000000000e+00 
5.0250000000e-04 2.7650000000e+04 7.8539816340e-01 
5.0250000000e-04 2.7650000000e+04 1.2217304764e+00 
5.0250000000e-04 2.8433333333e+04 0.0000000000e+00 
5.0250000000e-04 2.8433333333e+04 7.8539816340e-01 
5.0250000000e-04 2.8433333333e+04 1.2217304764e+00 
5.0250000000e-04 2.9216666667e+04 0.0000000000e+00 
5.0250000000e-04 2.9216666667e+04 7.8539816340e-01 
5.0250000000e-04 2.9216666667e+04 1.2217304764e+00 
5.0250000000e-04 3.0000000000e+04 0.0000000000e+00 
5.0250000000e-04 3.0000000000e+04 7.8539816340e-01 
5.0250000000e-04 3.0000000000e+04 1.2217304764e+00 
5.4395833333e-04 1.1200000000e+04 0.0000000000e+00 
5.4395833333e-04 1.1200000000e+04 7.8539816340e-01 
5.4395833333e-04 1.1200000000e+04 1.2217304764e+00 
5.4395833333e-04 1.1983333333e+04 0.0000000000e+00 
5.4395833333e-04 1.1983333333e+04 7.8539816340e-01 
5.4395833333e-04 1.1983333333e+04 1.2217304764e+00 
5.4395833333e-04 1.2766666667e+04 0.0000000000e+00 
5.4395833333e-04 1.2766666667e+04 7.8539816340e-01 
5.4395833333e-04 1.2766666667e+04 1.2217304764e+00 
5.4395833333e-04 1.3550000000e+04 0.0000000000e+00 
5.4395833333e-04 1.3550000000e+04 7.8539816340e-01 
5.4395833333e-04 1.3550000000e+04 1.2217304764e+00 
5.4395833333e-04 1.4333333333e+04 0.0000000000e+00 
5.4395833333e-04 1.4333333333e+04 7.8539816340e-01 
5.4395833333e-04 1.4333333333e+04 1.2217304764e+00 
5.4395833333e-04 1.5116666667e+04 0.0000000000e+00 
5.4395833333e-04 1.5116666667e+04 7.8539816340e-01 
5.4395833333e-04 1.5116666667e+04 1.2217304764e+00 
5.4395833333e-04 1.5900000000e+04 0.0000000000e+00 
5.4395833333e-04 1.5900000000e+04 7.8539816340e-01 
5.4395833333e-04 1.5900000000e+04 1.2217304764e+00 
5.4395833333e-04 1.6683333333e+04 0.0000000000e+00 
5.4395833333e-04 1.6683333333e+04 7.8539816340e-01 
5.4395833333e-04 1.6683333333e+04 1.2217304764e+00 
5.4395833333e-04 1.7466666667e+04 0.0000000000e+00 
5.4395833333e-04 1.7466666667e+04 7.8539816340e-01 
5.4395833333e-04 1.7466666667e+04 1.2217304764e+00 
5.4395833333e-04 1.8250000000e+04 0.0000000000e+00 
5.4395833333e-04 1.8250000000e+04 7.8539816340e-01 
5.4395833333e-04 1.8250000000e+04 1.2217304764e+00 
5.4395833333e-04 1.9033333333e+04 0.0000000000e+00 
5.4395833333e-04 1.9033333333e+04 7.8539816340e-01 
5.4395833333e-04 1.9033333333e+04 1.2217304764e+00 
5.4395833333e-04 1.9816666667e+04 0.0000000000e+00 
5.4395833333e-04 1.9816666667e+04 7.8539816340e-01 
5.4395833333e-04 1.9816666667e+04 1.2217304764e+00 
5.4395833333e-04 2.0600000000e+04 0.0000000000e+00 
5.4395833333e-04 2.0600000000e+04 7.8539816340e-01 
5.4395833333e-04 2.0600000000e+04 1.2217304764e+00 
5.4395833333e-04 2.1383333333e+04 0.0000000000e+00 
5.4395833333e-04 2.1383333333e+04 7.8539816340e-01 
5.4395833333e-04 2.1383333333e+04 1.2217304764e+00 
5.4395833333e-04 2.2166666667e+04 0.0000000000e+00 
5.4395833333e-04 2.2166666667e+04 7.8539816340e-01 
5.4395833333e-04 2.2166666667e+04 1.2217304764e+00 
5.4395833333e-04 2.2950000000e+04 0.0000000000e+00 
5.4395833333e-04 2.2950000000e+04 7.8539816340e-01 
5.4395833333e-04 2.2950000000e+04 1.2217304764e+00 
5.4395833333e-04 2.3733333333e+04 0.0000000000e+00 
5.4395833333e-04 2.3733333333e+04 7.8539816340e-01 
5.4395833333e-04 2.3733333333e+04 1.2217304764e+00 
5.4395833333e-04 2.4516666667e+04 0.0000000000e+00 
5.4395833333e-04 2.4516666667e+04 7.8539816340e-01 
5.4395833333e-04 2.4516666667e+04 1.2217304764e+00 
5.4395833333e-04 2.5300000000e+04 0.0000000000e+00 
5.4395833333e-04 2.5300000000e+04 7.8539816340e-01 
5.4395833333e-04 2.5300000000e+04 1.2217304764e+00 
5.4395833333e-04 2.6083333333e+04 0.0000000000e+00 
5.4395833333e-04 2.6083333333e+04 7.8539816340e-01 
5.4395833333e-04 2.6083333333e+04 1.2217304764e+00 
5.4395833333e-04 2.6866666667e+04 0.0000000000e+00 
5.4395833333e-04 2.6866666667e+04 7.8539816340e-01 
5.4395833333e-04 2.6866666667e+04 1.2217304764e+00 
5.4395833333e-04 2.7650000000e+04 0.0000000000e+00 
5.4395833333e-04 2.7650000000e+04 7.8539816340e-01 
5.4395833333e-04 2.7650000000e+04 1.2217304764e+00 
5.4395833333e-04 2.8433333333e+04 0.0000000000e+00 
5.4395833333e-04 2.8433333333e+04 7.8539816340e-01 
5.4395833333e-04 2.8433333333e+04 1.2217304764e+00 
5.4395833333e-04 2.9216666667e+04 0.0000000000e+00 
5.4395833333e-04 2.9216666667e+04 7.8539816340e-01 
5.4395833333e-04 2.9216666667e+04 1.2217304764e+00 
5.4395833333e-04 3.0000000000e+04 0.0000000000e+00 
5.4395833333e-04 3.0000000000e+04 7.8539816340e-01 
5.4395833333e-04 3.0000000000e+04 1.2217304764e+00 
5.8541666667e-04 1.1200000000e+04 0.0000000000e+00 
5.8541666667e-04 1.1200000000e+04 7.8539816340e-01 
5.8541666667e-04 1.1200000000e+04 1.2217304764e+00 
5.8541666667e-04 1.1983333333e+04 0.0000000000e+00 
5.8541666667e-04 1.1983333333e+04 7.8539816340e-01 
5.8541666667e-04 1.1983333333e+04 1.2217304764e+00 
5.8541666667e-04 1.2766666667e+04 0.0000000000e+00 
5.8541666667e-04 1.2766666667e+04 7.8539816340e-01 
5.8541666667e-04 1.2766666667e+04 1.2217304764e+00 
5.8541666667e-04 1.3550000000e+04 0.0000000000e+00 
5.8541666667e-04 1.3550000000e+04 7.8539816340e-01 
5.8541666667e-04 1.3550000000e+04 1.2217304764e+00 
5.8541666667e-04 1.4333333333e+04 0.0000000000e+00 
5.8541666667e-04 1.4333333333e+04 7.8539816340e-01 
5.8541666667e-04 1.4333333333e+04 1.2217304764e+00 
5.8541666667e-04 1.5116666667e+04 0.0000000000e+00 
5.8541666667e-04 1.5116666667e+04 7.8539816340e-01 
5.8541666667e-04 1.5116666667e+04 1.2217304764e+00 
5.8541666667e-04 1.5900000000e+04 0.0000000000e+00 
5.8541666667e-04 1.5900000000e+04 7.8539816340e-01 
5.8541666667e-04 1.5900000000e+04 1.2217304764e+00 
5.8541666667e-04 1.6683333333e+04 0.0000000000e+00 
5.8541666667e-04 1.6683333333e+04 7.8539816340e-01 
5.8541666667e-04 1.6683333333e+04 1.2217304764e+00 
5.8541666667e-04 1.7466666667e+04 0.0000000000e+00 
5.8541666667e-04 1.7466666667e+04 7.8539816340e-01 
5.8541666667e-04 1.7466666667e+04 1.2217304764e+00 
5.8541666667e-04 1.8250000000e+04 0.0000000000e+00 
5.8541666667e-04 1.8250000000e+04 7.8539816340e-01 
5.8541666667e-04 1.8250000000e+04 1.2217304764e+00 
5.8541666667e-04 1.9033333333e+04 0.0000000000e+00 
5.8541666667e-04 1.9033333333e+04 7.8539816340e-01 
5.8541666667e-04 1.9033333333e+04 1.2217304764e+00 
5.8541666667e-04 1.9816666667e+04 0.0000000000e+00 
5.8541666667e-04 1.9816666667e+04 7.8539816340e-01 
5.8541666667e-04 1.9816666667e+04 1.2217304764e+00 
5.8541666667e-04 2.0600000000e+04 0.0000000000e+00 
5.8541666667e-04 2.0600000000e+04 7.8539816340e-01 
5.8541666667e-04 2.0600000000e+04 1.2217304764e+00 
5.8541666667e-04 2.1383333333e+04 0.0000000000e+00 
5.8541666667e-04 2.1383333333e+04 7.8539816340e-01 
5.8541666667e-04 2.1383333333e+04 1.2217304764e+00 
5.8541666667e-04 2.2166666667e+04 0.0000000000e+00 
5.8541666667e-04 2.2166666667e+04 7.8539816340e-01 
5.8541666667e-04 2.2166666667e+04 1.2217304764e+00 
5.8541666667e-04 2.2950000000e+04 0.0000000000e+00 
5.8541666667e-04 2.2950000000e+04 7.8539816340e-01 
5.8541666667e-04 2.2950000000e+04 1.2217304764e+00 
5.8541666667e-04 2.3733333333e+04 0.0000000000e+00 
5.8541666667e-04 2.3733333333e+04 7.8539816340e-01 
5.8541666667e-04 2.3733333333e+04 1.2217304764e+00 
5.8541666667e-04 2.4516666667e+04 0.0000000000e+00 
5.8541666667e-04 2.4516666667e+04 7.8539816340e-01 
5.8541666667e-04 2.4516666667e+04 1.2217304764e+00 
5.8541666667e-04 2.5300000000e+04 0.0000000000e+00 
5.8541666667e-04 2.5300000000e+04 7.8539816340e-01 
5.8541666667e-04 2.5300000000e+04 1.2217304764e+00 
5.8541666667e-04 2.6083333333e+04 0.0000000000e+00 
5.8541666667e-04 2.6083333333e+04 7.8539816340e-01 
5.8541666667e-04 2.6083333333e+04 1.2217304764e+00 
5.8541666667e-04 2.6866666667e+04 0.0000000000e+00 
5.8541666667e-04 2.6866666667e+04 7.8539816340e-01 
5.8541666667e-04 2.6866666667e+04 1.2217304764e+00 
5.8541666667e-04 2.7650000000e+04 0.0000000000e+00 
5.8541666667e-04 2.7650000000e+04 7.8539816340e-01 
5.8541666667e-04 2.7650000000e+04 1.2217304764e+00 
5.8541666667e-04 2.8433333333e+04 0.0000000000e+00 
5.8541666667e-04 2.8433333333e+04 7.8539816340e-01 
5.8541666667e-04 2.8433333333e+04 1.2217304764e+00 
5.8541666667e-04 2.9216666667e+04 0.0000000000e+00 
5.8541666667e-04 2.9216666667e+04 7.8539816340e-01 
5.8541666667e-04 2.9216666667e+04 1.2217304764e+00 
5.8541666667e-04 3.0000000000e+04 0.0000000000e+00 
5.8541666667e-04 3.0000000000e+04 7.8539816340e-01 
5.8541666667e-04 3.0000000000e+04 1.2217304764e+00 
6.2687500000e-04 1.1200000000e+04 0.0000000000e+00 
6.2687500000e-04 1.1200000000e+04 7.8539816340e-01 
6.2687500000e-04 1.1200000000e+04 1.2217304764e+00 
6.2687500000e-04 1.1983333333e+04 0.0000000000e+00 
6.2687500000e-04 1.1983333333e+04 7.8539816340e-01 
6.2687500000e-04 1.1983333333e+04 1.2217304764e+00 
6.2687500000e-04 1.2766666667e+04 0.0000000000e+00 
6.2687500000e-04 1.2766666667e+04 7.8539816340e-01 
6.2687500000e-04 1.2766666667e+04 1.2217304764e+00 
6.2687500000e-04 1.3550000000e+04 0.0000000000e+00 
6.2687500000e-04 1.3550000000e+04 7.8539816340e-01 
6.2687500000e-04 1.3550000000e+04 1.2217304764e+00 
6.2687500000e-04 1.4333333333e+04 0.0000000000e+00 
6.2687500000e-04 1.4333333333e+04 7.8539816340e-01 
6.2687500000e-04 1.4333333333e+04 1.2217304764e+00 
6.2687500000e-04 1.5116666667e+04 0.0000000000e+00 
6.2687500000e-04 1.5116666667e+04 7.8539816340e-01 
6.2687500000e-04 1.5116666667e+04 1.2217304764e+00 
6.2687500000e-04 1.5900000000e+04 0.0000000000e+00 
6.2687500000e-04 1.5900000000e+04 7.8539816340e-01 
6.2687500000e-04 1.5900000000e+04 1.2217304764e+00 
6.2687500000e-04 1.6683333333e+04 0.0000000000e+00 
6.2687500000e-04 1.6683333333e+04 7.8539816340e-01 
6.2687500000e-04 1.6683333333e+04 1.2217304764e+00 
6.2687500000e-04 1.7466666667e+04 0.0000000000e+00 
6.2687500000e-04 1.7466666667e+04 7.8539816340e-01 
6.2687500000e-04 1.7466666667e+04 1.2217304764e+00 
6.2687500000e-04 1.8250000000e+04 0.0000000000e+00 
6.2687500000e-04 1.8250000000e+04 7.8539816340e-01 
6.2687500000e-04 1.8250000000e+04 1.2217304764e+00 
6.2687500000e-04 1.9033333333e+04 0.0000000000e+00 
6.2687500000e-04 1.9033333333e+04 7.8539816340e-01 
6.2687500000e-04 1.9033333333e+04 1.2217304764e+00 
6.2687500000e-04 1.9816666667e+04 0.0000000000e+00 
6.2687500000e-04 1.9816666667e+04 7.8539816340e-01 
6.2687500000e-04 1.9816666667e+04 1.2217304764e+00 
6.2687500000e-04 2.0600000000e+04 0.0000000000e+00 
6.2687500000e-04 2.0600000000e+04 7.8539816340e-01 
6.2687500000e-04 2.0600000000e+04 1.2217304764e+00 
6.2687500000e-04 2.1383333333e+04 0.0000000000e+00 
6.2687500000e-04 2.1383333333e+04 7.8539816340e-01 
6.2687500000e-04 2.1383333333e+04 1.2217304764e+00 
6.2687500000e-04 2.2166666667e+04 0.0000000000e+00 
6.2687500000e-04 2.2166666667e+04 7.8539816340e-01 
6.2687500000e-04 2.2166666667e+04 1.2217304764e+00 
6.2687500000e-04 2.2950000000e+04 0.0000000000e+00 
6.2687500000e-04 2.2950000000e+04 7.8539816340e-01 
6.2687500000e-04 2.2950000000e+04 1.2217304764e+00 
6.2687500000e-04 2.3733333333e+04 0.0000000000e+00 
6.2687500000e-04 2.3733333333e+04 7.8539816340e-01 
6.2687500000e-04 2.3733333333e+04 1.2217304764e+00 
6.2687500000e-04 2.4516666667e+04 0.0000000000e+00 
6.2687500000e-04 2.4516666667e+04 7.8539816340e-01 
6.2687500000e-04 2.4516666667e+04 1.2217304764e+00 
6.2687500000e-04 2.5300000000e+04 0.0000000000e+00 
6.2687500000e-04 2.5300000000e+04 7.8539816340e-01 
6.2687500000e-04 2.5300000000e+04 1.2217304764e+00 
6.2687500000e-04 2.6083333333e+04 0.0000000000e+00 
6.2687500000e-04 2.6083333333e+04 7.8539816340e-01 
6.2687500000e-04 2.6083333333e+04 1.2217304764e+00 
6.2687500000e-04 2.6866666667e+04 0.0000000000e+00 
6.2687500000e-04 2.6866666667e+04 7.8539816340e-01 
6.2687500000e-04 2.6866666667e+04 1.2217304764e+00 
6.2687500000e-04 2.7650000000e+04 0.0000000000e+00 
6.2687500000e-04 2.7650000000e+04 7.8539816340e-01 
6.2687500000e-04 2.7650000000e+04 1.2217304764e+00 
6.2687500000e-04 2.8433333333e+04 0.0000000000e+00 
6.2687500000e-04 2.8433333333e+04 7.8539816340e-01 
6.2687500000e-04 2.8433333333e+04 1.2217304764e+00 
6.2687500000e-04 2.9216666667e+04 0.0000000000e+00 
6.2687500000e-04 2.9216666667e+04 7.8539816340e-01 
6.2687500000e-04 2.9216666667e+04 1.2217304764e+00 
6.2687500000e-04 3.0000000000e+04 0.0000000000e+00 
6.2687500000e-04 3.0000000000e+04 7.8539816340e-01 
6.2687500000e-04 3.0000000000e+04 1.2217304764e+00 
6.6833333333e-04 1.1200000000e+04 0.0000000000e+00 
6.6833333333e-04 1.1200000000e+04 7.8539816340e-01 
6.6833333333e-04 1.1200000000e+04 1.2217304764e+00 
6.6833333333e-04 1.1983333333e+04 0.0000000000e+00 
6.6833333333e-04 1.1983333333e+04 7.8539816340e-01 
6.6833333333e-04 1.1983333333e+04 1.2217304764e+00 
6.6833333333e-04 1.2766666667e+04 0.0000000000e+00 
6.6833333333e-04 1.2766666667e+04 7.8539816340e-01 
6.6833333333e-04 1.2766666667e+04 1.2217304764e+00 
6.6833333333e-04 1.3550000000e+04 0.0000000000e+00 
6.6833333333e-04 1.3550000000e+04 7.8539816340e-01 
6.6833333333e-04 1.3550000000e+04 1.2217304764e+00 
6.6833333333e-04 1.4333333333e+04 0.0000000000e+00 
6.6833333333e-04 1.4333333333e+04 7.8539816340e-01 
6.6833333333e-04 1.4333333333e+04 1.2217304764e+00 
6.6833333333e-04 1.5116666667e+04 0.0000000000e+00 
6.6833333333e-04 1.5116666667e+04 7.8539816340e-01 
6.6833333333e-04 1.5116666667e+04 1.2217304764e+00 
6.6833333333e-04 1.5900000000e+04 0.0000000000e+00 
6.6833333333e-04 1.5900000000e+04 7.8539816340e-01 
6.6833333333e-04 1.5900000000e+04 1.2217304764e+00 
6.6833333333e-04 1.6683333333e+04 0.0000000000e+00 
6.6833333333e-04 1.6683333333e+04 7.8539816340e-01 
6.6833333333e-04 1.6683333333e+04 1.2217304764e+00 
6.6833333333e-04 1.7466666667e+04 0.0000000000e+00 
6.6833333333e-04 1.7466666667e+04 7.8539816340e-01 
6.6833333333e-04 1.7466666667e+04 1.2217304764e+00 
6.6833333333e-04 1.8250000000e+04 0.0000000000e+00 
6.6833333333e-04 1.8250000000e+04 7.8539816340e-01 
6.6833333333e-04 1.8250000000e+04 1.2217304764e+00 
6.6833333333e-04 1.9033333333e+04 0.0000000000e+00 
6.6833333333e-04 1.9033333333e+04 7.8539816340e-01 
6.6833333333e-04 1.9033333333e+04 1.2217304764e+00 
6.6833333333e-04 1.9816666667e+04 0.0000000000e+00 
6.6833333333e-04 1.9816666667e+04 7.8539816340e-01 
6.6833333333e-04 1.9816666667e+04 1.2217304764e+00 
6.6833333333e-04 2.0600000000e+04 0.0000000000e+00 
6.6833333333e-04 2.0600000000e+04 7.8539816340e-01 
6.6833333333e-04 2.0600000000e+04 1.2217304764e+00 
6.6833333333e-04 2.1383333333e+04 0.0000000000e+00 
6.6833333333e-04 2.1383333333e+04 7.8539816340e-01 
6.6833333333e-04 2.1383333333e+04 1.2217304764e+00 
6.6833333333e-04 2.2166666667e+04 0.0000000000e+00 
6.6833333333e-04 2.2166666667e+04 7.8539816340e-01 
6.6833333333e-04 2.2166666667e+04 1.2217304764e+00 
6.6833333333e-04 2.2950000000e+04 0.0000000000e+00 
6.6833333333e-04 2.2950000000e+04 7.8539816340e-01 
6.6833333333e-04 2.2950000000e+04 1.2217304764e+00 
6.6833333333e-04 2.3733333333e+04 0.0000000000e+00 
6.6833333333e-04 2.3733333333e+04 7.8539816340e-01 
6.6833333333e-04 2.3733333333e+04 1.2217304764e+00 
6.6833333333e-04 2.4516666667e+04 0.0000000000e+00 
6.6833333333e-04 2.4516666667e+04 7.8539816340e-01 
6.6833333333e-04 2.4516666667e+04 1.2217304764e+00 
6.6833333333e-04 2.5300000000e+04 0.0000000000e+00 
6.6833333333e-04 2.5300000000e+04 7.8539816340e-01 
6.6833333333e-04 2.5300000000e+04 1.2217304764e+00 
6.6833333333e-04 2.6083333333e+04 0.0000000000e+00 
6.6833333333e-04 2.6083333333e+04 7.8539816340e-01 
6.6833333333e-04 2.6083333333e+04 1.2217304764e+00 
6.6833333333e-04 2.6866666667e+04 0.0000000000e+00 
6.6833333333e-04 2.6866666667e+04 7.8539816340e-01 
6.6833333333e-04 2.6866666667e+04 1.2217304764e+00 
6.6833333333e-04 2.7650000000e+04 0.0000000000e+00 
6.6833333333e-04 2.7650000000e+04 7.8539816340e-01 
6.6833333333e-04 2.7650000000e+04 1.2217304764e+00 
6.6833333333e-04 2.8433333333e+04 0.0000000000e+00 
6.6833333333e-04 2.8433333333e+04 7.8539816340e-01 
6.6833333333e-04 2.8433333333e+04 1.2217304764e+00 
6.6833333333e-04 2.9216666667e+04 0.0000000000e+00 
6.6833333333e-04 2.9216666667e+04 7.8539816340e-01 
6.6833333333e-04 2.9216666667e+04 1.2217304764e+00 
6.6833333333e-04 3.0000000000e+04 0.0000000000e+00 
6.6833333333e-04 3.0000000000e+04 7.8539816340e-01 
6.6833333333e-04 3.0000000000e+04 1.2217304764e+00 
7.0979166667e-04 1.1200000000e+04 0.0000000000e+00 
7.0979166667e-04 1.1200000000e+04 7.8539816340e-01 
7.0979166667e-04 1.1200000000e+04 1.2217304764e+00 
7.0979166667e-04 1.1983333333e+04 0.0000000000e+00 
7.0979166667e-04 1.1983333333e+04 7.8539816340e-01 
7.0979166667e-04 1.1983333333e+04 1.2217304764e+00 
7.0979166667e-04 1.2766666667e+04 0.0000000000e+00 
7.0979166667e-04 1.2766666667e+04 7.8539816340e-01 
7.0979166667e-04 1.2766666667e+04 1.2217304764e+00 
7.0979166667e-04 1.3550000000e+04 0.0000000000e+00 
7.0979166667e-04 1.3550000000e+04 7.8539816340e-01 
7.0979166667e-04 1.3550000000e+04 1.2217304764e+00 
7.0979166667e-04 1.4333333333e+04 0.0000000000e+00 
7.0979166667e-04 1.4333333333e+04 7.8539816340e-01 
7.0979166667e-04 1.4333333333e+04 1.2217304764e+00 
7.0979166667e-04 1.5116666667e+04 0.0000000000e+00 
7.0979166667e-04 1.5116666667e+04 7.8539816340e-01 
7.0979166667e-04 1.5116666667e+04 1.2217304764e+00 
7.0979166667e-04 1.5900000000e+04 0.0000000000e+00 
7.0979166667e-04 1.5900000000e+04 7.8539816340e-01 
7.0979166667e-04 1.5900000000e+04 1.2217304764e+00 
7.0979166667e-04 1.6683333333e+04 0.0000000000e+00 
7.0979166667e-04 1.6683333333e+04 7.8539816340e-01 
7.0979166667e-04 1.6683333333e+04 1.2217304764e+00 
7.0979166667e-04 1.7466666667e+04 0.0000000000e+00 
7.0979166667e-04 1.7466666667e+04 7.8539816340e-01 
7.0979166667e-04 1.7466666667e+04 1.2217304764e+00 
7.0979166667e-04 1.8250000000e+04 0.0000000000e+00 
7.0979166667e-04 1.8250000000e+04 7.8539816340e-01 
7.0979166667e-04 1.8250000000e+04 1.2217304764e+00 
7.0979166667e-04 1.9033333333e+04 0.0000000000e+00 
7.0979166667e-04 1.9033333333e+04 7.8539816340e-01 
7.0979166667e-04 1.9033333333e+04 1.2217304764e+00 
7.0979166667e-04 1.9816666667e+04 0.0000000000e+00 
7.0979166667e-04 1.9816666667e+04 7.8539816340e-01 
7.0979166667e-04 1.9816666667e+04 1.2217304764e+00 
7.0979166667e-04 2.0600000000e+04 0.0000000000e+00 
7.0979166667e-04 2.0600000000e+04 7.8539816340e-01 
7.0979166667e-04 2.0600000000e+04 1.2217304764e+00 
7.0979166667e-04 2.1383333333e+04 0.0000000000e+00 
7.0979166667e-04 2.1383333333e+04 7.8539816340e-01 
7.0979166667e-04 2.1383333333e+04 1.2217304764e+00 
7.0979166667e-04 2.2166666667e+04 0.0000000000e+00 
7.0979166667e-04 2.2166666667e+04 7.8539816340e-01 
7.0979166667e-04 2.2166666667e+04 1.2217304764e+00 
7.0979166667e-04 2.2950000000e+04 0.0000000000e+00 
7.0979166667e-04 2.2950000000e+04 7.8539816340e-01 
7.0979166667e-04 2.2950000000e+04 1.2217304764e+00 
7.0979166667e-04 2.3733333333e+04 0.0000000000e+00 
7.0979166667e-04 2.3733333333e+04 7.8539816340e-01 
7.0979166667e-04 2.3733333333e+04 1.2217304764e+00 
7.0979166667e-04 2.4516666667e+04 0.0000000000e+00 
7.0979166667e-04 2.4516666667e+04 7.8539816340e-01 
7.0979166667e-04 2.4516666667e+04 1.2217304764e+00 
7.0979166667e-04 2.5300000000e+04 0.0000000000e+00 
7.0979166667e-04 2.5300000000e+04 7.8539816340e-01 
7.0979166667e-04 2.5300000000e+04 1.2217304764e+00 
7.0979166667e-04 2.6083333333e+04 0.0000000000e+00 
7.0979166667e-04 2.6083333333e+04 7.8539816340e-01 
7.0979166667e-04 2.6083333333e+04 1.2217304764e+00 
7.0979166667e-04 2.6866666667e+04 0.0000000000e+00 
7.0979166667e-04 2.6866666667e+04 7.8539816340e-01 
7.0979166667e-04 2.6866666667e+04 1.2217304764e+00 
7.0979166667e-04 2.7650000000e+04 0.0000000000e+00 
7.0979166667e-04 2.7650000000e+04 7.8539816340e-01 
7.0979166667e-04 2.7650000000e+04 1.2217304764e+00 
7.0979166667e-04 2.8433333333e+04 0.0000000000e+00 
7.0979166667e-04 2.8433333333e+04 7.8539816340e-01 
7.0979166667e-04 2.8433333333e+04 1.2217304764e+00 
7.0979166667e-04 2.9216666667e+04 0.0000000000e+00 
7.0979166667e-04 2.9216666667e+04 7.8539816340e-01 
7.0979166667e-04 2.9216666667e+04 1.2217304764e+00 
7.0979166667e-04 3.0000000000e+04 0.0000000000e+00 
7.0979166667e-04 3.0000000000e+04 7.8539816340e-01 
7.0979166667e-04 3.0000000000e+04 1.2217304764e+00 
7.5125000000e-04 1.1200000000e+04 0.0000000000e+00 
7.5125000000e-04 1.1200000000e+04 7.8539816340e-01 
7.5125000000e-04 1.1200000000e+04 1.2217304764e+00 
7.5125000000e-04 1.1983333333e+04 0.0000000000e+00 
7.5125000000e-04 1.1983333333e+04 7.8539816340e-01 
7.5125000000e-04 1.1983333333e+04 1.2217304764e+00 
7.5125000000e-04 1.2766666667e+04 0.0000000000e+00 
7.5125000000e-04 1.2766666667e+04 7.8539816340e-01 
7.5125000000e-04 1.2766666667e+04 1.2217304764e+00 
7.5125000000e-04 1.3550000000e+04 0.0000000000e+00 
7.5125000000e-04 1.3550000000e+04 7.8539816340e-01 
7.5125000000e-04 1.3550000000e+04 1.2217304764e+00 
7.5125000000e-04 1.4333333333e+04 0.0000000000e+00 
7.5125000000e-04 1.4333333333e+04 7.8539816340e-01 
7.5125000000e-04 1.4333333333e+04 1.2217304764e+00 
7.5125000000e-04 1.5116666667e+04 0.0000000000e+00 
7.5125000000e-04 1.5116666667e+04 7.8539816340e-01 
7.5125000000e-04 1.5116666667e+04 1.2217304764e+00 
7.5125000000e-04 1.5900000000e+04 0.0000000000e+00 
7.5125000000e-04 1.5900000000e+04 7.8539816340e-01 
7.5125000000e-04 1.5900000000e+04 1.2217304764e+00 
7.5125000000e-04 1.6683333333e+04 0.0000000000e+00 
7.5125000000e-04 1.6683333333e+04 7.8539816340e-01 
7.5125000000e-04 1.6683333333e+04 1.2217304764e+00 
7.5125000000e-04 1.7466666667e+04 0.0000000000e+00 
7.5125000000e-04 1.7466666667e+04 7.8539816340e-01 
7.5125000000e-04 1.7466666667e+04 1.2217304764e+00 
7.5125000000e-04 1.8250000000e+04 0.0000000000e+00 
7.5125000000e-04 1.8250000000e+04 7.8539816340e-01 
7.5125000000e-04 1.8250000000e+04 1.2217304764e+00 
7.5125000000e-04 1.9033333333e+04 0.0000000000e+00 
7.5125000000e-04 1.9033333333e+04 7.8539816340e-01 
7.5125000000e-04 1.9033333333e+04 1.2217304764e+00 
7.5125000000e-04 1.9816666667e+04 0.0000000000e+00 
7.5125000000e-04 1.9816666667e+04 7.8539816340e-01 
7.5125000000e-04 1.9816666667e+04 1.2217304764e+00 
7.5125000000e-04 2.0600000000e+04 0.0000000000e+00 
7.5125000000e-04 2.0600000000e+04 7.8539816340e-01 
7.5125000000e-04 2.0600000000e+04 1.2217304764e+00 
7.5125000000e-04 2.1383333333e+04 0.0000000000e+00 
7.5125000000e-04 2.1383333333e+04 7.8539816340e-01 
7.5125000000e-04 2.1383333333e+04 1.2217304764e+00 
7.5125000000e-04 2.2166666667e+04 0.0000000000e+00 
7.5125000000e-04 2.2166666667e+04 7.8539816340e-01 
7.5125000000e-04 2.2166666667e+04 1.2217304764e+00 
7.5125000000e-04 2.2950000000e+04 0.0000000000e+00 
7.5125000000e-04 2.2950000000e+04 7.8539816340e-01 
7.5125000000e-04 2.2950000000e+04 1.2217304764e+00 
7.5125000000e-04 2.3733333333e+04 0.0000000000e+00 
7.5125000000e-04 2.3733333333e+04 7.8539816340e-01 
7.5125000000e-04 2.3733333333e+04 1.2217304764e+00 
7.5125000000e-04 2.4516666667e+04 0.0000000000e+00 
7.5125000000e-04 2.4516666667e+04 7.8539816340e-01 
7.5125000000e-04 2.4516666667e+04 1.2217304764e+00 
7.5125000000e-04 2.5300000000e+04 0.0000000000e+00 
7.5125000000e-04 2.5300000000e+04 7.8539816340e-01 
7.5125000000e-04 2.5300000000e+04 1.2217304764e+00 
7.5125000000e-04 2.6083333333e+04 0.0000000000e+00 
7.5125000000e-04 2.6083333333e+04 7.8539816340e-01 
7.5125000000e-04 2.6083333333e+04 1.2217304764e+00 
7.5125000000e-04 2.6866666667e+04 0.0000000000e+00 
7.5125000000e-04 2.6866666667e+04 7.8539816340e-01 
7.5125000000e-04 2.6866666667e+04 1.2217304764e+00 
7.5125000000e-04 2.7650000000e+04 0.0000000000e+00 
7.5125000000e-04 2.7650000000e+04 7.8539816340e-01 
7.5125000000e-04 2.7650000000e+04 1.2217304764e+00 
7.5125000000e-04 2.8433333333e+04 0.0000000000e+00 
7.5125000000e-04 2.8433333333e+04 7.8539816340e-01 
7.5125000000e-04 2.8433333333e+04 1.2217304764e+00 
7.5125000000e-04 2.9216666667e+04 0.0000000000e+00 
7.5125000000e-04 2.9216666667e+04 7.8539816340e-01 
7.5125000000e-04 2.9216666667e+04 1.2217304764e+00 
7.5125000000e-04 3.0000000000e+04 0.0000000000e+00 
7.5125000000e-04 3.0000000000e+04 7.8539816340e-01 
7.5125000000e-04 3.0000000000e+04 1.2217304764e+00 
7.9270833333e-04 1.1200000000e+04 0.0000000000e+00 
7.9270833333e-04 1.1200000000e+04 7.8539816340e-01 
7.9270833333e-04 1.1200000000e+04 1.2217304764e+00 
7.9270833333e-04 1.1983333333e+04 0.0000000000e+00 
7.9270833333e-04 1.1983333333e+04 7.8539816340e-01 
7.9270833333e-04 1.1983333333e+04 1.2217304764e+00 
7.9270833333e-04 1.2766666667e+04 0.0000000000e+00 
7.9270833333e-04 1.2766666667e+04 7.8539816340e-01 
7.9270833333e-04 1.2766666667e+04 1.2217304764e+00 
7.9270833333e-04 1.3550000000e+04 0.0000000000e+00 
7.9270833333e-04 1.3550000000e+04 7.8539816340e-01 
7.9270833333e-04 1.3550000000e+04 1.2217304764e+00 
7.9270833333e-04 1.4333333333e+04 0.0000000000e+00 
7.9270833333e-04 1.4333333333e+04 7.8539816340e-01 
7.9270833333e-04 1.4333333333e+04 1.2217304764e+00 
7.9270833333e-04 1.5116666667e+04 0.0000000000e+00 
7.9270833333e-04 1.5116666667e+04 7.8539816340e-01 
7.9270833333e-04 1.5116666667e+04 1.2217304764e+00 
7.9270833333e-04 1.5900000000e+04 0.0000000000e+00 
7.9270833333e-04 1.5900000000e+04 7.8539816340e-01 
7.9270833333e-04 1.5900000000e+04 1.2217304764e+00 
7.9270833333e-04 1.6683333333e+04 0.0000000000e+00 
7.9270833333e-04 1.6683333333e+04 7.8539816340e-01 
7.9270833333e-04 1.6683333333e+04 1.2217304764e+00 
7.9270833333e-04 1.7466666667e+04 0.0000000000e+00 
7.9270833333e-04 1.7466666667e+04 7.8539816340e-01 
7.9270833333e-04 1.7466666667e+04 1.2217304764e+00 
7.9270833333e-04 1.8250000000e+04 0.0000000000e+00 
7.9270833333e-04 1.8250000000e+04 7.8539816340e-01 
7.9270833333e-04 1.8250000000e+04 1.2217304764e+00 
7.9270833333e-04 1.9033333333e+04 0.0000000000e+00 
7.9270833333e-04 1.9033333333e+04 7.8539816340e-01 
7.9270833333e-04 1.9033333333e+04 1.2217304764e+00 
7.9270833333e-04 1.9816666667e+04 0.0000000000e+00 
7.9270833333e-04 1.9816666667e+04 7.8539816340e-01 
7.9270833333e-04 1.9816666667e+04 1.2217304764e+00 
7.9270833333e-04 2.0600000000e+04 0.0000000000e+00 
7.9270833333e-04 2.0600000000e+04 7.8539816340e-01 
7.9270833333e-04 2.0600000000e+04 1.2217304764e+00 
7.9270833333e-04 2.1383333333e+04 0.0000000000e+00 
7.9270833333e-04 2.1383333333e+04 7.8539816340e-01 
7.9270833333e-04 2.1383333333e+04 1.2217304764e+00 
7.9270833333e-04 2.2166666667e+04 0.0000000000e+00 
7.9270833333e-04 2.2166666667e+04 7.8539816340e-01 
7.9270833333e-04 2.2166666667e+04 1.2217304764e+00 
7.9270833333e-04 2.2950000000e+04 0.0000000000e+00 
7.9270833333e-04 2.2950000000e+04 7.8539816340e-01 
7.9270833333e-04 2.2950000000e+04 1.2217304764e+00 
7.9270833333e-04 2.3733333333e+04 0.0000000000e+00 
7.9270833333e-04 2.3733333333e+04 7.8539816340e-01 
7.9270833333e-04 2.3733333333e+04 1.2217304764e+00 
7.9270833333e-04 2.4516666667e+04 0.0000000000e+00 
7.9270833333e-04 2.4516666667e+04 7.8539816340e-01 
7.9270833333e-04 2.4516666667e+04 1.2217304764e+00 
7.9270833333e-04 2.5300000000e+04 0.0000000000e+00 
7.9270833333e-04 2.5300000000e+04 7.8539816340e-01 
7.9270833333e-04 2.5300000000e+04 1.2217304764e+00 
7.9270833333e-04 2.6083333333e+04 0.0000000000e+00 
7.9270833333e-04 2.6083333333e+04 7.8539816340e-01 
7.9270833333e-04 2.6083333333e+04 1.2217304764e+00 
7.9270833333e-04 2.6866666667e+04 0.0000000000e+00 
7.9270833333e-04 2.6866666667e+04 7.8539816340e-01 
7.9270833333e-04 2.6866666667e+04 1.2217304764e+00 
7.9270833333e-04 2.7650000000e+04 0.0000000000e+00 
7.9270833333e-04 2.7650000000e+04 7.8539816340e-01 
7.9270833333e-04 2.7650000000e+04 1.2217304764e+00 
7.9270833333e-04 2.8433333333e+04 0.0000000000e+00 
7.9270833333e-04 2.8433333333e+04 7.8539816340e-01 
7.9270833333e-04 2.8433333333e+04 1.2217304764e+00 
7.9270833333e-04 2.9216666667e+04 0.0000000000e+00 
7.9270833333e-04 2.9216666667e+04 7.8539816340e-01 
7.9270833333e-04 2.9216666667e+04 1.2217304764e+00 
7.9270833333e-04 3.0000000000e+04 0.0000000000e+00 
7.9270833333e-04 3.0000000000e+04 7.8539816340e-01 
7.9270833333e-04 3.0000000000e+04 1.2217304764e+00 
8.3416666667e-04 1.1200000000e+04 0.0000000000e+00 
8.3416666667e-04 1.1200000000e+04 7.8539816340e-01 
8.3416666667e-04 1.1200000000e+04 1.2217304764e+00 
8.3416666667e-04 1.1983333333e+04 0.0000000000e+00 
8.3416666667e-04 1.1983333333e+04 7.8539816340e-01 
8.3416666667e-04 1.1983333333e+04 1.2217304764e+00 
8.3416666667e-04 1.2766666667e+04 0.0000000000e+00 
8.3416666667e-04 1.2766666667e+04 7.8539816340e-01 
8.3416666667e-04 1.2766666667e+04 1.2217304764e+00 
8.3416666667e-04 1.3550000000e+04 0.0000000000e+00 
8.3416666667e-04 1.3550000000e+04 7.8539816340e-01 
8.3416666667e-04 1.3550000000e+04 1.2217304764e+00 
8.3416666667e-04 1.4333333333e+04 0.0000000000e+00 
8.3416666667e-04 1.4333333333e+04 7.8539816340e-01 
8.3416666667e-04 1.4333333333e+04 1.2217304764e+00 
8.3416666667e-04 1.5116666667e+04 0.0000000000e+00 
8.3416666667e-04 1.5116666667e+04 7.8539816340e-01 
8.3416666667e-04 1.5116666667e+04 1.2217304764e+00 
8.3416666667e-04 1.5900000000e+04 0.0000000000e+00 
8.3416666667e-04 1.5900000000e+04 7.8539816340e-01 
8.3416666667e-04 1.5900000000e+04 1.2217304764e+00 
8.3416666667e-04 1.6683333333e+04 0.0000000000e+00 
8.3416666667e-04 1.6683333333e+04 7.8539816340e-01 
8.3416666667e-04 1.6683333333e+04 1.2217304764e+00 
8.3416666667e-04 1.7466666667e+04 0.0000000000e+00 
8.3416666667e-04 1.7466666667e+04 7.8539816340e-01 
8.3416666667e-04 1.7466666667e+04 1.2217304764e+00 
8.3416666667e-04 1.8250000000e+04 0.0000000000e+00 
8.3416666667e-04 1.8250000000e+04 7.8539816340e-01 
8.3416666667e-04 1.8250000000e+04 1.2217304764e+00 
8.3416666667e-04 1.9033333333e+04 0.0000000000e+00 
8.3416666667e-04 1.9033333333e+04 7.8539816340e-01 
8.3416666667e-04 1.9033333333e+04 1.2217304764e+00 
8.3416666667e-04 1.9816666667e+04 0.0000000000e+00 
8.3416666667e-04 1.9816666667e+04 7.8539816340e-01 
8.3416666667e-04 1.9816666667e+04 1.2217304764e+00 
8.3416666667e-04 2.0600000000e+04 0.0000000000e+00 
8.3416666667e-04 2.0600000000e+04 7.8539816340e-01 
8.3416666667e-04 2.0600000000e+04 1.2217304764e+00 
8.3416666667e-04 2.1383333333e+04 0.0000000000e+00 
8.3416666667e-04 2.1383333333e+04 7.8539816340e-01 
8.3416666667e-04 2.1383333333e+04 1.2217304764e+00 
8.3416666667e-04 2.2166666667e+04 0.0000000000e+00 
8.3416666667e-04 2.2166666667e+04 7.8539816340e-01 
8.3416666667e-04 2.2166666667e+04 1.2217304764e+00 
8.3416666667e-04 2.2950000000e+04 0.0000000000e+00 
8.3416666667e-04 2.2950000000e+04 7.8539816340e-01 
8.3416666667e-04 2.2950000000e+04 1.2217304764e+00 
8.3416666667e-04 2.3733333333e+04 0.0000000000e+00 
8.3416666667e-04 2.3733333333e+04 7.8539816340e-01 
8.3416666667e-04 2.3733333333e+04 1.2217304764e+00 
8.3416666667e-04 2.4516666667e+04 0.0000000000e+00 
8.3416666667e-04 2.4516666667e+04 7.8539816340e-01 
8.3416666667e-04 2.4516666667e+04 1.2217304764e+00 
8.3416666667e-04 2.5300000000e+04 0.0000000000e+00 
8.3416666667e-04 2.5300000000e+04 7.8539816340e-01 
8.3416666667e-04 2.5300000000e+04 1.2217304764e+00 
8.3416666667e-04 2.6083333333e+04 0.0000000000e+00 
8.3416666667e-04 2.6083333333e+04 7.8539816340e-01 
8.3416666667e-04 2.6083333333e+04 1.2217304764e+00 
8.3416666667e-04 2.6866666667e+04 0.0000000000e+00 
8.3416666667e-04 2.6866666667e+04 7.8539816340e-01 
8.3416666667e-04 2.6866666667e+04 1.2217304764e+00 
8.3416666667e-04 2.7650000000e+04 0.0000000000e+00 
8.3416666667e-04 2.7650000000e+04 7.8539816340e-01 
8.3416666667e-04 2.7650000000e+04 1.2217304764e+00 
8.3416666667e-04 2.8433333333e+04 0.0000000000e+00 
8.3416666667e-04 2.8433333333e+04 7.8539816340e-01 
8.3416666667e-04 2.8433333333e+04 1.2217304764e+00 
8.3416666667e-04 2.9216666667e+04 0.0000000000e+00 
8.3416666667e-04 2.9216666667e+04 7.8539816340e-01 
8.3416666667e-04 2.9216666667e+04 1.2217304764e+00 
8.3416666667e-04 3.0000000000e+04 0.0000000000e+00 
8.3416666667e-04 3.0000000000e+04 7.8539816340e-01 
8.3416666667e-04 3.0000000000e+04 1.2217304764e+00 
8.7562500000e-04 1.1200000000e+04 0.0000000000e+00 
8.7562500000e-04 1.1200000000e+04 7.8539816340e-01 
8.7562500000e-04 1.1200000000e+04 1.2217304764e+00 
8.7562500000e-04 1.1983333333e+04 0.0000000000e+00 
8.7562500000e-04 1.1983333333e+04 7.8539816340e-01 
8.7562500000e-04 1.1983333333e+04 1.2217304764e+00 
8.7562500000e-04 1.2766666667e+04 0.0000000000e+00 
8.7562500000e-04 1.2766666667e+04 7.8539816340e-01 
8.7562500000e-04 1.2766666667e+04 1.2217304764e+00 
8.7562500000e-04 1.3550000000e+04 0.0000000000e+00 
8.7562500000e-04 1.3550000000e+04 7.8539816340e-01 
8.7562500000e-04 1.3550000000e+04 1.2217304764e+00 
8.7562500000e-04 1.4333333333e+04 0.0000000000e+00 
8.7562500000e-04 1.4333333333e+04 7.8539816340e-01 
8.7562500000e-04 1.4333333333e+04 1.2217304764e+00 
8.7562500000e-04 1.5116666667e+04 0.0000000000e+00 
8.7562500000e-04 1.5116666667e+04 7.8539816340e-01 
8.7562500000e-04 1.5116666667e+04 1.2217304764e+00 
8.7562500000e-04 1.5900000000e+04 0.0000000000e+00 
8.7562500000e-04 1.5900000000e+04 7.8539816340e-01 
8.7562500000e-04 1.5900000000e+04 1.2217304764e+00 
8.7562500000e-04 1.6683333333e+04 0.0000000000e+00 
8.7562500000e-04 1.6683333333e+04 7.8539816340e-01 
8.7562500000e-04 1.6683333333e+04 1.2217304764e+00 
8.7562500000e-04 1.7466666667e+04 0.0000000000e+00 
8.7562500000e-04 1.7466666667e+04 7.8539816340e-01 
8.7562500000e-04 1.7466666667e+04 1.2217304764e+00 
8.7562500000e-04 1.8250000000e+04 0.0000000000e+00 
8.7562500000e-04 1.8250000000e+04 7.8539816340e-01 
8.7562500000e-04 1.8250000000e+04 1.2217304764e+00 
8.7562500000e-04 1.9033333333e+04 0.0000000000e+00 
8.7562500000e-04 1.9033333333e+04 7.8539816340e-01 
8.7562500000e-04 1.9033333333e+04 1.2217304764e+00 
8.7562500000e-04 1.9816666667e+04 0.0000000000e+00 
8.7562500000e-04 1.9816666667e+04 7.8539816340e-01 
8.7562500000e-04 1.9816666667e+04 1.2217304764e+00 
8.7562500000e-04 2.0600000000e+04 0.0000000000e+00 
8.7562500000e-04 2.0600000000e+04 7.8539816340e-01 
8.7562500000e-04 2.0600000000e+04 1.2217304764e+00 
8.7562500000e-04 2.1383333333e+04 0.0000000000e+00 
8.7562500000e-04 2.1383333333e+04 7.8539816340e-01 
8.7562500000e-04 2.1383333333e+04 1.2217304764e+00 
8.7562500000e-04 2.2166666667e+04 0.0000000000e+00 
8.7562500000e-04 2.2166666667e+04 7.8539816340e-01 
8.7562500000e-04 2.2166666667e+04 1.2217304764e+00 
8.7562500000e-04 2.2950000000e+04 0.0000000000e+00 
8.7562500000e-04 2.2950000000e+04 7.8539816340e-01 
8.7562500000e-04 2.2950000000e+04 1.2217304764e+00 
8.7562500000e-04 2.3733333333e+04 0.0000000000e+00 
8.7562500000e-04 2.3733333333e+04 7.8539816340e-01 
8.7562500000e-04 2.3733333333e+04 1.2217304764e+00 
8.7562500000e-04 2.4516666667e+04 0.0000000000e+00 
8.7562500000e-04 2.4516666667e+04 7.8539816340e-01 
8.7562500000e-04 2.4516666667e+04 1.2217304764e+00 
8.7562500000e-04 2.5300000000e+04 0.0000000000e+00 
8.7562500000e-04 2.5300000000e+04 7.8539816340e-01 
8.7562500000e-04 2.5300000000e+04 1.2217304764e+00 
8.7562500000e-04 2.6083333333e+04 0.0000000000e+00 
8.7562500000e-04 2.6083333333e+04 7.8539816340e-01 
8.7562500000e-04 2.6083333333e+04 1.2217304764e+00 
8.7562500000e-04 2.6866666667e+04 0.0000000000e+00 
8.7562500000e-04 2.6866666667e+04 7.8539816340e-01 
8.7562500000e-04 2.6866666667e+04 1.2217304764e+00 
8.7562500000e-04 2.7650000000e+04 0.0000000000e+00 
8.7562500000e-04 2.7650000000e+04 7.8539816340e-01 
8.7562500000e-04 2.7650000000e+04 1.2217304764e+00 
8.7562500000e-04 2.8433333333e+04 0.0000000000e+00 
8.7562500000e-04 2.8433333333e+04 7.8539816340e-01 
8.7562500000e-04 2.8433333333e+04 1.2217304764e+00 
8.7562500000e-04 2.9216666667e+04 0.0000000000e+00 
8.7562500000e-04 2.9216666667e+04 7.8539816340e-01 
8.7562500000e-04 2.9216666667e+04 1.2217304764e+00 
8.7562500000e-04 3.0000000000e+04 0.0000000000e+00 
8.7562500000e-04 3.0000000000e+04 7.8539816340e-01 
8.7562500000e-04 3.0000000000e+04 1.2217304764e+00 
9.1708333333e-04 1.1200000000e+04 0.0000000000e+00 
9.1708333333e-04 1.1200000000e+04 7.8539816340e-01 
9.1708333333e-04 1.1200000000e+04 1.2217304764e+00 
9.1708333333e-04 1.1983333333e+04 0.0000000000e+00 
9.1708333333e-04 1.1983333333e+04 7.8539816340e-01 
9.1708333333e-04 1.1983333333e+04 1.2217304764e+00 
9.1708333333e-04 1.2766666667e+04 0.0000000000e+00 
9.1708333333e-04 1.2766666667e+04 7.8539816340e-01 
9.1708333333e-04 1.2766666667e+04 1.2217304764e+00 
9.1708333333e-04 1.3550000000e+04 0.0000000000e+00 
9.1708333333e-04 1.3550000000e+04 7.8539816340e-01 
9.1708333333e-04 1.3550000000e+04 1.2217304764e+00 
9.1708333333e-04 1.4333333333e+04 0.0000000000e+00 
9.1708333333e-04 1.4333333333e+04 7.8539816340e-01 
9.1708333333e-04 1.4333333333e+04 1.2217304764e+00 
9.1708333333e-04 1.5116666667e+04 0.0000000000e+00 
9.1708333333e-04 1.5116666667e+04 7.8539816340e-01 
9.1708333333e-04 1.5116666667e+04 1.2217304764e+00 
9.1708333333e-04 1.5900000000e+04 0.0000000000e+00 
9.1708333333e-04 1.5900000000e+04 7.8539816340e-01 
9.1708333333e-04 1.5900000000e+04 1.2217304764e+00 
9.1708333333e-04 1.6683333333e+04 0.0000000000e+00 
9.1708333333e-04 1.6683333333e+04 7.8539816340e-01 
9.1708333333e-04 1.6683333333e+04 1.2217304764e+00 
9.1708333333e-04 1.7466666667e+04 0.0000000000e+00 
9.1708333333e-04 1.7466666667e+04 7.8539816340e-01 
9.1708333333e-04 1.7466666667e+04 1.2217304764e+00 
9.1708333333e-04 1.8250000000e+04 0.0000000000e+00 
9.1708333333e-04 1.8250000000e+04 7.8539816340e-01 
9.1708333333e-04 1.8250000000e+04 1.2217304764e+00 
9.1708333333e-04 1.9033333333e+04 0.0000000000e+00 
9.1708333333e-04 1.9033333333e+04 7.8539816340e-01 
9.1708333333e-04 1.9033333333e+04 1.2217304764e+00 
9.1708333333e-04 1.9816666667e+04 0.0000000000e+00 
9.1708333333e-04 1.9816666667e+04 7.8539816340e-01 
9.1708333333e-04 1.9816666667e+04 1.2217304764e+00 
9.1708333333e-04 2.0600000000e+04 0.0000000000e+00 
9.1708333333e-04 2.0600000000e+04 7.8539816340e-01 
9.1708333333e-04 2.0600000000e+04 1.2217304764e+00 
9.1708333333e-04 2.1383333333e+04 0.0000000000e+00 
9.1708333333e-04 2.1383333333e+04 7.8539816340e-01 
9.1708333333e-04 2.1383333333e+04 1.2217304764e+00 
9.1708333333e-04 2.2166666667e+04 0.0000000000e+00 
9.1708333333e-04 2.2166666667e+04 7.8539816340e-01 
9.1708333333e-04 2.2166666667e+04 1.2217304764e+00 
9.1708333333e-04 2.2950000000e+04 0.0000000000e+00 
9.1708333333e-04 2.2950000000e+04 7.8539816340e-01 
9.1708333333e-04 2.2950000000e+04 1.2217304764e+00 
9.1708333333e-04 2.3733333333e+04 0.0000000000e+00 
9.1708333333e-04 2.3733333333e+04 7.8539816340e-01 
9.1708333333e-04 2.3733333333e+04 1.2217304764e+00 
9.1708333333e-04 2.4516666667e+04 0.0000000000e+00 
9.1708333333e-04 2.4516666667e+04 7.8539816340e-01 
9.1708333333e-04 2.4516666667e+04 1.2217304764e+00 
9.1708333333e-04 2.5300000000e+04 0.0000000000e+00 
9.1708333333e-04 2.5300000000e+04 7.8539816340e-01 
9.1708333333e-04 2.5300000000e+04 1.2217304764e+00 
9.1708333333e-04 2.6083333333e+04 0.0000000000e+00 
9.1708333333e-04 2.6083333333e+04 7.8539816340e-01 
9.1708333333e-04 2.6083333333e+04 1.2217304764e+00 
9.1708333333e-04 2.6866666667e+04 0.0000000000e+00 
9.1708333333e-04 2.6866666667e+04 7.8539816340e-01 
9.1708333333e-04 2.6866666667e+04 1.2217304764e+00 
9.1708333333e-04 2.7650000000e+04 0.0000000000e+00 
9.1708333333e-04 2.7650000000e+04 7.8539816340e-01 
9.1708333333e-04 2.7650000000e+04 1.2217304764e+00 
9.1708333333e-04 2.8433333333e+04 0.0000000000e+00 
9.1708333333e-04 2.8433333333e+04 7.8539816340e-01 
9.1708333333e-04 2.8433333333e+04 1.2217304764e+00 
9.1708333333e-04 2.9216666667e+04 0.0000000000e+00 
9.1708333333e-04 2.9216666667e+04 7.8539816340e-01 
9.1708333333e-04 2.9216666667e+04 1.2217304764e+00 
9.1708333333e-04 3.0000000000e+04 0.0000000000e+00 
9.1708333333e-04 3.0000000000e+04 7.8539816340e-01 
9.1708333333e-04 3.0000000000e+04 1.2217304764e+00 
9.5854166667e-04 1.1200000000e+04 0.0000000000e+00 
9.5854166667e-04 1.1200000000e+04 7.8539816340e-01 
9.5854166667e-04 1.1200000000e+04 1.2217304764e+00 
9.5854166667e-04 1.1983333333e+04 0.0000000000e+00 
9.5854166667e-04 1.1983333333e+04 7.8539816340e-01 
9.5854166667e-04 1.1983333333e+04 1.2217304764e+00 
9.5854166667e-04 1.2766666667e+04 0.0000000000e+00 
9.5854166667e-04 1.2766666667e+04 7.8539816340e-01 
9.5854166667e-04 1.2766666667e+04 1.2217304764e+00 
9.5854166667e-04 1.3550000000e+04 0.0000000000e+00 
9.5854166667e-04 1.3550000000e+04 7.8539816340e-01 
9.5854166667e-04 1.3550000000e+04 1.2217304764e+00 
9.5854166667e-04 1.4333333333e+04 0.0000000000e+00 
9.5854166667e-04 1.4333333333e+04 7.8539816340e-01 
9.5854166667e-04 1.4333333333e+04 1.2217304764e+00 
9.5854166667e-04 1.5116666667e+04 0.0000000000e+00 
9.5854166667e-04 1.5116666667e+04 7.8539816340e-01 
9.5854166667e-04 1.5116666667e+04 1.2217304764e+00 
9.5854166667e-04 1.5900000000e+04 0.0000000000e+00 
9.5854166667e-04 1.5900000000e+04 7.8539816340e-01 
9.5854166667e-04 1.5900000000e+04 1.2217304764e+00 
9.5854166667e-04 1.6683333333e+04 0.0000000000e+00 
9.5854166667e-04 1.6683333333e+04 7.8539816340e-01 
9.5854166667e-04 1.6683333333e+04 1.2217304764e+00 
9.5854166667e-04 1.7466666667e+04 0.0000000000e+00 
9.5854166667e-04 1.7466666667e+04 7.8539816340e-01 
9.5854166667e-04 1.7466666667e+04 1.2217304764e+00 
9.5854166667e-04 1.8250000000e+04 0.0000000000e+00 
9.5854166667e-04 1.8250000000e+04 7.8539816340e-01 
9.5854166667e-04 1.8250000000e+04 1.2217304764e+00 
9.5854166667e-04 1.9033333333e+04 0.0000000000e+00 
9.5854166667e-04 1.9033333333e+04 7.8539816340e-01 
9.5854166667e-04 1.9033333333e+04 1.2217304764e+00 
9.5854166667e-04 1.9816666667e+04 0.0000000000e+00 
9.5854166667e-04 1.9816666667e+04 7.8539816340e-01 
9.5854166667e-04 1.9816666667e+04 1.2217304764e+00 
9.5854166667e-04 2.0600000000e+04 0.0000000000e+00 
9.5854166667e-04 2.0600000000e+04 7.8539816340e-01 
9.5854166667e-04 2.0600000000e+04 1.2217304764e+00 
9.5854166667e-04 2.1383333333e+04 0.0000000000e+00 
9.5854166667e-04 2.1383333333e+04 7.8539816340e-01 
9.5854166667e-04 2.1383333333e+04 1.2217304764e+00 
9.5854166667e-04 2.2166666667e+04 0.0000000000e+00 
9.5854166667e-04 2.2166666667e+04 7.8539816340e-01 
9.5854166667e-04 2.2166666667e+04 1.2217304764e+00 
9.5854166667e-04 2.2950000000e+04 0.0000000000e+00 
9.5854166667e-04 2.2950000000e+04 7.8539816340e-01 
9.5854166667e-04 2.2950000000e+04 1.2217304764e+00 
9.5854166667e-04 2.3733333333e+04 0.0000000000e+00 
9.5854166667e-04 2.3733333333e+04 7.8539816340e-01 
9.5854166667e-04 2.3733333333e+04 1.2217304764e+00 
9.5854166667e-04 2.4516666667e+04 0.0000000000e+00 
9.5854166667e-04 2.4516666667e+04 7.8539816340e-01 
9.5854166667e-04 2.4516666667e+04 1.2217304764e+00 
9.5854166667e-04 2.5300000000e+04 0.0000000000e+00 
9.5854166667e-04 2.5300000000e+04 7.8539816340e-01 
9.5854166667e-04 2.5300000000e+04 1.2217304764e+00 
9.5854166667e-04 2.6083333333e+04 0.0000000000e+00 
9.5854166667e-04 2.6083333333e+04 7.8539816340e-01 
9.5854166667e-04 2.6083333333e+04 1.2217304764e+00 
9.5854166667e-04 2.6866666667e+04 0.0000000000e+00 
9.5854166667e-04 2.6866666667e+04 7.8539816340e-01 
9.5854166667e-04 2.6866666667e+04 1.2217304764e+00 
9.5854166667e-04 2.7650000000e+04 0.0000000000e+00 
9.5854166667e-04 2.7650000000e+04 7.8539816340e-01 
9.5854166667e-04 2.7650000000e+04 1.2217304764e+00 
9.5854166667e-04 2.8433333333e+04 0.0000000000e+00 
9.5854166667e-04 2.8433333333e+04 7.8539816340e-01 
9.5854166667e-04 2.8433333333e+04 1.2217304764e+00 
9.5854166667e-04 2.9216666667e+04 0.0000000000e+00 
9.5854166667e-04 2.9216666667e+04 7.8539816340e-01 
9.5854166667e-04 2.9216666667e+04 1.2217304764e+00 
9.5854166667e-04 3.0000000000e+04 0.0000000000e+00 
9.5854166667e-04 3.0000000000e+04 7.8539816340e-01 
9.5854166667e-04 3.0000000000e+04 1.2217304764e+00 
1.0000000000e-03 1.1200000000e+04 0.0000000000e+00 
1.0000000000e-03 1.1200000000e+04 7.8539816340e-01 
1.0000000000e-03 1.1200000000e+04 1.2217304764e+00 
1.0000000000e-03 1.1983333333e+04 0.0000000000e+00 
1.0000000000e-03 1.1983333333e+04 7.8539816340e-01 
1.0000000000e-03 1.1983333333e+04 1.2217304764e+00 
1.0000000000e-03 1.2766666667e+04 0.0000000000e+00 
1.0000000000e-03 1.2766666667e+04 7.8539816340e-01 
1.0000000000e-03 1.2766666667e+04 1.2217304764e+00 
1.0000000000e-03 1.3550000000e+04 0.0000000000e+00 
1.0000000000e-03 1.3550000000e+04 7.8539816340e-01 
1.0000000000e-03 1.3550000000e+04 1.2217304764e+00 
1.0000000000e-03 1.4333333333e+04 0.0000000000e+00 
1.0000000000e-03 1.4333333333e+04 7.8539816340e-01 
1.0000000000e-03 1.4333333333e+04 1.2217304764e+00 
1.0000000000e-03 1.5116666667e+04 0.0000000000e+00 
1.0000000000e-03 1.5116666667e+04 7.8539816340e-01 
1.0000000000e-03 1.5116666667e+04 1.2217304764e+00 
1.0000000000e-03 1.5900000000e+04 0.0000000000e+00 
1.0000000000e-03 1.5900000000e+04 7.8539816340e-01 
1.0000000000e-03 1.5900000000e+04 1.2217304764e+00 
1.0000000000e-03 1.6683333333e+04 0.0000000000e+00 
1.0000000000e-03 1.6683333333e+04 7.8539816340e-01 
1.0000000000e-03 1.6683333333e+04 1.2217304764e+00 
1.0000000000e-03 1.7466666667e+04 0.0000000000e+00 
1.0000000000e-03 1.7466666667e+04 7.8539816340e-01 
1.0000000000e-03 1.7466666667e+04 1.2217304764e+00 
1.0000000000e-03 1.8250000000e+04 0.0000000000e+00 
1.0000000000e-03 1.8250000000e+04 7.8539816340e-01 
1.0000000000e-03 1.8250000000e+04 1.2217304764e+00 
1.0000000000e-03 1.9033333333e+04 0.0000000000e+00 
1.0000000000e-03 1.9033333333e+04 7.8539816340e-01 
1.0000000000e-03 1.9033333333e+04 1.2217304764e+00 
1.0000000000e-03 1.9816666667e+04 0.0000000000e+00 
1.0000000000e-03 1.9816666667e+04 7.8539816340e-01 
1.0000000000e-03 1.9816666667e+04 1.2217304764e+00 
1.0000000000e-03 2.0600000000e+04 0.0000000000e+00 
1.0000000000e-03 2.0600000000e+04 7.8539816340e-01 
1.0000000000e-03 2.0600000000e+04 1.2217304764e+00 
1.0000000000e-03 2.1383333333e+04 0.0000000000e+00 
1.0000000000e-03 2.1383333333e+04 7.8539816340e-01 
1.0000000000e-03 2.1383333333e+04 1.2217304764e+00 
1.0000000000e-03 2.2166666667e+04 0.0000000000e+00 
1.0000000000e-03 2.2166666667e+04 7.8539816340e-01 
1.0000000000e-03 2.2166666667e+04 1.2217304764e+00 
1.0000000000e-03 2.2950000000e+04 0.0000000000e+00 
1.0000000000e-03 2.2950000000e+04 7.8539816340e-01 
1.0000000000e-03 2.2950000000e+04 1.2217304764e+00 
1.0000000000e-03 2.3733333333e+04 0.0000000000e+00 
1.0000000000e-03 2.3733333333e+04 7.8539816340e-01 
1.0000000000e-03 2.3733333333e+04 1.2217304764e+00 
1.0000000000e-03 2.4516666667e+04 0.0000000000e+00 
1.0000000000e-03 2.4516666667e+04 7.8539816340e-01 
1.0000000000e-03 2.4516666667e+04 1.2217304764e+00 
1.0000000000e-03 2.5300000000e+04 0.0000000000e+00 
1.0000000000e-03 2.5300000000e+04 7.8539816340e-01 
1.0000000000e-03 2.5300000000e+04 1.2217304764e+00 
1.0000000000e-03 2.6083333333e+04 0.0000000000e+00 
1.0000000000e-03 2.6083333333e+04 7.8539816340e-01 
1.0000000000e-03 2.6083333333e+04 1.2217304764e+00 
1.0000000000e-03 2.6866666667e+04 0.0000000000e+00 
1.0000000000e-03 2.6866666667e+04 7.8539816340e-01 
1.0000000000e-03 2.6866666667e+04 1.2217304764e+00 
1.0000000000e-03 2.7650000000e+04 0.0000000000e+00 
1.0000000000e-03 2.7650000000e+04 7.8539816340e-01 
1.0000000000e-03 2.7650000000e+04 1.2217304764e+00 
1.0000000000e-03 2.8433333333e+04 0.0000000000e+00 
1.0000000000e-03 2.8433333333e+04 7.8539816340e-01 
1.0000000000e-03 2.8433333333e+04 1.2217304764e+00 
1.0000000000e-03 2.9216666667e+04 0.0000000000e+00 
1.0000000000e-03 2.9216666667e+04 7.8539816340e-01 
1.0000000000e-03 2.9216666667e+04 1.2217304764e+00 
1.0000000000e-03 3.0000000000e+04 0.0000000000e+00 
1.0000000000e-03 3.0000000000e+04 7.8539816340e-01 
1.0000000000e-03 3.0000000000e+04 1.2217304764e+00 
